46309,108,176
97432,121,190
144309,134,195
407396,154,215
245619,254,322
102917,256,374
364109,261,369
161590,262,384
221153,262,390
278137,262,407
337357,270,382
374419,273,353
393839,276,356
364108,278,409
174607,298,385
235373,308,402
2251,319,439
249130,326,443
339440,328,441
119312,332,442
210023,335,466
337358,340,474
13940,349,478
5229,354,442
3286,356,469
263196,359,442
249155,365,442
204362,403,471
176204,418,473
71816,421,476
391616,528,611
191625,528,619
68320,529,595
5492,529,607
25800,529,640
56024,537,599
10016,537,628
310989,537,631
250997,545,642
91310,546,624
214065,549,643
44982,561,637
100859,561,643
355747,578,643
349533,708,762
177324,823,901
377527,826,902
140307,826,918
278821,827,931
210374,831,903
31816,833,919
210375,843,910
323611,843,936
91311,844,918
216028,845,912
111241,857,901
395252,857,972
208870,866,937
302977,869,954
91313,870,956
180579,871,934
259110,872,966
55453,873,952
85493,874,960
71171,875,977
42749,876,927
45126,876,966
91312,877,957
170338,880,959
336003,882,948
1175,889,933
407306,889,945
12286,892,961
86873,896,977
266101,897,967
290068,906,972
227090,908,976
283740,923,993
180170,930,993
25801,1021,1088
397266,1021,1095
402468,1023,1075
179584,1264,1329
26287,1265,1328
5671,1265,1331
91314,1267,1340
361255,1269,1341
11910,1272,1341
406138,1277,1335
68542,1283,1363
51219,1284,1354
266102,1284,1382
372549,1299,1377
97523,1302,1401
88986,1305,1369
13941,1305,1378
14971,1306,1386
181056,1306,1399
68974,1307,1392
248114,1309,1370
128641,1309,1376
130511,1310,1374
194765,1312,1390
235374,1313,1374
131596,1316,1378
159206,1317,1394
53880,1322,1367
145006,1324,1398
121840,1326,1383
282398,1326,1393
145050,1361,1454
325744,1408,1469
208871,1414,1507
90998,1416,1484
299141,1423,1504
252786,1722,1789
71195,1860,1925
32697,1861,1917
1550,1862,1923
337359,1864,1929
117742,1867,1925
301794,1867,1928
227898,1873,1949
195527,1875,1927
203948,1877,1949
166544,2223,2286
376541,2235,2347
353605,2256,2318
192758,2257,2327
342776,2263,2346
341227,2276,2326
73408,2497,2561
150667,2514,2583
208646,2515,2574
29453,2745,2825
136572,2772,2831
123071,2931,2999
182327,2933,3017
364110,2934,3051
389843,2948,3082
347180,2963,3017
120061,3038,3100
364376,3156,3265
395859,3334,3400
145263,3600,3691
263881,3606,3765
232835,3610,3721
389842,3614,3764
26286,3619,3732
256442,3620,3776
232736,3624,3763
404095,3626,3751
57955,3631,3742
100391,3631,3749
106088,3633,3740
106087,3634,3750
316757,3634,3754
320429,3635,3698
137063,3635,3772
64095,3636,3745
153082,3637,3703
233495,3638,3709
131856,3638,3720
10044,3638,3753
73407,3639,3701
257524,3642,3720
23420,3643,3744
205322,3645,3716
404097,3646,3746
182326,3648,3711
403005,3648,3754
172438,3652,3754
1029,3656,3744
70513,3662,3753
223497,3663,3764
82712,3672,3752
5423,3674,3767
35855,3681,3795
57954,3692,3795
341,3697,3791
7500,3706,3794
62926,3720,3794
182451,3722,3779
136570,3837,3897
103188,3837,3899
204635,3837,3919
316756,3837,3962
25799,3838,3928
145637,3843,3917
102755,3843,3942
136571,3847,3925
56259,3851,3949
5249,3856,3964
307668,4056,4107
120060,4056,4117
137062,4056,4124
182449,4060,4136
103187,4062,4182
182450,4063,4136
246513,4074,4182
310895,4084,4151
61126,4085,4153
84684,4106,4198
257523,4116,4199
136570,4120,4183
401073,4131,4221
144270,4139,4204
207499,4140,4201
25798,4146,4217
27437,4275,4335
261227,4365,4420
31448,4365,4438
172436,4365,4447
292617,4365,4450
159205,4368,4454
19750,4373,4466
285876,4374,4450
37769,4377,4476
82712,4379,4459
85512,4381,4445
182452,4388,4482
27296,4395,4484
143707,4397,4486
404096,4404,4485
302216,4409,4486
153083,4417,4485
123070,4419,4486
106089,4423,4486
9178,4425,4486
172437,4428,4482
68543,4429,4485
103186,4557,4619
136571,4557,4627
25797,4557,4649
5249,4557,4653
246512,4559,4634
57953,4588,4657
313700,4800,4861
104508,4800,4875
122261,4802,4896
216176,4808,4872
84403,4808,4882
393458,4811,4879
3589,4813,4875
26606,4823,4936
126882,4824,4899
31538,4828,4903
255824,4830,4921
25212,4831,4902
401665,4832,4911
339874,4832,4920
1874,4835,4912
91065,4837,4901
120062,4838,4908
160364,4839,4900
72217,4844,4921
363018,4847,4909
291585,4869,4940
370783,4881,4940
124505,4882,4939
32495,4885,4938
42160,5018,5137
71178,5123,5174
136572,5225,5288
325598,5227,5305
103675,5228,5284
103268,5228,5293
126884,5228,5301
406113,5229,5303
183067,5244,5297
237766,5839,5901
133554,5918,5982
126883,5920,5981
164590,5932,5985
225380,5935,5994
121839,6472,6528
259958,6503,6572
45140,6540,6613
364988,6543,6611
332920,6544,6618
96782,6547,6597
110269,6548,6593
364107,6552,6619
23508,6567,6616
6917,6577,6641
168304,6758,6812
91016,6758,6819
