361019,77,127
35404,77,153
95072,82,167
63374,97,166
154118,103,164
67969,217,280
365571,218,309
211614,228,342
272898,233,319
151079,248,311
54329,252,323
569,253,357
69055,255,323
90380,256,347
276818,257,304
93213,257,333
272899,258,341
170732,263,326
86799,265,329
13122,266,327
52980,268,342
115172,269,334
168369,278,332
256859,278,339
384203,278,342
122705,279,344
311606,279,348
153047,281,342
188310,282,343
309196,286,343
328353,292,341
25156,292,348
270445,295,341
284826,295,357
354637,297,352
206308,302,346
210153,372,458
333026,385,443
33107,386,459
49632,402,460
293615,431,501
320399,432,532
242116,434,501
259560,436,516
139679,438,502
157785,438,525
398266,439,504
359240,439,508
408347,439,511
192570,440,501
330231,442,508
19490,443,513
80272,445,508
211553,446,507
63361,450,539
229680,451,548
104079,452,513
151590,452,519
82079,459,518
228335,459,545
63360,459,550
336185,461,525
276117,462,534
215309,465,561
252314,466,520
48061,469,537
395775,470,550
393831,472,536
12006,474,536
351960,475,537
105375,475,570
209946,478,545
377192,480,541
130219,481,543
304541,481,545
189678,481,565
172965,484,556
17929,487,553
365570,498,578
106732,547,603
73187,573,640
365567,821,948
11586,947,999
211718,948,1015
25803,1121,1181
25589,1124,1180
99966,1124,1194
5980,1124,1200
136333,1133,1191
82,1136,1181
85924,1136,1185
202736,1137,1192
365572,1391,1497
15150,1425,1475
128432,1472,1557
266784,1474,1566
151589,1480,1566
201718,1484,1575
386188,1488,1573
187231,1497,1563
63359,1498,1584
273301,1499,1578
106288,1502,1582
64203,1503,1569
180530,1504,1566
276116,1506,1586
90245,1510,1583
272726,1514,1569
51014,1517,1579
128433,1523,1586
78165,1524,1600
260182,1524,1607
268725,1525,1590
254935,1530,1599
348504,1534,1602
286519,1535,1607
347993,1537,1614
186315,1538,1607
186314,1546,1607
287683,1660,1721
81895,1669,1725
146668,1675,1728
27956,1682,1761
328233,1684,1745
82654,1696,1753
69970,1698,1746
309195,1704,1767
170141,1705,1771
325814,1724,1777
302853,1726,1785
335580,1729,1792
255695,1730,1785
260181,1753,1830
90246,1811,1909
90247,1817,1922
55211,1822,1878
128431,1823,1927
88700,1826,1933
325667,1828,1894
81894,1829,1902
63375,1833,1939
63102,1837,1943
280885,1842,1938
280455,1842,1942
403872,1844,1930
12053,1846,1899
230559,1846,1942
161681,1847,1944
4871,1848,1910
201443,1848,1937
210073,1854,1915
387642,1856,1917
163067,1856,1965
309197,1858,1973
154120,1860,1951
339551,1860,1963
136131,1862,1949
34355,1867,1966
163066,1870,1967
394713,1879,1955
325669,1880,1963
242177,1881,1935
112481,1881,1961
314558,1883,1946
91951,1884,1961
128430,1886,1947
106870,1886,1963
141800,1888,1962
291542,1891,1955
241515,1891,1966
158256,1895,1965
81893,1898,1965
332051,1901,1981
51478,1905,1966
73802,1906,1965
93628,1914,1999
152578,1975,2024
336348,2109,2161
365568,2117,2204
365569,2122,2205
232023,2135,2200
69687,2137,2205
232024,2139,2200
354621,2242,2316
141801,2285,2345
14109,2297,2359
46241,2301,2358
36463,2302,2361
53,2305,2379
375899,2315,2377
219523,2350,2428
189090,2373,2429
365567,2415,2533
143494,2469,2591
297672,2486,2551
101721,2490,2607
376337,2492,2557
213606,2492,2595
325668,2493,2610
252313,2495,2586
78121,2498,2624
163067,2499,2616
86341,2500,2610
334076,2501,2557
226807,2514,2562
34356,2515,2607
34355,2515,2618
82554,2516,2572
78120,2518,2610
125653,2521,2582
180661,2522,2601
134271,2523,2584
82080,2525,2582
194173,2525,2605
367677,2525,2619
180662,2527,2603
52979,2528,2600
278076,2534,2617
201981,2535,2600
301050,2535,2623
100254,2537,2601
336187,2537,2608
286518,2538,2603
71378,2538,2637
95313,2541,2602
197528,2542,2600
95312,2543,2619
50752,2545,2607
255694,2545,2614
111901,2546,2619
110558,2546,2625
285409,2547,2592
89814,2548,2617
241514,2551,2618
46890,2555,2619
53522,2556,2617
291259,2559,2620
200583,2612,2692
165988,2714,2765
387425,2772,2840
25984,2774,2837
399075,2823,2887
89816,2953,3043
282749,2955,3019
365563,2956,3021
255156,2984,3046
155615,2990,3042
202737,2995,3042
172797,2995,3048
369760,3024,3074
186905,3029,3094
365563,3213,3267
239414,3223,3267
65862,3302,3367
345050,3303,3365
34867,3303,3375
69686,3303,3386
406292,3305,3363
90381,3310,3372
369508,3315,3368
138950,3332,3381
170660,3336,3386
274233,3515,3611
232992,3523,3601
30977,3537,3601
406293,3541,3607
265550,3542,3605
95045,3546,3607
313117,3556,3602
282748,3556,3606
24434,3664,3745
207068,3666,3735
386675,3669,3710
273322,3678,3740
98440,3684,3750
401995,3684,3771
207067,3687,3756
208927,3715,3778
230558,3715,3791
99335,3749,3815
28300,3750,3813
88572,3751,3842
78434,3757,3839
282511,3759,3824
218478,3759,3846
131746,3760,3853
144643,3762,3855
358666,3763,3808
231521,3763,3826
356261,3764,3813
122703,3765,3857
100253,3768,3809
71641,3780,3862
284137,3780,3866
372132,3783,3849
338307,3790,3866
154117,3804,3866
65191,3809,3869
198618,3812,3863
354620,3817,3865
361955,3980,4042
31231,3981,4043
265110,3983,4042
101720,4057,4128
165105,4059,4108
276518,4071,4120
8726,4187,4237
123110,4279,4322
258239,4280,4344
343145,4281,4350
327988,4282,4357
48833,4293,4343
41254,4293,4345
365566,4295,4350
349947,4312,4364
188309,4347,4437
119323,4350,4456
251171,4361,4422
84846,4366,4479
84845,4372,4479
47910,4373,4444
305062,4375,4446
260450,4378,4442
71377,4381,4480
48832,4384,4445
320398,4385,4449
405746,4385,4485
291358,4388,4448
131747,4388,4472
46060,4389,4449
297863,4389,4455
240453,4389,4463
336186,4390,4450
401406,4391,4452
226599,4394,4456
51612,4394,4467
48684,4395,4470
273321,4397,4456
283453,4409,4493
200407,4414,4487
258693,4419,4472
207930,4421,4482
191533,4422,4467
229740,4425,4507
99334,4429,4491
388212,4462,4523
365571,4527,4618
387097,4558,4619
104849,4561,4610
568,4561,4628
292197,4576,4644
375898,4642,4709
344481,4642,4712
191532,4652,4719
402467,4654,4721
224831,4669,4720
343286,4676,4730
365570,4758,4820
74208,4848,4915
233505,4850,4918
326525,4857,4954
318658,4865,4948
35473,4869,4942
129258,4873,4941
197144,4878,4951
51479,4884,4950
395661,4890,4945
137173,4894,4952
32808,4898,4944
113192,4898,4949
369509,4900,4941
11114,5005,5079
90379,5010,5077
173623,5012,5092
44648,5020,5081
297447,5024,5079
264628,5025,5100
297446,5027,5079
127604,5027,5092
322819,5030,5100
342260,5033,5078
383304,5037,5099
365566,5038,5112
73851,5040,5102
16409,5221,5282
155657,5352,5414
189278,5367,5433
19507,5374,5437
88631,5377,5436
71259,5378,5443
86800,5383,5437
134710,5538,5587
151624,5635,5704
366071,5636,5699
81892,5638,5693
341993,5640,5695
92127,5645,5729
164459,5679,5729
365565,5686,5792
365568,5751,5845
365569,5754,5847
129449,5780,5850
129766,5785,5836
333779,5785,5846
35016,5785,5863
325685,5787,5859
165743,5794,5876
382971,5795,5857
376336,5802,5866
385625,5803,5876
168368,5804,5881
270534,5807,5866
148811,5807,5868
86798,5808,5863
215500,5808,5867
87729,5808,5881
265046,5810,5874
282747,5811,5875
216430,5811,5878
78119,5812,5874
222163,5814,5876
65861,5815,5880
182921,5817,5878
279792,5820,5881
82021,5823,5881
365564,5911,5999
334987,6050,6113
384632,6051,6127
369507,6052,6114
122704,6054,6118
52024,6210,6277
34380,6237,6297
365564,6255,6326
136200,6273,6327
365565,6285,6379
218480,6309,6374
349048,6345,6402
196854,6351,6416
266785,6374,6436
218479,6375,6452
213607,6376,6447
393767,6378,6444
61681,6381,6449
63372,6381,6475
63373,6384,6476
318534,6387,6474
365572,6495,6584
387641,6591,6655
74711,6594,6659
227397,6599,6660
235645,6600,6657
295228,6603,6665
110197,6609,6686
235646,6621,6684
163065,6633,6709
360538,6638,6691
91298,6651,6735
280601,6654,6719
173266,6663,6735
136288,6765,6835
253387,6779,6864
175631,6791,6861
234777,6791,6892
35905,6795,6868
48952,6796,6858
57084,6804,6868
130004,6804,6870
300423,6806,6868
179459,6807,6869
171920,6809,6868
89815,6810,6886
54947,6811,6877
155082,6813,6882
143249,6817,6878
231521,6817,6881
369992,6818,6885
27649,6819,6881
215959,6820,6899
10311,6826,6891
322818,6839,6909
1210,6842,6914
68524,6950,7000
