171980,144,206
204398,146,218
1143,147,214
290512,336,465
387783,370,474
205413,381,497
174658,385,473
42506,396,477
134200,402,534
379706,426,533
377261,446,529
141197,447,533
138410,457,533
217511,458,529
299040,460,518
344655,460,530
134907,463,524
163410,472,534
29194,473,522
112950,474,523
278988,555,616
68320,555,629
191625,555,645
251964,555,658
128788,556,617
25800,556,668
363413,557,646
227147,561,667
56024,565,630
54698,565,667
238278,567,634
94488,581,649
107624,585,650
332738,587,668
307667,588,651
241668,592,654
66410,592,668
62749,598,665
84740,845,945
221207,1019,1106
189505,1019,1116
88987,1020,1127
25801,1120,1176
156080,1307,1361
195151,1381,1458
158401,1393,1504
101627,1424,1529
141198,1437,1504
30825,1438,1502
142513,1476,1532
47799,1485,1538
254615,1485,1547
218251,1485,1549
120562,1502,1556
4650,1603,1680
228389,1648,1766
379707,1651,1770
8707,1652,1737
221947,1654,1741
74327,1661,1781
68049,1663,1756
332739,1674,1795
126097,1683,1764
316822,1686,1782
220108,1687,1795
105266,1688,1786
110982,1689,1741
59937,1689,1782
110359,1692,1769
257577,1699,1782
116239,1704,1788
159338,1704,1794
97849,1707,1790
76976,1710,1810
30793,1716,1805
41395,1717,1784
116240,1717,1790
386932,1717,1835
201714,1718,1797
25688,1719,1795
54699,1721,1787
24265,1722,1824
24266,1732,1830
20256,1733,1786
301045,1736,1779
217096,1738,1814
65479,1739,1800
257380,1740,1791
166165,1742,1807
76642,1742,1821
274495,1742,1824
39860,1751,1815
264129,1751,1836
264128,1756,1822
264130,1756,1855
337882,1757,1819
259814,1757,1833
379708,1758,1878
107895,1765,1868
54482,1780,1845
54042,1807,1868
304942,1808,1877
131299,2059,2127
88408,2059,2133
31448,2059,2143
376498,2059,2177
273071,2059,2185
368725,2060,2111
91653,2060,2113
235106,2060,2123
100525,2060,2148
276653,2061,2124
343412,2061,2154
181467,2062,2141
220267,2063,2124
322256,2063,2175
341561,2065,2137
119482,2065,2164
276625,2066,2155
23024,2066,2159
362119,2067,2166
245181,2067,2195
304941,2068,2138
2714,2071,2155
15413,2071,2177
84314,2072,2153
43897,2072,2162
407105,2072,2191
368985,2073,2195
78689,2075,2201
15395,2077,2164
33725,2080,2202
373178,2082,2166
43896,2084,2186
78690,2084,2192
189131,2090,2177
360188,2091,2204
248074,2094,2178
1142,2096,2199
4958,2096,2204
360830,2100,2198
15412,2105,2204
16040,2109,2200
4957,2114,2204
105294,2117,2199
43898,2122,2199
62524,2122,2204
84313,2127,2204
9178,2129,2195
88409,2131,2204
325732,2133,2194
320188,2136,2204
111326,2137,2192
346669,2138,2203
407251,2140,2202
398614,2284,2347
25799,2284,2380
99344,2284,2385
248075,2285,2361
378216,2291,2388
48233,2292,2342
98951,2292,2347
144519,2292,2355
40915,2292,2392
25797,2295,2401
90029,2297,2394
261183,2297,2398
99345,2305,2403
58360,2309,2372
36094,2478,2552
99343,2478,2590
323853,2479,2563
248550,2480,2542
246144,2480,2544
288550,2482,2612
182681,2484,2545
48233,2530,2591
177063,2540,2604
25798,2549,2629
70430,2551,2608
257381,2555,2611
195710,2559,2637
104699,2825,2880
132847,2841,2910
288192,2930,2999
157679,2953,3041
222028,2972,3044
15411,3190,3277
267296,3191,3260
259815,3195,3275
21836,3255,3316
354815,3266,3322
49691,3743,3826
49690,3744,3816
390951,3744,3836
221263,3935,3982
301676,3937,4013
281147,3941,3996
91564,3986,4045
93310,4118,4185
1487,4120,4175
285215,4120,4189
133818,4122,4185
357031,4123,4189
283325,4124,4185
195709,4124,4197
90183,4125,4186
298858,4127,4190
288132,4128,4185
55,4447,4516
352680,4448,4491
131390,4455,4498
355301,4615,4676
175857,4616,4670
56130,4629,4748
223862,4639,4747
140827,4926,4995
171720,4964,5026
373785,4971,5064
178399,5239,5282
34979,5352,5439
142512,5369,5435
242078,5516,5579
377456,5516,5595
126963,5516,5599
24711,5516,5619
359869,5518,5579
181863,5518,5587
78688,5525,5608
257120,5533,5618
185421,5534,5614
99872,5538,5600
316774,5538,5606
42169,5540,5601
282534,5540,5613
22480,5541,5609
32987,5541,5619
330632,5543,5607
352046,5545,5615
34978,5545,5619
162798,5553,5619
52520,5894,5978
234394,5908,5985
113958,5912,5985
256106,6237,6313
68525,6270,6331
