210444,121,180
156776,127,193
343973,129,209
369076,130,235
125122,210,303
11580,231,309
164501,236,301
285121,242,304
76453,247,313
64696,247,324
104634,260,332
234351,275,337
168784,277,332
72614,277,336
305776,279,331
392286,280,353
181022,281,355
156072,282,350
125444,282,372
331875,310,374
361017,327,430
368258,332,406
248190,332,411
220045,339,457
309341,366,455
193166,390,454
111470,394,468
176079,401,468
202119,407,462
44519,586,643
16036,587,648
328708,590,662
301686,717,815
328551,719,782
384263,822,884
111453,1193,1254
77616,1202,1284
6497,1205,1288
190229,1206,1301
332673,1207,1280
353249,1215,1310
86440,1225,1285
312370,1225,1295
250977,1228,1317
15586,1238,1291
383522,1244,1318
95543,1288,1365
365614,1405,1495
7406,1407,1511
365615,1432,1536
278656,1485,1535
250602,1573,1632
79987,1573,1642
319676,1573,1656
7407,1574,1650
7408,1574,1658
10907,1579,1641
7409,1717,1806
201578,1753,1809
145580,2369,2428
402410,2538,2600
258320,2539,2603
293934,2539,2610
147105,2810,2878
231138,2814,2896
77414,2826,2884
136605,2826,2893
363005,2827,2876
269670,2828,2884
135946,2828,2889
12937,2842,2890
215147,3548,3626
7405,3549,3648
101572,3551,3641
158235,3559,3690
221514,3560,3639
158234,3570,3710
155843,3575,3646
158236,3588,3727
155925,3595,3691
117027,3604,3712
215148,3614,3729
232418,3619,3734
92795,3621,3700
92796,3623,3732
295621,3632,3722
38431,3633,3755
102084,3641,3712
10906,3643,3726
11731,3650,3712
151910,3653,3758
285876,3656,3712
97547,3657,3717
136290,3657,3731
278657,3657,3745
117028,3657,3749
107234,3660,3737
113310,3665,3722
136289,3676,3749
138626,3686,3747
278655,3691,3750
179663,3697,3755
38432,3700,3805
333131,3704,3761
151909,3710,3805
17968,3749,3804
251509,3903,3984
139886,3904,3977
56462,3908,3970
145690,3913,3961
251510,3920,3996
372351,3923,3991
54187,3927,3991
254946,3931,3987
92897,3941,4018
355223,3942,3999
184273,3942,4006
21127,3945,3995
243912,3945,4002
101639,3945,4009
108377,3946,4008
254094,3948,4010
256681,3979,4040
117839,3981,4063
363489,3990,4066
53239,4152,4249
38429,4155,4249
38428,4170,4264
38430,4343,4430
226015,4347,4415
230117,4400,4455
117026,4530,4602
68134,4719,4811
16,4724,4810
2546,4729,4813
7282,4738,4813
185113,4858,4918
163865,4860,4975
251508,4862,4938
176154,4864,4990
352781,4872,4991
20525,4876,4967
195067,4878,4930
173103,4879,4996
80177,4880,4999
14766,4884,4997
238202,4885,4994
2251,4899,5005
123156,4910,4996
220045,4919,5017
352782,4929,5012
183494,4932,5012
35836,4936,4999
234350,4937,5012
308088,4940,5017
251111,4949,5012
97223,4951,5012
295620,4951,5018
156167,4952,5002
207552,4952,5013
208385,4959,5011
295619,4966,5011
39991,4969,5015
148307,5197,5287
339329,5197,5298
27589,5200,5283
181593,5208,5320
232581,5209,5337
337051,5211,5301
76452,5213,5324
298723,5213,5331
371469,5214,5295
104567,5215,5321
67456,5228,5320
403207,5235,5345
14825,5239,5365
187302,5248,5362
197912,5249,5314
143362,5257,5327
161644,5269,5330
148308,5273,5330
326874,5273,5335
119538,5274,5320
304483,5372,5428
