294944,86,193
240002,184,267
160067,208,273
372687,462,517
215853,547,605
337578,549,612
63643,552,638
169229,552,648
25457,556,641
388606,559,657
94633,562,650
283492,567,677
204559,568,664
38878,569,643
10322,570,649
252128,570,663
70136,570,673
103390,571,651
184165,572,657
297933,575,641
237831,575,675
735,576,651
397157,576,660
201418,579,671
116267,580,631
41228,580,654
163168,580,663
72928,581,680
311870,582,669
196764,584,666
390371,584,675
289306,585,684
281627,587,662
25948,587,682
209317,588,696
275637,589,676
282580,590,651
406651,591,675
227838,592,654
289307,593,700
24172,594,670
275636,594,694
369517,595,653
224068,595,681
387159,597,659
231670,599,663
406758,599,675
4319,601,688
58261,602,665
263704,602,682
310335,602,698
243031,604,656
88614,605,677
219152,606,674
132571,606,700
348514,608,657
204269,611,675
289832,612,678
95047,612,704
120094,613,677
233793,614,703
315498,615,676
109960,616,692
373090,621,682
34140,622,684
173333,623,685
56938,629,691
238372,629,708
108669,634,716
205065,636,702
169227,881,984
267670,896,982
290689,896,986
204502,900,985
290690,903,977
169230,908,977
284438,910,982
98932,910,986
140648,916,976
78421,918,986
395131,922,986
186120,1136,1191
151172,1229,1360
72797,1234,1344
114067,1241,1350
241317,1243,1345
206238,1244,1317
10307,1244,1359
46563,1245,1324
225090,1248,1357
264912,1261,1358
147076,1279,1354
291365,1280,1345
82165,1280,1350
82494,1280,1358
63644,1284,1350
117683,1359,1422
11458,1360,1423
46395,1361,1422
365674,2619,2682
330362,2620,2681
297800,2621,2673
139060,2622,2690
291277,2816,2883
191993,2821,2884
179212,3153,3244
146874,3157,3211
19348,3159,3262
172786,3169,3292
174122,3178,3246
364993,3199,3306
388217,3205,3291
153082,3224,3276
369311,3224,3288
96756,3225,3287
169228,3226,3300
312925,3227,3327
102084,3229,3300
50980,3229,3306
96236,3230,3285
405865,3231,3310
377427,3239,3319
373089,3240,3315
191992,3250,3300
291276,3250,3306
72800,3252,3319
79478,3255,3329
312926,3377,3452
124616,3382,3443
285574,3393,3448
25625,3534,3602
196042,3540,3600
151172,4072,4204
114066,4095,4207
264911,4099,4214
156255,4104,4203
241316,4105,4213
153286,4116,4212
82164,4132,4215
110599,4139,4213
291274,4144,4213
153083,4158,4214
291275,4765,4833
147076,4768,4841
78961,4770,4833
32956,4770,4837
292719,4781,4892
110598,4873,4932
3280,4926,4998
67727,4970,5033
260965,5007,5111
94468,5008,5076
78420,5189,5256
83674,5529,5575
734,5688,5769
342580,5689,5783
259393,5706,5770
264686,5707,5793
3841,5726,5786
