62611,1935,2008
166835,1937,2013
81762,1939,2000
85108,2334,2381
285063,2335,2406
92407,2355,2402
62610,2682,2751
290719,3520,3587
257809,3522,3583
339306,3522,3588
3639,3524,3588
62610,3529,3598
62611,3529,3601
121475,3535,3601
403717,3816,3901
379850,3832,3900
3638,3835,3897
184500,3837,3901
62612,3841,3905
62609,3843,3904
131102,3851,3912
80881,3858,3919
62609,4150,4193
352452,4151,4202
207621,4321,4385
62613,4322,4389
183512,4326,4390
170634,4328,4404
301768,4329,4392
19802,4330,4398
320164,5535,5597
62611,5547,5622
72564,7854,7897
217076,8090,8154
270161,8093,8145
121476,8096,8161
121477,8096,8175
242931,8099,8176
112064,8104,8167
241728,8108,8173
228587,8390,8438
225644,8401,8448
62612,8898,8943
170893,8918,8960
62613,9644,9708
354299,11054,11101
29338,11056,11103
101358,15528,15570
