223778,115,177
359076,130,187
60305,213,265
289904,214,261
218730,216,260
145184,263,377
184792,264,321
282371,264,341
2251,264,350
137234,266,332
390028,266,342
224504,266,370
219934,269,400
153359,321,376
252210,325,378
200792,325,400
227833,346,398
38716,359,405
306745,360,429
63204,383,473
322638,390,495
282185,391,461
325299,393,465
287460,393,521
223777,403,498
238615,405,509
96056,407,528
153166,409,502
32270,412,510
334588,416,546
13911,419,566
282372,420,562
27754,421,543
379841,422,534
23944,422,555
212546,424,532
310355,427,497
8174,429,508
225058,441,546
390273,442,552
35558,442,562
62749,446,499
115087,448,564
373730,466,580
29944,472,585
328708,520,585
302915,762,845
77120,764,837
20739,764,852
256590,766,824
400789,766,843
102262,766,848
306129,766,857
170502,767,840
46644,767,846
51531,768,837
322639,768,850
170503,768,856
1251,769,853
40905,776,842
141043,786,887
370021,801,863
105239,808,888
86716,810,872
363470,814,866
133355,835,887
94061,1331,1396
332448,1337,1402
24493,1356,1424
147740,1373,1431
293607,1664,1725
330493,1827,1893
341985,1836,1897
262758,1848,1899
198797,1939,1991
282373,2239,2322
110955,3219,3272
216446,3220,3288
258133,3222,3287
16034,3223,3278
182057,3223,3316
240416,3228,3284
70195,3228,3302
131686,3231,3284
84782,3231,3302
280274,3232,3277
14834,3233,3284
124453,3233,3305
231679,3237,3286
346,3257,3311
36750,4221,4292
106533,4222,4284
91793,4227,4293
84247,4228,4294
