162770,213,324
189003,218,357
275239,237,357
277687,245,354
57969,247,368
252026,250,374
130066,253,360
395822,254,374
247693,255,370
80989,256,366
359810,261,383
162769,266,439
2251,267,368
13852,270,329
284617,281,387
57518,298,412
35123,310,436
303604,324,391
178862,325,428
139251,337,441
212788,363,421
239530,382,475
95739,391,473
274501,411,475
16036,514,569
271227,623,685
124951,628,696
7468,653,723
7972,655,720
244968,656,717
315221,660,731
46777,661,755
264849,662,720
80990,664,750
298625,694,780
373501,697,780
109935,705,779
17673,707,770
46776,830,911
1460,838,960
36051,893,962
65970,900,960
189004,953,1009
189005,955,1012
361307,1040,1105
59866,1059,1126
89875,1077,1138
119668,1270,1328
72566,1286,1354
7467,1511,1608
161368,1543,1599
254366,1843,1901
33620,1843,1915
223970,1870,1931
347459,1871,1935
226856,1882,1935
327298,1895,1960
271795,1917,1982
62780,1933,1976
142354,1981,2044
127430,2173,2230
109934,2512,2568
351893,2520,2574
167864,2524,2575
276183,2535,2606
188956,2540,2605
216219,2549,2613
50985,2555,2615
258345,2672,2770
221506,2682,2729
61391,2715,2781
198558,2716,2784
245738,2755,2847
183590,2794,2879
261521,2806,2882
7466,2827,2883
195665,2829,2883
