282067,100,164
330212,436,500
274879,470,522
270443,484,545
300233,1267,1341
5015,1269,1345
178772,2261,2334
144564,2357,2424
276939,2439,2493
341623,2443,2530
122158,2447,2532
388887,2465,2532
372245,2476,2533
63469,2481,2534
10875,2615,2707
228589,2640,2703
266000,2652,2706
307721,2908,2976
128725,2916,2981
290315,3006,3051
344761,3131,3198
196167,3131,3217
84483,3132,3241
36048,3132,3254
257403,3133,3212
190355,3135,3218
96554,3136,3224
2709,3167,3228
291628,3193,3303
71925,3248,3310
384627,3250,3312
259572,3251,3315
41269,3255,3331
323824,3257,3319
203291,3257,3338
145873,3259,3320
139481,3262,3339
368374,3264,3325
3595,3264,3341
375069,3265,3329
222861,3266,3330
111693,3269,3339
321963,3271,3338
216928,3273,3335
75837,3273,3337
47819,3273,3357
130351,3275,3338
222766,3276,3342
23296,3277,3353
334627,3278,3339
172089,3279,3341
117465,3279,3356
46941,3282,3347
132593,3282,3357
14311,3283,3352
167251,3290,3358
24950,3292,3357
245043,3293,3355
179366,3297,3359
192436,3891,3958
249295,4022,4088
244926,4062,4140
179955,4372,4455
259306,4774,4836
126099,4813,4937
126098,4827,4942
312684,4830,4911
384359,4915,4981
190573,4922,4978
249296,4947,5006
73450,5003,5086
119336,5014,5086
126097,5023,5086
77497,5027,5086
295003,5030,5077
76643,5222,5265
339129,5222,5290
98022,5224,5274
370964,6151,6218
262193,6383,6439
195839,6471,6550
304953,7278,7341
13023,7296,7373
243597,7302,7368
408744,7438,7498
65742,7439,7491
334626,7439,7510
299034,7441,7490
57736,7448,7502
186048,7449,7507
334622,7449,7511
187460,8008,8066
249297,8082,8150
165455,8094,8148
353376,8141,8199
195840,8792,8884
56789,9250,9319
55314,9260,9342
387272,9281,9342
34675,9462,9505
195839,9882,9956
344760,9908,9962
84484,10136,10226
205604,10157,10221
334625,10352,10423
73756,10754,10834
265999,10759,10832
47631,10760,10839
178215,10793,10856
179987,10795,10856
54292,10812,10884
64085,10817,10909
286632,10823,10885
259769,11420,11483
103011,11432,11488
157629,11962,12030
334624,11967,12039
400570,12132,12211
108325,12538,12609
77734,12547,12608
148928,12547,12612
179901,12549,12613
305984,12568,12644
282795,12575,12626
165591,12591,12672
44062,13509,13572
239221,13510,13585
96622,13526,13584
75771,13533,13602
241273,13537,13591
100065,13873,13971
7430,13903,13986
121755,13927,13980
10874,14037,14094
178771,14037,14099
382023,14644,14704
121577,14644,14709
195840,14646,14747
282066,14653,14708
10925,15000,15057
141141,15002,15073
21790,15006,15065
237383,15011,15087
34596,15028,15086
358495,15160,15210
334623,15314,15395
6856,15331,15398
299725,15353,15430
230884,15486,15547
200422,16199,16262
192219,16215,16264
350003,16336,16408
92685,16345,16410
286718,16347,16401
139679,16494,16539
101622,16513,16554
194863,16522,16592
3678,16526,16593
