398520,197,280
237008,198,262
407149,199,281
8445,221,277
8446,221,279
343460,308,355
372351,841,919
376223,842,905
349353,843,923
143065,844,918
355305,845,916
151972,864,925
151992,1205,1292
105359,1264,1372
62223,1268,1361
309284,1271,1342
3636,1325,1393
195885,1328,1392
354931,1510,1588
46449,1537,1587
84291,2158,2245
231166,2186,2245
273638,2319,2389
78466,2337,2389
57219,2343,2405
64894,2523,2572
207168,2602,2656
301636,2622,2675
24076,2850,2929
108036,2925,2995
41024,3096,3156
34617,3287,3355
337274,3287,3364
343143,3288,3339
198056,3288,3358
11528,3291,3351
86083,3293,3357
63034,3293,3373
195884,3318,3380
182523,3475,3531
230329,3483,3540
69382,3486,3550
183844,3492,3554
195018,3502,3554
148174,3732,3822
333533,3915,3981
11946,3961,4038
159877,3968,4048
33893,3993,4058
211885,4006,4062
169847,4143,4213
171488,4149,4212
218987,4431,4491
332292,4444,4495
32076,4567,4659
329325,4579,4637
315884,4586,4662
120929,4589,4664
284552,4599,4656
103930,5025,5083
401952,5025,5089
386471,5025,5103
337273,5030,5092
232130,5041,5105
209210,5048,5149
95214,5063,5137
33354,5086,5153
196980,5088,5151
27101,5309,5404
408532,5310,5397
88235,5310,5407
27079,5311,5399
297444,5312,5411
405925,5313,5396
39208,5313,5400
180251,5314,5422
358329,5315,5385
21981,5315,5389
172119,5315,5411
166439,5319,5375
162219,5319,5397
150233,5320,5402
297445,5325,5422
334570,5330,5423
276103,5333,5408
166440,5341,5404
73421,5354,5423
556,5532,5608
369971,5532,5620
213703,5547,5603
44656,5552,5603
136067,5847,5912
4462,5851,5908
206509,5996,6083
143067,5996,6092
122596,5996,6099
91009,5998,6061
310427,5998,6109
391723,5999,6065
5042,5999,6070
62368,6000,6060
51819,6000,6067
60971,6000,6087
376862,6007,6068
122597,6008,6070
262468,6011,6092
137258,6016,6082
310426,6016,6090
221447,6047,6112
73420,6047,6115
370919,6048,6104
168516,6057,6140
90956,6063,6116
239747,6295,6338
108476,6296,6346
79429,6310,6385
209213,6351,6427
168517,6528,6584
12593,6633,6694
37505,6633,6698
257047,6633,6706
3935,6633,6709
6626,6633,6724
360219,6633,6727
80774,6635,6720
296379,6644,6717
29773,6651,6711
134463,6662,6719
140370,6668,6721
56859,6668,6736
87735,6672,6725
19579,6888,6947
97821,6910,6965
185683,6971,7045
21130,6971,7051
82576,6985,7051
168518,6988,7053
27360,6989,7064
5042,6990,7049
172487,7006,7081
249717,7017,7075
335410,7028,7088
320609,7038,7102
175011,7249,7327
5042,7255,7323
87736,7585,7656
24644,7587,7653
7282,7587,7658
14741,7592,7657
193159,7595,7657
38992,7900,7966
252560,8068,8157
232753,8102,8156
113638,8571,8652
217332,8576,8653
137325,8594,8688
315468,8604,8696
321017,8610,8680
268132,8611,8665
142006,8614,8666
218553,8615,8689
108323,8620,8680
26709,8798,8862
248254,8819,8904
292700,8829,8907
199270,8844,8914
360124,8849,8906
191954,8849,8910
339590,8849,8915
34618,8853,8908
170402,8853,8910
202885,8853,8913
99727,8853,8915
56205,8856,8906
394042,8857,8909
126444,8857,8913
61681,8857,8915
148173,8861,8913
201128,8864,8915
194930,8869,8913
209211,9131,9193
142874,9157,9230
142007,9158,9219
154305,9160,9218
50347,9160,9230
99407,9161,9216
334661,9162,9221
161197,9164,9231
306195,9165,9227
189453,9165,9248
129969,9167,9238
273576,9171,9230
300605,9171,9233
143064,9176,9234
239746,9279,9344
103929,9593,9675
343847,9598,9669
8203,9611,9662
88236,9613,9674
65022,9613,9676
246594,9616,9669
220354,9654,9718
287954,9752,9808
308036,10170,10224
201705,10722,10781
342551,10873,10931
143066,10873,10952
225328,10875,10931
348102,10891,10950
203974,10892,10953
307131,10898,10951
274932,10902,10952
373299,10907,10951
233042,10989,11032
140130,10991,11038
341641,11140,11224
235630,11327,11398
166441,11333,11403
139648,11347,11425
99559,11355,11425
82426,11357,11422
379263,11359,11447
191646,11364,11431
354930,11667,11749
200043,11676,11754
232754,11678,11740
117973,11683,11759
221424,12085,12148
261354,12085,12162
166438,12101,12166
369970,12106,12158
33636,12230,12302
180250,12246,12309
357720,12631,12705
136066,12746,12794
247360,12746,12811
317014,12765,12815
1977,13307,13400
220880,13308,13380
285265,13310,13377
13025,13310,13384
142873,13310,13392
202475,13313,13381
190396,13314,13392
289141,13315,13379
370915,13316,13384
98514,13342,13397
209210,13396,13493
383898,13412,13494
209214,13412,13524
78465,13415,13467
374931,13872,13919
359388,13872,13921
240201,13880,13927
209212,13960,14042
10493,13989,14045
195547,13992,14056
336459,13996,14066
117094,14027,14093
18976,14059,14123
61914,14077,14148
132902,14083,14139
177539,14120,14185
320608,14121,14186
24026,14123,14184
284940,14123,14224
225329,14124,14246
45782,14129,14198
45781,14148,14228
119905,14452,14507
370918,14523,14582
132228,14594,14656
333532,14598,14660
388193,15442,15512
56989,15459,15528
197802,16165,16232
305012,16328,16427
354868,16330,16379
305013,16340,16446
403028,16355,16446
177425,16372,16447
103928,16384,16446
284956,16389,16447
172118,16569,16631
169845,16902,16972
167398,16932,16995
131424,17307,17368
46448,17313,17355
370219,17335,17393
348219,17336,17398
383897,17343,17407
387448,17472,17536
127762,17479,17548
408663,17486,17541
92406,17716,17786
236898,17912,17978
15956,17926,17973
323365,17935,18007
135248,18158,18260
220879,18159,18276
29755,18165,18243
135247,18174,18273
382023,18182,18243
143062,18190,18285
143063,18191,18251
235071,18202,18259
29754,18202,18269
327849,18206,18292
151622,18211,18262
107021,18213,18281
199072,18213,18297
211367,18218,18294
122981,18242,18304
343200,18258,18332
127297,18262,18335
209213,18289,18364
191012,18307,18377
30211,18456,18525
143061,18456,18531
131067,18456,18541
233627,18457,18523
204369,18457,18534
137257,18466,18531
240574,18491,18550
228156,18540,18638
194685,18541,18644
359389,18555,18618
220356,18634,18712
128929,18636,18713
220355,18639,18735
366133,18647,18725
209211,18656,18719
131066,18726,18830
194684,18732,18843
30210,18735,18813
375385,18833,18915
22206,18834,18921
247359,18841,18921
15881,18842,18925
43601,18845,18922
5042,18846,18930
63829,18846,18935
185683,18847,18919
395619,18847,18925
42289,18852,18927
5042,18853,18919
186014,18857,18930
170737,18868,18936
76,18872,18931
272561,18888,18936
365671,19091,19143
42825,19098,19182
97432,19104,19162
403027,19116,19180
71037,19116,19187
97873,19119,19180
394041,19146,19207
235629,20257,20331
347285,20260,20305
310425,20260,20321
49936,20262,20324
154304,20268,20331
154303,20270,20329
89202,20502,20569
328939,20628,20679
343239,20629,20694
197801,20631,20681
328636,20651,20713
142784,20701,20773
218552,20804,20882
174442,20825,20898
315467,20868,20957
142783,20875,20957
315466,20875,20960
356698,20881,20954
136380,20891,20962
90449,20892,20954
141836,20901,20954
21958,20901,20969
306196,20907,20962
335067,20951,21052
122594,20972,21035
191645,20981,21044
323835,21288,21341
209209,21328,21390
382437,21524,21623
131065,21552,21639
56988,21701,21768
80093,22011,22076
340675,22032,22094
320607,22045,22098
229139,22194,22255
268131,22229,22296
221446,22356,22415
307130,22356,22457
6604,22359,22421
242283,22361,22435
43955,22375,22423
309013,22376,22417
376861,22376,22455
379262,22438,22547
77857,22448,22531
197487,22456,22532
232086,22456,22567
192135,22457,22572
225327,22458,22530
90722,22466,22522
79054,22468,22596
215649,22470,22565
7044,22477,22531
131063,22477,22533
151991,22477,22560
238562,22477,22566
211884,22477,22603
398519,22478,22557
5498,22478,22584
206508,22478,22595
12821,22482,22551
97819,22491,22562
3935,22491,22580
111137,22499,22581
188089,22506,22579
129968,22514,22609
233628,22515,22614
32629,22517,22595
299885,22518,22588
58486,22518,22613
315867,22519,22605
98675,22520,22581
122595,22521,22599
235628,22522,22580
30226,22527,22612
284955,22527,22618
54963,22531,22595
97820,22532,22621
253138,22723,22775
342482,22724,22810
112032,22729,22810
342481,22731,22806
97872,22735,22809
29772,22736,22806
405711,22741,22806
264579,22742,22805
92471,22744,22810
3511,22749,22805
43007,22776,22841
65709,22963,23020
27078,23538,23620
166437,23541,23617
140369,23543,23605
112038,23543,23609
191791,23543,23623
1660,23546,23613
187491,23550,23623
370916,23551,23608
4467,23552,23613
67992,23552,23622
132516,23553,23615
200487,23554,23610
169846,23554,23619
399511,23554,23632
15572,23556,23614
79845,23559,23615
273136,23559,23621
211921,23563,23625
78152,23577,23660
141032,23587,23642
96171,23713,23772
284670,23714,23783
142005,23719,23781
369969,23739,23792
233424,23743,23817
10150,23825,23879
263347,23830,23896
310088,23834,23895
318717,23836,23887
88110,23919,23998
339390,24250,24302
61182,24358,24415
191297,24384,24446
305415,25078,25128
252559,25079,25123
233760,25171,25235
169835,25171,25251
138400,25187,25253
151990,25212,25267
209212,25848,25919
339589,25848,25926
209209,25877,25923
177424,26183,26256
291747,26184,26246
26708,26188,26249
101052,26206,26257
336458,26307,26404
317530,26311,26380
359727,26318,26405
366462,26322,26400
10925,26338,26404
222685,26338,26409
256047,26341,26410
213011,26343,26405
139919,26346,26397
20231,26346,26402
92470,26346,26410
174909,26347,26423
12937,26349,26396
6785,26349,26404
370917,26352,26415
69631,26355,26398
12495,26355,26407
58870,26362,26426
284954,26767,26850
110375,26768,26827
270238,26768,26836
384418,26768,26846
218551,26785,26837
126436,26795,26856
355304,26874,26933
195701,26874,26941
383896,26878,26946
195700,26880,26940
392156,26883,26937
50940,26883,26941
190365,27328,27401
21129,27781,27861
294823,27783,27851
151971,27785,27839
268130,27787,27851
80779,27796,27856
51798,27797,27853
190395,27810,27888
284939,27813,27908
131064,27816,27868
341458,27824,27912
128231,27938,28001
38238,28077,28139
30225,28144,28214
209214,28323,28426
370914,28380,28498
311805,28408,28488
214604,28423,28495
256962,28445,28507
256375,28471,28556
327725,28589,28662
286918,28670,28741
340664,28695,28741
101053,29318,29387
89201,29321,29378
97871,29691,29743
97818,29724,29829
121256,29730,29814
268903,29740,29830
234920,29741,29802
30966,29741,29821
186370,29743,29809
207822,29746,29808
268904,29746,29830
16358,29747,29825
97817,29750,29864
303164,29751,29841
165011,29754,29808
24953,29755,29818
6108,29756,29837
64893,29757,29831
128530,29758,29819
776,29758,29824
195768,29759,29833
1335,29760,29827
66262,29762,29823
343848,29764,29818
318020,29765,29833
279951,29766,29837
64892,29768,29831
268129,29771,29832
196763,29772,29836
288347,29774,29837
179077,29775,29880
78151,29778,29833
225612,29781,29875
167710,29782,29844
51585,29785,29846
53793,29786,29885
279074,29795,29860
279064,29797,29861
343199,29798,29878
205785,29800,29862
179078,29802,29867
357938,29803,29866
43521,29812,29862
92364,29813,29854
186013,29819,29880
391117,29823,29913
30828,29839,29901
127576,29888,29957
249716,29910,29999
232985,29922,29973
34616,29929,29994
275077,29931,29999
139582,29949,29999
197309,29954,29999
