36734,116,187
296251,116,193
58691,119,202
2348,121,218
74598,126,189
1315,127,224
151174,128,278
83742,129,202
138300,130,191
217109,130,196
147171,130,221
68377,130,236
10618,132,198
282067,137,219
337364,144,229
282067,147,229
140045,155,233
204679,155,237
22811,158,269
72169,159,228
393165,159,262
117662,160,221
68496,160,236
118252,160,245
67198,161,267
230639,164,230
146305,165,243
367296,166,231
230640,169,232
189189,169,257
229058,170,231
206802,171,237
171315,172,233
158886,173,239
394608,175,256
121725,176,237
237446,176,251
22810,178,270
2347,178,328
119538,180,246
141162,181,265
159476,181,272
147172,181,318
246552,182,252
233926,183,257
121723,185,277
19877,189,271
241648,194,267
192758,194,276
254646,195,259
260623,198,272
405739,202,264
352758,202,288
135366,206,310
67568,208,272
89792,208,295
72441,211,276
52369,212,317
11322,213,309
405377,239,319
102612,240,310
250114,368,438
305552,369,494
347136,372,440
73466,372,476
204678,372,496
82562,372,507
116398,372,513
302413,372,518
217108,376,499
369296,377,481
99278,378,524
65367,379,504
400082,380,512
72112,382,502
408603,386,500
171736,391,510
204830,392,526
275154,396,531
144341,397,521
17217,401,515
330283,401,524
72615,403,510
171204,406,511
2251,412,529
125856,418,529
226404,424,529
197593,426,524
62593,438,549
126348,441,529
114616,444,528
62594,445,581
86579,448,570
341213,449,524
151173,449,529
275781,452,524
73731,456,551
100797,457,582
154608,459,529
485,462,527
48319,464,581
250438,466,529
485,475,525
73732,475,582
231394,476,558
70640,477,524
67876,478,525
297663,479,582
107483,484,582
171707,488,582
375188,491,549
24111,508,582
67033,522,582
89169,524,582
108678,531,582
31589,533,582
107592,703,792
140044,732,792
100796,844,918
347135,844,940
206946,844,945
271312,844,950
138100,846,919
101187,862,946
251110,868,945
369775,871,941
254487,874,932
194672,876,945
204831,882,951
116920,883,946
27760,884,948
13398,885,946
147422,887,951
27437,888,953
83960,889,952
84409,891,947
100608,891,953
157532,893,942
339427,1028,1089
95865,1028,1101
95866,1039,1101
159229,1057,1143
192649,1058,1121
259633,1093,1144
390810,1127,1183
383247,1562,1618
212831,1676,1751
206677,1681,1750
129689,1684,1749
29485,1990,2050
258018,1990,2065
56923,2121,2189
223017,2166,2230
48320,2167,2238
183480,2169,2240
79183,2177,2230
176618,2177,2240
88365,2182,2237
346110,2537,2587
95441,2700,2755
212740,3031,3101
366476,3062,3132
156615,3098,3167
357385,3101,3167
231395,3103,3155
97430,3123,3165
5985,3507,3603
121726,3533,3590
52658,3536,3595
276952,3536,3621
98678,3539,3600
121724,3556,3604
2716,3556,3622
121722,3556,3629
393164,3557,3619
67877,3561,3623
359672,3571,3648
345352,3642,3684
238629,3752,3816
41516,3755,3815
315369,3792,3865
321814,3805,3863
175748,3811,3860
233595,4130,4188
368657,4131,4184
366477,4131,4191
252148,4132,4195
25493,4140,4199
215132,4144,4199
159475,4149,4216
95093,4153,4216
85285,4154,4230
23509,4158,4215
326583,4262,4352
336955,4274,4352
174823,4500,4547
7897,4503,4558
44147,4505,4560
306946,4511,4559
306945,4512,4560
70828,4586,4659
349353,4591,4660
215486,4614,4667
103062,4615,4671
86580,4880,4970
8021,4907,4972
145721,4908,4974
153949,4908,4989
271313,4921,4986
97074,4921,4993
266361,4922,4997
198224,4922,5008
117844,4924,4972
34661,4926,4990
315498,4943,4993
228827,4948,5001
11376,4948,5024
330712,4955,5019
314524,4971,5028
57349,5158,5220
5986,5232,5290
374171,5408,5460
234012,5408,5497
275331,5410,5464
364761,5424,5482
218339,5427,5477
323290,5446,5501
299756,5534,5589
128590,5534,5597
147567,5562,5628
4827,5964,6040
275151,5965,6035
1246,5966,6042
4828,5966,6046
330973,6133,6199
198332,6140,6221
4826,6158,6221
275151,6161,6222
271311,6293,6400
177127,6293,6415
393756,6295,6402
235485,6299,6349
147027,6305,6388
71959,6309,6366
198333,6309,6376
4869,6310,6379
209187,6310,6389
104650,6312,6378
5551,6325,6403
168704,6368,6436
369295,7146,7196
6115,7343,7389
389270,7461,7540
27065,7466,7523
141035,7471,7538
309148,7481,7542
264862,7481,7544
286758,7490,7539
42906,7664,7729
140443,7874,7921
389432,7874,7930
114615,7877,7928
204486,8017,8067
62109,8018,8075
244881,8211,8274
400436,8211,8276
150254,8212,8260
162989,8212,8270
42372,8214,8260
404154,8214,8304
253217,8216,8258
112562,8234,8334
147173,8237,8314
28638,8238,8302
127339,8241,8301
10098,8242,8296
19299,8242,8303
323492,8244,8304
16045,8275,8348
227778,8324,8395
389124,8358,8421
22809,8371,8426
275152,8536,8642
395680,8537,8597
157686,8540,8597
275153,8576,8663
367265,8785,8835
357384,8786,8868
258241,8799,8888
4610,8906,8967
152616,8909,8967
251886,8917,8968
166541,8918,8971
272912,9071,9120
262967,9353,9407
295626,9357,9417
84388,9547,9592
8701,9547,9595
202235,9551,9613
209090,9553,9622
100794,9582,9678
71958,9587,9662
100795,9629,9702
31031,9888,9967
305551,10066,10136
328664,10240,10281
184813,10313,10379
184814,10317,10380
185655,10317,10383
67197,10317,10411
280602,10320,10378
283903,10364,10413
172181,10628,10692
5017,10629,10685
44612,10637,10698
289308,10665,10718
56922,10782,10835
367543,10909,10970
256566,11137,11216
177126,11295,11371
41515,11466,11532
173605,11469,11532
393110,11606,11671
249446,11607,11673
285540,11608,11672
382645,11608,11686
90370,11611,11665
48028,11634,11689
317936,11649,11710
282463,12197,12259
45840,12199,12279
9817,12201,12258
369294,12203,12268
9941,12214,12306
305550,12215,12282
400081,12215,12340
53130,12225,12352
48919,12231,12352
9283,12232,12355
196584,12238,12352
275154,12239,12359
43889,12244,12352
265610,12252,12352
176182,12260,12342
323737,12261,12356
78318,12263,12352
146467,12266,12356
5229,12271,12351
31030,12271,12355
62593,12271,12371
252894,12278,12351
155230,12278,12354
103532,12279,12372
151173,12284,12356
249445,12287,12356
193575,12290,12352
5229,12293,12353
7601,12293,12356
115824,12294,12351
10441,12296,12348
5987,12296,12360
485,12297,12352
126347,12297,12356
166880,12299,12372
116162,12300,12354
313513,12300,12359
202557,12300,12367
73730,12312,12373
271412,12318,12376
360311,12448,12489
213978,12448,12502
204677,12451,12543
204676,12460,12544
275152,12602,12712
281786,12603,12686
275153,12637,12726
335253,13055,13096
43983,13174,13243
29709,13175,13236
45637,13176,13232
338245,13177,13237
9816,13178,13236
209089,13179,13234
182143,13179,13282
197352,13181,13241
390809,13181,13248
212830,13181,13269
241177,13182,13250
274013,13186,13269
193676,13187,13235
91854,13190,13282
204829,13191,13289
116163,13194,13277
125805,13195,13264
204828,13198,13265
49622,13211,13276
279311,13432,13493
229096,13434,13500
