173049,191,264
119646,192,268
75803,196,267
204402,201,269
363249,205,266
358381,214,268
20241,327,388
61887,361,423
197304,401,480
87021,922,995
235598,1252,1337
333207,1268,1354
256574,1269,1336
259568,1271,1342
75802,1274,1337
405352,1353,1438
50815,1364,1449
314477,1367,1430
92286,1377,1438
248279,1378,1447
179249,1380,1449
294630,1388,1449
179248,1388,1457
401529,1397,1450
398532,1404,1460
252149,1518,1595
333210,1526,1614
281517,1530,1592
213283,1543,1602
358909,1567,1629
22803,1676,1723
238608,1743,1811
314993,1745,1848
84853,1747,1810
253842,1752,1813
102999,1754,1818
320784,1754,1843
176451,1759,1808
35094,1763,1824
168434,1765,1810
164541,1765,1832
56621,1769,1839
11402,1771,1855
90536,1773,1857
130939,1774,1843
320968,1775,1851
116675,1777,1857
23943,1781,1846
333203,1783,1847
66733,1785,1858
16618,1786,1861
456,1787,1843
54606,1787,1847
277231,1787,1856
54607,1787,1864
133167,1789,1869
37286,1791,1897
310156,1793,1877
212181,1794,1879
236082,1797,1868
272898,1797,1896
81658,1804,1912
62934,1806,1893
135401,1812,1874
266748,1812,1876
314866,1812,1897
100829,1816,1871
397261,1816,1877
21527,1818,1878
405572,1818,1888
227733,1819,1873
154048,1820,1887
223883,1820,1893
221740,1822,1874
272899,1823,1926
358272,1824,1887
155962,1827,1888
21528,1828,1879
348595,1830,1907
363506,1834,1909
302017,1841,1896
105910,1848,1907
333203,1878,1941
333208,2148,2213
377421,2320,2384
333212,2320,2446
333205,2394,2485
172299,2424,2478
333211,2856,2923
333209,3190,3256
168580,3322,3381
333205,3337,3429
186532,3460,3526
333206,3460,3534
156301,3460,3545
404422,3461,3507
21526,3461,3550
183692,3461,3557
122750,3468,3529
229257,3470,3546
75801,3479,3543
333207,3480,3561
89750,3481,3559
122904,3482,3548
343,3484,3557
392301,3490,3549
363617,3505,3567
43143,3526,3590
378125,3526,3593
290775,3528,3590
222450,3543,3600
2235,3544,3590
283850,3544,3606
353359,3634,3691
333204,3906,4016
176430,4037,4099
290773,4037,4103
275679,4040,4116
264327,4080,4164
198450,4087,4149
290774,4090,4156
333204,4192,4311
213971,4499,4553
1391,4500,4556
120662,4501,4559
101084,4501,4563
240646,4567,4626
139142,4579,4634
333208,4930,4993
333210,4952,5025
58583,4958,5005
271819,4962,5011
122749,4965,5022
333206,5583,5648
154589,5591,5651
7357,5694,5776
7356,5698,5776
266998,5717,5782
239249,5724,5776
333209,6113,6182
333212,6214,6340
333211,6400,6462
148438,6505,6566
