2348,103,186
1315,111,186
282067,116,186
377584,134,263
370189,138,266
2347,150,287
7466,197,268
381229,374,455
16584,396,472
348029,398,487
191831,400,475
380347,402,474
383371,411,474
106764,412,472
66029,412,478
284276,421,474
338616,422,479
41072,425,473
300010,558,646
271749,613,678
392663,626,696
82770,627,678
56765,807,869
235071,816,872
14768,816,875
235514,816,880
12534,817,882
403733,820,878
44521,821,865
8701,823,876
7468,825,885
406134,826,875
282263,999,1073
7467,1354,1446
127762,1360,1416
79909,1621,1679
161105,1621,1698
394782,1636,1721
159828,1642,1698
354166,1644,1708
64097,1722,1784
380349,1751,1814
259904,1754,1817
234515,1757,1822
41357,1759,1810
130087,1767,1820
230755,1770,1812
162051,1770,1824
326700,1770,1842
360306,1771,1835
384019,1772,1854
48066,1772,1858
6785,1780,1848
42996,1784,1854
48064,1785,1864
9215,1790,1851
223192,1799,1880
402696,1818,1882
283804,1845,1909
323194,2034,2097
8701,2052,2103
188994,2143,2226
48065,2144,2195
2093,2144,2212
403732,2145,2198
172000,2146,2206
229416,2655,2738
187514,2658,2725
32205,2658,2729
10925,2659,2746
131285,2661,2722
130926,2676,2744
381094,2756,2828
399267,3107,3229
342,3108,3210
307391,3115,3257
393571,3117,3234
200513,3118,3245
60698,3120,3266
305977,3126,3234
357792,3126,3249
367992,3127,3246
249939,3127,3257
200512,3129,3264
306111,3130,3254
92795,3138,3223
404095,3139,3246
92796,3139,3264
32893,3146,3239
369311,3150,3222
235134,3151,3235
100526,3152,3223
31837,3157,3251
86874,3174,3228
100527,3174,3262
88220,3186,3250
141834,3386,3513
188993,3425,3489
182637,3432,3514
235070,3446,3507
46701,3574,3635
326304,3575,3637
132569,3997,4046
142666,3999,4053
374503,4067,4132
100443,4067,4136
116634,4068,4130
122165,4070,4138
280726,4072,4135
674,4073,4137
396010,4076,4141
235507,4079,4140
76184,4079,4145
44520,4081,4143
211949,4084,4151
275528,4095,4162
838,4334,4414
395132,4335,4411
201063,4336,4400
387417,4346,4415
344601,4359,4441
158900,4567,4631
85577,4574,4642
142667,4578,4636
186849,4580,4638
384451,4595,4643
233000,4734,4846
92796,4743,4867
200511,4745,4869
7866,4754,4848
249938,4754,4862
131857,4755,4846
101200,4759,4859
404097,4761,4842
228879,4765,4861
100525,4769,4835
340,4775,4845
87510,4778,4823
404096,4796,4867
341,4798,4870
62524,4808,4871
305976,4809,4869
114062,4962,5040
84289,4990,5126
127630,5053,5125
114062,5055,5133
253948,5336,5391
213089,5337,5387
31838,5478,5536
405681,5576,5660
81256,5741,5802
277525,5746,5796
16583,5754,5867
204530,5875,5952
204531,5877,5949
383790,5905,5962
232999,6144,6234
232998,6527,6588
16581,6531,6614
89050,6571,6691
200510,6590,6703
16582,6616,6706
153286,6616,6718
2700,6616,6722
228878,6628,6724
70412,6675,6737
197541,6917,6996
325780,7163,7229
159328,7166,7234
131148,7166,7237
113592,7168,7220
87214,7190,7254
110860,7190,7264
246697,7192,7263
20117,7193,7245
107784,7193,7253
229418,7194,7271
350141,7195,7241
264705,7195,7246
224008,7425,7492
73451,7432,7566
127629,7444,7555
209246,7475,7570
366313,7505,7565
11577,7631,7691
11578,7631,7695
102262,7631,7701
271748,7631,7713
224009,7632,7689
115928,7632,7715
193176,7633,7709
10098,7634,7691
344600,7641,7691
57168,7770,7881
74300,7774,7877
383392,7778,7876
61789,7785,7868
73450,7793,7882
24973,7798,7878
186266,7802,7876
189102,7809,7881
261543,7832,7882
329129,7833,7881
207499,7941,8005
305662,7947,8053
69459,7948,8043
57682,7951,8072
47683,7955,8067
191830,7959,8083
235987,7963,8099
380348,7969,8087
269899,7976,8085
31835,7978,8054
63191,7982,8048
52475,7982,8095
25262,7985,8096
55711,7989,8094
127079,7997,8133
177524,8050,8133
177525,8050,8148
59760,8073,8127
131151,8076,8137
191829,8078,8193
317021,8081,8147
67544,8088,8192
224970,8090,8170
55712,8101,8192
31836,8103,8193
35405,8108,8170
334882,8108,8189
808,8108,8192
78322,8110,8174
122166,8112,8186
376071,8117,8192
120198,8121,8185
378755,8122,8182
282066,8122,8190
339,8124,8185
25261,8135,8192
131149,8237,8323
131150,8240,8344
184605,8245,8296
322,8250,8307
205253,8250,8315
34154,8250,8323
25260,8266,8345
73789,8275,8343
