41727,207,289
305734,207,382
304332,209,336
82562,211,353
400414,212,335
97404,223,391
23130,231,349
174476,234,346
14766,234,371
158144,241,373
350170,243,354
109736,243,361
17217,245,364
80665,247,372
42048,251,365
18965,256,372
2251,259,369
27755,265,363
91983,276,393
41726,287,404
5229,300,373
112431,305,370
289510,341,402
111423,342,407
49031,349,401
369422,350,403
158293,357,407
56024,440,491
238278,441,492
155000,766,825
248239,841,905
333043,842,917
167905,847,920
207310,858,917
240716,858,920
312330,861,917
30161,862,915
8383,865,916
8384,865,920
305735,865,932
290657,868,917
254097,869,916
30162,877,937
225539,878,965
228444,879,920
56360,881,931
30217,885,931
195186,887,960
337548,899,956
205732,903,955
16887,904,991
373603,906,972
340755,907,955
392037,907,975
90912,909,970
136751,1099,1166
100533,1100,1163
136750,1102,1166
240276,1102,1173
208241,1104,1165
70280,1413,1475
70990,1513,1563
102540,1513,1567
397518,1518,1563
133859,1527,1627
216837,1532,1594
271678,1541,1596
249812,1549,1633
170360,1550,1612
367830,1558,1634
99889,1567,1632
113255,1569,1641
73327,1570,1633
384823,1571,1652
357081,1573,1660
347922,1580,1655
384473,1582,1652
297275,1600,1665
111424,1602,1664
114855,1617,1725
262300,1779,1862
35642,1781,1833
287801,1782,1844
344628,1786,1854
250221,1794,1860
133858,1797,1865
342238,1797,1886
174475,1798,1863
192489,1817,1880
112084,1824,1890
107311,1880,1941
173290,1903,1953
41729,2033,2140
273432,2036,2146
305733,2066,2157
133115,2223,2304
30216,2226,2305
286085,2228,2289
349053,2251,2319
273436,2256,2349
400415,2258,2332
41729,2259,2363
273432,2264,2375
130112,2271,2350
25732,2280,2336
104247,2281,2346
267056,2459,2504
393983,2470,2543
343239,2517,2585
372200,2560,2633
267446,2588,2637
393789,2591,2656
328021,2609,2670
350172,2611,2672
122317,2614,2660
344627,2615,2670
273435,2647,2712
153502,2647,2715
326064,2654,2712
92521,2853,2948
73328,3045,3141
331495,3058,3126
354019,3106,3166
100534,3111,3190
98512,3355,3426
98515,3356,3420
141209,3358,3419
71652,3361,3426
273237,3362,3419
211349,3363,3425
120954,3368,3430
153501,3483,3571
273435,3494,3570
327603,3518,3601
236606,3518,3613
73926,3540,3604
78500,3549,3608
201097,3567,3612
287510,3584,3631
350171,3674,3737
56765,3848,3907
114650,3858,3905
73329,4028,4090
315321,4033,4092
320092,4194,4270
373630,4221,4270
248240,4490,4556
383372,4590,4657
142864,4594,4657
94100,4764,4831
364894,4767,4855
364893,4767,4862
361255,4769,4832
353924,4780,4857
112432,4782,4856
211618,4783,4844
407100,4787,4850
273433,4800,4895
291690,4801,4855
8879,4816,4879
109579,4822,4884
78053,4823,4877
304331,4908,5037
331496,4920,5030
214135,4921,5045
51916,4947,5021
110492,4947,5060
47630,5052,5132
109580,5086,5194
328013,5087,5166
80205,5087,5176
204155,5092,5175
312461,5100,5170
47631,5104,5170
287285,5108,5191
137955,5130,5180
168291,5133,5180
350513,5136,5199
378990,5140,5207
112430,5141,5184
174474,5141,5200
84296,5143,5188
147713,5147,5229
311593,5150,5200
110890,5161,5237
273433,5184,5262
304329,5201,5266
212308,5203,5263
173289,5528,5584
318873,5533,5578
12056,5697,5802
273434,5862,5966
113961,5863,5924
98514,5872,5943
19990,5874,5946
252690,5886,5948
282169,5889,5943
134633,6314,6377
18813,6314,6387
79731,6314,6409
25267,6315,6382
342702,6316,6377
45520,6316,6380
391321,6317,6395
273434,6317,6416
196010,6324,6398
329478,6325,6390
98513,6326,6393
55118,6334,6401
249071,6335,6389
370277,6335,6416
95813,6336,6392
14337,6337,6418
331494,6405,6481
41728,6601,6662
240737,6602,6647
104246,6831,6924
135484,7026,7076
344626,7035,7083
44451,7035,7093
218779,7043,7111
380867,7053,7120
173682,7060,7129
19075,7061,7146
105527,7067,7183
26831,7090,7141
229935,7091,7172
216831,7100,7160
192490,7107,7173
389974,7109,7199
10501,7112,7198
278954,7113,7177
62675,7124,7240
287284,7144,7244
68134,7149,7244
248466,7171,7245
388211,7205,7271
181298,7211,7290
96438,7215,7297
166146,7218,7311
98500,7221,7310
216832,7223,7300
320431,7226,7305
350381,7227,7293
106988,7230,7316
344497,7237,7325
63161,7241,7362
131454,7243,7316
34629,7245,7309
338805,7245,7311
404148,7249,7362
106987,7250,7323
338280,7250,7340
309123,7250,7356
163690,7251,7338
256331,7252,7322
60096,7253,7314
318872,7254,7318
352095,7255,7317
96766,7260,7361
406130,7261,7312
24889,7261,7323
8183,7261,7328
18040,7261,7334
383055,7263,7326
394682,7265,7315
393982,7265,7336
103610,7265,7345
199850,7266,7339
281785,7266,7355
312782,7267,7337
177212,7268,7359
139486,7271,7337
300347,7273,7335
70200,7275,7337
377359,7277,7355
68365,7278,7350
387688,7280,7353
258868,7282,7346
156049,7282,7356
218423,7417,7492
113962,7417,7523
109562,7419,7471
26645,7434,7530
373816,7435,7516
392036,7439,7509
326063,7442,7530
168596,7447,7549
146900,7472,7539
51880,7541,7587
400413,7811,7875
33354,7812,7879
304330,7990,8049
83358,7990,8051
273436,7991,8081
400412,7994,8080
73330,7996,8048
374551,8096,8159
114898,8748,8801
113254,8750,8831
109735,8757,8826
