303063,184,248
395727,657,716
69580,1309,1401
115843,1317,1412
205838,1318,1389
213152,1318,1448
130093,1319,1396
24784,1321,1420
242662,1322,1388
241612,1324,1392
385664,1324,1402
182022,1327,1406
124194,1339,1412
234612,1340,1439
101287,1344,1432
31657,1346,1408
286544,1347,1462
89681,1351,1452
303064,1352,1406
62173,1357,1451
303062,1358,1435
264428,1360,1433
125779,1363,1472
69323,1364,1431
63561,1385,1472
369398,1397,1459
369397,1397,1473
167470,1406,1473
192043,1407,1475
186617,1423,1481
190733,1544,1607
263161,1783,1870
284122,1803,1869
167655,1824,1868
208320,1824,1885
274148,1835,1920
186616,1843,1907
170211,1873,1933
168775,1874,1925
273790,1942,1996
340560,2058,2120
63000,2339,2404
73605,2995,3039
143218,3619,3678
19910,3626,3678
189877,3826,3893
2307,3840,3904
182021,3904,3958
284121,4089,4168
161723,4122,4170
163201,4851,4909
87853,4862,4931
255510,4864,4906
367873,4931,5000
205839,4976,5042
14719,5066,5122
259054,5672,5722
134236,5672,5746
17961,5687,5736
104309,5688,5737
34890,5817,5880
60177,5818,5905
38270,5824,5888
38269,5825,5913
287632,5828,5890
169241,5828,5895
287631,5828,5902
207974,5831,5876
267380,5832,5900
208319,5832,5917
156784,5842,5883
79399,6525,6576
278984,7073,7130
200457,7109,7177
273208,7136,7195
33892,7935,7989
72057,7935,7994
382193,7936,8050
90712,7938,8014
254434,7943,8046
249271,7953,8043
58935,7958,8053
58936,7961,8045
63658,7962,8053
374989,7992,8051
62999,7994,8044
286542,8231,8276
69314,8234,8277
253718,8354,8414
207526,9145,9198
286543,9146,9213
50424,9150,9227
5411,9378,9440
232074,9392,9454
139098,9417,9478
254294,9975,10025
395068,10478,10554
96825,10508,10568
165438,10523,10575
149921,10543,10616
160135,10686,10749
62172,10800,10843
380445,11117,11178
134237,11134,11191
43399,11150,11226
107007,11152,11222
386097,11169,11236
381321,11170,11231
215806,11173,11236
295273,11174,11249
193053,11176,11237
105892,11182,11246
1855,11184,11245
87055,11193,11236
296754,11209,11272
286820,11209,11275
216953,11225,11288
60165,11230,11296
56492,11246,11310
148314,11247,11308
352985,11250,11295
376340,11250,11314
192024,12886,12972
331544,12907,12971
33891,12907,12974
174364,12913,12971
369980,12929,12972
336177,13137,13184
118014,13529,13581
221835,14579,14640
145171,14581,14635
122544,14582,14639
129428,14584,14644
286819,14586,14651
21305,14586,14660
369716,14598,14652
255777,15169,15229
314776,15170,15233
368742,15170,15237
51459,15171,15216
323670,15171,15223
336688,15199,15255
24942,15876,15939
48039,15911,15990
7787,15915,15972
335473,15937,15994
405274,16442,16496
163131,16445,16510
106414,16776,16847
21488,16777,16864
273177,16780,16837
60552,16780,16842
218217,16785,16842
149420,16789,16844
407484,16790,16847
19072,16792,16847
312844,17327,17377
149920,17327,17381
253459,17528,17602
183702,18010,18072
233736,18191,18275
223283,18201,18276
117285,18206,18276
84282,18212,18277
282745,18229,18280
149919,18232,18277
16025,18873,18931
288114,19323,19381
205837,19485,19547
143217,19770,19843
158753,19806,19876
225696,19817,19868
183703,20350,20419
314777,20977,21041
213151,20987,21048
224617,21134,21192
365038,21159,21227
116115,21323,21403
15300,21325,21410
87917,21327,21388
93991,21333,21413
161236,21334,21400
395081,21370,21447
146182,21373,21478
146181,21373,21484
289570,21530,21597
300979,21536,21599
337517,21543,21597
395068,22111,22198
273655,22133,22206
232073,22253,22315
369399,22378,22438
162427,23064,23133
8933,23064,23159
180309,23065,23146
273654,23074,23149
290308,23106,23179
287713,23112,23182
182020,23120,23170
32698,23125,23168
129974,23550,23619
242661,24810,24870
146180,24814,24865
289218,24969,25048
217067,24984,25061
163200,24985,25040
72178,24986,25077
72386,24987,25068
252395,24991,25052
321432,25008,25066
402816,25012,25073
120269,25023,25081
291565,25661,25724
263160,25664,25728
288164,25665,25720
148411,25670,25724
384875,25826,25885
172551,25827,25883
313820,25840,25906
62998,26312,26365
201547,26771,26834
289217,27107,27167
310487,27114,27163
91277,27132,27188
38511,27276,27349
25029,27410,27485
1084,27414,27482
37590,27419,27480
