364673,3,50
360682,138,225
360683,139,221
284733,140,216
189106,162,225
378883,173,234
97848,173,237
290520,175,235
228934,180,245
376705,181,253
228933,182,261
310191,183,266
46685,202,264
219651,430,506
160585,435,499
360732,445,513
231384,450,502
302764,614,684
32667,629,696
176415,867,956
378613,1014,1066
355309,1084,1161
448,1333,1399
96714,1334,1392
22693,1336,1412
68086,1341,1410
55392,1348,1410
358314,1354,1410
359704,1953,2007
302035,1955,1998
323230,1955,2016
364755,1956,1999
353883,2261,2326
344878,2265,2318
286541,2270,2322
318322,2339,2401
160535,2341,2407
368183,2350,2424
402821,2365,2429
62654,2385,2431
23322,2388,2449
370797,2673,2754
122007,2688,2753
6729,2690,2760
119008,2696,2756
185680,2704,2754
147504,2704,2769
51511,2705,2748
282935,2707,2760
37881,2709,2768
174496,2709,2770
160534,2711,2772
401260,2724,2772
306736,2725,2788
122008,2790,2853
47933,2796,2859
29691,2799,2846
176414,2939,3000
7178,2940,3011
205477,2974,3040
10785,2985,3041
301921,2986,3060
7177,3120,3171
140843,3125,3178
375073,3127,3175
107874,3248,3315
331897,3261,3328
337250,3369,3431
