3543,122,199
199202,122,205
201122,122,211
64896,123,197
58691,124,192
233620,129,212
74598,133,195
241228,137,200
67155,140,203
230081,153,219
12668,268,326
22946,275,341
87332,392,466
305550,392,472
305552,392,515
140005,393,527
87335,395,452
125805,396,478
82562,396,533
374547,400,587
367870,403,514
97404,403,576
26345,404,465
17113,404,488
346619,406,586
176632,407,530
187955,410,551
110787,414,579
87503,417,527
156082,417,544
57969,417,556
338708,419,548
45170,419,584
312228,425,545
10712,427,586
167468,433,558
56168,435,497
49669,435,551
86923,435,580
2251,438,547
317196,438,562
13852,440,509
163143,440,557
3277,444,561
5229,469,548
151173,473,550
85015,482,543
377660,487,548
196512,628,681
5492,628,687
73890,732,774
98504,740,790
253770,825,870
179408,825,876
21203,825,879
178818,826,878
367441,827,884
99534,836,883
343462,1008,1105
377108,1021,1069
141605,1033,1105
283389,1038,1095
41512,1040,1092
172848,1044,1095
51392,1053,1102
80629,1133,1196
260663,1134,1236
168516,1139,1212
346862,1157,1232
117816,1157,1249
80484,1159,1250
232369,1161,1233
257722,1171,1297
93667,1177,1248
293109,1182,1248
400611,1184,1249
315337,1251,1318
69005,1256,1320
146322,1257,1322
231989,1298,1353
142410,1298,1357
10739,1306,1367
352120,1309,1357
41660,1312,1370
69649,1314,1378
41513,1314,1382
15116,1318,1371
182799,1318,1374
357376,1322,1385
118464,1325,1371
407680,1325,1385
383273,1326,1387
323662,1326,1389
305551,1331,1413
51168,1548,1615
364719,1566,1627
21039,1642,1695
51319,1651,1727
391226,1652,1736
51167,1826,1892
125300,1869,1941
313515,1918,1986
121960,1924,1985
395110,1925,1989
54878,2089,2202
188148,2420,2485
303255,2435,2493
297896,2461,2516
211104,2487,2566
170626,2574,2632
262411,2606,2712
85308,2617,2703
85618,2647,2698
147501,2777,2832
141604,2782,2834
366472,3069,3125
195176,3074,3143
196511,3078,3153
16761,3090,3157
383705,3110,3215
91130,3124,3192
324487,3125,3189
268774,3126,3217
87114,3135,3205
193002,3144,3201
395195,3150,3212
26400,3252,3324
78429,3253,3309
2761,3253,3317
51320,3265,3331
43402,3268,3316
7433,3268,3339
211103,3273,3332
407679,3275,3325
286680,3300,3368
3002,3368,3456
346617,3372,3455
84242,3379,3449
351157,3379,3452
89268,3382,3455
379405,3382,3461
354720,3383,3464
98503,3397,3458
314703,3398,3452
203860,3401,3456
359030,3402,3471
203861,3405,3452
199752,3416,3471
198869,3416,3478
185427,3416,3480
191326,3418,3481
77531,3422,3474
23531,3424,3493
275275,3425,3468
164541,3426,3494
301242,3428,3474
235615,3430,3481
85307,3465,3526
54878,3467,3589
218030,3470,3521
118229,3471,3522
125299,3495,3578
176529,3499,3577
304716,3500,3568
376328,3699,3787
103930,3700,3761
87334,3703,3790
118552,3713,3778
262571,3764,3822
272812,3764,3839
288285,3766,3841
236834,3767,3836
198609,3773,3836
133032,3777,3862
380436,3783,3848
9684,3790,3858
372859,3801,3875
207902,3805,3862
338006,3806,3859
1063,3807,3852
392291,3807,3889
2972,3808,3864
110893,3809,3859
125495,3809,3869
80731,3809,3875
89487,3809,3878
113816,3809,3883
68765,3826,3900
146447,3833,3899
217238,3836,3895
238493,3844,3906
49481,3878,3940
141952,3893,3971
3113,3909,3971
117815,3916,3972
297078,4150,4213
252968,4151,4210
367869,4151,4220
225105,4152,4214
7432,4152,4217
244768,4153,4238
351890,4364,4444
389936,4366,4429
324206,4371,4442
383776,4571,4644
48657,4573,4649
214480,4581,4640
367091,4581,4648
342230,4771,4858
368176,4774,4864
211482,4774,4880
342229,4786,4898
407649,4789,4854
394549,4791,4858
187954,4797,4864
376520,4826,4904
107722,4843,4912
235910,4847,4911
374544,4851,4921
343656,4856,4915
178488,4857,4952
230064,4879,4928
95541,4881,4942
309451,4882,4947
398660,4887,4938
79802,4888,4937
28451,4888,4943
368533,4888,4947
358616,4888,4952
87333,4890,4947
209549,4895,4979
99190,4899,4942
96551,4903,4980
311877,4904,4965
2817,5047,5100
30182,5047,5109
8774,5047,5114
368140,5048,5097
181802,5048,5116
203859,5049,5099
179407,5050,5108
292469,5063,5105
33348,5067,5124
271262,5067,5138
255135,5071,5137
366482,5077,5138
347235,5091,5140
125298,5256,5319
26924,5256,5322
149392,5304,5364
125496,5328,5387
398969,5332,5414
67026,5334,5402
199593,5341,5408
87540,5348,5415
374546,5349,5428
202308,5354,5428
66994,5368,5429
108820,5461,5519
387024,5462,5513
339613,5610,5653
250795,5610,5697
301509,5610,5704
187953,5610,5725
173210,5613,5677
67244,5618,5717
264292,5621,5673
318566,5622,5716
110928,5626,5677
68898,5626,5687
64388,5629,5725
97307,5634,5690
101285,5641,5703
80972,5797,5855
92152,5809,5857
346618,5933,6015
351889,6033,6111
10738,6079,6203
215912,6095,6203
54877,6106,6189
122828,6153,6216
21051,6153,6235
168517,6404,6465
63577,6408,6466
317669,6526,6573
394461,6526,6577
235515,6576,6660
399380,6588,6671
213366,6728,6794
192976,6736,6817
78428,6737,6808
254585,6737,6811
346916,6761,6816
10737,6920,7003
54877,6920,7009
84788,6924,7019
144478,6952,7018
168518,7222,7298
271437,7223,7304
345873,7223,7307
124568,7225,7292
206092,7241,7306
374545,7247,7321
352859,7258,7319
120096,7270,7321
214056,7397,7461
127605,7415,7504
43401,7459,7521
288135,7564,7612
149823,7564,7626
110997,7567,7647
233447,7571,7626
201348,7575,7666
349049,7588,7647
201349,7615,7665
399379,7617,7665
58952,7647,7715
188476,7663,7723
117814,7667,7732
305815,7799,7890
137595,7818,7884
198038,7821,7883
5489,7850,7904
