208921,138,195
268772,223,277
201452,223,287
297355,223,302
297356,223,307
294470,224,284
381587,226,299
74930,230,293
94882,242,312
264005,249,296
368393,250,306
65644,290,368
313063,295,375
313744,306,374
248323,308,393
103526,309,361
345817,326,400
399310,327,406
298170,337,398
33697,446,507
144470,446,529
367128,450,531
284500,492,568
246011,578,628
76254,579,640
109996,589,637
372881,589,639
342250,702,780
69538,707,783
64356,708,778
53988,823,886
362524,869,937
285353,870,946
353038,878,939
317021,982,1031
31175,982,1033
79695,1131,1206
93296,1134,1208
395167,1138,1201
35437,1179,1243
393606,1191,1250
130643,1204,1253
339953,1209,1335
97868,1211,1289
363189,1213,1264
332799,1213,1267
346835,1214,1276
382994,1214,1326
320805,1215,1337
365595,1222,1338
223862,1225,1342
73316,1239,1302
320804,1242,1344
56195,1243,1304
364019,1251,1363
307984,1264,1357
227998,1275,1373
119645,1354,1442
366226,1357,1412
315270,1358,1415
49517,1359,1450
27746,1360,1419
92836,1360,1421
234264,1360,1439
55046,1362,1430
68429,1366,1445
407292,1367,1421
127348,1372,1438
362523,1372,1456
179039,1374,1442
310422,1378,1421
234265,1379,1443
365453,1380,1428
68430,1380,1445
217939,1384,1456
323050,1387,1469
24879,1389,1456
200702,1389,1467
217938,1392,1467
284442,1393,1448
139908,1394,1450
362386,1394,1461
313533,1394,1465
283235,1394,1481
283234,1400,1492
286911,1411,1517
189286,1415,1499
208920,1426,1551
136670,1433,1551
41559,1434,1547
10373,1435,1529
189818,1436,1493
42676,1438,1493
29006,1441,1494
200630,1443,1548
136414,1462,1554
136669,1465,1558
332246,1491,1557
375417,1533,1586
241003,1706,1767
245701,1707,1781
