209924,177,303
12577,190,255
23404,197,261
228876,210,282
399800,214,333
374615,215,315
62708,217,297
52626,220,291
42277,220,339
82058,227,317
110046,231,357
376617,233,304
153954,234,350
257782,237,300
350520,239,301
374616,239,332
339758,243,309
249943,243,316
194190,256,351
69913,265,331
340928,268,330
241218,268,333
281441,268,354
369787,268,364
118905,268,378
111072,269,331
85503,269,337
280691,269,400
138603,270,330
130543,270,372
111073,271,329
126223,271,333
194191,271,336
128831,271,348
109071,271,392
223561,272,341
242,272,344
248643,274,372
366020,275,397
261638,276,373
242,279,358
837,280,404
366066,281,427
11944,286,423
86618,300,435
19268,303,420
303823,308,431
381926,311,453
137215,316,428
173635,346,471
172173,347,456
92310,360,471
110047,363,475
331769,365,442
197248,366,428
72644,366,471
164374,367,436
5473,372,497
231188,373,475
354712,374,436
20689,374,460
16802,379,455
18975,380,436
250671,380,442
75879,380,448
61148,381,439
56678,381,463
5472,381,518
56440,382,473
114401,384,458
164375,385,462
44800,390,432
56679,391,463
239748,392,452
61007,392,465
400742,392,469
367829,396,449
394737,396,463
4006,396,466
182721,397,459
379809,397,461
181454,397,471
315061,399,451
61886,399,453
222001,400,462
75822,404,469
38231,406,461
228425,406,469
341714,407,462
182719,407,472
182019,414,472
312178,417,516
214487,420,482
320051,428,488
397566,435,513
44240,435,518
335075,436,497
75626,485,559
138331,489,553
252631,489,590
394171,492,556
65658,497,552
205362,497,580
96643,498,559
123613,498,568
352179,499,584
166979,500,607
233066,501,562
128856,503,555
59837,504,593
39438,504,611
255598,506,567
261013,510,594
398685,513,577
404905,514,629
136723,515,585
155277,518,581
99553,519,611
23293,520,596
58731,522,580
239108,523,584
182018,524,592
99554,524,613
205363,527,595
136845,529,593
399999,529,628
377694,530,638
156309,531,631
81280,532,617
183158,532,621
140396,540,610
359855,545,618
399855,547,609
333007,548,616
31229,548,619
237045,549,633
246580,550,614
254522,553,612
55841,553,614
131951,553,616
72507,555,622
161221,558,619
118097,558,624
358554,558,629
376711,562,624
156308,571,632
318202,579,630
167031,587,631
167032,588,634
155512,588,651
184296,589,637
266239,591,654
150521,624,702
3543,627,676
118096,631,688
279627,631,704
156337,633,677
1315,633,682
48453,633,741
158302,667,761
213686,686,752
27018,687,754
366065,700,761
96895,703,795
288141,710,760
30912,710,786
157780,712,782
1644,718,762
157190,718,766
31050,723,766
365828,740,814
141818,742,810
325288,756,817
55838,756,858
193251,770,834
262599,772,820
296849,778,851
97764,781,823
193252,783,842
343153,784,846
270283,792,863
200267,792,866
252508,792,872
167902,792,892
228923,792,909
55837,792,926
175163,796,863
91445,799,902
221471,801,885
54966,801,918
92675,802,909
198106,804,903
267694,807,866
15243,809,916
233227,810,882
352382,813,896
22073,815,895
398491,816,892
11240,816,915
203521,816,920
66714,817,882
258313,817,909
66713,821,926
92780,823,913
361795,824,898
68616,827,909
1088,827,925
182720,829,922
41815,834,915
322508,837,907
395432,838,925
7138,846,911
196663,855,919
352258,861,922
65663,862,925
339807,956,1079
374804,956,1089
233226,957,1033
339806,960,1056
247978,997,1076
297419,1034,1109
145274,1039,1117
381927,1040,1110
5605,1044,1112
231882,1046,1135
149513,1048,1121
166310,1048,1131
75880,1048,1134
209319,1049,1111
340823,1049,1115
37019,1053,1123
19927,1053,1135
65621,1055,1126
224438,1055,1142
57672,1056,1119
6820,1058,1144
334763,1060,1134
159423,1062,1143
259957,1063,1129
313743,1065,1125
71210,1066,1128
103461,1066,1130
5475,1067,1129
191590,1067,1143
394747,1070,1152
207791,1073,1153
149514,1076,1139
374878,1077,1150
41340,1082,1123
145112,1082,1131
99557,1085,1138
316071,1088,1144
55390,1094,1152
124596,1147,1205
283317,1162,1210
277492,1296,1350
362142,1298,1359
180441,1299,1356
108131,1299,1366
100972,1301,1362
91446,1301,1383
272410,1302,1364
380998,1305,1349
61955,1308,1387
72508,1316,1387
134667,1318,1388
331566,1320,1376
234036,1323,1388
145744,1323,1406
116786,1374,1463
337992,1381,1457
20443,1382,1447
112014,1386,1470
82063,1393,1456
146558,1394,1449
65263,1394,1483
140794,1395,1456
119884,1398,1462
19447,1401,1464
65262,1401,1478
124943,1404,1470
45859,1409,1465
40792,1409,1471
291140,1409,1483
242678,1412,1478
30429,1413,1480
396306,1417,1485
51306,1420,1487
25706,1423,1485
340926,1425,1483
92781,1459,1520
14168,1459,1541
257781,1500,1563
73088,1507,1567
7582,1511,1572
261808,1515,1628
344357,1523,1585
116671,1523,1588
41816,1524,1587
125331,1527,1587
125333,1529,1599
176496,1534,1589
368701,1536,1629
176092,1537,1637
117250,1540,1608
5476,1540,1620
5474,1541,1641
194236,1549,1622
209468,1549,1644
33706,1553,1622
393997,1558,1610
135746,1558,1649
86899,1559,1624
83650,1560,1626
162568,1561,1647
35545,1561,1658
155268,1562,1650
157336,1563,1629
42024,1564,1621
241650,1565,1623
278129,1565,1646
69020,1571,1636
307202,1571,1644
29652,1571,1660
166287,1580,1639
378950,1580,1650
393114,1580,1668
104942,1583,1634
85553,1584,1647
328042,1589,1658
80648,1591,1662
270960,1592,1643
399854,1698,1765
187175,1714,1764
16867,1714,1776
264351,1716,1797
125334,1728,1827
72010,1734,1798
124595,1752,1828
358555,1756,1841
393113,1761,1808
296337,1764,1825
92259,1776,1839
224920,1776,1842
377083,1778,1827
269675,1778,1848
388469,1784,1846
316904,1784,1856
161571,1784,1866
70750,1798,1862
246319,1798,1867
150522,1803,1878
366457,1806,1862
261377,1806,1895
157389,1809,1877
14949,1810,1875
63815,1826,1892
261810,1826,1910
289757,1847,1914
178157,1854,1931
380746,1857,1918
56718,1886,1947
399033,1893,1968
40490,1897,1979
32674,1898,1969
380915,1900,1990
263255,1927,1976
23972,1927,1987
178158,1929,1992
117249,1931,1980
25603,1932,1982
249734,1990,2083
181211,1993,2049
125331,1993,2058
143257,1999,2061
362967,2003,2080
114496,2004,2059
116669,2004,2130
117251,2011,2079
236805,2019,2091
381928,2027,2112
249577,2027,2131
159645,2030,2125
69911,2032,2118
193249,2033,2112
360129,2034,2099
313156,2035,2103
120814,2038,2111
384531,2039,2127
279756,2043,2111
369837,2044,2108
258570,2044,2117
325569,2045,2120
160833,2045,2138
209262,2046,2128
184793,2047,2116
96828,2048,2112
367247,2049,2110
99555,2050,2111
99552,2051,2119
120813,2051,2158
343898,2052,2123
201604,2052,2142
69912,2052,2150
180440,2054,2131
57569,2056,2139
97132,2057,2145
157972,2059,2116
120699,2059,2136
73738,2061,2150
205364,2061,2153
227076,2062,2136
135395,2062,2162
140154,2063,2122
211651,2064,2147
403958,2064,2155
167004,2066,2142
123539,2067,2132
265132,2068,2110
144002,2070,2144
390509,2070,2148
185665,2071,2125
209261,2071,2151
315009,2073,2131
368311,2073,2143
406471,2074,2141
400172,2076,2139
120812,2079,2155
140380,2084,2149
10150,2084,2156
192412,2086,2158
313574,2087,2150
399031,2089,2167
45383,2090,2151
399030,2090,2159
182017,2090,2170
82057,2091,2162
5921,2093,2149
153953,2094,2157
248642,2094,2159
302926,2095,2152
202286,2095,2162
86468,2095,2170
369786,2096,2159
242,2097,2168
347553,2098,2162
334107,2099,2151
395821,2099,2170
375525,2160,2216
116670,2179,2288
283909,2197,2261
8377,2223,2293
2547,2232,2301
184297,2234,2293
144636,2234,2297
46209,2238,2288
23971,2238,2294
394240,2241,2290
84495,2248,2301
143808,2518,2586
81318,2752,2830
6497,2752,2833
220299,2753,2815
134810,2753,2817
280690,2757,2834
340997,2763,2839
207888,2764,2829
237750,2766,2827
264424,2766,2830
150523,2772,2833
36485,2772,2835
347378,2773,2834
406472,2878,2995
162124,2883,3010
306033,2884,2946
91786,2911,2963
73216,2912,3030
91431,2915,3009
116787,2917,3038
49256,2918,3012
80902,2919,2986
82061,2926,3039
181455,2928,2994
73214,2928,2999
171154,2940,3096
82060,2953,3096
93410,2954,3015
109070,2960,3031
310305,2972,3076
163123,2975,3087
73215,2978,3096
162125,2982,3096
55888,2994,3096
73217,3000,3096
138071,3004,3065
221199,3006,3093
82059,3006,3096
73213,3011,3096
389782,3013,3076
303824,3016,3088
140381,3017,3084
380947,3020,3094
126963,3021,3091
93602,3021,3096
111071,3031,3090
378949,3032,3093
106111,3032,3096
31416,3036,3092
380747,3039,3096
109315,3045,3096
210742,3146,3205
381929,3146,3228
111068,3146,3233
73212,3162,3236
381930,3167,3294
404302,3201,3300
132781,3206,3299
170872,3209,3298
19870,3211,3291
142649,3225,3299
308911,3385,3456
49993,3386,3473
145771,3386,3480
82062,3386,3496
36474,3387,3450
55840,3387,3465
94765,3389,3449
60739,3391,3452
392334,3392,3465
2546,3396,3498
209467,3397,3460
197847,3398,3473
393112,3401,3481
49992,3404,3498
46603,3407,3498
22490,3408,3492
393410,3408,3496
184562,3411,3497
24644,3414,3490
7282,3417,3496
350446,3421,3498
261809,3425,3498
56409,3427,3496
384532,3430,3498
125333,3663,3739
351319,3686,3757
196086,3688,3775
282456,3694,3785
396539,3695,3790
108130,3696,3758
392563,3697,3765
376832,3701,3763
51511,3702,3765
172858,3710,3772
240275,3710,3816
83372,3713,3775
3635,3713,3796
184556,3714,3776
401237,3716,3777
62805,3717,3780
81284,3719,3809
362993,3721,3772
181212,3722,3814
384530,3723,3795
381000,3725,3767
51580,3726,3784
170870,3728,3817
130053,3733,3801
33776,3734,3810
1109,3735,3808
66764,3736,3817
252509,3737,3800
324973,3738,3813
73172,3739,3816
107828,3740,3802
8376,3740,3806
63821,3743,3807
207493,3751,3831
16801,3773,3838
125332,3783,3855
407957,3785,3856
112763,3785,3860
71652,3786,3851
126521,3786,3862
44952,3787,3855
125335,3789,3868
1108,3800,3876
228430,3817,3862
42276,3949,4018
201605,4212,4291
193250,4232,4305
407992,4258,4315
2065,4284,4351
49573,4285,4341
246579,4285,4347
60765,4292,4345
75939,4414,4512
181453,4428,4516
179317,4445,4515
110045,4457,4523
5628,4467,4541
8255,4469,4550
228426,4473,4562
96828,4483,4548
212077,4486,4550
359310,4487,4553
20911,4489,4591
81376,4492,4543
99556,4494,4545
143807,4494,4551
192928,4494,4560
47063,4496,4572
20912,4496,4599
131481,4497,4584
48638,4497,4603
120700,4499,4591
72360,4500,4561
321364,4501,4586
120698,4503,4563
85810,4503,4567
31228,4504,4600
294066,4505,4584
376679,4506,4591
104440,4507,4571
236886,4510,4581
163028,4511,4563
75037,4511,4576
159422,4511,4616
81464,4512,4619
170270,4513,4586
145134,4513,4600
315007,4516,4583
2828,4516,4601
186475,4520,4571
12599,4528,4633
364785,4531,4616
198280,4532,4646
107829,4533,4594
359309,4540,4635
73738,4542,4641
145135,4543,4621
65565,4544,4644
279094,4546,4600
246566,4549,4639
203272,4550,4609
170271,4550,4617
326655,4551,4612
35501,4552,4640
53804,4554,4601
371231,4554,4618
224933,4555,4644
312635,4556,4600
104533,4557,4609
181488,4558,4644
118567,4561,4632
255653,4565,4652
315006,4566,4677
315008,4567,4630
97763,4567,4646
20913,4567,4653
250864,4568,4657
393382,4568,4669
265842,4570,4634
203182,4571,4633
31227,4571,4646
73527,4573,4633
185491,4574,4619
271606,4577,4646
401161,4578,4641
321514,4579,4642
85355,4579,4649
256457,4580,4664
75036,4582,4648
106299,4584,4654
183157,4592,4673
47059,4596,4657
66712,4596,4712
374614,4617,4679
173634,4628,4719
21014,4649,4710
125330,4650,4751
112764,4661,4752
125332,4662,4732
202694,4680,4753
264770,4694,4758
292451,4773,4838
70939,4774,4837
357906,4774,4854
107904,4779,4843
301285,4781,4854
403587,4783,4872
339629,4784,4849
198281,4786,4837
23294,4787,4852
81279,4789,4851
20301,4790,4852
137414,4791,4851
15092,4791,4856
133394,4792,4863
108129,4792,4873
80901,4793,4856
223966,4796,4877
87512,4801,4903
180439,4813,4894
2545,4820,4910
107815,4823,4891
95505,4824,4904
262414,4826,4878
55836,4827,4895
78722,4835,4899
70035,4837,4910
125330,4841,4932
173633,4885,4963
208676,4900,4979
395839,4910,4962
309731,4920,4979
314094,4923,4983
171153,4939,5008
85357,4941,5016
11355,4955,5027
125334,5096,5195
204314,5097,5167
116668,5098,5163
306264,5098,5201
197432,5099,5176
177979,5100,5191
293848,5102,5163
382024,5102,5176
33778,5106,5170
394746,5106,5181
247994,5108,5166
11354,5108,5172
139232,5109,5186
358553,5109,5197
186632,5116,5183
85356,5116,5188
193072,5116,5201
234339,5117,5212
243152,5120,5190
274591,5122,5186
156594,5123,5193
190059,5125,5196
288027,5125,5242
20399,5130,5226
35502,5134,5227
269674,5136,5197
121009,5136,5203
82710,5136,5210
72506,5138,5245
266577,5139,5215
174482,5142,5205
216993,5143,5204
226771,5143,5208
22269,5146,5207
396730,5146,5209
215800,5150,5267
314752,5155,5269
176328,5156,5211
403957,5166,5224
36764,5167,5269
292450,5170,5268
240274,5170,5275
148620,5173,5274
84494,5180,5274
84211,5184,5269
350519,5186,5275
119983,5188,5257
156593,5190,5272
396307,5190,5282
340927,5192,5253
210993,5193,5257
94350,5196,5261
172267,5198,5279
327200,5199,5273
190640,5202,5272
156592,5202,5277
244732,5203,5275
141494,5204,5281
303032,5206,5268
141493,5207,5273
172266,5207,5281
63639,5210,5275
82549,5211,5282
337672,5215,5278
179803,5307,5378
133022,5314,5396
117252,5317,5363
341025,5345,5421
122745,5348,5441
220297,5350,5419
290202,5355,5451
274233,5365,5450
352257,5366,5447
232992,5373,5440
201603,5376,5450
138828,5380,5439
380946,5382,5443
5922,5383,5441
34804,5388,5439
191428,5388,5455
170871,5389,5449
355896,5395,5458
28528,5398,5449
313554,5398,5452
213674,5404,5460
289756,5420,5481
125292,5477,5541
384344,5505,5576
226592,5508,5558
117247,5530,5619
33777,5570,5635
362515,5575,5619
840,5575,5644
376228,5577,5619
368251,5596,5657
211670,5606,5655
117248,5615,5747
127839,5620,5749
71402,5839,5901
329191,5842,5895
302061,5853,5899
15242,5873,5966
207905,5885,5962
207904,5885,5981
55839,5886,5969
15241,5891,5973
137413,5893,5986
139768,5930,5981
246318,5957,6045
182532,5974,6045
153486,5975,6047
362736,6003,6073
97765,6009,6085
68794,6009,6091
404318,6010,6082
88664,6011,6076
360128,6012,6087
227145,6014,6088
298954,6016,6112
146557,6017,6085
368030,6019,6097
11353,6019,6127
362737,6026,6087
199147,6027,6077
338597,6027,6089
261961,6029,6125
338121,6030,6080
380999,6035,6078
276752,6038,6099
133501,6039,6117
8214,6048,6125
172265,6049,6114
373727,6059,6125
113234,6534,6588
17673,6534,6590
116667,6535,6584
21629,6628,6695
254350,6631,6692
252507,6677,6765
213006,6700,6759
364784,6715,6773
213058,6717,6788
100728,6770,6845
299411,6819,6909
56439,6836,6914
265820,6858,6926
152766,6884,6948
118887,6949,7006
55835,7297,7358
220298,7311,7375
125335,7316,7392
87609,7323,7401
28711,7356,7408
304004,7370,7439
109567,7380,7460
207887,7381,7471
369841,7385,7454
163564,7388,7469
345168,7390,7456
339805,7398,7456
103459,7404,7459
8930,7404,7465
103460,7411,7465
15444,7417,7472
362966,7478,7554
250481,7484,7561
258750,7485,7575
306677,7486,7534
217796,7487,7539
308593,7487,7545
58093,7487,7551
383035,7487,7561
48524,7490,7536
186947,7490,7577
327920,7491,7552
161475,7492,7539
216683,7492,7595
117246,7495,7561
228424,7496,7551
265821,7498,7565
394736,7500,7555
288329,7502,7557
378224,7502,7576
154857,7514,7563
23403,7514,7575
168143,7514,7584
91432,7514,7592
274513,7514,7600
282700,7531,7597
164173,7728,7778
399032,7947,8008
73940,7947,8064
227124,7949,8072
162123,7949,8082
14504,7950,8077
163541,7951,8023
90054,7959,8019
4494,7968,8033
17129,7978,8101
209260,7996,8065
183289,7997,8061
324972,8000,8069
104274,8017,8076
138006,8038,8089
