268709,152,279
38999,208,306
365105,226,300
19518,226,306
131368,231,305
19519,240,306
399720,254,305
381953,262,317
369231,280,361
362260,283,382
375045,307,378
40273,308,390
74335,310,382
357134,312,391
198128,313,396
162843,315,376
8713,316,398
9954,317,404
300950,318,380
188355,318,382
302039,324,386
264324,324,390
109007,325,404
376072,330,403
131446,331,387
103389,340,401
388854,341,388
206941,342,403
72941,344,406
86740,480,591
380881,483,558
285908,495,600
408431,495,614
185548,505,595
88563,510,621
195529,511,629
23377,513,597
298336,514,601
361657,514,631
187717,516,597
205419,518,603
307905,518,608
34383,526,597
381140,541,599
12383,561,636
353833,564,674
327502,591,678
182833,608,691
212861,609,684
32502,612,675
5736,612,686
182834,616,701
101695,634,694
231367,638,679
23203,966,1031
27103,966,1035
6169,966,1041
185547,966,1061
100420,975,1037
265694,1270,1314
202989,1270,1334
291827,1270,1346
399553,1271,1355
268234,1275,1325
69158,1280,1341
265791,1285,1326
222412,1285,1342
280346,1319,1369
66145,1395,1458
372481,1481,1553
103810,1489,1553
46287,1491,1553
349970,1493,1553
101587,1495,1549
9578,1506,1554
9577,1508,1554
99156,1639,1699
372072,1708,1782
372073,1708,1786
9579,1722,1788
276484,1726,1789
164165,1729,1791
79795,1732,1789
182832,1733,1786
132859,1752,1825
93747,1756,1809
312120,1759,1820
143111,2230,2314
348549,2242,2308
371689,2252,2314
8474,2257,2313
171516,2260,2312
21056,2324,2394
40217,2327,2394
106924,2333,2394
357135,2334,2401
98632,2335,2404
352185,2336,2387
378566,2531,2592
83658,2781,2849
72454,2783,2835
5737,2788,2862
356354,2794,2865
117422,2798,2886
249569,3053,3225
274062,3055,3119
24093,3055,3130
274061,3060,3150
264022,3063,3160
30102,3066,3129
108518,3067,3128
139851,3069,3134
461,3069,3147
239384,3073,3154
325928,3074,3135
405714,3075,3173
88793,3076,3153
462,3078,3149
15275,3078,3152
269353,3080,3142
339823,3081,3143
310514,3083,3156
144282,3084,3153
457,3084,3161
96683,3086,3149
146082,3091,3165
169284,3102,3165
300949,3117,3190
382646,3125,3203
97007,3129,3185
164732,3129,3203
372112,3133,3203
249565,3140,3202
249564,3148,3235
25009,3384,3452
297763,3391,3452
348461,3392,3468
460,3394,3514
203663,3398,3466
458,3404,3493
294046,3408,3469
104402,3408,3473
202143,3417,3482
163434,3426,3503
137381,3473,3523
249564,3482,3563
249567,3483,3569
394162,3491,3560
205611,3496,3564
382156,3604,3652
249568,3606,3724
97006,3607,3707
107258,3608,3669
14024,3608,3672
192264,3612,3678
48414,3615,3677
65671,3620,3693
95264,3622,3684
249565,3622,3704
227413,3627,3691
164373,3627,3705
215852,3654,3719
359264,3655,3720
369232,3657,3732
249566,3658,3766
296668,3671,3734
216416,3883,3980
337425,3886,3967
249569,3886,4055
405713,3888,4009
366074,3890,3993
388853,3891,3978
131447,3893,3963
231068,3893,3971
30253,3893,3992
270063,3896,3982
405098,3897,3958
272378,3897,3991
321806,3898,3962
323177,3901,3980
51159,3901,3988
459,3903,3979
310514,3903,3985
319852,3904,3970
456,3904,3982
169186,3912,3975
206330,3912,4012
319851,3913,3977
152962,3914,3975
307932,3914,3994
138998,3914,3999
112170,3916,3979
59000,3916,4000
333411,3916,4034
294174,3918,4009
159461,3918,4016
332655,3919,3980
310464,3919,3991
405712,3920,4018
130797,3921,3994
206613,3922,4007
272300,3924,3985
264929,3924,3989
318560,3925,4021
37694,3927,4003
394177,3928,3993
223499,3929,4007
287772,3929,4021
57411,3932,3996
318559,3933,4026
135732,3937,4034
273516,3938,4017
367865,3939,4023
178413,3940,4001
55477,3941,4033
84157,3942,4027
140128,3945,3999
215536,3947,4004
33713,3947,4027
178712,3951,4027
215537,3952,4005
401457,3956,4011
57066,3957,4019
86919,3958,4026
372111,3958,4034
31408,3961,4026
52509,3962,4047
207445,3963,4029
107257,3964,4027
400821,3964,4050
29053,3967,4031
291826,3971,4048
46072,3973,4052
249567,3978,4073
50198,4117,4188
249568,4117,4218
249566,4160,4267
121462,4167,4241
165906,4208,4271
325211,4211,4279
29052,4212,4274
392231,4214,4294
325414,4215,4288
385574,4217,4293
310515,4225,4295
83659,4227,4294
48415,4242,4308
233871,4245,4306
9576,4249,4310
361817,4251,4312
283408,4508,4587
85652,4512,4590
18933,4519,4590
405335,4520,4584
69840,4522,4595
399617,4525,4598
355934,4530,4591
394252,4575,4630
55576,4812,4872
123925,4847,4937
47992,4870,4945
235675,4891,4973
130291,5363,5429
174098,5364,5424
394888,5461,5539
202512,5465,5540
42589,5485,5539
367866,5486,5538
32501,5564,5626
330853,5704,5754
64347,5704,5788
256450,5704,5804
362994,5720,5785
24756,5723,5793
397291,5725,5790
97008,5729,5773
125964,5819,5908
38998,5835,5916
287521,5841,5906
224632,5844,5906
208997,5851,5909
298335,5851,5914
138788,5937,6004
206329,5938,6006
75528,6130,6241
302175,6145,6201
104732,6151,6202
339987,6155,6234
319821,6162,6227
211735,6180,6242
151835,6205,6272
405029,6243,6312
238361,6359,6408
382155,6362,6425
391653,6432,6531
254206,6434,6533
365749,6448,6536
301512,6452,6571
398109,6492,6579
364511,6492,6597
371690,6496,6575
301511,6497,6593
351211,6498,6570
34382,6504,6591
220025,6505,6580
275892,6506,6575
142352,6512,6578
199240,6512,6590
384828,6525,6587
215237,6532,6596
188354,6532,6610
117421,6535,6602
376933,6538,6599
271876,6539,6609
368643,6541,6622
464,6542,6595
7576,6545,6622
21928,6552,6617
196779,6552,6624
215763,6576,6617
86739,6576,6681
268710,6603,6714
230925,6740,6827
266749,6741,6797
227582,6742,6803
318421,6743,6835
300662,6753,6835
