90677,108,167
131244,116,179
128388,126,240
264249,141,239
278794,148,228
72194,149,242
227434,153,218
198876,157,229
133885,163,228
43237,191,263
107117,196,272
298377,197,253
221464,401,480
189072,402,483
22016,405,487
193741,408,503
105605,410,489
16894,413,499
152163,414,492
22017,417,486
95894,417,490
163515,423,488
249501,425,500
152162,427,488
187921,427,492
10399,429,494
328579,430,491
128958,430,500
350981,434,496
114811,437,500
274841,442,509
182965,467,601
255422,525,588
98035,529,601
115353,546,619
146916,555,616
159048,586,635
303319,588,640
102237,589,679
339270,590,674
125455,602,676
388042,604,674
282359,672,766
129561,674,760
314573,674,763
393788,682,769
404411,684,785
3,687,766
16875,688,774
16876,689,786
342448,691,762
100249,693,772
337,693,783
398335,694,761
114200,694,785
408197,718,780
81929,719,785
28190,721,782
12397,721,784
167527,722,776
317517,723,780
403264,723,786
273284,724,775
235579,757,825
257860,757,836
343153,796,860
301609,829,900
10152,829,914
65730,833,894
312892,851,941
253770,870,935
58949,871,946
285711,874,949
346499,875,940
105373,875,965
146915,881,960
91653,894,960
150542,894,967
191411,894,980
401773,910,974
86190,917,981
237426,918,979
270173,918,983
191263,924,1006
74312,937,997
220366,940,998
308027,1095,1160
371082,1098,1160
239683,1098,1162
381243,1102,1164
46389,1104,1168
321448,1113,1161
123830,1128,1192
177052,1202,1261
253728,1222,1304
137071,1267,1339
144906,1274,1355
155092,1275,1339
347686,1277,1359
339271,1283,1360
5235,1290,1354
54558,1293,1356
347687,1299,1358
381912,1441,1555
219341,1443,1551
88010,1457,1556
79860,1468,1563
79539,1472,1565
106317,1473,1560
207228,1474,1571
129300,1476,1562
88009,1476,1565
30593,1480,1558
218070,1483,1560
46390,1483,1570
384130,1484,1566
129912,1485,1547
235006,1486,1548
390298,1487,1550
402942,1489,1550
71293,1490,1565
105569,1490,1573
176388,1525,1586
79476,1581,1664
280110,1590,1670
16877,1595,1649
271310,1603,1678
57412,1604,1672
186947,1604,1699
248914,1605,1681
266148,1612,1675
168524,1613,1668
42527,1613,1672
195149,1617,1663
14214,1617,1670
176938,1619,1678
268911,1622,1675
106289,1632,1693
154810,1636,1696
362221,1637,1698
278328,1637,1705
139036,1647,1709
34297,1817,1880
347685,1910,1965
308485,2200,2276
188662,2355,2400
27581,2358,2402
85927,2358,2445
163324,2359,2428
168244,2359,2432
2334,2360,2410
358104,2360,2415
163322,2363,2428
149901,2364,2424
49786,2364,2427
24169,2364,2437
235007,2372,2445
90669,2373,2430
22271,2385,2448
133267,2409,2473
404432,2507,2591
100543,2802,2881
251979,2803,2878
357265,2805,2866
78297,2811,2881
164828,2811,2887
344839,2815,2876
196656,2834,2896
326420,2840,2905
313439,2918,2990
105530,2929,3000
61091,2933,2998
90670,2933,3008
86333,2934,3003
107222,2941,3012
368165,2944,3006
368568,2945,3015
39984,2960,3015
22298,3113,3205
159175,3114,3185
386839,3117,3178
358267,3118,3179
344353,3121,3188
42465,3123,3196
229361,3123,3215
127266,3124,3199
22297,3125,3229
17105,3126,3180
253727,3126,3190
394351,3126,3221
229362,3127,3215
69712,3129,3183
258741,3129,3194
267046,3130,3197
384680,3132,3194
34296,3135,3218
37054,3136,3198
6888,3136,3222
87451,3136,3226
87450,3140,3234
50270,3141,3212
308935,3147,3212
8614,3151,3234
23393,3157,3211
293663,3158,3215
9497,3158,3233
8613,3159,3228
37883,3167,3232
394350,3169,3234
31538,3171,3232
309894,3176,3234
248915,3330,3391
246178,3330,3393
6092,3344,3408
293879,3344,3412
71603,3345,3404
328756,3346,3400
66437,3346,3408
33475,3350,3416
132259,3353,3425
195331,3359,3425
130231,3361,3441
139290,3362,3410
21338,3370,3455
156533,3374,3443
300011,3376,3441
102238,3382,3451
274211,3388,3462
138281,3391,3452
18772,3398,3479
57078,3478,3566
316710,3486,3574
133416,3495,3576
33223,3515,3569
161394,3516,3573
323038,3516,3578
42891,3525,3579
117970,3531,3578
354008,3532,3579
201137,3731,3817
230034,3733,3819
43235,3754,3814
308026,3899,3973
126771,3906,3969
361132,3906,3972
163323,3914,3964
302669,3914,3975
180531,4851,4904
43236,4875,4955
73990,4985,5058
95826,5198,5286
311654,5199,5262
332771,5200,5243
7309,5200,5254
85752,5205,5258
303333,5213,5275
220231,5229,5290
2319,5230,5289
