338757,269,394
72575,271,397
485,272,335
339967,273,401
340514,280,400
307795,281,394
4497,296,401
275772,309,364
246293,342,400
248623,437,507
38374,437,511
152815,437,514
171600,448,514
313891,475,519
130882,569,659
73944,570,654
213316,572,642
119759,631,715
292932,705,754
39600,834,930
36976,835,884
374776,835,894
387190,835,912
83409,836,889
44490,836,902
11363,836,921
41375,838,882
4007,849,923
3841,851,919
24376,854,920
36245,854,923
24502,859,917
37296,862,914
328238,869,978
217178,910,998
192762,921,996
214740,928,997
275104,929,1005
147655,930,992
56002,936,1004
176466,940,992
282445,944,1004
58909,1062,1115
31160,1062,1118
122939,1064,1118
47305,1127,1192
256423,1139,1220
381602,1142,1199
214745,1150,1198
203553,1176,1236
293371,1190,1261
279240,1191,1276
37219,1192,1258
277244,1195,1257
344425,1195,1263
96991,1448,1511
166224,1471,1514
136586,1632,1701
401058,1634,1696
57233,1634,1698
42800,1634,1704
81758,1634,1707
83408,1634,1719
171539,1634,1730
90578,1635,1702
293848,1639,1701
191409,1662,1773
101373,1683,1775
408645,1685,1758
304297,1697,1776
56003,1703,1778
303774,1724,1774
248907,1724,1786
160936,1724,1790
171433,1724,1794
147654,1725,1801
175192,1727,1790
165991,1729,1792
218319,1733,1798
302819,1733,1801
198274,1735,1798
12288,1760,1809
138357,2211,2289
111209,2212,2268
126671,2212,2293
291266,2216,2268
1969,2219,2297
370854,2955,3015
333598,3269,3332
85579,3271,3337
58910,3519,3603
79372,3551,3601
119650,3552,3656
93186,3558,3608
270419,3579,3636
739,3600,3656
56002,3601,3663
78538,3860,3913
14977,3860,3916
6697,4048,4098
380996,4221,4276
159117,4321,4376
20104,4482,4553
290944,4485,4551
21865,4490,4552
133786,4494,4549
300238,4544,4660
21047,4577,4631
43644,4577,4633
300237,4634,4760
134887,4889,4947
32871,5075,5135
330199,5075,5149
300236,5075,5162
134886,5075,5171
169484,5076,5138
225677,5078,5150
77084,5081,5172
139446,5083,5153
351072,5084,5150
131644,5096,5162
273268,5096,5173
122354,5102,5149
254082,5105,5166
69061,5311,5371
239375,5405,5463
223481,5455,5525
796,5618,5702
233282,5632,5690
202450,5635,5701
24968,5635,5704
379261,5636,5695
10187,5638,5703
124933,6187,6274
376687,6391,6494
376686,6398,6526
150305,6399,6504
10188,6402,6506
327341,6441,6536
43510,6467,6560
253094,6467,6575
395468,6483,6567
351309,6486,6528
152363,6488,6575
239376,6488,6582
362808,6490,6573
171703,6490,6576
220926,6490,6583
140354,6490,6598
155399,6490,6606
226787,6498,6580
214252,6502,6610
314700,6502,6624
59622,6505,6567
143080,6507,6592
82732,6508,6571
333932,6510,6574
336791,6512,6573
101168,6513,6575
17828,6514,6611
65863,6515,6585
60231,6529,6605
65013,6531,6582
198329,6531,6592
117229,6531,6603
1098,6532,6596
233056,6533,6612
120866,6534,6583
394421,6534,6597
173766,6534,6601
335050,6537,6603
27606,6539,6601
14070,6539,6612
235465,6543,6615
73815,6547,6613
138706,6561,6627
56003,6919,6982
214739,7002,7053
294023,7003,7078
