146669,115,180
208571,115,272
205692,115,277
86731,116,251
316825,125,254
284701,128,193
194689,129,313
51684,133,263
290985,137,262
253164,137,280
296874,138,266
243103,141,202
325480,142,217
8310,143,273
93806,143,279
224294,143,306
112895,146,227
46570,149,228
141091,149,236
129118,149,313
224295,150,278
234473,152,304
88197,153,225
43201,153,291
238007,153,311
227539,155,272
304499,156,241
66725,156,278
229883,157,329
58844,158,240
300504,158,247
341133,159,252
37502,160,228
158830,162,278
199668,163,225
341157,164,227
368039,166,235
212942,167,244
34428,167,273
341158,168,227
86732,168,283
143010,169,226
286558,169,240
405558,170,252
352,170,279
70248,171,231
158703,172,293
97085,173,256
94062,174,253
244579,174,280
51683,174,352
15714,174,369
249949,176,292
166580,178,278
18675,178,305
199502,178,312
199894,179,236
232379,180,228
60913,183,305
311584,183,320
366894,184,273
304312,185,252
194190,186,301
371377,186,334
273746,188,371
89813,190,252
12292,190,256
108297,190,315
7621,191,338
67449,192,253
81889,192,258
198567,192,374
50317,193,312
81888,194,258
50092,194,279
353,195,272
217513,195,331
250167,196,239
286821,197,298
53476,198,292
376160,199,311
242,200,278
181373,200,336
190597,203,375
241736,204,280
48578,205,299
242,206,306
242,209,287
837,210,361
297595,211,368
303422,213,276
142400,213,292
242,213,327
267367,215,291
127267,216,298
267263,218,339
358281,221,309
242,223,312
837,223,340
45753,223,370
26795,224,323
53475,228,348
837,228,379
243229,229,321
51682,229,388
234472,232,374
721,237,371
192546,240,364
196509,245,336
80915,251,374
137688,258,380
233880,264,389
139734,269,381
8309,278,382
319145,282,409
8313,283,379
118349,283,424
325883,285,374
364123,286,402
196508,294,424
199501,296,402
186536,304,425
205691,316,436
253165,317,423
184495,335,460
8311,341,466
39980,341,470
284447,346,464
62980,348,461
51681,349,479
158702,353,455
93805,354,477
43202,359,465
1431,360,469
50090,361,474
120571,367,470
162515,367,474
243230,368,466
170321,370,469
177720,384,481
20805,408,468
321282,485,615
50091,488,572
286525,489,575
104869,489,609
95779,491,593
84265,493,613
170322,506,612
233819,517,612
267368,522,616
150121,526,592
33514,529,596
336499,539,609
51771,540,599
43457,542,609
102178,546,657
110019,556,613
125572,558,634
253811,574,660
59149,576,648
80517,578,642
72482,578,644
253810,578,667
3576,580,648
173506,583,642
389573,583,646
367514,583,667
359767,584,648
325482,586,677
37147,588,666
88931,589,659
12956,593,663
342005,597,659
183167,597,684
82349,598,651
140139,599,703
3746,601,679
8325,602,706
327247,605,680
189047,607,690
11733,607,695
205296,608,708
237843,611,680
243801,617,694
405509,619,685
28465,619,716
303856,620,691
164810,622,688
265331,622,692
127587,623,695
368049,628,693
208362,645,719
250517,647,741
221754,651,718
86740,716,839
160142,729,847
53562,730,833
194395,743,824
319146,743,844
283853,744,801
166579,744,834
320424,748,851
270809,749,848
201721,750,819
345550,750,858
238528,751,826
160141,756,880
100586,760,875
363786,766,833
225661,766,859
325481,766,876
65095,768,865
331303,770,876
368136,796,876
4855,797,868
12289,802,885
8538,807,877
60455,808,863
186557,811,877
109930,829,880
31092,833,921
62406,847,908
198568,859,961
142399,864,964
319241,868,944
266846,879,955
229884,879,963
39981,880,944
155335,882,952
101472,884,962
344861,891,963
18738,918,961
51772,919,981
81010,926,1024
87341,935,1017
308000,947,1021
29423,949,1027
212273,951,1031
153376,953,1033
28633,956,1068
228505,962,1082
151028,965,1063
405951,966,1049
375289,967,1025
271278,990,1073
304313,993,1074
394825,1000,1064
222630,1007,1084
257751,1010,1098
168953,1010,1117
222359,1015,1091
370125,1015,1097
259420,1015,1105
190231,1016,1085
120205,1022,1081
204529,1025,1086
325483,1026,1103
402111,1027,1087
42749,1027,1090
8312,1028,1099
53880,1029,1092
2642,1031,1093
118768,1031,1098
354,1033,1097
197735,1038,1100
208572,1038,1103
303181,1040,1117
99744,1041,1103
99743,1041,1121
249738,1042,1095
289254,1044,1105
22097,1044,1107
120107,1046,1113
259419,1047,1116
44239,1051,1112
271247,1263,1335
200940,1290,1353
96679,1296,1370
265330,1305,1367
225665,1307,1369
230303,1309,1364
129117,1309,1373
325884,1309,1380
105046,1313,1379
406250,1314,1373
50602,1314,1394
168952,1323,1385
39979,1348,1409
344861,1357,1420
46957,1358,1421
286526,1506,1570
286524,1506,1593
194394,1507,1577
342500,1507,1596
296875,1513,1614
379828,1523,1606
195656,1541,1606
142267,1541,1633
41407,1546,1604
75115,1547,1612
226357,1547,1615
314672,1548,1631
405508,1549,1622
6665,1552,1643
228369,1553,1631
314673,1557,1641
308384,1560,1609
342527,1560,1616
365291,1560,1640
289467,1560,1650
325728,1561,1628
12290,1563,1606
250518,1564,1652
32292,1565,1633
4854,1565,1658
381500,1569,1615
205297,1569,1628
379232,1569,1647
351461,1569,1659
189472,1570,1629
60862,1571,1632
171167,1571,1636
153362,1573,1615
376527,1579,1649
31090,1579,1680
142266,1583,1650
31091,1584,1689
276230,1586,1648
203137,1592,1653
313533,1592,1660
362386,1592,1664
145310,1595,1660
50601,1595,1669
332352,1595,1682
47175,1596,1647
291959,1597,1677
300988,1598,1659
296158,1610,1693
379231,1618,1689
367046,1618,1707
263868,1624,1689
261780,1627,1692
146002,1633,1696
228370,1638,1721
161368,1660,1722
112686,1665,1723
26756,1667,1722
109931,1668,1720
86739,1684,1784
100266,1793,1862
4263,1813,1881
350053,1849,1916
279980,1864,1948
117818,1871,1933
166409,1873,1934
136177,1873,1939
330263,1889,1951
311905,1889,1975
381173,1889,1980
182279,1891,1962
265521,1896,1976
38969,1926,1978
97140,1927,1979
145022,1927,2001
270824,1994,2095
12291,2032,2091
151027,2034,2121
354443,2187,2229
191920,2340,2403
63959,2341,2386
8307,2462,2561
211544,2465,2536
328031,2481,2570
320274,2486,2579
96678,2487,2542
287445,2491,2543
73942,2496,2571
195655,2507,2555
65863,2507,2563
261615,2507,2567
73941,2507,2576
230718,2507,2579
345866,2507,2592
285751,2507,2600
90860,2508,2560
67241,2508,2570
112894,2509,2633
18739,2510,2579
352758,2512,2585
7598,2513,2578
74532,2514,2577
293977,2517,2595
75087,2518,2636
8308,2519,2646
120106,2520,2571
307999,2521,2595
380839,2521,2631
158704,2522,2650
399730,2523,2592
149067,2523,2642
313808,2533,2590
129119,2533,2635
233771,2536,2594
3708,2550,2670
64345,2554,2616
94572,2560,2671
340723,2561,2616
73940,2561,2665
270823,2572,2638
4850,2572,2662
184496,2574,2663
320431,2602,2665
321283,2610,2666
53563,2615,2678
270808,2633,2696
