261909,88,157
28904,90,252
69009,95,160
333856,96,270
335394,99,238
8053,99,249
261373,102,255
255523,104,269
204844,105,178
18303,111,256
257865,113,175
336266,113,250
124720,115,178
76125,116,181
182488,118,210
206815,120,254
86082,125,225
335393,126,269
173214,128,255
26680,129,251
329429,133,263
218983,138,262
164331,139,251
229883,139,304
141539,141,221
65485,142,217
184588,143,220
42277,143,261
19428,145,226
274402,146,220
358424,149,213
367925,149,290
221950,150,211
172779,150,216
338208,152,223
66184,154,219
47996,155,308
113908,156,247
51342,157,213
393598,157,216
133198,157,218
339702,158,362
300174,159,215
319468,160,278
19122,161,260
406878,162,214
210943,162,230
48442,163,222
77410,165,280
8054,168,302
236757,170,290
261372,171,262
145320,174,301
195881,176,231
3845,176,289
337632,178,235
302774,179,252
118609,179,300
327836,179,321
271127,180,255
302773,181,234
282089,181,266
109853,183,258
242,183,279
837,185,347
211712,188,303
275214,188,358
31797,189,255
242,189,261
252217,189,264
282234,190,340
338171,193,335
372572,195,308
242,199,301
88181,207,328
218877,208,301
721,208,349
298857,210,332
193087,214,344
837,218,355
127259,219,337
19268,220,348
392491,224,349
266756,225,361
6854,234,361
59813,238,360
238460,242,361
295061,243,367
324553,245,360
193086,257,381
222124,260,361
2279,261,335
121573,269,414
218982,271,408
18139,279,428
255522,283,403
404421,302,403
118608,305,414
85973,309,458
141290,311,404
274372,316,468
118977,323,454
218981,323,459
303652,327,483
11094,331,455
181676,332,469
211483,333,459
141289,336,446
16861,338,433
1431,339,454
373510,340,463
404420,343,468
405826,348,467
333855,349,436
266755,352,472
3188,357,448
252216,358,457
48297,362,457
275215,365,479
255520,366,474
256008,368,439
26679,372,460
42106,372,477
214418,377,486
255521,377,491
236756,428,536
335392,480,610
305824,483,598
195901,487,610
211711,488,636
9993,495,605
19124,496,615
185156,497,630
86081,497,637
308235,499,602
314706,501,604
219482,503,612
46692,508,617
121744,509,630
7342,512,634
400180,513,582
157166,513,585
133718,514,605
363349,514,637
143452,517,578
10373,517,620
88180,517,627
204633,519,586
194196,521,604
239306,522,630
350357,532,630
345864,534,653
264457,539,629
272875,543,602
49014,546,629
126372,551,629
112104,556,601
70758,558,661
227372,562,646
3074,564,625
325785,564,654
361973,565,648
19902,576,641
42288,579,632
292985,579,663
173457,581,680
83731,587,630
399420,587,632
114437,587,635
375563,598,666
237392,605,654
366337,609,679
141722,673,750
264116,693,750
274664,694,763
176298,695,747
348471,695,750
388896,695,783
349164,696,760
36604,699,752
320543,700,779
404772,703,758
400526,704,763
75385,706,772
135696,706,797
342827,707,750
89586,707,760
18140,707,762
352778,708,771
21179,715,779
400181,717,784
386316,722,786
131466,723,797
49308,765,847
255098,952,1013
115466,952,1015
218921,952,1020
218920,952,1035
372269,955,1019
9691,1015,1093
380180,1042,1087
378871,1044,1112
45199,1047,1113
41725,1048,1126
353546,1053,1139
381475,1060,1144
239915,1067,1139
118820,1070,1135
270177,1070,1139
135458,1073,1138
295601,1074,1150
303651,1076,1180
28197,1077,1173
89587,1078,1143
133218,1080,1144
111903,1085,1150
117033,1086,1158
369740,1089,1166
387988,1091,1162
355042,1095,1156
117035,1096,1160
29050,1097,1158
403039,1098,1176
263815,1103,1175
16598,1106,1179
215425,1114,1176
117034,1131,1180
246885,1345,1428
374975,1349,1404
134402,1353,1409
106724,1353,1419
366338,1373,1446
128092,1530,1599
128603,1584,1640
42276,1586,1659
369362,1589,1686
262241,1596,1659
269935,1597,1686
254791,1598,1653
285614,1600,1684
373340,1619,1685
71180,1626,1686
320138,1771,1822
392490,1771,1854
57900,1773,1827
393687,1774,1830
16383,1774,1841
404771,1777,1839
228792,1777,1863
202789,1778,1847
59620,1783,1868
77618,1784,1852
392492,1787,1849
401045,1787,1864
59812,1788,1848
111213,1790,1848
309463,1790,1858
326605,1803,1879
342399,1804,1846
303653,1861,1975
303650,1873,1936
323035,1881,1949
208211,1902,1963
167424,1902,1968
41723,1906,1983
364286,1909,1989
21939,2048,2095
108662,2048,2118
355099,2049,2115
310435,2049,2120
274663,2052,2124
158286,2053,2120
8930,2059,2120
54229,2059,2130
210378,2059,2147
380023,2065,2129
152189,2071,2126
261910,2071,2141
298440,2094,2140
128902,2148,2206
53850,2148,2210
18138,2149,2212
6305,2150,2204
246869,2150,2210
191386,2167,2222
60733,2210,2323
223931,2214,2281
145607,2251,2354
201106,2270,2358
241415,2270,2363
16386,2272,2359
71180,2275,2353
365329,2282,2355
85323,2288,2353
224226,2288,2359
261911,2289,2354
201408,2289,2361
274494,2294,2402
115497,2298,2354
365330,2301,2376
16385,2304,2354
82565,2312,2375
154983,2322,2374
19123,2323,2373
231705,2330,2397
119706,2338,2402
342826,2340,2401
249642,2340,2405
308851,2366,2420
209366,2367,2419
46958,2372,2444
316962,2435,2536
301617,2436,2496
366336,2438,2502
24954,2447,2497
13116,2476,2538
387309,2487,2536
305825,2530,2617
140388,2682,2741
946,2684,2732
340196,2684,2737
947,2684,2745
219320,2686,2773
183258,2690,2747
400527,2693,2764
274403,2693,2768
19927,2707,2789
53927,2715,2787
26572,2729,2780
230903,2734,2798
141178,2735,2807
275136,2746,2807
41724,2746,2821
335395,2748,2838
181763,2749,2823
201105,2749,2852
378521,2750,2835
52222,2756,2816
41722,2756,2824
214002,2766,2835
88485,2774,2838
394878,2775,2822
210349,2775,2843
7687,2776,2838
29749,2779,2852
227697,2781,2850
14615,2781,2855
32755,2781,2885
160480,2782,2832
69008,2786,2847
393845,2786,2855
403925,2787,2853
301028,2788,2851
284087,2788,2875
53482,2789,2849
278854,2789,2855
326606,2791,2879
25862,2793,2858
100395,2793,2865
69476,2794,2849
274371,2794,2855
266787,2794,2888
259486,2798,2875
178472,2800,2861
249575,2800,2886
48093,2802,2872
299777,2803,2861
92582,2803,2874
92583,2803,2881
45333,2803,2884
144611,2806,2860
366536,2807,2861
164343,2808,2879
168505,2808,2882
202713,2808,2887
56059,2808,2892
239919,2810,2861
130195,2810,2877
379206,2812,2886
81231,2814,2875
316963,2815,2880
321673,2815,2901
93401,2816,2878
74963,2817,2922
22277,2818,2881
37213,2819,2876
69476,2819,2879
379207,2819,2902
42483,2820,2883
106374,2825,2881
294688,2826,2896
194212,2829,2902
42457,2830,2892
386285,2835,2886
51826,2835,2903
14319,2840,2911
214452,2842,2912
133388,2844,2907
19270,2845,2925
183259,2846,2904
336655,2846,2911
335391,2848,2926
377790,2854,2903
11688,2855,2907
263375,2856,2917
228645,3026,3099
174035,3047,3094
22278,3048,3093
388772,3050,3092
345756,3051,3103
310756,3058,3137
342825,3060,3126
342768,3062,3125
54040,3067,3140
198724,3067,3148
283118,3070,3134
162262,3084,3142
269825,3215,3278
97247,3418,3486
310334,3418,3507
87726,3423,3480
18747,3425,3501
162332,3426,3482
5194,3426,3487
66532,3432,3481
236754,3438,3481
46956,3449,3532
123081,3450,3517
312413,3538,3644
322916,3542,3607
356129,3544,3649
234410,3550,3654
154136,3554,3608
55042,3557,3646
180452,3560,3622
12383,3560,3626
53256,3560,3640
88187,3560,3644
107429,3563,3617
235626,3563,3640
60734,3572,3659
229884,3580,3664
196464,3593,3662
46957,3596,3668
398225,3676,3731
394066,3680,3740
140659,3730,3793
338172,3739,3794
321974,3883,3970
209365,3887,3969
354022,3897,3968
378117,3905,3968
95869,4207,4261
214001,4208,4304
19269,4208,4314
245708,4208,4329
219483,4212,4327
173992,4218,4304
214453,4220,4301
189179,4222,4291
71914,4223,4286
215424,4224,4300
140660,4225,4286
331085,4226,4301
38918,4227,4282
329330,4227,4286
92211,4227,4296
385287,4227,4304
72442,4228,4299
236755,4230,4300
128016,4233,4284
51634,4233,4297
20301,4233,4300
336353,4233,4304
219484,4233,4327
328677,4235,4299
391540,4237,4303
397616,4240,4286
264278,4244,4312
1688,4247,4339
268424,4253,4341
222123,4309,4370
