23163,83,133
43516,84,139
303661,84,241
246246,84,246
90073,84,259
3678,85,146
408700,85,275
196738,92,153
43268,94,271
22494,95,239
342110,99,241
328763,100,256
194689,100,276
133129,108,224
91720,112,266
285797,113,203
174997,114,225
64430,116,200
173223,119,244
144023,127,222
202912,130,212
275738,132,275
405771,133,197
49275,133,207
400242,133,242
200163,134,199
52144,135,304
154041,136,199
25269,136,219
360840,136,246
114942,136,279
175977,143,200
46499,143,210
26322,143,286
258137,148,281
44167,149,208
288263,149,211
350825,150,215
387595,151,202
40567,159,278
22493,160,282
50771,160,316
3845,163,276
173208,164,294
67656,166,271
242,171,289
242,172,256
54012,174,272
275214,176,337
45202,177,324
138603,178,242
120570,178,290
242,180,246
4951,181,269
10754,182,262
242,183,271
837,184,332
35970,185,327
182013,190,252
837,193,311
13781,193,334
114940,194,323
229241,199,328
4219,202,289
180075,207,312
19587,208,330
338557,216,392
386350,219,332
347530,220,345
173906,225,331
215733,225,358
271167,228,398
316323,230,364
373663,235,390
277198,236,331
27506,238,356
360841,241,354
3178,245,312
383373,252,331
18733,252,386
275739,254,335
257951,257,386
708,258,331
253668,263,423
258138,278,395
288317,292,444
333538,298,419
386351,303,390
399626,307,436
90353,308,423
26490,310,431
67657,311,444
159332,315,446
316212,316,381
265801,321,436
1431,322,433
107113,324,455
120571,326,446
9838,328,444
79345,330,457
52145,339,455
373662,341,473
328762,342,440
4527,342,446
48888,343,433
173224,344,444
263389,348,443
275215,348,477
344612,351,432
391257,354,398
114941,356,418
173207,356,478
325647,359,445
293014,359,472
104458,360,464
52146,361,480
63387,365,485
263388,368,464
373661,368,489
243613,375,439
234652,390,469
161240,392,505
80377,393,475
9481,396,470
128015,399,471
161239,403,484
267818,420,481
347508,423,492
400562,427,491
234050,438,505
298167,448,489
322478,453,532
38065,481,553
405772,592,633
280812,596,645
249304,773,850
249305,773,855
77463,783,840
39514,784,839
205421,810,871
231745,845,914
105658,848,934
293834,851,942
322408,869,927
353287,876,929
318010,949,1027
376885,971,1026
312370,972,1031
161580,973,1024
228731,973,1026
132410,973,1056
47849,979,1029
123206,980,1059
385294,982,1034
311392,982,1058
154891,983,1052
74922,983,1071
180430,987,1049
195707,997,1053
221897,1004,1072
316213,1007,1069
61459,1007,1071
19096,1009,1085
28054,1010,1087
113974,1019,1083
161600,1021,1076
61038,1021,1082
189401,1021,1084
355876,1021,1089
350521,1022,1098
212913,1023,1087
242589,1023,1090
181768,1025,1099
79638,1027,1098
9659,1029,1083
12619,1030,1099
200162,1031,1097
285698,1036,1102
42769,1176,1257
207993,1176,1265
291302,1178,1250
271168,1178,1263
280620,1208,1270
245195,1230,1333
366111,1237,1279
310489,1237,1325
389197,1240,1302
9098,1247,1337
112556,1254,1328
397150,1257,1336
28053,1260,1333
294172,1266,1332
245194,1272,1332
179634,1275,1339
329850,1287,1340
156934,1389,1430
132411,1433,1507
300101,1436,1499
342240,1438,1499
367631,1460,1554
29038,1470,1577
313147,1477,1566
59937,1481,1565
267819,1487,1560
69225,1511,1569
176637,1513,1570
222850,1513,1582
250083,1517,1558
279192,1529,1580
279128,1529,1609
319529,1530,1576
398328,1530,1581
403177,1531,1586
64897,1532,1583
13016,1536,1594
389490,1540,1606
255241,1543,1589
367946,1558,1615
41831,1578,1646
293015,1587,1650
136686,1587,1666
322900,1588,1649
406560,1594,1668
125861,1603,1667
48521,1604,1668
185357,1605,1675
190539,1612,1675
32649,1612,1683
51471,1613,1679
244302,1615,1681
357659,1618,1668
311753,1618,1671
209915,1626,1690
192888,1667,1709
398736,1671,1738
242299,2034,2087
232101,2034,2127
166107,2034,2132
18741,2034,2146
110425,2045,2139
166106,2053,2150
29534,2059,2150
