85582,82,148
52069,83,145
311347,146,243
90073,164,326
271264,170,251
160098,172,271
121077,173,237
68565,174,236
400850,177,294
273111,183,309
38989,184,312
296933,187,248
79298,190,300
254348,190,312
29364,190,337
406191,191,250
284600,191,318
79630,193,310
118525,194,293
215692,195,240
405844,197,308
319123,198,281
387002,199,333
291823,200,321
369328,202,336
222336,210,304
25730,210,329
308438,211,336
300820,211,340
172728,212,313
356140,212,333
38990,215,336
264399,217,325
318784,221,319
3763,222,330
405845,222,335
83751,228,294
46226,229,297
259093,230,349
5167,231,284
367607,231,311
256412,237,374
116198,239,339
27841,246,344
2998,249,325
65456,251,359
3845,252,345
7442,253,317
311297,253,328
89870,254,396
57920,255,392
4951,256,337
242,257,318
311298,258,336
242,258,354
387003,258,363
73271,259,332
242,260,334
837,260,374
267263,266,367
194229,268,415
15270,280,358
4219,282,354
193087,282,399
86618,282,415
193165,283,381
65458,285,427
392010,286,406
394072,288,409
6598,292,354
33463,293,406
89996,297,420
215733,299,418
54770,299,436
388051,307,433
185140,313,423
116199,313,455
163932,316,445
193086,317,421
175474,317,457
51758,318,439
373164,319,436
171072,320,450
166098,320,455
331611,325,443
366810,326,420
185139,330,450
344413,331,459
278552,334,454
25731,335,463
186536,337,447
322132,337,461
44964,340,411
92035,340,445
172729,342,437
38991,342,458
254349,348,462
80161,350,449
72644,351,455
100019,352,414
79299,352,430
2583,353,408
65457,357,436
44965,359,460
54769,363,458
1526,366,442
319036,366,458
105460,367,487
366811,374,457
79300,381,457
369329,383,459
311299,395,458
304550,416,482
323895,519,575
291752,688,759
277952,692,758
73676,693,757
267424,710,771
115558,711,760
185138,713,766
150565,715,759
110650,718,760
269916,739,795
52187,739,802
87440,741,802
68460,780,827
145492,786,863
396267,800,886
27842,805,886
179414,808,887
9585,809,881
238760,816,885
284583,819,879
57485,820,886
2042,1004,1071
204187,1007,1058
291836,1013,1074
108720,1017,1078
243445,1039,1108
312189,1314,1407
118071,1420,1475
202454,1462,1537
73674,1721,1839
389753,1727,1789
222445,1727,1839
351694,1739,1836
19012,1740,1791
365907,1740,1814
148673,1743,1811
392011,1746,1828
167220,1747,1816
366182,1747,1850
237392,1751,1793
73675,1753,1851
222446,1761,1848
367913,1793,1888
406402,1800,1850
331105,1807,1875
283329,1833,1909
184968,1909,1992
365908,1910,2007
319037,1914,2000
243127,1918,2011
323894,1919,1996
251797,1924,1978
312190,1943,2019
38889,1974,2044
37787,2288,2351
288384,2294,2354
380465,2299,2356
64356,2417,2485
237278,2424,2498
250296,2429,2507
407836,2430,2502
79653,2435,2504
119856,2435,2516
394252,2441,2506
88507,2441,2517
402020,2444,2498
28315,2445,2506
371060,2446,2512
16244,2447,2515
262369,2450,2514
24551,2453,2518
234847,2464,2527
280870,2468,2516
261084,2469,2541
293993,2476,2533
86719,2476,2557
19731,2483,2530
79418,2492,2566
114557,2496,2568
114558,2499,2610
129061,2504,2568
393900,2517,2603
182764,2538,2633
134850,2542,2615
277953,2545,2633
248424,2553,2622
148876,2568,2630
23737,2592,2634
294691,2748,2815
2554,2928,2998
51434,2934,2997
270084,3090,3156
350334,3562,3640
357033,3566,3629
260897,3589,3653
238158,3766,3828
52188,3772,3833
242616,3774,3837
116538,3775,3836
183162,3775,3840
279262,3779,3854
57484,3780,3847
151714,3782,3855
53427,3782,3866
130862,3784,3871
57483,3789,3864
260209,3798,3859
327170,3801,3866
168083,3802,3868
6036,3805,3867
175497,3805,3870
367215,3805,3884
13737,3807,3868
259788,3831,3884
1925,3983,4068
130495,3984,4058
26290,4006,4089
270227,4007,4074
291481,4014,4089
295421,4022,4085
400741,4023,4087
354648,4156,4245
324919,4165,4252
154141,4174,4237
83796,4174,4246
225152,4176,4260
219266,4179,4240
167219,4179,4259
51013,4181,4239
4714,4185,4252
253918,4390,4451
365905,4405,4499
365906,4405,4514
79297,4439,4506
38888,4440,4504
233454,4689,4750
324397,4690,4751
345424,4692,4753
225151,4788,4847
44966,5071,5133
242985,5146,5207
158924,5146,5218
110663,5156,5220
79296,5186,5252
148815,5191,5248
402653,5191,5280
291109,5223,5287
125932,5228,5289
346789,5353,5420
131183,5357,5424
201600,5474,5562
202660,5489,5565
12307,5494,5554
180578,5496,5561
375976,5497,5564
258742,5501,5559
127434,5502,5549
238992,5502,5576
292785,5504,5557
8057,5506,5561
226580,5507,5570
112877,5510,5563
227821,5511,5564
184967,5995,6093
11120,6002,6077
160386,6015,6085
21019,6016,6080
201601,6016,6096
31790,6017,6084
341517,6022,6086
225153,6066,6176
367216,6069,6169
52186,6086,6197
365907,6094,6174
207873,6096,6178
163464,6097,6171
79295,6098,6181
337686,6481,6546
101405,6482,6549
345120,6492,6555
51757,6499,6576
47539,6502,6579
218713,6504,6570
270734,6509,6580
337584,6514,6579
136941,6519,6581
365905,6565,6671
365906,6569,6685
225639,6612,6686
342375,6654,6717
106397,6659,6720
406477,6660,6717
7441,6662,6730
130863,6668,6727
339503,6909,6976
327638,6926,6987
26475,6995,7084
246820,6999,7073
75321,7041,7102
7563,7138,7181
377599,7138,7190
384580,7138,7195
407754,7140,7204
357509,7141,7220
377600,7143,7216
217907,7249,7297
44963,7256,7310
123865,7264,7319
107636,7268,7333
77579,7270,7317
97367,7286,7352
214556,7302,7364
405636,7309,7365
61932,7336,7391
235816,7843,7913
250295,8194,8262
64492,8203,8280
365908,8203,8297
111775,8217,8263
304595,8264,8305
149615,8267,8330
277951,8585,8660
96950,8589,8661
226495,8598,8660
94932,8601,8662
94933,8606,8664
51357,8606,8667
375302,8614,8669
154101,8744,8825
47215,8881,8941
31789,9052,9117
399957,9556,9615
104024,9556,9624
60943,9558,9622
351328,9559,9619
364038,9567,9628
