41715,116,178
181120,116,248
187130,118,203
335879,118,208
58242,120,247
107752,121,252
318616,122,186
328549,122,217
113749,127,211
37320,128,235
137499,135,267
130986,137,240
145486,138,196
328548,140,247
224960,145,206
279550,145,249
31359,146,211
312740,146,214
299838,147,203
153556,147,208
59739,147,246
259264,148,204
191872,150,213
403247,156,255
316432,156,266
185857,157,291
224972,159,242
137766,161,244
110782,161,288
224959,178,337
21791,189,328
333948,190,338
118944,191,306
77661,195,278
165821,195,320
290359,197,328
40582,201,268
276606,202,328
196547,203,299
148523,203,313
188155,206,338
227022,209,272
176871,211,299
122508,215,329
10485,217,272
121222,217,327
308795,219,316
54207,219,338
182210,220,283
263431,222,271
5966,223,309
203317,223,343
250637,225,323
336055,227,291
17652,227,339
1007,228,323
1034,228,326
308112,229,312
130987,230,282
291305,230,289
23206,230,322
162931,238,320
140597,238,344
6664,251,354
199479,252,364
206016,270,331
177285,276,338
267595,303,417
203290,330,447
213351,338,441
401549,343,416
227304,345,453
10373,348,459
250636,348,469
59014,348,494
13852,349,414
276405,349,430
165024,349,453
262113,349,479
148475,349,502
8802,351,444
163650,351,536
343337,352,414
5733,352,455
34274,352,467
47576,352,477
378350,354,496
86853,356,487
333947,356,503
72090,357,427
312350,361,536
56675,362,486
95325,364,503
144068,366,487
182200,375,493
252421,376,460
203680,376,481
242627,377,485
1308,378,464
1309,382,464
312598,382,552
148522,384,445
147367,384,524
402319,389,457
148474,390,507
197917,392,501
165023,393,484
3933,393,490
137110,394,565
65657,397,494
152073,397,516
374262,398,488
233035,400,476
6665,400,492
285254,400,506
14103,403,490
401550,413,505
342988,418,467
378917,418,475
22879,421,487
121171,421,508
311814,422,484
293921,422,486
18669,423,477
205872,423,498
183548,423,518
50683,424,483
238844,425,489
200959,427,488
150085,427,497
206028,427,501
37223,427,510
267724,427,531
395522,428,520
5732,434,557
246549,438,502
147368,438,581
186166,442,509
252224,443,504
125394,445,509
235895,446,507
62319,449,554
42042,450,514
364684,450,551
62318,451,517
364685,455,581
385689,456,517
29179,456,526
31082,476,545
187128,515,598
275599,518,589
272096,519,584
227303,521,659
68663,539,583
187129,548,668
312351,579,668
242330,587,668
41714,597,668
74116,600,665
1190,612,668
356361,614,666
97332,614,668
56956,618,667
184105,697,786
110600,699,785
179957,699,789
178339,704,799
80614,714,775
242626,793,897
183653,801,878
191857,810,877
104543,816,890
30553,891,958
101315,901,959
98541,902,972
164427,902,979
15429,907,987
235893,940,1032
186488,945,1032
301079,945,1056
33797,961,1091
6666,985,1095
59755,1022,1091
222826,1030,1098
88775,1031,1087
134302,1032,1108
389094,1048,1109
25734,1175,1236
397158,1179,1256
191304,1186,1239
190628,1188,1285
360734,1194,1245
193515,1195,1265
131109,1196,1257
307518,1197,1259
51122,1199,1266
109379,1199,1290
11234,1199,1301
190627,1199,1311
317361,1201,1292
11233,1201,1322
353119,1257,1304
206029,1504,1611
330209,1551,1615
211685,1575,1636
54125,1576,1658
81509,1674,1782
148581,1680,1746
28691,1683,1727
23555,1685,1746
260757,1687,1791
402710,1688,1761
48527,1691,1753
225499,1691,1761
234235,1693,1773
50457,1694,1764
336118,1704,1774
336117,1704,1793
253232,1711,1772
234696,1713,1795
82744,1715,1790
391041,1716,1788
94617,1717,1814
234241,1719,1792
218190,1720,1795
321365,1721,1801
350756,1727,1779
14878,1727,1793
50682,1728,1796
101011,1730,1794
354155,1733,1785
32203,1733,1790
395393,1733,1813
218420,1735,1786
218189,1735,1800
52085,1736,1788
22878,1737,1811
153427,1741,1786
111489,1741,1794
34273,1741,1807
111693,1743,1797
57639,1747,1795
33796,1748,1821
12027,1749,1793
366429,1749,1812
12901,1749,1817
356210,1750,1811
360884,1752,1816
401472,1915,1994
185858,1934,1996
196655,1936,2001
276607,1982,2092
388685,1992,2061
563,2013,2077
66748,2038,2125
13056,2045,2133
372256,2057,2130
15428,2066,2115
315369,2066,2134
182296,2068,2130
252986,2070,2133
93079,2071,2124
252987,2072,2130
78180,2088,2130
326156,2308,2413
332187,2318,2403
72089,2319,2391
71178,2322,2387
54880,2322,2393
306799,2331,2395
221974,2331,2402
61118,2333,2395
10988,2335,2398
257496,2335,2400
31083,2336,2401
89902,2336,2412
5142,2337,2416
119178,2337,2419
117502,2338,2413
279370,2341,2403
129958,2343,2403
60096,2343,2414
66100,2346,2417
54126,2352,2413
85453,2357,2421
140988,2358,2419
362562,2359,2422
269687,2360,2425
303181,2360,2428
134301,2360,2434
120866,2361,2423
32065,2362,2431
30914,2364,2448
18040,2365,2446
119294,2366,2429
269686,2367,2475
375108,2369,2444
201146,2370,2431
318506,2372,2434
208699,2423,2508
395523,2424,2536
36665,2425,2485
55691,2433,2496
21303,2436,2492
21302,2437,2491
235894,2455,2517
354979,2469,2533
143577,2535,2599
176203,2535,2613
93080,2536,2616
178820,2555,2617
217206,2556,2623
145519,2572,2623
126877,2577,2623
290360,2696,2777
290361,2696,2785
192388,2703,2773
35640,2709,2751
209034,2717,2771
378109,2730,2787
7118,2760,2824
201430,2762,2840
104542,2775,2840
343282,2874,2972
130183,2900,3005
262063,2903,2972
216921,2908,3005
312323,2910,2981
292853,2910,3003
106406,2913,2998
350755,2914,3005
388686,2923,3004
191366,2924,3001
258956,3083,3164
187179,3228,3315
317870,3400,3485
323612,3405,3485
310078,3687,3804
208698,3707,3781
71212,3716,3781
212117,3734,3822
100820,3752,3850
148524,3759,3854
16467,3766,3853
113820,3768,3871
4665,3769,3856
100819,3771,3860
166255,3780,3849
242625,3782,3860
138246,3784,3850
303964,3785,3876
359440,3786,3868
187571,3787,3848
184464,3787,3858
246258,3790,3861
88625,3790,3872
218188,3791,3859
303965,3792,3882
406503,3795,3878
253233,3800,3882
214005,3801,3855
49639,3803,3859
357169,3804,3865
330218,3806,3875
11035,3811,3878
148580,3816,3915
15550,3823,3882
271475,3823,3887
389095,3828,3892
223354,3829,3876
255,3829,3878
81273,3830,3887
267723,3830,3893
310078,3921,4038
69995,3956,4041
377213,3960,4022
225498,4137,4180
144850,4137,4202
374261,4137,4214
282844,4138,4208
156165,4180,4240
248388,4282,4380
271991,4308,4380
248387,4315,4381
18434,4519,4604
318617,4521,4607
32588,4524,4607
123280,4541,4603
373212,4545,4606
157117,4546,4607
331654,4559,4601
