33341,94,218
57007,97,155
7309,99,169
194994,100,148
235636,101,162
57878,101,233
197926,102,199
290359,104,216
220022,108,174
89860,108,226
261005,112,225
171832,114,228
296655,114,232
370342,116,217
367034,116,230
349518,119,233
261207,122,228
227641,125,217
331229,129,205
272170,133,184
119,133,232
1007,135,209
351347,135,214
278691,136,199
127154,137,200
62982,137,230
12166,141,233
80553,143,232
46244,144,204
241269,144,218
205677,152,216
292265,158,232
224592,159,227
162876,266,332
485,266,335
199601,267,328
82056,267,330
197925,275,362
206850,280,340
71130,283,341
337444,284,356
108813,284,359
237152,292,369
249110,297,365
186006,311,372
88270,316,373
298234,328,373
24698,398,458
400796,398,506
336708,399,494
374004,401,446
237153,401,477
122099,402,460
202555,402,482
153369,405,505
341919,411,500
97792,412,482
8213,412,496
349953,413,506
94552,419,503
386214,430,505
184519,442,504
56068,569,674
371051,577,638
15207,578,644
240482,608,670
29837,612,673
53667,612,676
394754,1007,1072
115807,1013,1075
59073,1102,1159
230267,1310,1360
97791,1477,1534
85338,1477,1548
278690,1477,1556
401784,1478,1535
119024,1478,1537
74428,1478,1545
311796,1478,1550
109079,1567,1628
398535,1570,1657
254798,1585,1646
245955,1586,1635
235290,1592,1662
8155,1594,1649
373569,1598,1671
125940,1630,1727
284710,1643,1726
163985,1648,1719
279219,1649,1710
346338,1652,1741
372092,1653,1739
373314,1659,1717
259888,1661,1725
19372,1670,1727
213851,1671,1738
169899,1674,1725
376974,1675,1724
85407,1883,1939
374173,1884,1928
62177,2180,2221
188349,2280,2372
122098,2283,2357
12204,2283,2363
82085,2292,2358
200843,2294,2356
359604,2353,2414
301301,2371,2452
182764,2376,2463
1571,2383,2463
334169,2390,2462
177286,2392,2455
300602,2400,2455
140627,2503,2555
401939,2561,2619
312770,2561,2651
305453,2566,2631
308493,2580,2644
389267,2581,2643
387664,2582,2645
274096,2591,2647
259889,2592,2664
343242,2593,2638
149749,2601,2718
163682,2641,2704
223772,2648,2727
371627,2663,2724
103077,2667,2719
103400,2672,2735
267462,2673,2737
67568,2676,2738
224113,2680,2742
105778,2686,2738
49887,2689,2751
310701,3057,3150
383687,3068,3140
93502,3069,3151
103192,3070,3138
173724,3071,3150
276831,3080,3142
198481,3081,3153
30810,3084,3133
374174,3084,3136
110863,3086,3137
59101,3092,3148
68364,3092,3153
135481,3100,3160
337276,3127,3226
172348,3137,3204
50630,3169,3231
319867,3172,3221
86967,3178,3249
109139,3183,3252
125909,3184,3247
275976,3186,3253
269825,3197,3273
310022,3200,3278
103303,3202,3246
354480,3202,3270
325418,3204,3250
324974,3213,3272
154804,3223,3272
252480,3225,3275
245272,3248,3297
339000,3294,3355
331230,3294,3369
205870,3300,3355
302940,3302,3355
205246,3453,3503
278692,3715,3780
99813,3737,3812
130371,3745,3819
92902,3755,3819
51455,3756,3837
163158,3775,3822
150481,3775,3835
136212,3917,3968
325417,3938,3999
140588,3945,4018
183325,3948,4001
199620,3949,4024
52602,3953,4026
319884,3967,4025
250754,3968,4022
254781,3969,4026
79677,3971,4039
42247,3972,4036
336111,3973,4033
118717,3974,4036
98440,3975,4031
8300,4269,4358
160118,4275,4341
298884,4279,4327
207484,4281,4400
382318,4288,4353
194457,4326,4381
15434,4463,4531
277269,4484,4552
360065,4488,4545
327911,4490,4545
406554,4499,4565
388910,4516,4573
299430,4530,4594
299429,4531,4586
394874,4538,4659
347167,4590,4663
347459,4593,4648
63549,4830,4880
307510,4974,5039
314954,4981,5040
269256,4987,5034
2077,4989,5032
196079,5052,5122
224977,5078,5128
164317,5094,5157
405342,5096,5169
158255,5098,5159
16229,5142,5190
378864,5186,5247
45861,5191,5244
401059,5222,5271
317156,5241,5320
206870,5275,5331
88025,5291,5333
319883,5294,5347
227913,5362,5411
394118,5364,5414
140942,5364,5418
349918,5381,5442
206869,5393,5454
271657,5551,5618
394874,5654,5775
304101,5717,5783
382319,5722,5791
72322,5726,5792
229994,5733,5785
300379,5735,5795
350115,5736,5794
387574,6124,6171
377425,6374,6425
79721,6510,6568
88085,6515,6568
348945,6519,6571
92901,6532,6604
139745,6547,6611
122392,6547,6618
244640,6547,6631
337833,6549,6610
154805,6551,6596
33646,6583,6697
33647,6735,6836
335040,6737,6846
144135,6743,6806
91876,6743,6849
146010,6754,6859
83796,6758,6807
190759,6758,6847
308960,6758,6856
165279,6770,6821
223982,6773,6848
134088,6779,6858
147414,6780,6853
91607,6964,7013
317155,6965,7027
368615,6965,7031
190760,6967,7032
36967,6969,7035
317157,6970,7029
347165,6981,7043
374117,6983,7042
299878,6983,7044
258100,6999,7080
182764,7010,7093
45374,7012,7078
172268,7012,7087
1571,7017,7093
290528,7023,7084
180606,7028,7089
79877,7030,7084
172040,7033,7087
163159,7040,7094
383835,7051,7094
298233,7186,7238
325419,7326,7386
385907,7329,7399
294324,7336,7399
320828,7339,7399
360419,7644,7733
64766,7650,7724
359959,7654,7728
227528,7658,7724
233446,7660,7745
27849,7665,7725
111598,7666,7731
60056,7667,7713
1331,7668,7726
347716,7852,7920
277370,7878,7947
338999,7885,7940
151721,7894,7947
86388,8048,8118
24702,8049,8207
346336,8050,8126
166169,8055,8118
21683,8056,8114
13134,8056,8144
233701,8056,8199
22255,8062,8141
19733,8064,8124
13134,8065,8156
129946,8076,8202
379124,8096,8159
372929,8119,8180
225524,8119,8200
319948,8120,8246
94441,8123,8201
14527,8124,8204
401783,8130,8200
178288,8164,8232
62981,8176,8256
396861,8178,8258
275194,8206,8258
146725,8407,8501
334168,8431,8486
319949,8612,8706
223503,8641,8705
340588,8656,8706
89524,8658,8706
5901,8659,8705
5902,8660,8706
6131,8809,8893
237973,8924,8991
319947,8926,8974
273685,8927,9000
234475,8929,8979
305108,8931,8992
159503,8951,8994
228835,8955,9050
257884,8959,9048
143984,8960,9042
188348,8967,9093
268675,8968,9038
363383,8978,9071
284455,9025,9083
54472,9044,9151
56812,9059,9123
353635,9061,9160
139276,9067,9151
347166,9306,9367
187343,9313,9392
233546,9474,9525
144134,9489,9554
346991,9492,9553
111246,9681,9744
66226,9721,9798
81783,9728,9792
175326,9729,9793
134648,10194,10265
20581,10194,10272
13292,10194,10284
204409,10195,10269
277268,10198,10283
52603,10199,10278
297438,10200,10284
8299,10201,10277
60889,10202,10267
29512,10203,10280
156499,10214,10276
287261,10396,10458
42545,10396,10472
369615,10397,10461
236222,10397,10464
14528,10399,10475
205676,10414,10490
205675,10418,10493
319950,10423,10518
290360,10451,10551
290361,10457,10560
90615,10505,10566
137365,10506,10580
163610,10514,10580
157718,10682,10804
208294,10694,10808
233704,10699,10804
233445,10702,10784
14142,10703,10808
8182,10710,10808
65870,10712,10800
158689,10713,10785
74608,10725,10807
324642,10946,11008
29171,10963,11032
166166,10970,11033
33340,10977,11033
318297,11102,11206
317394,11106,11195
194993,11113,11177
80599,11114,11197
22831,11118,11188
130370,11121,11197
233703,11127,11184
166168,11127,11207
176743,11128,11191
50466,11128,11205
98091,11133,11196
346719,11138,11200
24697,11140,11206
346337,11290,11360
233702,11290,11373
13134,11290,11377
166170,11290,11385
166172,11290,11406
129312,11314,11421
327645,11319,11375
166171,11325,11453
318297,11326,11438
317393,11329,11426
80599,11333,11427
106835,11342,11408
22831,11343,11420
337336,11347,11413
383686,11348,11408
166167,11358,11452
50466,11359,11436
24697,11372,11440
330214,11517,11608
332630,11522,11612
332631,11523,11610
317513,11699,11750
254780,11748,11809
164316,11951,11996
14529,11982,12043
204515,11983,12045
276470,11984,12047
144133,11985,12043
136374,11985,12046
391687,11988,12044
226829,11989,12045
