54217,88,158
197515,88,181
343637,90,227
136519,97,194
74376,100,238
296484,101,164
355782,102,251
27353,103,193
223243,104,227
14766,115,233
66356,115,268
379705,120,254
399049,121,232
78394,127,259
235813,131,193
2251,132,234
3724,134,198
13852,136,193
44656,136,197
63513,137,258
112901,142,269
201038,182,277
66029,188,265
107790,193,260
275426,197,263
191298,230,273
153441,406,478
94552,406,481
12565,517,567
100972,522,567
159047,609,710
78443,612,701
251889,615,698
219083,615,712
19284,616,707
371244,620,710
222752,626,690
292217,626,712
159318,627,698
173976,628,684
391434,628,705
164168,628,709
70664,629,694
124185,629,701
305116,631,708
309136,642,712
395655,643,700
241211,652,702
26764,655,710
157062,656,704
275067,1043,1096
347884,1783,1869
138302,1786,1868
272877,1786,1873
272876,1786,1883
202018,1796,1849
231,1798,1854
54502,1799,1862
283639,1804,1858
331683,1812,1864
285759,1824,1887
323596,1828,1886
261777,1833,1886
226895,1834,1923
253238,1976,2083
186878,1987,2053
142859,1994,2078
344485,1996,2091
405975,1997,2070
221056,1997,2074
4458,1998,2080
129537,2010,2087
147012,2022,2087
134280,2024,2101
8695,2028,2087
344486,2032,2098
387053,2046,2110
352097,2061,2135
381439,2117,2205
1641,2134,2194
82524,2140,2196
281433,2200,2267
353264,2229,2318
392430,2230,2308
101918,2233,2295
381955,2233,2302
353263,2247,2299
408615,2359,2422
25206,2359,2439
34865,2360,2423
264894,2360,2434
343373,2370,2440
356773,2375,2438
187647,2375,2450
369616,2375,2486
221571,2380,2454
170988,2388,2458
157603,2397,2458
263957,2409,2452
79170,2425,2492
173398,2515,2567
355317,2660,2722
50701,3031,3086
112866,3034,3086
384739,3036,3111
53866,3048,3113
388606,3054,3155
31542,3060,3172
193207,3064,3140
187830,3064,3157
309135,3066,3139
160429,3069,3139
79169,3070,3150
54956,3070,3153
199238,3084,3172
259545,3086,3161
245278,3088,3185
142569,3092,3156
269833,3092,3209
261255,3094,3144
248808,3097,3158
170111,3115,3180
70149,3194,3259
359831,3414,3471
210968,3473,3535
135940,3475,3554
229452,3476,3529
91863,3477,3553
95320,3481,3538
212207,3481,3570
377001,3483,3542
159093,3483,3580
21223,3484,3569
18638,3487,3563
23479,3490,3546
302016,3490,3548
260900,3555,3607
50900,3555,3629
347205,3580,3659
308396,3646,3710
292380,3660,3722
36007,3729,3790
303989,3857,3948
15691,3857,3953
159317,3869,3932
308240,3871,3932
78738,3872,3947
41314,3873,3931
195146,3875,3958
48435,3876,3939
127642,3878,3947
12435,3881,3945
63751,3881,3947
292379,3882,3942
68122,3884,3930
135112,4001,4078
320905,4008,4070
118232,4016,4070
101662,4016,4077
140023,4016,4083
301864,4016,4098
22560,4021,4076
234445,4037,4111
6376,4055,4108
211341,4070,4122
202448,4089,4151
305115,4615,4672
180531,4624,4670
389125,4624,4678
80825,4992,5095
293968,5005,5091
170986,5009,5089
170987,5009,5093
229656,5009,5097
118233,5011,5075
170985,5012,5073
37517,5013,5083
171520,5020,5073
120684,5021,5084
61580,5033,5090
186879,5761,5841
320734,5761,5872
17510,6051,6159
385783,6082,6147
383204,6100,6159
352097,6230,6291
243972,6233,6284
142570,6545,6595
196067,6782,6848
140024,6782,6858
20299,6788,6858
332570,6794,6853
34629,6797,6853
161036,6798,6848
66592,6798,6865
321637,6799,6851
362392,6806,6871
60309,6806,6879
323836,6817,6878
259544,7230,7320
268669,7232,7295
86231,7238,7305
54144,7266,7328
77629,7389,7468
166201,7519,7584
373736,7684,7756
355899,7690,7755
361867,7698,7790
254323,7699,7797
400393,7701,7773
397438,7701,7796
1078,7708,7786
278112,7709,7771
379704,7709,7781
210967,7711,7790
315365,7714,7798
12566,7715,7779
386925,7716,7781
178530,7717,7778
304407,7721,7784
345659,7724,7789
198273,7728,7798
320243,7736,7796
2487,7737,7793
22729,7737,7799
217413,7754,7815
65225,7756,7815
360123,7757,7813
