158178,100,252
91381,101,258
15706,113,252
406684,114,204
118763,114,243
6493,117,235
3766,118,216
270802,119,248
351388,120,241
46788,124,198
406685,126,221
4396,128,250
283989,131,267
53519,133,232
27280,134,270
192364,136,264
127530,138,196
289437,138,243
404548,143,262
356863,144,213
272077,146,252
369601,146,281
335216,149,276
351431,151,263
181078,162,255
101159,163,264
93839,165,250
114476,166,219
59502,180,255
56475,180,308
107765,182,281
81757,182,295
2314,191,297
11960,195,297
327263,204,277
192507,204,281
270801,205,297
84267,208,297
105024,211,297
267538,211,306
9710,212,289
329256,215,298
258247,216,302
195237,220,280
50301,220,284
37622,220,297
241904,221,301
257483,221,305
20378,223,282
87699,223,306
27583,225,280
356862,226,296
92000,235,309
340597,236,297
326728,264,338
212670,368,424
276526,587,639
40095,587,656
95724,587,661
407226,588,643
30935,591,653
241823,712,780
370405,719,780
347365,720,782
234845,722,783
51912,722,787
97022,725,777
81759,735,787
397883,742,788
308309,745,788
82003,1133,1192
256707,1133,1200
282977,1134,1183
47562,1135,1185
375210,1258,1320
9711,1387,1440
375219,1390,1454
267200,1390,1463
80406,1392,1482
310037,1641,1733
255305,1643,1734
235089,1651,1738
4458,1652,1746
78973,1653,1744
333178,1655,1743
386758,1658,1754
21054,1660,1725
121256,1662,1740
71407,1665,1766
85570,1666,1747
298795,1670,1744
296977,1674,1745
21372,1674,1778
211836,1676,1758
2996,1677,1740
211835,1677,1766
343623,1678,1755
379743,1686,1747
101011,1686,1752
12395,1687,1744
332290,1687,1760
163863,1687,1785
102462,1690,1759
361799,1690,1773
45183,1696,1767
17176,1698,1764
270239,1698,1773
142041,1699,1760
181512,1702,1781
187612,1703,1764
184923,1704,1775
10796,1705,1767
188497,1710,1777
187611,1714,1778
311747,1742,1813
393547,1764,1826
149255,1767,1848
397884,1789,1851
78518,1792,1860
32423,1798,1854
107636,1799,1867
277920,1802,1868
135179,2180,2234
384540,2180,2244
47887,2181,2255
154277,2232,2296
162424,2257,2329
47021,2262,2338
397565,2266,2356
195016,2271,2325
131329,2274,2339
122816,2385,2447
41795,2387,2472
57522,2450,2515
350870,2541,2606
227492,2676,2731
3539,2681,2737
40906,2783,2832
33963,2940,2990
401574,2941,3040
94159,2942,3005
78195,2947,3026
86332,2949,3010
343176,2950,3025
362719,2954,3043
182613,2956,3023
270335,2959,3022
220100,2959,3036
25863,2959,3051
401572,2960,3062
119962,2962,3023
61851,2964,3037
342217,2966,3029
95994,2966,3038
308387,2970,3052
401573,2970,3082
163461,2971,3085
269999,2972,3041
78196,2973,3044
48126,2977,3038
372,2985,3035
212173,2986,3050
346975,2987,3090
381215,2991,3071
81758,2993,3085
228457,2993,3099
92689,2994,3070
136586,3000,3082
87660,3003,3089
285582,3004,3110
337548,3005,3079
119963,3006,3097
108210,3011,3082
46535,3016,3079
158136,3018,3109
67875,3020,3110
72383,3020,3130
112030,3026,3113
68349,3031,3120
85551,3034,3097
340596,3034,3100
136864,3037,3127
1329,3069,3132
1328,3073,3130
276026,3077,3131
267199,3083,3174
31212,3087,3166
159997,3089,3172
256249,3100,3175
365179,3104,3200
46119,3114,3211
287447,3124,3204
248283,3282,3354
370332,3288,3355
57141,3292,3356
225587,3299,3354
91380,3305,3366
265641,3537,3600
312685,3659,3726
405076,3663,3727
144734,3665,3722
406580,3669,3728
49250,3693,3791
282617,3725,3790
376877,3733,3792
241216,4091,4159
127839,4096,4214
15055,4098,4154
218565,4100,4203
206427,4104,4210
178497,4228,4329
94607,4232,4332
250873,4235,4326
295852,4236,4302
204375,4238,4330
149644,4241,4338
147739,4243,4337
108434,4244,4333
242015,4248,4328
368155,4249,4324
256701,4254,4328
389029,4255,4322
98211,4259,4326
18645,4268,4324
31301,4325,4385
296978,4339,4410
9835,4354,4418
185137,4358,4412
180518,4368,4436
112543,4401,4500
149240,4413,4495
112544,4425,4510
358587,4434,4511
42416,4435,4514
269998,4438,4508
17041,4440,4509
289029,4462,4513
307587,4465,4515
266712,4466,4514
237253,4470,4514
243613,5269,5322
369617,5269,5324
321974,5388,5468
46119,5391,5474
379243,5463,5511
113629,5660,5730
112542,5660,5740
62878,5676,5742
117372,5871,5971
583,5872,5945
279852,5885,5958
321702,5886,5947
182614,5888,5941
248426,5888,5968
50945,5891,5967
106128,5895,5963
27833,5896,5959
46113,6133,6220
46112,6145,6241
118253,6172,6239
35719,6176,6245
46113,6225,6300
46112,6234,6322
287446,6258,6305
220278,6715,6778
362136,6715,6793
217397,6717,6789
121148,6719,6787
365960,6723,6783
117264,6730,6797
383252,6732,6798
324759,6736,6799
163460,6740,6791
59258,6741,6797
209259,6749,6801
281195,6751,6797
105475,6922,6981
280631,7160,7236
387331,7163,7233
359179,7164,7216
97073,7177,7242
311975,7489,7561
318314,7490,7575
264229,7490,7580
184922,7492,7554
331547,7493,7549
389092,7498,7562
235187,7499,7561
108577,7502,7553
59385,7502,7565
308804,7502,7577
9709,7507,7563
390358,7509,7583
379041,7509,7590
225941,7511,7588
340244,7532,7589
234399,7534,7597
71869,7545,7604
347989,7547,7609
226757,7607,7664
226758,7608,7665
258246,7724,7784
107844,7735,7809
61795,7791,7891
179619,8049,8112
307586,8079,8134
306858,8127,8183
163459,8229,8290
406255,8231,8294
18964,8244,8294
32049,8575,8651
213155,8757,8845
213154,8760,8873
23303,8762,8825
58474,8782,8836
83607,8989,9031
257137,8989,9041
10354,8989,9043
378116,8992,9047
177160,9107,9175
207120,9560,9617
69022,9656,9720
192365,9659,9722
389265,9669,9745
261108,9671,9744
11569,9671,9763
286907,9673,9722
72382,9673,9738
158664,9675,9742
347165,9677,9743
322404,9677,9765
220051,9685,9751
138569,9685,9763
8623,9686,9753
83637,9689,9747
355428,9689,9749
10493,9690,9750
24488,9694,9756
213270,9701,9763
37237,9701,9765
209109,9720,9766
387543,10092,10149
320385,10147,10213
313400,10157,10222
233570,10160,10201
49341,10174,10224
213925,10182,10225
25106,10190,10246
177161,10289,10357
126124,10310,10360
5036,10652,10720
234846,10754,10827
351387,10760,10823
147150,10765,10826
60842,10785,10839
340462,10797,10859
177162,10984,11027
81406,10985,11030
104323,10987,11034
358156,11152,11222
407337,11216,11266
46117,11244,11323
37615,11368,11423
296976,11385,11448
194692,11673,11729
46118,11898,11980
219917,11917,11973
82002,11928,12004
91999,11977,12022
85569,11978,12034
248962,11979,12040
46116,12012,12099
46115,12037,12133
404912,12064,12123
344886,12185,12256
258248,12194,12255
56435,12213,12272
368154,12227,12301
318313,12228,12306
135239,12228,12316
376741,12231,12312
46114,12233,12296
241556,12234,12307
131485,12235,12309
107336,12236,12283
307585,12237,12303
280115,12237,12308
48890,12237,12316
284818,12238,12305
66997,12239,12300
187154,12239,12303
376742,12239,12311
257484,12239,12317
169325,12240,12313
24061,12241,12308
76074,12244,12311
345103,12245,12306
143228,12246,12307
406254,12247,12310
86507,12254,12310
85017,12257,12310
30515,12260,12310
161113,12261,12311
123414,12405,12486
221489,12405,12489
61827,12405,12492
234398,12405,12500
317526,12407,12493
317389,12407,12504
48769,12408,12496
29847,12409,12491
254883,12411,12473
217616,12414,12493
331060,12417,12494
88836,12420,12512
49240,12423,12496
176888,12428,12514
216855,12429,12491
391640,12431,12494
62491,12437,12511
210066,12438,12513
119062,12439,12500
345419,12440,12494
272947,12441,12506
226440,12443,12505
407738,12445,12512
317555,12446,12497
121135,12447,12509
241555,12448,12511
159594,12450,12512
65575,12450,12518
98210,12450,12532
313027,12452,12520
103294,12453,12515
267198,12468,12534
184633,12769,12823
180915,12770,12813
64666,12793,12868
46117,13200,13295
180517,13289,13354
268382,13290,13348
46118,13888,13956
46116,13962,14038
46115,13984,14069
254884,13985,14055
8680,13987,14064
260919,13987,14069
269154,13988,14058
158821,13989,14061
260920,13989,14067
142982,13990,14051
149643,13990,14053
54389,13991,14066
181077,13992,14057
26791,13993,14056
62490,13994,14063
233890,13995,14057
366601,13998,14056
3096,13998,14068
322356,13999,14050
234201,13999,14058
72263,13999,14065
10002,14001,14059
261688,14002,14057
48315,14003,14053
46423,14003,14063
227493,14005,14063
246437,14014,14066
26487,14018,14068
337971,14100,14161
347167,14107,14182
46114,14114,14169
222542,14293,14360
206428,14298,14354
369694,14305,14362
311746,14749,14794
347166,14855,14897
289158,14856,14926
207211,15032,15085
301921,15362,15431
354027,15426,15483
301400,15428,15484
297578,15592,15667
132522,15610,15672
173028,15615,15669
381513,15620,15671
356481,16209,16258
314046,16211,16265
32501,16691,16745
107215,16881,16935
162209,16985,17052
105775,16990,17062
41794,16993,17065
209320,17023,17072
304953,17151,17214
291933,17152,17218
91892,17156,17223
402408,17156,17226
389264,17157,17220
21554,17157,17238
285057,17158,17231
339944,17159,17235
222425,17160,17220
12161,17160,17225
294423,17162,17216
234823,17164,17212
105774,17459,17506
393442,17459,17525
305719,17460,17502
38831,17460,17514
241554,17460,17516
281268,17460,17530
331546,17461,17527
86506,17461,17541
19023,17463,17525
248425,17487,17554
161334,17491,17548
224698,17493,17554
184921,17498,17561
61568,17499,17564
60743,17501,17564
258884,17511,17575
174382,17530,17587
149642,17530,17599
140568,17533,17599
330483,17536,17597
205070,17540,17598
304227,17551,17600
