166480,126,255
224055,131,194
208282,144,216
97276,147,270
188155,148,273
321321,149,282
59593,151,248
141794,158,229
212002,158,245
25153,158,259
85147,161,241
52148,163,266
273114,166,240
340318,168,242
30796,174,261
1007,175,253
57391,184,262
213354,190,273
187390,202,270
39245,203,261
13652,205,267
408325,223,271
238190,322,402
194044,322,435
55013,322,452
71818,323,396
98926,323,405
65657,323,408
339318,323,448
15486,323,458
7193,324,468
102130,325,403
147602,328,436
295642,333,427
49403,334,446
29422,334,473
22108,338,467
212080,339,403
98925,339,453
24862,340,421
327932,340,461
245515,342,430
232164,343,418
121530,343,439
172003,344,387
167706,345,392
29988,345,445
147551,346,404
211305,346,439
108046,347,422
226965,349,408
84222,349,420
139004,349,437
30570,349,467
206047,350,423
107147,358,447
214528,361,461
130889,363,469
234039,369,456
139849,369,465
281312,375,480
190779,379,474
27794,389,480
142159,391,482
77034,403,478
208281,416,527
58396,421,470
282127,424,528
70775,438,526
321785,459,524
320307,471,528
314972,472,524
115593,473,526
317319,574,622
150163,691,790
155378,692,799
330818,696,809
174908,698,804
147499,700,807
312703,701,794
133228,875,922
42526,1327,1393
320165,1327,1401
129810,1329,1398
260940,1330,1409
165414,1332,1411
233139,1333,1427
368715,1334,1393
134455,1334,1422
85319,1337,1426
341531,1340,1424
271306,1341,1427
310659,1342,1399
349125,1347,1423
273531,1351,1416
396655,1353,1417
66808,1354,1420
273529,1355,1412
234645,1358,1427
26098,1360,1428
147357,1368,1422
111416,1522,1601
31162,1537,1609
83813,1541,1610
133787,1662,1722
112107,1909,1983
373249,1910,1981
182184,1926,1994
276375,2039,2099
556,2040,2095
386653,2041,2101
134072,2120,2181
205298,2562,2645
274705,2562,2655
57402,2562,2659
382409,2565,2625
56894,2566,2681
321322,2567,2690
159209,2570,2646
184005,2570,2673
30448,2579,2666
408381,2579,2673
163843,2580,2642
253307,2580,2646
251181,2582,2641
183862,2582,2673
103013,2582,2689
20594,2583,2679
202104,2584,2682
88667,2585,2646
363105,2585,2649
199087,2589,2682
245709,2590,2641
82532,2591,2642
137751,2591,2647
224168,2606,2672
386760,2612,2675
153002,2626,2685
309189,2626,2694
94763,2627,2673
399523,2674,2738
328990,2682,2759
134071,2689,2760
159208,2704,2781
304077,2710,2772
304078,2727,2789
357308,2873,2943
255097,2876,2952
354139,2877,2941
243315,2878,2942
345578,2879,2941
309050,2898,2952
153001,2908,2956
357956,3148,3211
122637,3149,3196
347160,3149,3212
50077,3150,3214
263475,3153,3208
220721,3154,3216
88720,3156,3216
158919,3162,3222
230738,3163,3216
58008,3383,3454
53920,3714,3779
259858,3719,3771
48842,3747,3806
372013,3752,3808
4280,3819,3891
321134,3825,3901
114943,3827,3897
151950,3829,3891
199058,3830,3899
370964,3835,3907
129811,3836,3900
39814,3837,3902
64348,3838,3899
151398,3839,3917
192145,3841,3936
299505,3845,3936
130796,3846,3906
249452,3847,3941
192146,3858,3936
400020,3859,3934
182940,3860,3927
62989,3860,3955
44622,3862,3935
227561,3863,3924
324996,3863,3930
104694,3863,3943
131087,3865,3927
249342,3866,3933
2415,3867,3928
220304,3869,3944
248061,3871,3933
171798,3873,3936
388833,3878,3985
3237,3882,3937
326566,3885,3936
279020,3886,3944
25904,3887,3971
98927,3894,3967
357153,3895,3959
75313,3897,3959
276376,3911,3965
156451,3919,3971
338411,3981,4067
66035,4256,4331
341787,4258,4319
369536,4259,4343
2416,4275,4343
341788,4275,4357
300208,4280,4346
59592,4285,4344
321135,4290,4366
256904,4292,4365
162364,4295,4359
111415,4346,4425
213355,4347,4409
43088,4347,4445
183861,4348,4407
46073,4348,4410
362727,4353,4419
394123,4363,4445
121813,4378,4445
228686,4379,4448
340319,4380,4470
162690,4384,4445
379379,4386,4451
322349,4420,4483
95883,4457,4521
233059,4467,4532
153034,4934,4992
232802,4991,5042
318376,5027,5084
48843,5055,5126
121279,5063,5138
44392,5242,5292
220633,5242,5317
311914,5444,5496
129809,5449,5512
159519,5850,5912
385252,5852,5906
379631,6140,6195
342763,6140,6201
73135,6144,6200
120672,6441,6508
354138,6442,6504
90816,6607,6674
156525,6628,6698
76620,6661,6720
121020,6696,6751
341405,6697,6743
203382,6698,6751
55350,6853,6937
288480,6853,6944
216173,6863,6912
397021,6880,6945
365197,7126,7193
245514,7130,7201
337138,7147,7193
156913,7951,8017
329974,7956,8025
267337,7957,8018
320339,7957,8045
61283,7972,8018
368729,7973,8054
192461,7976,8041
270726,7980,8052
50588,7990,8066
384909,7996,8060
57810,7996,8070
112515,7999,8075
90839,8003,8075
269422,8010,8064
256903,8011,8066
274704,8011,8072
343314,8011,8075
238254,8012,8073
101758,8012,8076
24800,8014,8075
13,8019,8075
155571,8183,8257
330724,8210,8261
140226,8215,8265
59670,8318,8374
48720,8576,8673
311915,8592,8664
304153,8609,8673
1055,8609,8680
192506,8610,8697
402157,8613,8671
117619,8614,8682
183421,8614,8692
8802,8643,8723
183422,8643,8743
179549,8653,8720
134070,8654,8726
166478,8668,8720
194043,8678,8729
408565,8678,8756
137272,8680,8769
166479,8686,8754
150824,8687,8758
404813,8690,8768
392207,8691,8755
226749,8708,8803
170349,8730,8804
165634,8731,8788
342808,8748,8820
201018,8754,8823
138956,8927,8991
18072,8927,9002
341786,8928,8989
30795,8930,9032
357152,8956,9062
50587,8960,9029
321058,8993,9062
273530,9015,9085
202885,9017,9084
280705,9020,9086
78898,9034,9086
154992,9037,9085
106005,9044,9085
122494,9202,9293
163395,9212,9285
122636,9229,9275
196225,9268,9321
135826,9292,9363
311913,9304,9372
90918,9439,9492
109319,9508,9588
128677,9521,9586
264039,9531,9589
98924,9862,9984
169641,9864,9931
280545,9866,9980
128838,9884,10000
86723,9885,9979
57818,9886,9969
279865,9892,9959
171799,9897,9970
280544,9899,9980
226750,9903,9965
112412,9905,9967
386013,9905,10002
166283,9908,9974
268776,9908,9980
214527,9911,9970
115672,9915,9977
146917,9916,9985
216002,9916,10034
321481,9917,9980
43041,9917,10003
348577,9917,10028
374159,9919,9980
43040,9919,9999
361498,9921,9990
181967,9922,9999
303893,9922,10044
372737,9923,9985
354139,9925,9980
87719,9925,10003
59925,9950,10049
142700,9959,10050
199086,9988,10051
146243,9991,10050
384625,9995,10051
47306,10239,10366
352651,10248,10318
192460,10249,10363
224983,10254,10363
114455,10261,10361
136319,10262,10369
388166,10275,10362
283267,10278,10362
60979,10391,10475
389596,10394,10462
295225,10395,10451
64752,10400,10476
53684,10408,10467
60980,10429,10481
120689,10494,10578
30794,10500,10583
202161,10506,10606
59222,10526,10615
4706,10526,10627
58007,10532,10622
349199,10533,10627
339644,10534,10625
169378,10537,10603
58570,10543,10623
287875,10548,10622
156439,10548,10626
220632,10552,10615
291331,10552,10620
156912,10553,10616
39813,10553,10623
1324,10557,10627
68626,10559,10618
122495,10562,10625
81816,10562,10627
278056,10569,10614
269820,10716,10802
166477,10984,11109
316584,11018,11118
208280,11025,11109
354138,11036,11100
139060,11038,11111
155570,11040,11121
91302,11043,11108
321133,11043,11117
389408,11047,11102
329892,11048,11110
155377,11049,11119
8437,11052,11110
153037,11053,11108
13,11054,11110
311748,11054,11124
113596,11056,11110
90981,11056,11119
