190425,94,173
170217,265,323
156721,1115,1166
5724,1120,1166
111821,1534,1583
49232,1596,1682
196043,1603,1718
190367,1664,1726
20477,1668,1729
106808,1675,1731
39691,1690,1748
377529,1763,1877
355517,1920,1987
68244,2635,2682
355517,2657,2713
147781,2662,2712
339831,3175,3241
235062,3176,3253
309558,3610,3679
136366,3700,3793
94837,3703,3776
38314,4207,4268
49807,4207,4270
344522,4218,4299
102675,4234,4279
139360,4238,4302
320071,4375,4446
175562,4877,4939
175563,4877,4943
196543,4901,4958
22015,4919,4992
33227,4920,4981
60713,4920,4983
82135,4925,4993
89035,4926,5003
277739,4931,4998
75637,4941,4990
53690,5206,5264
1144,5209,5265
35133,5239,5297
