131244,102,160
81235,113,171
170736,206,259
316755,976,1037
76052,1089,1176
152035,1095,1176
63954,1189,1261
398858,1278,1355
289417,1314,1386
17918,1578,1683
57049,1609,1689
65439,1610,1683
192817,1611,1707
50230,1612,1692
85805,1615,1727
9982,1618,1687
43825,1619,1725
216356,1630,1732
573,1823,1957
25838,1852,1963
346241,1855,1950
27296,1856,1952
95788,1866,1963
113472,1869,1959
4957,1869,1963
62524,1874,1963
282490,1891,1950
337252,2227,2329
19870,2243,2323
46739,2268,2329
129739,2359,2420
138002,2370,2434
136179,2486,2562
311477,2487,2548
99562,2545,2598
99563,2548,2598
322859,2568,2654
15417,2572,2654
231639,2577,2654
