268688,99,217
291304,120,230
106728,130,284
315831,137,215
108890,139,260
301801,142,229
273171,154,276
265355,156,268
301802,156,292
361135,158,288
268687,159,277
324613,161,229
26618,163,300
390967,167,229
147507,167,281
293995,168,274
284431,170,285
61595,171,298
217513,178,304
33856,180,313
404517,180,325
85072,180,333
3845,181,285
139148,184,267
150469,185,265
364730,186,319
302244,189,327
242,190,285
242,191,253
46935,191,300
90538,192,260
40937,192,317
242,193,312
74031,198,284
314446,199,316
203457,200,336
149753,200,346
837,204,344
837,207,316
721,214,347
12187,215,336
105265,235,351
1378,236,358
79311,242,354
87029,249,342
147506,250,356
42610,255,350
210585,255,360
262447,257,354
83695,259,357
274500,261,355
123338,278,400
209101,287,408
216025,324,448
85071,334,458
16861,336,425
9838,339,446
209100,339,461
356437,339,471
91737,346,458
405651,358,461
106727,364,446
361136,366,493
363912,460,529
195183,469,535
250909,477,549
96684,560,605
276167,560,628
235626,697,769
129319,699,753
96685,853,909
270145,855,909
221623,858,936
50023,862,931
46934,870,944
29131,870,950
371728,919,985
1421,923,986
300291,943,1007
44421,949,1018
271976,950,1007
21788,952,1019
221624,954,1017
340242,957,1019
301443,960,1022
151713,961,1039
166243,1373,1437
255100,1862,1929
221623,2002,2073
313738,2292,2394
252104,2315,2388
347297,2317,2375
367490,2324,2402
20127,2328,2401
161785,2346,2395
358081,2348,2409
270432,2355,2399
315244,2416,2476
9753,2418,2479
244478,2507,2567
28165,2518,2565
369120,2595,2656
46933,2799,2845
230622,2803,2857
290737,2889,2967
385732,2910,2975
191864,2911,3004
95222,2912,2968
346262,2919,2976
191863,2948,3030
233985,3022,3123
308287,3025,3117
126045,3025,3120
337,3027,3124
44132,3032,3125
95221,3042,3150
26580,3043,3124
252111,3045,3119
337,3046,3134
138221,3047,3124
2730,3049,3122
260913,3060,3122
400818,3065,3126
335089,3082,3140
287259,3123,3168
21787,3371,3431
221624,3374,3431
