255071,81,228
97745,90,229
68572,91,152
34495,93,223
183434,99,248
42802,100,176
234240,110,214
373483,114,197
221751,122,223
5577,122,275
122931,129,234
277569,133,259
119,136,253
206747,136,291
192892,139,206
349926,145,267
302437,146,264
211873,147,240
42161,148,279
381387,149,289
93948,151,260
290383,158,284
322290,162,278
3303,166,304
91736,169,237
47962,173,243
89708,175,272
152752,176,319
832,178,302
4757,178,326
314616,182,322
63202,188,257
311806,188,295
276039,191,290
90308,191,318
216609,192,301
322414,193,285
219989,194,256
6623,195,274
13933,195,319
29023,195,328
301626,196,267
9307,196,291
104744,196,300
42096,196,311
184993,196,323
297144,196,351
23372,199,353
4719,200,326
47963,200,334
56078,200,347
344360,208,316
49596,208,343
31306,208,349
34970,210,359
208283,210,389
87569,214,347
303875,216,327
80833,217,332
189423,218,298
27021,219,326
396895,221,391
182180,225,325
9308,225,329
168760,229,368
191318,230,297
398739,232,323
53576,232,339
375,232,360
371406,232,379
28808,233,348
140573,235,327
8802,235,338
141977,237,394
157627,238,315
3584,238,327
152751,238,340
342352,239,362
96363,241,328
388409,243,350
211874,243,382
211657,245,336
250647,247,333
104743,247,339
34496,248,365
23371,249,398
164838,251,373
90848,255,347
284377,257,329
49597,261,329
75284,261,397
56077,264,372
65151,266,391
388274,267,346
231506,270,365
342351,271,385
1509,271,400
4222,271,411
152753,272,407
16682,275,404
42842,278,369
9047,278,385
211875,279,358
9000,284,401
79751,285,409
34497,286,397
149816,289,382
47964,289,398
280854,291,345
202838,291,356
205910,291,368
68037,294,362
211545,295,349
143697,295,402
333988,297,359
85538,297,392
2743,298,362
189141,299,350
302040,301,364
295004,305,399
157628,307,398
196408,309,378
311031,310,398
154982,311,391
401491,312,413
192071,317,385
144390,319,384
28782,320,390
104838,323,408
70972,324,410
327281,397,454
312931,401,457
49901,402,461
31307,414,536
3304,422,532
12778,434,523
258834,459,553
292731,466,517
217333,478,519
172368,486,548
25673,511,554
238879,570,621
289688,587,658
72983,608,670
46443,618,683
285674,692,746
94392,717,811
215496,759,813
268226,762,833
48955,763,822
118197,763,830
365278,764,817
348565,764,827
263140,770,824
78227,773,834
197521,775,824
384433,775,850
75283,780,842
378567,781,847
285943,927,988
41137,927,990
240517,927,1005
24893,927,1018
43026,928,983
69722,928,992
93015,928,998
151170,928,1022
19187,929,990
123905,934,1007
315913,946,1007
75286,952,1015
257139,971,1037
172701,982,1059
134252,983,1036
233768,984,1062
59889,986,1073
11045,989,1058
220227,994,1036
320401,994,1057
41919,1000,1065
118244,1002,1066
226166,1004,1080
51357,1007,1065
59890,1008,1071
77523,1009,1058
103144,1011,1065
230045,1012,1064
103621,1012,1071
27413,1013,1063
248485,1013,1065
180315,1013,1075
277934,1013,1077
116205,1015,1061
2505,1016,1090
214335,1039,1125
161414,1063,1133
20866,1069,1116
31516,1088,1146
126273,1110,1193
77782,1121,1196
276038,1131,1201
131945,1132,1204
27607,1134,1197
9428,1137,1198
206750,1140,1196
48316,1141,1203
349030,1142,1209
24892,1142,1222
192891,1146,1204
9820,1166,1210
75285,1253,1307
251281,1290,1357
77775,1330,1391
50254,1332,1392
45103,1332,1394
365974,1332,1396
405342,1333,1399
29022,1534,1575
199033,1537,1621
400382,1549,1626
157728,1561,1634
321798,1585,1651
321797,1593,1663
111563,1594,1649
41136,1594,1655
77776,1597,1661
119104,1598,1672
99032,1602,1664
35038,1607,1667
194427,1609,1667
290307,1613,1671
284358,1617,1672
29462,1628,1670
322584,1816,1869
190435,1818,1889
254985,2050,2137
200362,2051,2117
164839,2051,2128
164840,2052,2120
404914,2054,2136
198964,2056,2124
77774,2056,2131
267635,2060,2121
296339,2062,2131
301178,2081,2132
113257,2088,2137
103620,2090,2137
87257,2091,2136
260233,2199,2270
251895,2306,2378
206745,2317,2413
123520,2319,2385
75283,2321,2391
309771,2324,2412
56076,2326,2399
165242,2334,2406
356110,2566,2645
399551,2597,2675
128166,2602,2684
76093,2834,2903
321278,2843,2940
195886,2845,2933
387661,2846,2905
147768,2852,2906
144391,2859,2951
314615,2862,2958
211810,2863,2937
317357,2864,2955
359724,2865,2942
222644,2865,2950
356111,2869,2965
75287,2872,2949
26034,2877,2958
289610,2879,2981
371405,2880,2942
47339,2882,2943
371321,2883,2963
297286,2891,2964
289609,2891,2981
230918,2895,2962
93014,2899,2984
117511,2901,2982
56604,2905,2985
225523,2906,2993
403520,2909,2964
256577,2909,2985
161813,2911,2968
190436,2912,2982
192072,2913,2993
195971,2914,2974
51716,2915,2985
81495,2916,2994
168761,2918,2982
107891,2919,2980
13913,2935,2994
372787,3147,3213
56603,3148,3212
144161,3244,3327
42801,3246,3333
206749,3247,3326
2106,3257,3310
137099,3259,3323
276037,3259,3326
9884,3263,3326
201091,3264,3337
206748,3265,3326
382912,3351,3402
124300,3357,3411
206746,3584,3670
360543,3728,3792
147102,3999,4067
78625,4000,4055
41918,4000,4062
228946,4001,4045
190939,4105,4167
86528,4111,4167
59888,4133,4200
348564,4140,4201
83523,4142,4199
153114,4224,4276
190052,4297,4368
134134,4300,4368
118443,4304,4351
335342,4305,4368
389588,4305,4370
335831,4308,4360
156632,4308,4368
314918,4308,4407
115725,4310,4363
316849,4310,4375
76088,4310,4381
70120,4313,4369
151017,4326,4399
257097,4329,4387
367980,4338,4396
297145,4384,4446
165328,4429,4488
330297,4661,4723
289608,4662,4772
400683,4689,4761
261216,4696,4751
195887,4696,4770
321723,4698,4750
127443,4706,4770
57631,4710,4771
