116210,82,127
71248,87,216
121838,93,190
389032,94,202
268590,94,220
184564,98,160
213117,101,211
375315,105,220
254210,109,228
6493,111,230
3766,112,212
373629,114,216
220283,117,181
3142,122,244
286233,129,195
160075,139,257
20990,145,243
387252,162,247
4757,165,293
51480,167,308
71892,208,324
140046,245,355
391277,248,356
145425,251,361
247353,254,370
394530,259,318
144343,269,373
347483,275,362
307230,275,390
391310,276,417
306722,281,361
321490,282,348
88007,282,401
294074,285,358
24789,286,334
401262,288,361
246853,290,338
186714,296,372
40315,298,373
217867,305,414
300335,311,418
284791,325,400
267511,367,487
324568,384,502
31344,389,490
252858,414,470
132361,416,470
170767,416,477
35284,417,507
119181,419,506
239482,423,493
217868,428,489
195152,430,504
395069,441,490
182221,441,493
35283,447,511
261690,534,604
376603,539,594
162205,539,605
337811,616,699
81901,652,715
379415,743,799
127052,745,826
127051,768,826
105023,816,885
253370,817,875
254150,1234,1322
85475,1269,1339
377521,1559,1627
334670,1582,1651
396392,1583,1663
85284,1584,1655
379131,1596,1662
241654,1605,1670
393067,1608,1663
69456,1620,1670
321545,1621,1663
399498,1631,1693
253210,1633,1691
35282,1711,1777
386875,2630,2716
272285,2635,2691
386876,2635,2720
155041,2638,2690
372273,2651,2716
46510,2651,2725
348989,2656,2719
194348,2663,2734
383136,2664,2746
309446,2665,2739
182854,2672,2734
307231,2873,2960
312549,2877,2940
176597,2881,2946
258679,2882,2962
140470,2882,2966
68289,2892,2954
91051,2892,2973
294668,2894,2976
121659,2897,2958
234868,2899,2961
271211,2905,2948
29222,2905,3011
21208,2906,2972
226550,2909,2972
190799,2910,2971
322449,2910,2987
147068,2911,2995
147069,2911,2999
186715,2919,2994
349601,2922,2982
49345,2925,2993
233445,3048,3114
392009,3514,3606
405968,3519,3602
145005,3520,3586
128974,3542,3603
128975,3543,3596
318973,3702,3763
41533,3749,3812
41534,3824,3888
95640,3842,3930
94405,3846,3913
51099,3846,3926
260046,3849,3946
234824,3853,3927
247991,3853,3934
241653,3854,3924
221578,3857,3924
47066,3857,3948
121520,3858,3919
247990,3859,3941
298451,3861,3922
257133,3862,3932
216323,3864,3930
276847,3866,3934
194351,3867,3931
29484,3875,3930
362093,3880,3945
217866,3882,3944
156464,3885,3952
24109,3886,3941
105004,3889,3942
212219,3921,3998
369792,3932,3983
341052,3944,4001
207579,3944,4008
233446,4003,4068
249133,4056,4120
225290,4056,4124
302208,4057,4102
233613,4062,4125
392751,4069,4123
391398,4070,4118
326457,4073,4121
388283,4356,4441
235907,4440,4491
390350,4468,4524
31884,4481,4530
298450,4489,4538
397031,4659,4710
48151,4659,4757
2575,4663,4775
35281,4669,4781
306723,4678,4778
259147,4679,4782
401169,4687,4776
395962,4692,4782
