6648,96,226
18264,100,191
349781,100,262
84440,103,253
318175,105,245
66406,107,227
27985,109,205
197926,112,228
53860,114,224
395737,119,226
99733,120,216
163764,120,235
283046,127,257
291591,132,257
143026,139,255
303885,142,262
13125,150,257
135987,153,224
175528,155,257
262739,157,224
111605,165,257
338193,173,252
125346,175,265
255683,177,235
359498,181,262
98024,193,260
33981,235,313
85822,240,312
2188,240,319
485,245,314
36187,246,318
148454,249,317
58924,250,314
162366,251,311
106047,252,312
38855,252,314
10031,252,318
156460,351,464
348128,362,464
359947,369,464
1190,400,464
333352,401,461
263267,403,460
48272,406,463
71562,490,538
37803,490,578
330683,492,551
176648,493,552
7861,495,579
234547,497,551
102837,498,572
94552,513,581
184166,516,577
311030,516,580
406442,645,706
104636,645,737
68921,646,711
279301,706,796
379555,710,797
104294,711,806
195100,721,817
296510,724,790
128315,724,795
311925,724,806
250248,725,809
5898,727,797
130284,727,804
45526,728,802
27440,729,805
388431,730,830
45527,732,797
388430,734,831
472,736,800
143875,736,811
69503,737,818
325740,739,801
377776,739,804
35749,741,821
135854,744,814
39214,748,811
298622,749,827
87541,758,824
179358,760,836
78889,762,823
86496,766,815
234214,776,832
217403,776,837
169634,882,974
156461,884,970
59975,895,962
151518,896,957
359293,897,959
386877,909,974
351737,1213,1293
5240,1216,1293
200526,1227,1292
234548,1228,1290
385552,1377,1435
243145,1390,1477
385525,1394,1475
174794,1402,1480
310702,1417,1483
232172,1421,1486
299849,1442,1501
34320,1446,1509
74002,1496,1565
6270,1813,1855
320061,1825,1884
302655,2695,2759
139328,2699,2782
46747,2700,2763
123339,2701,2773
285720,2705,2767
70906,2706,2771
278650,2710,2772
232078,2710,2784
232079,2710,2792
119725,2715,2784
204032,2721,2791
255541,2723,2785
56216,2724,2803
220858,2725,2781
141350,2725,2785
325960,2725,2792
298328,2725,2799
30824,2727,2781
4013,2728,2788
232322,2728,2792
332964,2730,2787
99814,2779,2840
324786,2791,2845
368114,2888,2947
368971,3159,3221
8408,3214,3267
260398,3300,3373
243943,3396,3457
395320,3398,3451
36188,3570,3627
75384,3591,3660
272729,3617,3680
346578,3620,3685
239588,3621,3677
76080,3622,3683
226194,3622,3686
97274,3626,3677
356190,3626,3687
10910,3628,3677
198494,3630,3693
69055,3631,3699
206439,3633,3677
330259,3633,3686
225679,3637,3705
181835,3638,3699
141706,3639,3686
239048,3639,3721
175527,3646,3714
350829,3670,3739
387876,3723,3788
262524,3724,3794
181439,3737,3785
119174,3738,3799
245023,3850,3916
59678,3863,3925
189692,3873,3927
349782,3874,3961
243035,3926,3993
319581,3927,3990
306288,3929,3999
64197,3947,4003
385906,4080,4157
387875,4081,4166
404172,4089,4163
254367,4094,4200
351726,4095,4158
344508,4101,4165
363729,4103,4168
36594,4105,4164
128649,4106,4162
45625,4106,4167
290017,4113,4181
355751,4113,4189
246160,4113,4194
59370,4114,4168
71653,4119,4181
364171,4123,4186
180065,4145,4195
76923,4497,4592
162213,4793,4846
369235,4863,4932
6375,4866,4951
63441,4868,4938
372587,4872,4927
137778,4890,4951
136133,4899,4967
78391,4902,4969
369977,4987,5046
274857,4991,5054
8538,5013,5075
26018,5175,5251
26017,5181,5251
6886,5195,5239
285735,5201,5253
267584,5205,5251
25501,5209,5267
327682,5211,5278
88457,5212,5266
48196,5212,5276
395321,5212,5286
324088,5213,5267
343940,5214,5265
386618,5214,5285
274856,5215,5280
91198,5216,5281
105313,5220,5267
369132,5221,5265
375478,5228,5294
175276,5261,5356
266647,5262,5336
89985,5309,5366
49197,5310,5370
267948,5313,5372
176780,5322,5391
400073,5333,5421
14949,5334,5386
346860,5357,5419
356068,5358,5421
190113,5419,5485
133244,5424,5485
