241475,118,178
330480,118,181
73279,118,184
159896,120,187
63332,228,306
17678,228,314
10983,228,322
42619,228,331
289571,228,363
26628,229,371
344313,237,360
124179,242,368
37222,244,360
184849,249,369
219454,251,381
10982,254,387
6748,255,380
42618,257,408
105265,258,382
400476,259,350
199625,259,385
137688,260,388
346058,262,383
55552,266,394
226073,270,398
305562,271,370
78699,271,389
66899,271,405
170267,275,400
210585,279,399
116060,280,392
31064,289,412
42610,290,396
206818,298,386
269296,298,396
104302,320,385
42617,330,488
381189,334,395
7440,335,402
360024,343,466
122942,357,501
62980,358,485
66900,358,492
314040,366,493
42616,366,501
326733,367,428
1431,373,493
16861,375,469
27301,376,502
21641,381,501
245882,382,492
356922,384,503
190620,388,493
79345,388,504
257844,392,506
390137,395,456
390135,396,494
43553,396,514
125952,397,474
202668,400,462
270867,400,471
247766,404,466
51563,405,507
328698,407,483
119822,408,460
344302,410,462
56381,412,490
123382,412,506
89648,425,490
369617,425,494
296643,571,659
28161,573,632
266564,577,628
199261,588,674
130318,609,687
238804,611,675
138036,611,680
395621,614,678
138035,614,680
116061,614,703
188576,621,677
65943,625,701
166781,633,701
102031,636,701
381190,638,712
349886,638,730
76210,640,706
90422,641,705
49513,641,708
114575,643,710
164400,645,709
50995,654,729
84629,655,704
32353,658,701
128167,659,729
394481,666,730
333179,670,770
385023,769,833
299486,773,829
31396,775,837
61338,776,839
1249,780,837
32373,781,838
32372,781,840
190619,1129,1179
257265,1532,1645
217631,1889,2011
313423,1915,2007
368370,1931,1996
320639,1931,2011
148017,1931,2018
246826,1937,2039
63694,1938,2007
383059,1940,2002
199513,1940,2006
306839,1942,2008
6655,1946,2010
41228,1946,2026
83362,1948,2030
74436,1949,2034
370467,1950,2013
184879,1951,2019
154287,1954,2015
270868,1956,2039
302502,1956,2047
192590,1958,2045
374427,1960,2038
49949,1962,2025
155979,1964,2033
191587,1966,2039
263309,1969,2033
192589,1970,2056
346469,1971,2030
281382,1971,2032
196007,1971,2038
101994,1972,2042
35324,1974,2045
52048,1983,2045
198020,2202,2266
116871,2365,2455
392752,2378,2463
280423,2383,2454
191736,2383,2466
219452,2384,2452
191737,2387,2466
276768,2391,2466
835,2392,2455
78241,2396,2467
352947,2398,2466
266565,2399,2461
182027,2403,2464
119209,2403,2466
114190,2405,2454
235363,2405,2508
53790,2406,2470
399355,2406,2480
396510,2408,2462
17677,2409,2488
180309,2409,2500
17676,2415,2501
390298,2419,2462
178743,2420,2495
834,2424,2498
134574,2427,2512
176755,2430,2496
209,2434,2519
365183,2441,2502
53791,2449,2502
224703,2450,2520
383320,2454,2526
384540,2455,2519
18448,2458,2520
297233,2468,2519
394483,2484,2575
313417,2512,2583
73281,2533,2604
152867,2534,2608
192591,2535,2592
355617,2536,2615
180408,2547,2611
391332,2554,2618
370182,2561,2618
75322,2563,2611
355332,2647,2733
198019,2650,2711
343566,2650,2724
313421,2781,2844
313416,2782,2878
370181,2790,2860
346043,2791,2874
408621,2792,2858
325162,2792,2872
128183,2793,2854
327722,2794,2858
310478,2798,2862
281941,2801,2873
234278,2802,2880
103820,2805,2862
63816,2807,2870
95445,2808,2875
374596,3029,3084
22275,3086,3168
199623,3236,3295
166164,3236,3302
313418,3527,3589
217057,3551,3615
358307,3552,3614
349161,3552,3646
65878,3570,3633
303617,3570,3649
76209,3573,3646
185495,3579,3642
19822,3582,3644
374508,3583,3658
373042,3595,3657
313413,3611,3681
213557,3665,3754
264547,3668,3742
362166,3673,3751
189275,3675,3734
176582,3675,3736
50455,3685,3753
228182,3702,3751
335184,3710,3774
397,3723,3804
166399,3725,3787
173984,3733,3797
203013,3733,3813
357150,3742,3821
199624,3752,3828
313413,3754,3821
213556,3965,4053
91633,3967,4042
338828,3969,4035
79075,3969,4064
32282,3970,4034
313416,3970,4080
302501,3991,4068
156850,3993,4060
380429,3993,4064
313422,3993,4073
219453,3998,4061
82135,3999,4066
128182,4000,4069
135094,4035,4104
321615,4036,4106
313417,4039,4096
74534,4236,4295
82992,4296,4368
68200,4296,4396
313415,4318,4388
352873,4321,4390
313415,4510,4580
312769,4529,4580
388986,4676,4748
392249,4682,4747
313419,4695,4798
105742,4701,4774
194656,4701,4779
238841,4703,4756
220650,4708,4751
225315,4708,4783
130545,4710,4781
242773,4712,4799
327304,4713,4778
222128,4713,4782
76992,4716,4781
76993,4719,4782
176329,4722,4790
37961,4770,4830
226072,4965,5042
91199,4975,5041
833,5054,5134
313420,5058,5131
19484,5070,5153
21042,5078,5150
213560,5453,5514
230128,5471,5539
164034,5900,5982
76367,5902,5967
18955,5903,5979
7656,5911,5980
313421,6048,6104
313418,6049,6099
193287,6070,6132
213559,6226,6323
74963,6233,6340
195809,6236,6313
178636,6236,6325
178637,6243,6328
305937,6252,6325
333178,6253,6335
252213,6257,6324
307855,6261,6325
22759,6264,6338
32820,6267,6331
185855,6269,6327
365867,6269,6340
270866,6271,6337
221516,6274,6344
58808,6284,6359
51562,6293,6357
51561,6294,6362
239188,6351,6433
269295,6446,6529
349375,6475,6530
343141,6479,6526
213558,6535,6597
269294,6539,6591
33734,6539,6598
125121,6543,6598
170109,6546,6598
109821,6753,6803
151944,6757,6805
283439,6759,6830
193283,6771,6891
185853,6807,6884
164401,6808,6930
47807,6815,6935
193284,6816,6918
197405,6819,6932
68830,6822,6884
193285,6822,6898
5620,6822,6910
405804,6833,6945
317212,6834,6969
133518,6849,6974
92427,6853,6986
22760,6853,6996
92425,6854,6977
120428,6857,6976
75432,6858,6984
373500,6859,6973
390136,6862,6994
193286,6872,6976
405803,6877,6989
69717,6880,7001
133517,6881,7006
185854,6895,7002
390138,6902,6985
390139,6904,7003
63817,6905,6985
32818,6940,7002
118612,6944,7002
343818,7408,7500
239789,7423,7495
162537,7544,7609
86842,7544,7653
173254,7548,7615
87492,7549,7665
185922,7553,7625
168756,7554,7620
157875,7554,7634
86843,7554,7659
313422,7557,7638
245322,7561,7638
86346,7564,7625
203699,7565,7627
186007,7568,7636
92426,7569,7667
52778,7571,7635
343819,7572,7634
313419,7580,7676
358084,7585,7670
343140,7586,7635
55579,7586,7660
185412,7588,7652
10049,7588,7665
222128,7591,7656
163041,7591,7660
122943,7592,7670
273083,7594,7664
132251,7594,7667
198018,7610,7677
32817,7622,7687
313414,7771,7863
17679,7774,7859
313414,7941,8036
301533,7976,8043
313423,8121,8213
313420,8134,8211
17785,8150,8211
343198,8160,8202
198016,8254,8352
184848,8260,8359
163335,8282,8356
138220,8287,8368
206393,8296,8367
691,8296,8378
366659,8298,8359
105743,8298,8370
60737,8299,8378
206394,8302,8383
245616,8304,8369
275826,8306,8368
66901,8306,8371
255449,8307,8378
51560,8310,8373
229969,8312,8373
255450,8312,8378
177473,8314,8380
227890,8316,8380
6695,8316,8388
341143,8319,8372
299440,8320,8378
394482,8322,8384
32819,8326,8393
379541,8326,8408
210176,8338,8409
289724,8773,8834
370331,8921,8971
262434,9040,9113
93675,9043,9110
326083,9047,9111
4848,9047,9114
180301,9048,9122
102079,9050,9113
125663,9052,9101
223480,9053,9114
128181,9054,9133
332142,9056,9124
352874,9057,9119
64697,9057,9122
116736,9057,9134
405787,9057,9149
384915,9058,9120
319175,9059,9123
364011,9060,9133
109822,9064,9125
109613,9065,9128
68516,9065,9133
110739,9066,9130
377443,9066,9136
188575,9068,9133
105744,9073,9138
198017,9123,9241
256845,9168,9233
198015,9190,9314
404259,9452,9509
163216,10030,10104
254792,10031,10108
378665,10032,10094
378664,10032,10102
3913,10035,10102
337406,10037,10120
396048,10053,10115
253494,10053,10117
1483,10055,10120
175785,10058,10119
329238,10063,10129
180409,10063,10133
341603,10066,10139
90719,10067,10128
9879,10071,10132
1482,10071,10135
392248,10079,10144
119194,10082,10148
56978,10358,10459
245321,10358,10467
335219,10379,10453
90695,10382,10459
238068,10383,10446
361349,10386,10447
83965,10391,10452
147556,10395,10457
396642,10395,10472
102030,10397,10460
133456,10400,10475
190461,10401,10466
137103,10404,10457
189188,10404,10475
190462,10405,10468
109614,10408,10457
62820,10410,10475
55580,10413,10475
10857,10420,10492
203852,10593,10647
353142,10594,10675
13,10676,10735
35097,10796,10858
111794,10819,10880
248350,11208,11265
66903,11208,11278
66902,11208,11287
245415,11220,11282
115694,11221,11288
403885,11224,11277
104284,11227,11288
181793,11359,11414
37231,11374,11424
108202,11562,11616
362892,11563,11613
77834,11564,11607
387436,11564,11613
