216929,113,228
245104,120,266
250652,128,266
173226,132,252
269165,132,280
45367,137,225
130055,137,287
290218,139,224
252278,139,258
75426,140,235
9801,140,293
27021,141,254
180780,142,262
384797,143,275
227738,144,205
354497,145,212
297418,145,225
371379,146,240
261159,147,263
71697,148,212
277234,148,227
315839,150,253
237916,152,231
362230,152,316
116196,153,252
35766,156,252
370975,156,277
127405,157,322
8802,158,274
362231,158,294
50369,159,252
23978,160,255
140573,160,259
23574,162,286
33474,164,231
135190,166,314
115797,167,295
302470,168,230
207758,168,288
250192,171,275
266438,174,303
366853,175,269
23573,176,286
336935,181,309
12597,182,275
346552,183,311
171436,185,293
303198,186,274
2149,188,328
370974,189,311
336936,190,277
65151,190,304
56047,191,266
174093,191,286
176724,194,311
325071,195,263
4222,195,327
325072,200,322
380663,202,319
45241,207,325
318655,214,327
378662,226,298
45201,226,327
125270,228,306
123718,236,304
256026,248,329
343418,257,328
370272,260,320
349033,275,398
376843,319,387
9800,325,442
361004,334,453
179734,349,406
187233,351,441
101283,357,432
269164,361,472
230380,366,472
22162,368,446
33159,373,443
405345,379,467
252571,381,442
56698,385,475
215895,391,476
20737,395,449
184105,397,489
180814,407,479
127781,408,472
254203,410,473
252977,411,471
238003,414,465
389254,418,481
158789,423,471
59856,426,471
346377,432,483
55430,442,499
357729,443,504
381025,472,521
117817,540,658
126,545,643
48059,546,654
112123,547,639
176248,547,674
233202,550,673
67468,551,648
200935,552,657
204400,552,671
241066,554,678
362387,558,683
126,561,655
241067,564,651
379588,566,676
30103,567,679
126,570,642
182767,583,683
233203,584,678
375071,593,682
8329,596,664
209069,605,683
28213,608,681
346443,610,683
240006,614,681
17931,778,839
200069,781,851
17906,783,867
95634,786,851
226133,786,854
211314,786,884
282585,787,873
91175,789,857
13555,790,854
245933,797,895
54097,820,890
366580,820,898
237901,825,888
164559,826,887
11117,826,890
368620,831,912
211806,836,916
364183,838,903
140792,840,920
289103,846,894
172421,847,925
168001,849,926
316848,856,922
220693,857,909
130057,971,1081
297082,999,1074
59857,1000,1100
824,1000,1109
95639,1007,1091
46695,1009,1079
270077,1010,1083
384798,1012,1078
235520,1013,1077
349647,1014,1106
197278,1014,1109
358427,1017,1090
392496,1017,1110
300035,1018,1079
347313,1019,1100
197279,1020,1110
69012,1022,1105
342308,1023,1088
263867,1024,1091
65121,1024,1108
68213,1026,1089
236972,1026,1101
368854,1028,1103
283612,1030,1121
404408,1031,1110
51831,1032,1106
256027,1033,1096
225385,1035,1097
288434,1037,1101
101038,1037,1115
130056,1037,1121
160391,1038,1100
383750,1041,1103
8791,1042,1110
161787,1045,1107
17930,1046,1111
173213,1046,1139
38806,1048,1140
375069,1049,1107
50437,1051,1107
29591,1053,1122
209549,1055,1149
50436,1056,1107
290910,1057,1112
203237,1058,1125
49798,1062,1124
219392,1063,1128
136793,1064,1125
26248,1064,1136
111733,1064,1144
38924,1065,1132
166786,1070,1133
55158,1071,1132
152758,1071,1135
210460,1072,1134
83855,1075,1135
220590,1077,1139
381308,1077,1141
23675,1080,1144
368619,1082,1145
144168,1183,1256
17756,1189,1248
268892,1195,1256
95934,1199,1265
80078,1204,1252
395803,1204,1263
276986,1205,1266
384544,1328,1400
73662,1347,1411
60096,1369,1421
132234,1372,1425
105349,1374,1423
136839,1379,1421
113092,1388,1461
191948,1392,1454
20560,1415,1468
384544,1547,1604
75582,1555,1604
109237,1700,1768
266437,1720,1774
341095,1746,1802
201137,1763,1850
308619,1824,1875
38807,1825,1891
339084,1830,1876
24062,1831,1890
140743,1839,1893
364699,1839,1902
304484,1840,1909
28214,1841,1904
123719,1845,1911
404489,1848,1909
240005,1855,1930
60142,2030,2105
400820,2032,2087
368658,2041,2089
213126,2176,2222
344503,2176,2229
8613,2176,2233
1783,2176,2235
120565,2180,2247
203082,2185,2250
389609,2224,2304
349034,2485,2584
299559,2536,2618
154612,2548,2611
322523,2637,2706
233201,2637,2719
349164,2661,2723
102249,2665,2748
26289,2668,2717
311673,2669,2731
392293,2672,2750
89948,2684,2745
379914,2688,2754
30514,2752,2804
283613,2753,2813
251077,2754,2810
294026,2917,2978
370949,2917,2986
338691,2917,2993
227053,2918,3002
102920,2919,3004
208750,2919,3007
15352,2920,2989
1798,2921,2979
123315,2921,2992
135191,2921,3017
72743,2922,2986
338692,2922,2996
50511,2928,2981
294338,2928,2989
8614,2928,3002
14764,2928,3009
28515,2928,3012
23393,2933,2986
3910,2937,2997
116197,2939,3002
262469,2942,3012
171688,2943,3005
325680,2946,3025
127870,2947,3012
272436,2948,3010
139425,2949,3004
207743,2956,3005
21952,2956,3045
401352,2957,3023
406926,2961,3004
110429,2961,3040
145427,2976,3079
143779,2991,3065
316142,3014,3081
380377,3185,3255
13,3264,3330
69648,3328,3435
360196,3354,3468
376844,3357,3408
62543,3363,3424
360197,3367,3467
220096,3409,3467
212551,3413,3468
108604,3539,3592
315597,3541,3586
314533,3542,3593
21531,3543,3602
101776,3677,3763
245368,3922,3985
