4712,97,265
138018,98,169
4757,98,246
215074,99,237
193603,108,234
229939,108,244
365631,111,248
123662,113,230
290808,115,242
354369,116,233
98228,118,222
403179,120,237
4719,120,249
60461,121,187
285098,122,240
373822,127,258
28484,128,248
112360,129,251
269165,130,282
4223,131,276
208283,132,308
353615,133,223
139818,133,259
282708,136,249
184703,136,279
116112,137,223
156681,138,303
177252,139,222
92473,139,264
27021,140,248
127401,142,223
229938,143,291
1076,143,330
272656,146,263
208547,150,237
229940,151,249
8802,153,256
58237,154,308
287178,155,265
370975,155,276
36084,156,223
217119,158,222
150741,158,252
297456,159,305
200714,161,223
68117,163,319
1,166,249
4713,166,312
215073,167,265
37548,167,269
371401,167,307
336658,171,266
215075,174,333
303198,178,271
229937,179,304
15782,180,328
367405,181,242
140046,183,302
384195,191,253
16596,191,259
184887,192,254
290807,192,319
231575,193,261
4222,193,329
1075,195,305
189221,196,262
4711,198,264
328385,201,331
45241,203,335
297457,210,273
85538,214,307
64231,217,339
116759,219,302
6689,219,328
187573,223,314
104218,226,295
28485,227,336
93059,229,291
36086,229,295
324566,229,327
32430,233,345
154540,234,313
373821,235,358
27794,237,347
337084,242,321
271596,242,325
184886,245,364
296077,248,328
184704,267,412
146028,271,327
353438,285,361
336659,286,388
24925,288,356
220517,289,359
221255,291,357
342104,298,372
213936,299,355
187756,299,380
325926,303,358
68586,303,366
400274,307,411
353146,308,379
40033,315,379
373029,320,393
195194,321,390
195765,324,387
218770,324,390
73632,325,398
41536,332,398
173666,334,388
1077,334,416
56980,335,393
125106,339,397
106050,340,404
187233,345,446
367406,351,447
117919,354,451
134619,359,433
12778,361,452
1186,374,433
79146,374,458
168593,375,456
33159,376,452
106049,378,458
317541,381,447
297458,388,457
43649,393,455
33697,396,455
16697,397,456
16410,499,545
181175,499,552
119509,499,563
92684,551,628
323195,640,709
248775,662,726
91714,666,735
234736,681,730
363662,692,748
14518,693,734
372414,733,829
374622,754,819
139819,790,843
328276,791,885
362691,817,908
190295,820,888
234143,825,884
1074,829,943
321788,838,922
142678,838,990
56687,841,925
291982,841,941
344432,842,916
171692,842,922
187755,845,906
161553,845,930
296660,845,949
104984,845,973
225024,846,925
171693,846,936
316433,847,928
168013,847,932
372239,849,911
103234,850,938
105732,853,969
373030,858,943
97427,870,943
184705,887,991
4170,893,951
236367,920,1016
218322,923,1017
303925,925,1032
1954,933,1006
262814,934,1020
281360,934,1030
136606,936,1018
370117,936,1040
290190,951,1040
404613,962,1034
251247,962,1039
279777,965,1033
86885,973,1039
356626,984,1045
47307,1139,1236
342745,1146,1248
394776,1149,1233
39742,1154,1224
126314,1155,1235
221604,1158,1247
271597,1161,1246
195944,1164,1248
7402,1170,1233
12736,1170,1237
265039,1170,1243
349947,1171,1232
221605,1184,1248
40489,1192,1253
223071,1327,1411
231574,1447,1501
154508,1635,1714
35744,1647,1697
408362,1665,1726
267165,1677,1740
83636,1725,1814
3216,1737,1786
4224,1737,1801
268650,1739,1843
107091,1747,1810
45332,1752,1814
85522,1753,1809
187574,1755,1813
240852,1756,1818
223001,1757,1813
159666,1757,1817
218563,1758,1811
388995,1759,1820
405405,1760,1811
76263,1760,1818
47842,1764,1824
81502,1766,1813
13080,2018,2100
221061,2019,2073
57008,2021,2083
394777,2021,2104
325319,2022,2078
166653,2025,2077
72654,2037,2104
177434,2038,2098
106048,2039,2096
28350,2042,2096
42554,2053,2103
301283,2188,2259
175888,2189,2252
223070,2191,2269
407224,2196,2270
62615,2201,2285
114116,2202,2263
92784,2203,2273
347407,2206,2269
355379,2206,2273
83669,2207,2286
340875,2210,2280
23898,2213,2277
92454,2214,2273
14785,2219,2271
26841,2220,2278
104137,2226,2279
83396,2391,2460
168015,2421,2488
268783,2464,2529
248816,2464,2537
284444,2468,2529
43426,2468,2533
150125,2469,2531
268782,2469,2545
215076,2470,2594
70687,2473,2535
97385,2473,2542
373027,2473,2557
224832,2477,2543
284443,2482,2545
376354,2485,2557
342433,2491,2554
166275,2504,2567
43243,2505,2566
122071,2505,2580
162904,2507,2564
57018,2545,2641
1259,2552,2628
244178,2553,2669
46183,2562,2645
36085,2566,2632
244177,2566,2714
376310,2569,2655
154589,2584,2653
314577,2586,2652
385073,2587,2655
30135,2588,2649
33376,2589,2654
311729,2590,2651
160936,2593,2654
306834,2594,2660
92002,2594,2664
208054,2595,2655
68471,2595,2657
167519,2599,2654
124926,2602,2662
83341,2603,2673
83340,2603,2676
243897,2630,2698
163167,2663,2718
90477,2665,2756
252123,2672,2782
58810,2676,2750
323223,2682,2765
70888,2683,2749
336032,2687,2758
4710,2688,2748
68116,2689,2775
130028,2691,2766
319334,2691,2781
365985,2692,2777
83356,2694,2781
75942,2695,2750
30008,2700,2765
268651,2702,2773
285119,2711,2775
1055,2717,2790
190157,2944,3034
132570,3062,3125
203648,3092,3168
62216,3198,3283
99217,3199,3300
113733,3201,3268
287211,3201,3271
72609,3201,3297
21280,3202,3273
302279,3205,3264
102470,3206,3304
181884,3206,3309
127400,3209,3271
11789,3209,3273
408560,3211,3278
225956,3212,3296
8088,3212,3301
268777,3212,3312
96938,3213,3276
52006,3213,3308
61967,3214,3266
14102,3215,3277
371932,3215,3300
177906,3217,3322
6894,3218,3262
162980,3218,3302
291692,3222,3266
49900,3222,3304
367490,3223,3302
340904,3231,3299
301282,3233,3292
245033,3234,3307
128565,3238,3299
1335,3240,3299
42156,3241,3302
333529,3243,3307
7684,3244,3309
390451,3245,3308
61737,3248,3302
375922,3269,3342
251764,3364,3444
251090,3372,3433
254658,3373,3444
232535,3378,3451
200050,3406,3470
312211,3410,3472
23676,3410,3478
50418,3413,3480
92290,3419,3479
23897,3494,3539
129823,3547,3609
306833,3548,3610
213609,3552,3609
129771,3735,3802
328572,3735,3843
132457,3745,3846
244097,3752,3847
109718,3753,3844
396649,3754,3860
244096,3764,3847
294449,3777,3851
221730,3787,3859
210490,3791,3849
189756,3791,3890
247834,3792,3862
173673,3793,3852
373028,3797,3852
319516,3802,3863
327523,3805,3903
267166,3812,3895
291158,3821,3886
231573,3822,3888
324460,3823,3885
159746,3823,3895
190259,3827,3889
10692,3833,3928
274408,3835,3906
203846,3837,3892
199482,3841,3910
129672,3905,3974
173671,3907,4015
1073,3937,4033
336660,3939,4038
184706,3957,4033
349647,3980,4052
173672,3995,4061
161787,3998,4052
323612,4170,4250
30444,4179,4250
382525,4198,4247
79631,4206,4250
