17461,101,165
386338,115,226
159799,120,220
382847,130,240
158785,136,236
48722,152,281
175371,152,327
147206,166,279
140353,170,284
242602,176,301
98750,179,300
54831,180,286
348918,184,279
4757,190,345
204828,200,275
124876,210,389
294496,216,370
159398,221,342
150826,222,339
130055,222,382
303875,225,345
208283,227,399
169043,234,333
295514,234,344
204979,238,393
127405,241,419
124874,242,310
8802,242,345
283503,242,367
375,243,376
12295,244,336
91291,244,340
89947,245,343
382846,250,370
3584,251,343
37748,252,310
345184,252,345
124877,252,420
266118,253,355
304692,253,375
1,255,344
336658,258,344
204980,269,392
135403,270,407
284216,271,387
44303,274,402
285484,276,413
71734,277,345
294495,283,358
147205,284,406
245904,285,346
143378,286,399
284215,288,390
45241,290,413
399351,293,391
134010,303,401
134011,305,367
46789,307,420
77922,310,415
167204,311,377
293939,313,424
179189,314,377
352620,315,413
1689,316,402
213369,317,408
274585,318,379
113975,319,414
45201,319,420
263275,325,438
191149,327,411
239739,328,427
262178,330,426
151308,333,431
277944,334,402
140369,335,410
92664,342,403
140370,348,409
73253,349,413
218333,368,476
169153,370,432
159399,370,478
4864,374,451
336659,378,473
245574,395,539
31890,396,467
292936,397,457
287745,400,475
218334,411,534
91533,415,487
311651,416,553
330614,419,479
304693,419,556
56980,420,478
74788,435,486
12778,444,539
124878,453,555
254686,459,541
297458,479,545
361648,485,540
114068,490,551
37831,590,654
19065,590,656
142653,590,665
128417,590,673
138564,590,678
352621,591,655
44872,595,660
23521,595,664
11361,595,676
39358,596,672
215143,597,659
91292,600,676
16350,602,677
279334,603,673
42942,609,674
256755,611,674
130641,612,673
282857,614,676
4714,615,675
59316,848,927
2,857,957
99248,859,954
196139,861,958
372873,862,934
233208,865,935
34401,866,955
4007,866,958
3841,870,936
50223,870,944
216620,870,950
43597,873,937
47417,875,958
247508,878,958
148757,886,956
108141,891,958
341151,898,954
149461,899,958
338568,902,958
83546,997,1075
159400,997,1079
361142,997,1086
3,998,1068
49110,998,1116
208216,1022,1097
281373,1024,1087
281374,1025,1088
80373,1032,1106
143924,1047,1121
147207,1049,1112
222472,1193,1256
5741,1193,1266
387506,1194,1271
239738,1196,1267
303874,1196,1274
196127,1260,1332
371761,1266,1345
165461,1280,1353
337323,1284,1351
202900,1308,1373
293938,1322,1385
310230,1474,1544
136208,1476,1549
390912,1481,1546
223393,1482,1548
295540,1491,1576
182184,1497,1565
49109,1586,1699
247678,1607,1701
83883,1626,1711
396965,1628,1690
5645,1628,1704
19185,1631,1717
66958,1634,1716
136773,1641,1721
83882,1655,1720
50023,1780,1839
332923,1780,1843
202019,1780,1848
401599,1785,1843
171406,1821,1890
171405,1825,1889
377038,1831,1886
49412,1930,1982
396963,1938,2039
102305,1949,2052
55840,1956,2031
352261,1966,2053
269371,1977,2041
171404,1983,2060
296448,1984,2039
110638,2133,2208
204981,2134,2201
225098,2135,2196
295538,2146,2234
69270,2149,2208
46280,2160,2231
110320,2235,2324
382506,2293,2345
101664,2299,2344
86474,2355,2404
330243,2365,2429
405353,2418,2514
1165,2434,2487
19378,2446,2511
175372,2451,2512
179188,2455,2520
295539,2456,2519
18873,2457,2520
375983,2458,2512
17963,2458,2533
132928,2460,2522
318524,2461,2509
29838,2799,2861
173364,2800,2859
160466,2814,2860
80169,2816,2863
330242,2915,2998
214544,2918,2974
222865,2919,2972
146055,2922,2988
18737,2923,2992
49109,3045,3143
121989,3057,3132
196138,3059,3145
44873,3062,3142
247677,3066,3131
310014,3069,3145
121990,3073,3152
5645,3077,3146
42448,3080,3138
132368,3081,3142
252138,3082,3141
191517,3083,3140
319005,3083,3142
116973,3084,3150
183742,3085,3146
915,3085,3180
25804,3087,3146
290895,3145,3201
295515,3284,3337
155866,3364,3411
385754,3364,3429
242375,3368,3429
40437,3381,3428
159108,3447,3504
116974,3461,3530
155867,3474,3530
305250,3481,3602
143377,3483,3552
361676,3493,3589
384182,3507,3560
247254,3507,3599
311902,3507,3602
227372,3521,3595
223729,3538,3600
163792,3609,3726
176288,3623,3689
225887,3912,3976
379180,4037,4087
19184,4077,4167
92180,4087,4142
172046,4091,4168
396964,4109,4168
62158,4224,4295
389997,4302,4357
7678,4409,4464
165460,4409,4479
154225,4410,4489
137887,4411,4458
175373,4411,4471
52081,4411,4474
262077,4433,4485
352009,4470,4542
130057,4488,4585
154226,4501,4569
97469,4508,4594
228696,4510,4600
204212,4510,4605
189215,4511,4568
157875,4515,4589
375814,4515,4596
147204,4520,4591
225986,4520,4611
251873,4521,4598
223730,4522,4583
309049,4525,4631
396003,4527,4598
13770,4527,4621
228135,4527,4627
191147,4531,4621
91200,4532,4593
168530,4533,4597
66785,4534,4605
56006,4535,4608
228847,4540,4621
238879,4543,4612
130056,4543,4623
164188,4561,4627
173715,4565,4637
44790,4571,4634
331228,4573,4635
322687,4580,4642
160775,4585,4670
10938,4589,4664
92179,4596,4662
314298,4607,4672
84388,4610,4672
94143,4612,4663
17550,4612,4673
224249,4614,4677
312488,4615,4671
13136,4616,4670
266962,4616,4673
189123,4624,4673
228848,4770,4817
159695,4770,4820
503,4770,4837
110959,4770,4845
12996,4773,4840
55228,4882,4979
14063,4884,4972
22543,4886,4968
132367,4888,4982
44873,4890,4969
193118,4890,4980
124875,4892,4972
111881,4896,4968
282240,4905,4969
12375,4912,4969
28509,4914,4969
160702,5064,5116
183173,5064,5120
178086,5064,5130
366510,5066,5120
370637,5070,5133
1690,5074,5129
146852,5075,5151
362275,5076,5129
165633,5078,5129
146853,5108,5236
298332,5155,5235
239471,5165,5217
337157,5285,5371
228136,5290,5365
142046,5479,5552
154224,5479,5566
8707,5486,5548
16961,5487,5556
72556,5487,5596
128932,5489,5553
314190,5490,5605
262076,5491,5554
82206,5507,5623
173629,5510,5618
171447,5517,5598
130107,5520,5635
112226,5522,5600
26817,5523,5621
336660,5527,5633
147604,5534,5646
364177,5535,5640
40630,5537,5629
3689,5539,5630
296064,5539,5644
375982,5542,5636
392547,5543,5613
100681,5544,5642
375815,5545,5652
47916,5548,5614
296065,5550,5643
330241,5551,5655
46898,5553,5614
359852,5555,5640
183648,5563,5670
366349,5568,5650
247507,5570,5626
366350,5570,5659
169152,5574,5634
132755,5574,5644
369340,5575,5628
341361,5576,5639
995,5582,5641
332924,5586,5656
277353,5591,5644
180019,5592,5656
242154,5594,5658
31705,5595,5662
29088,5602,5654
339844,5603,5671
51361,5604,5660
393204,5749,5810
142302,5750,5824
47917,5751,5817
392700,5754,5816
63326,5762,5810
213037,5867,5942
81062,5869,5951
239737,5870,5973
41255,5876,5930
10937,5876,5951
236127,5876,5970
146854,5879,5966
63138,5880,5949
185913,5882,5946
277943,5883,5957
208789,5883,5976
26918,5891,5965
18041,5897,5977
16833,5897,5988
323334,5899,5952
52082,5900,5968
346002,5900,5976
397509,5926,5980
310013,5929,5977
75538,5970,6062
143747,5972,6030
41256,5972,6039
400014,5975,6059
240980,5976,6028
395037,5979,6082
266262,5980,6055
112244,5980,6067
386855,5981,6062
244525,5982,6065
4263,5984,6037
278851,5984,6056
34427,5989,6083
23273,6004,6083
191555,6019,6098
244782,6048,6117
91290,6062,6151
183649,6064,6153
13516,6071,6139
89307,6081,6157
115022,6091,6157
69149,6097,6204
375813,6127,6219
127723,6134,6216
62800,6136,6208
303966,6139,6225
264013,6141,6227
11528,6142,6205
359851,6151,6221
38303,6153,6219
357918,6153,6227
116956,6159,6221
377037,6160,6229
238791,6161,6248
396002,6163,6215
103195,6163,6225
308291,6172,6228
365212,6172,6242
159304,6190,6244
14477,6206,6260
10082,6209,6264
3,6281,6345
138563,6281,6348
340543,6281,6357
309445,6282,6346
210497,6282,6355
126787,6282,6361
83545,6282,6373
49110,6283,6404
144401,6287,6361
387957,6291,6352
201573,6291,6362
314297,6292,6346
116957,6296,6395
16447,6299,6362
300241,6317,6373
222866,6327,6409
183257,6331,6397
191148,6345,6408
46279,6347,6402
