331248,143,214
280803,143,254
3142,143,275
46788,144,229
196547,144,241
169259,144,282
68911,145,235
260094,146,230
137462,146,246
165688,147,267
48903,148,275
341118,158,263
104187,159,257
253453,159,269
308759,160,230
31456,160,283
175371,160,324
372930,163,274
319524,166,227
37047,175,264
67407,183,293
156328,186,350
23960,187,333
395147,192,277
96206,192,288
374912,196,307
4757,198,346
54790,200,354
151989,209,329
233517,210,335
337147,211,342
259805,218,277
294611,218,346
4719,219,336
9436,220,331
116324,223,335
232696,229,386
238213,232,377
87569,233,353
165689,234,347
4223,234,359
231087,236,386
246987,238,365
402146,242,359
8802,246,354
284446,248,311
159350,249,328
59445,249,370
399017,250,335
197908,250,348
119923,251,345
309287,251,394
375,252,363
127405,252,413
67593,255,368
10549,257,389
296794,257,399
54789,259,409
402145,263,359
238214,263,412
134070,266,358
114104,267,352
90614,267,387
168392,267,399
358886,273,346
75284,274,394
83730,275,403
2149,275,410
336993,278,385
165690,280,374
4222,284,403
25929,285,355
45241,286,409
310021,291,352
291177,291,387
114105,291,396
399665,295,363
116833,295,381
265357,301,418
46789,303,407
88604,303,414
293727,305,388
79401,309,365
115445,315,400
274428,321,394
114106,321,414
87398,324,385
399018,332,418
92358,333,410
230051,376,477
136938,392,457
225748,403,494
187981,406,471
281205,406,480
394404,409,509
166082,410,471
211307,427,507
29411,437,539
358885,453,563
204448,471,563
145979,474,569
40130,494,559
408424,496,563
18258,644,708
7678,646,714
100076,646,731
43985,648,699
111481,649,712
30027,649,720
25037,652,719
306779,654,722
138927,820,906
290546,820,910
50515,820,921
196939,820,927
197953,824,894
216653,832,893
74469,835,899
379241,839,910
224132,929,1008
304720,931,996
224124,931,1028
72148,1230,1308
400667,1240,1309
197952,1243,1300
290547,1300,1390
329902,1303,1378
66808,1314,1375
403441,1314,1391
9549,1317,1386
386435,1473,1517
393122,1473,1544
321387,1475,1536
212375,1475,1538
212915,1479,1533
244776,1899,1983
224131,1899,1988
224124,1900,1998
363575,1921,1984
30943,1937,2005
382922,1946,2003
224125,1974,2102
239560,1985,2081
7679,2009,2069
167085,2014,2069
180267,2018,2092
98427,2019,2080
223260,2021,2082
100206,2024,2077
233518,2026,2079
127005,2026,2096
89004,2027,2087
13844,2027,2093
388328,2028,2085
360242,2029,2086
344251,2029,2091
331902,2031,2091
253454,2237,2310
130627,2321,2383
361518,2536,2598
388327,2544,2626
115696,2551,2606
230601,2572,2631
77399,2573,2635
131769,2575,2636
266052,2577,2629
280847,2592,2653
276586,2830,2873
309825,2836,2887
244777,2847,2965
68993,2854,2927
365822,2864,2937
231021,2866,2929
224130,2867,2940
269107,2870,2969
304721,2871,2954
137979,2881,2967
330723,2952,3002
224125,2979,3118
91616,2984,3033
403442,2986,3041
25314,3029,3093
400047,3029,3109
161589,3038,3104
290545,3039,3093
14974,3046,3104
407823,3125,3228
294505,3139,3201
226128,3147,3233
4227,3148,3209
205040,3175,3243
30749,3180,3241
223261,3299,3352
309419,3299,3359
53591,3299,3363
499,3300,3358
130628,3302,3352
253647,3302,3363
259806,3303,3351
114486,3415,3480
274046,3420,3479
54316,3422,3485
177695,3600,3672
166905,3603,3667
198060,3603,3675
23743,3805,3869
326327,3805,3892
400048,3805,3899
195350,3814,3895
61092,4018,4063
272240,4148,4206
262326,4150,4205
246592,4275,4328
224117,4284,4364
117673,4292,4360
167084,4300,4361
76347,4300,4363
69594,4312,4363
236182,4414,4472
224117,4433,4507
397289,4452,4507
224122,4587,4708
224121,4605,4737
333218,4616,4680
68912,4631,4708
45693,4634,4704
147482,4681,4730
224122,4859,4973
224121,4880,5001
161020,4924,4994
146907,4985,5037
399016,5043,5142
41175,5044,5121
361008,5045,5134
41176,5046,5140
256822,5047,5149
179573,5055,5135
326326,5059,5143
405346,5062,5140
399664,5065,5141
242752,5070,5144
88605,5074,5140
340044,5077,5140
142430,5082,5135
63496,5083,5141
362690,5085,5147
329899,5087,5143
21887,5211,5267
47022,5215,5268
127004,5216,5264
290083,5217,5267
9133,5436,5498
51058,5438,5501
175372,5449,5502
401417,5569,5641
25036,5582,5637
343171,5583,5643
353477,5583,5646
145607,5609,5708
85533,5630,5707
40633,5650,5707
144877,5746,5800
169296,5746,5811
134716,5751,5811
31157,5754,5842
151586,5756,5810
105236,5756,5815
92194,5757,5845
246591,5758,5813
23677,5759,5837
156327,5762,5813
30990,5766,5832
29769,5767,5843
165691,5775,5841
170616,5823,5896
285931,5826,5899
29398,5829,5903
17213,5833,5887
192374,5833,5892
6336,5850,5921
352616,6213,6289
204369,6213,6302
31629,6217,6293
62377,6226,6294
265685,6233,6285
345490,6233,6294
85532,6233,6357
29796,6235,6296
199618,6239,6294
404076,6249,6326
65993,6254,6308
276026,6348,6413
88296,6352,6414
390504,6353,6413
120034,6363,6408
62376,6468,6563
57120,6557,6669
191792,6561,6654
223495,6562,6651
6119,6563,6647
4420,6563,6672
62368,6567,6654
92691,6576,6657
5042,6576,6663
242534,6578,6671
234045,6583,6654
50755,6585,6655
196940,6588,6655
74730,6589,6668
401671,6592,6656
113333,6600,6664
169295,6606,6667
35479,6625,6672
246103,6710,6793
68072,6723,6782
403440,6723,6789
9437,6736,6798
6118,6753,6801
17540,6987,7051
340970,6989,7076
243693,6990,7065
147950,6991,7070
269774,6992,7074
175934,6995,7067
175646,7001,7066
246401,7004,7059
319016,7007,7058
292116,7011,7076
121331,7012,7074
122530,7028,7074
30750,7252,7355
30748,7263,7333
163042,7283,7355
261942,7301,7362
401416,7437,7500
38075,7437,7502
404074,7437,7510
43412,7439,7507
239561,7442,7504
115033,7443,7505
18612,7446,7504
331638,7451,7497
45100,7540,7646
123303,7545,7612
120751,7581,7639
362689,7582,7649
377726,7589,7654
403035,7594,7647
254220,7618,7665
388440,7618,7672
116603,7618,7687
145607,7632,7727
288476,7648,7704
134717,7655,7727
362273,7660,7724
18306,7660,7727
245982,7673,7728
297988,7775,7827
147481,7796,7855
46062,7804,7857
277686,7826,7882
87397,7831,7888
347962,7839,7893
149424,7872,7921
400668,7882,7939
328966,7959,8019
2843,7989,8041
260284,8038,8116
189847,8060,8118
15632,8060,8121
100205,8061,8136
254100,8077,8139
309045,8079,8144
362902,8082,8140
28253,8083,8130
51759,8084,8138
5400,8087,8145
308719,8684,8750
111673,8774,8850
231088,8776,8852
134071,8787,8852
217478,9084,9141
224192,9172,9229
259804,9264,9339
294610,9264,9354
100266,9267,9340
308758,9267,9344
144601,9273,9342
29065,9278,9358
379421,9279,9340
205039,9286,9338
194040,9362,9410
18150,9366,9417
204721,9386,9459
329900,9418,9495
166166,9419,9482
68910,9420,9489
280802,9429,9494
297786,9431,9494
222103,9738,9825
142830,9744,9824
324031,9747,9824
74468,9751,9817
196942,9751,9820
208596,9756,9810
136937,9778,9825
175373,9910,9978
281068,9915,10004
40061,9932,9975
144344,9939,10014
43638,9952,10027
362994,9954,10016
158158,9956,10005
352117,9956,10018
119924,9988,10039
108000,10075,10139
331637,10075,10155
117585,10075,10161
125608,10075,10197
17641,10076,10128
131768,10076,10138
274564,10077,10139
72149,10077,10147
43024,10078,10140
73537,10081,10132
156371,10087,10175
191791,10098,10189
264879,10099,10159
294009,10099,10213
335152,10105,10192
41859,10106,10194
54684,10106,10215
392877,10106,10220
47043,10108,10176
253646,10145,10232
15900,10156,10235
399662,10224,10308
192730,10238,10342
399663,10240,10338
154151,10255,10343
50690,10282,10343
297785,10283,10341
281334,10668,10725
224130,10668,10735
224128,10668,10761
244778,10668,10765
144161,10669,10750
224132,10670,10748
224131,10670,10753
82320,10671,10736
400049,10679,10740
69593,10683,10759
115032,10706,10790
50514,10706,10821
43653,10749,10813
398213,10753,10829
60943,10760,10826
118949,10764,10829
142045,10765,10835
176060,10920,10970
363574,10920,10987
313209,10921,10971
311878,10921,10990
111480,10922,10985
154583,11048,11097
19720,11049,11108
16784,11054,11111
224127,11179,11251
196941,11318,11406
379240,11324,11395
130629,11330,11411
87120,11330,11432
407822,11332,11450
304722,11337,11446
334989,11365,11480
13133,11372,11454
197951,11372,11464
350741,11380,11464
180873,11380,11468
21683,11382,11439
166169,11382,11446
498,11383,11438
208894,11384,11471
152867,11564,11648
254032,11573,11663
406392,11576,11660
311012,11583,11646
404075,11583,11651
324280,11583,11659
103988,11585,11679
133915,11590,11690
124481,11593,11679
182119,11595,11671
62130,11595,11687
370455,11596,11681
98257,11597,11677
192731,11598,11659
53307,11599,11689
205728,11602,11664
35478,11604,11659
134160,11604,11668
287308,11604,11686
123304,11612,11697
194214,11630,11685
185313,11633,11689
366666,11720,11814
7076,11769,11825
371404,11771,11842
333563,11788,11851
186660,11795,11851
379253,11927,11989
230050,11944,11990
220711,12077,12118
313220,12116,12173
208063,12144,12209
24380,12148,12209
146906,12156,12228
192729,12318,12397
54792,12330,12412
54791,12334,12413
383706,12334,12425
345457,12342,12417
262288,12349,12413
142044,12372,12459
318176,12376,12439
322793,12376,12441
338057,12376,12445
405388,12376,12450
328196,12376,12454
102467,12376,12466
197950,12377,12459
149714,12378,12440
218384,12378,12449
23742,12381,12458
23110,12406,12468
399821,12408,12466
116262,12634,12734
379239,12638,12733
149396,12639,12722
154146,12646,12739
329898,12646,12762
219091,12652,12742
226773,12653,12739
94977,12657,12738
82170,12674,12739
166167,12675,12762
166168,12676,12758
264450,12678,12744
224129,12680,12762
226127,12689,12753
32501,12695,12762
230500,12703,12762
286459,12889,12946
209597,12895,12950
286458,12897,12949
214851,12903,12949
4224,12995,13050
406051,13370,13417
342182,13373,13417
230049,13648,13703
381934,13863,13919
225747,13892,13948
134072,13895,13947
211234,13949,14000
132792,14034,14104
224128,14044,14140
19785,14060,14122
69592,14062,14138
322262,14081,14145
224127,14333,14410
15901,14602,14665
129901,14627,14691
407699,14627,14713
82973,14630,14693
407698,14634,14718
18613,14643,14712
246102,14652,14720
207764,14658,14720
370648,14667,14729
362104,14765,14818
257262,14855,14908
188882,14856,14903
24750,14937,14989
25805,15459,15522
51600,15459,15526
404855,15459,15541
224191,15459,15549
15742,15486,15581
371371,15490,15567
274045,15507,15589
175625,15527,15587
181866,15527,15592
127351,15527,15604
170592,15529,15587
97844,15534,15625
106787,15536,15592
315863,15536,15639
193971,15537,15628
55726,15549,15626
287057,15605,15677
362274,15607,15669
306780,15757,15821
286707,15931,16005
399986,15932,16033
224126,15941,16075
198061,15944,16030
228768,15950,16018
117672,15951,16011
13134,15951,16034
166170,15951,16038
180872,15952,16015
677,15957,16021
329901,15982,16075
140026,16062,16130
205196,16446,16503
259084,16446,16508
118006,16446,16511
62893,16446,16525
20476,16447,16510
224120,16611,16680
224120,16824,16883
156120,16910,16959
274044,16910,16966
297486,16918,16974
224123,16972,17079
224119,16981,17078
224118,17157,17261
224119,17158,17265
54489,17207,17254
224123,17310,17419
224118,17314,17417
399986,17503,17603
23676,17507,17576
224126,17513,17647
286708,17515,17586
198062,17517,17616
13134,17520,17603
239559,17522,17571
166172,17524,17628
677,17529,17585
166171,17556,17678
193549,17560,17631
400669,17561,17624
385505,17563,17664
243692,17568,17642
180871,17582,17687
224129,17587,17674
32501,17602,17677
97869,17616,17677
