69709,105,227
94503,105,245
71248,106,230
95261,106,238
257559,116,229
60000,118,206
66406,121,228
202186,129,219
15706,129,263
20013,130,184
3766,134,227
220097,134,280
304731,137,193
225310,139,199
63850,143,262
111100,149,254
206634,152,208
54128,152,256
3142,155,263
355777,169,333
202187,179,292
34778,180,288
54054,182,295
74270,184,313
4757,185,316
136972,188,236
114843,188,246
107107,188,268
245839,188,282
13981,188,313
107765,195,298
229939,195,311
351065,197,292
2610,204,300
2429,204,314
23952,204,323
231256,204,329
56078,204,333
184535,205,292
94502,209,325
131404,213,309
54055,214,321
232696,216,363
58720,220,316
136039,220,320
389485,220,329
399863,220,338
229938,220,350
52035,221,325
283470,222,296
310893,223,291
380983,224,344
42463,225,325
43801,225,335
82924,225,348
266885,226,292
19883,227,333
317010,227,368
115509,228,346
33965,229,342
229940,230,325
98251,232,332
39998,232,338
167744,233,288
13852,233,292
95262,233,360
58237,233,364
317011,234,342
50099,235,345
8802,236,326
333550,237,333
68117,240,366
345184,242,328
399249,243,358
89339,244,338
89340,245,362
229937,252,360
268562,253,357
346552,254,368
39391,254,373
56077,258,353
291149,265,392
33964,268,373
293931,275,340
52036,286,358
41672,293,356
354126,295,368
149533,295,377
30389,299,360
273892,334,480
48064,346,403
232961,346,486
235970,354,410
231257,355,454
115510,377,426
145965,385,492
117919,395,481
161431,397,478
291150,397,489
220098,423,489
78676,434,487
244620,526,593
54130,526,603
372559,527,591
255811,527,612
136032,529,598
309232,532,605
367193,534,615
54129,535,640
240412,541,599
136031,541,606
196324,541,613
337731,542,620
292946,543,606
110566,544,633
143585,547,613
20654,549,606
344405,549,619
25634,550,607
344406,551,613
175232,551,626
74486,552,606
167340,552,621
288168,555,616
75821,555,620
330845,581,660
62008,582,644
181295,582,655
179733,601,666
116777,601,690
94181,614,675
44953,614,691
256806,615,701
297016,627,726
181296,637,698
175320,643,718
322291,645,704
22849,646,720
10925,652,719
343243,653,727
257812,659,717
1703,659,719
313793,668,731
8913,670,742
56076,676,742
41073,686,738
88094,687,736
256421,688,756
389019,706,779
155367,719,782
26589,723,784
108924,723,790
55421,726,778
396515,729,781
371293,740,805
246531,744,806
205310,781,836
369248,808,886
270433,816,884
230304,817,878
1819,820,888
388590,824,884
52034,832,881
221190,832,885
97982,837,886
335037,951,999
30390,1066,1141
120919,1068,1153
281507,1160,1217
307417,1321,1385
137660,1334,1390
343334,1539,1612
267479,1540,1621
86746,1546,1612
394457,1548,1613
118414,1548,1621
374710,1550,1622
26290,1553,1622
188555,1554,1609
197744,1556,1616
210195,1556,1622
57499,1561,1611
375297,1562,1622
251373,1565,1621
201126,1568,1617
261478,1569,1619
121006,1649,1732
141597,1649,1751
338281,1665,1739
239692,1693,1767
3766,1710,1797
25227,1718,1768
143584,1722,1773
123146,1765,1850
288167,1769,1862
171417,1770,1846
75360,1775,1844
200729,1781,1842
250552,1781,1869
143453,1785,1847
323453,1786,1873
46420,1789,1856
404697,1791,1860
395101,1792,1869
176061,1794,1859
243551,1794,1865
99062,1795,1868
371770,1796,1858
53877,1797,1869
256808,1797,1884
374711,1799,1861
275981,1804,1865
365,1807,1876
389980,1811,1872
399005,1822,1904
59231,1823,1913
30391,1838,1921
366132,1843,1921
291148,1990,2053
126255,1990,2061
45381,2022,2087
386068,2027,2088
352743,2040,2086
245614,2161,2218
