381250,102,150
247842,132,186
86592,145,190
158865,146,189
242,217,270
142400,217,277
242,217,285
319115,217,289
242,217,307
837,217,320
837,217,355
5201,218,262
243229,225,301
248871,225,330
111981,226,299
376208,227,352
202886,229,347
319116,230,339
7267,230,344
77295,233,327
402129,234,359
29848,239,348
35453,243,354
377254,243,369
80612,247,355
137688,250,348
87587,253,389
248210,257,338
294572,258,340
319117,258,352
285041,262,387
211039,265,320
33146,265,333
319118,265,349
111982,267,385
159258,271,410
365865,273,393
116230,278,410
253668,279,424
51061,280,398
357862,284,396
331198,288,390
139144,290,404
209101,295,402
144575,295,445
340794,297,409
324449,297,419
89863,307,444
288317,309,436
45499,321,417
27140,321,454
252597,322,437
264390,324,445
62980,325,432
58404,326,453
217742,329,447
211483,330,440
208826,330,453
21307,333,454
1431,334,434
315245,334,446
310235,338,437
27301,338,445
209100,339,448
298415,343,406
357863,344,450
41556,349,444
250125,349,451
342356,355,434
7345,357,447
125086,358,454
341111,359,418
27871,364,431
34173,373,446
215149,376,431
76740,387,441
9481,400,453
144718,541,621
370866,551,635
376209,552,629
238183,554,630
28735,554,645
75587,564,630
339377,565,628
341541,566,615
340750,566,648
110632,569,646
17843,575,645
17901,577,643
117047,580,643
390351,589,650
188878,637,710
89185,764,813
142399,842,934
155335,859,919
72875,1199,1255
28736,1202,1288
378272,1203,1291
88130,1261,1338
307884,1268,1338
87320,1273,1334
284658,1289,1362
377253,1289,1408
28734,1329,1407
17844,1335,1437
16903,1600,1657
58403,1600,1662
218960,1601,1651
76986,1601,1660
68111,1609,1668
190653,1842,1898
226477,1842,1901
258881,1843,1884
110675,1845,1896
104733,1849,1915
178433,1850,1914
111110,1914,1977
272081,1918,1991
46536,1929,1990
380982,2096,2149
318286,2096,2157
45886,2174,2241
115868,2280,2347
258843,2281,2332
339759,2281,2339
66644,2282,2350
21061,2291,2349
343986,2293,2369
183599,2305,2368
335796,2307,2365
83349,2323,2397
315453,2327,2386
25724,2331,2388
10159,2333,2399
364077,2688,2742
256002,2806,2861
78724,2814,2865
399983,2814,2873
353609,3071,3142
121572,3110,3172
258844,3157,3228
290031,3210,3282
237486,3215,3295
141784,3218,3280
197288,3222,3289
167325,3229,3310
325469,3232,3346
312877,3234,3322
33456,3236,3298
26523,3238,3303
122699,3238,3321
26524,3243,3296
353282,3244,3306
7991,3244,3308
175445,3244,3324
167324,3250,3341
25715,3252,3322
60641,3253,3327
194019,3256,3325
273097,3259,3346
7807,3261,3323
157078,3267,3329
100714,3279,3336
118418,3297,3354
87586,3538,3595
288166,3557,3633
217743,3572,3637
217741,3575,3639
378312,3579,3628
345746,3714,3779
354377,3808,3862
313859,3808,3870
355337,3810,3863
279112,3814,3863
315208,3823,3882
137248,3824,3876
49340,3835,3884
298580,4024,4078
