386249,95,157
341402,96,160
22352,96,179
33387,99,166
155767,101,178
218186,109,171
219760,118,179
209,119,171
89072,119,177
331128,119,189
100715,122,178
62146,124,178
278551,212,271
334742,230,293
19065,305,369
27656,305,372
75093,305,410
49258,305,417
75092,308,420
150122,309,392
226706,310,375
23521,312,370
5463,312,375
16451,316,403
190402,316,416
183164,359,419
93252,432,509
365101,749,813
381811,796,865
155570,799,892
279749,801,866
245781,801,899
319885,802,869
50902,805,883
334202,806,874
151861,809,876
13,811,878
42672,812,922
228998,821,900
245780,868,941
327168,870,931
91759,870,933
315258,878,938
148244,938,996
70899,942,1044
38525,958,1011
229424,964,1083
256181,967,1076
155571,989,1075
287457,1005,1079
9823,1025,1112
232887,1027,1116
213775,1034,1119
388783,1053,1130
198354,1057,1119
322485,1068,1120
18937,1068,1144
6695,1076,1152
68204,1083,1145
74443,1201,1261
50318,1514,1595
67199,1522,1594
223258,1526,1616
21152,1531,1602
49871,1554,1630
49872,1557,1632
282693,1603,1721
137380,1606,1707
33236,1611,1684
121355,1617,1681
350830,1619,1724
198662,1620,1693
317283,1622,1698
52967,1636,1701
132152,1638,1708
235553,1646,1711
146643,1682,1727
277895,1820,1895
