342710,77,130
164181,126,190
395900,126,201
255751,133,244
184658,135,246
147806,136,197
235636,137,210
235751,137,260
24917,140,237
90683,141,261
92925,146,245
348854,151,274
149253,153,250
348855,154,260
130033,157,233
302490,158,237
34901,160,240
391116,165,259
391115,166,238
57867,167,231
37490,167,235
305380,168,228
81351,168,230
345291,170,231
345292,171,232
389375,171,236
343216,171,239
320313,172,235
66847,174,228
51209,175,238
269969,175,258
230448,176,244
235750,178,271
56365,185,268
28952,191,267
272277,193,262
249063,195,261
299333,196,257
253913,196,259
84173,197,258
290393,201,259
60696,201,275
217354,206,281
276410,209,277
123110,210,271
43407,307,371
319847,312,387
66904,316,397
268693,334,409
149756,508,558
37249,756,798
76297,862,928
9750,866,946
94271,872,938
162214,880,942
165491,981,1067
338632,981,1074
31147,984,1039
40695,985,1073
171311,990,1048
370959,990,1056
78176,990,1069
101209,992,1052
130824,992,1062
326915,993,1080
10937,997,1074
290899,1005,1069
262309,1007,1072
317794,1014,1079
39899,1035,1107
368175,1186,1249
239579,1187,1247
47178,1190,1277
393532,1204,1265
229005,1204,1275
337307,1383,1444
34942,1384,1445
184474,1385,1448
296573,1386,1447
103197,1386,1450
348856,1389,1451
272875,1391,1456
229452,1394,1457
48591,1404,1466
45477,1407,1467
348853,1541,1649
28919,1559,1636
784,1560,1629
326278,1565,1669
209364,1566,1653
95563,1575,1672
277902,1587,1658
75403,1587,1673
160501,1588,1666
393097,1589,1657
317795,1592,1671
28613,1593,1669
9751,1599,1672
401259,1600,1667
170737,1604,1671
189505,1720,1783
141550,1778,1851
188717,1797,1867
277106,1858,1946
265313,1897,1975
241538,1897,1989
241537,1898,1966
243739,1926,1992
278075,1937,1996
145318,1943,1996
28920,1943,2007
115777,1943,2013
238889,2255,2312
245747,2378,2455
163524,2520,2610
281882,2551,2629
76296,2563,2625
293377,2667,2732
353943,2702,2767
341950,2716,2778
325065,2799,2867
95296,2801,2872
95562,2805,2874
280585,2813,2873
128341,3043,3095
34975,3046,3105
175394,3046,3129
285432,3059,3128
404352,3082,3157
272761,3301,3368
255756,3446,3505
300753,3933,3989
184659,3980,4078
391358,4001,4065
198314,4080,4141
51878,4081,4137
270079,4195,4278
103526,4197,4258
4006,4199,4262
127889,4199,4266
114775,4209,4275
144788,4430,4486
194517,4430,4493
166396,4430,4507
30989,4430,4513
401169,4430,4519
27195,4431,4510
363728,4434,4506
122360,4871,4928
195468,5041,5123
26504,5066,5125
300754,5160,5224
348852,5399,5465
124581,5419,5485
105475,5431,5499
31550,5480,5600
257400,5483,5603
53036,5500,5591
69710,5503,5577
337,5503,5583
24123,5503,5607
337,5503,5613
292222,5508,5584
379126,5525,5583
285225,5526,5591
206304,5526,5603
95244,5526,5616
147973,5530,5594
54983,5531,5617
76576,5531,5627
200343,5536,5595
37292,5536,5598
91744,5544,5594
113977,5588,5653
211238,5588,5656
14589,5589,5660
101632,5589,5679
259778,5592,5634
8969,5593,5664
67854,5598,5662
8969,5603,5675
91745,5699,5753
108722,5699,5758
70879,5704,5761
329090,5704,5771
356288,5705,5758
327546,5711,5755
245746,5727,5795
374450,5730,5792
72998,5756,5811
179368,5765,5832
285175,5770,5830
80383,5772,5827
170858,5774,5826
69059,5775,5823
137098,5780,5843
165303,5843,5912
237387,6232,6278
393795,6233,6277
220925,6233,6297
14243,6234,6310
329089,6235,6296
329115,6235,6300
343508,6237,6301
369249,6238,6302
327545,6239,6299
126203,6241,6305
14244,6244,6306
242253,6329,6379
197049,6509,6565
348851,6563,6636
404138,6582,6653
