119281,223,278
395690,223,287
209273,223,289
66010,223,294
43824,223,297
108499,223,310
134224,223,313
139795,224,302
243229,224,306
837,224,338
837,224,370
350995,226,319
376028,235,351
45541,235,359
160876,235,379
305045,238,353
186359,239,384
33463,240,365
164366,245,359
389389,246,364
341552,247,383
144348,253,379
222522,260,363
134485,268,418
38532,288,409
326863,317,434
160875,333,468
164365,338,432
121307,338,459
239479,344,463
16861,345,440
168211,356,459
1431,357,467
91737,358,473
243230,359,463
74973,363,439
200671,363,462
41556,364,460
79345,367,472
394571,372,463
224878,381,462
20590,387,461
320389,387,473
342293,538,602
169830,538,611
40869,540,594
320109,541,588
104971,542,594
304487,543,595
275571,543,605
356969,547,608
201537,548,609
201608,599,707
186360,617,700
7954,619,705
27666,620,697
110339,624,723
19065,636,700
347817,640,730
351989,695,792
180357,698,763
10442,700,786
91638,709,783
380946,716,794
139706,725,789
96018,728,792
68036,738,792
5711,738,796
299652,738,802
154891,738,819
201538,739,823
357994,750,823
140731,756,817
233546,761,825
79183,762,819
302330,765,826
74423,766,820
179314,786,850
397793,795,850
60270,795,882
197109,1151,1202
294737,1363,1437
401981,1371,1435
294736,1390,1436
102539,1404,1547
166868,1424,1533
350508,1425,1528
28688,1429,1547
41624,1430,1505
50414,1432,1511
330675,1432,1546
287549,1434,1508
23297,1439,1513
160397,1454,1539
119153,1455,1547
81550,1463,1528
65149,1594,1660
207047,1594,1665
53249,1610,1651
211725,1626,1693
306552,2024,2078
291270,2039,2122
376826,2047,2120
310228,2051,2121
5465,2052,2131
130634,2053,2119
197108,2053,2140
302568,2057,2127
326864,2059,2132
40868,2064,2121
13567,2064,2131
14080,2067,2124
74508,2366,2419
337780,2423,2480
281781,2423,2484
309410,3261,3322
294731,3580,3743
43582,3673,3752
316694,3702,3749
294731,3806,3969
197366,4187,4258
43465,4206,4281
178361,4211,4287
198019,4214,4286
347674,4215,4281
59705,4217,4288
348186,4218,4284
167168,4220,4283
323710,4220,4286
117453,4499,4564
197365,4861,4923
209732,4926,5017
171017,4970,5077
18126,4972,5047
350650,4992,5077
283515,4998,5078
283516,5000,5094
323709,5019,5082
222108,5020,5078
90513,5032,5095
50466,5035,5095
389388,5154,5212
228628,5303,5356
364257,6111,6166
273296,6111,6185
226148,6113,6237
399461,6158,6246
294735,6158,6254
198015,6158,6278
64330,6252,6322
226147,6253,6386
14067,6256,6322
54851,6270,6361
51335,6272,6351
209733,6281,6350
201535,6282,6394
290479,6289,6354
294734,6297,6394
398963,6322,6391
380947,6331,6393
6917,6569,6627
61671,6716,6793
198016,6748,6852
378419,6782,6850
357348,6783,6852
316712,6784,6854
96060,6786,6853
294736,6787,6848
118337,6789,6859
221546,6789,6873
100777,6790,6863
104295,6792,6856
260915,6793,6855
342782,6794,6885
178780,6795,6856
346318,6796,6857
294732,6797,6883
399970,6800,6879
31226,6801,6871
313327,6803,6864
283512,6844,6959
223539,6850,6918
4263,6864,6926
75538,6865,6950
378272,6867,6952
283513,6962,7084
376092,6966,7038
50466,6984,7050
32501,7005,7079
74422,7012,7069
124592,7035,7107
40870,7036,7104
103556,7049,7111
274273,7049,7164
294732,7051,7128
376027,7056,7132
197107,7072,7160
46185,7095,7159
34373,7098,7161
89847,7105,7159
376051,7222,7297
346202,7223,7291
34257,7240,7296
154358,7240,7305
330926,7240,7313
258999,7242,7303
190111,7242,7310
112986,7246,7321
95173,7258,7328
262472,7260,7371
12509,7264,7368
117910,7265,7313
395689,7267,7334
394265,7268,7351
63045,7273,7360
150862,7274,7335
8835,7275,7362
149814,7276,7367
198018,7342,7389
276051,7345,7405
294734,7557,7642
167370,7602,7654
335931,7602,7667
275263,7612,7665
388869,7619,7673
121266,7633,7686
102079,7772,7825
342867,7775,7837
277534,7778,7838
198017,7823,7945
400161,7844,7910
399460,7853,7974
80094,7856,7915
318986,7876,7931
294735,7891,7983
397674,7919,7990
166178,8007,8088
223540,8008,8086
47992,8012,8084
175974,8023,8087
186358,8024,8090
32501,8027,8090
84076,8137,8208
395975,8194,8258
397056,8262,8317
39445,8345,8400
397055,9284,9362
222521,9289,9343
316576,9322,9413
65148,9327,9396
279776,9339,9396
210521,9624,9672
43428,9706,9780
24461,9722,9769
80721,9739,9837
174610,9743,9849
294733,9744,9806
140579,9747,9858
17461,9749,9796
389387,9750,9843
20350,9753,9815
29356,9753,9821
123907,9753,9837
283514,9757,9848
198020,10055,10119
350864,10172,10240
294737,10187,10255
303745,10193,10255
104852,10309,10373
66027,10327,10394
335505,10328,10390
349367,10329,10379
344774,10329,10397
290529,10329,10407
367103,10331,10392
286566,10331,10394
28687,10429,10497
325812,10431,10495
37399,10432,10486
286356,10432,10507
162797,10433,10491
286355,10433,10502
286566,10435,10496
294733,10699,10769
377784,10710,10761
