146226,85,225
239312,86,147
56854,94,234
95462,98,204
64900,103,196
63902,111,186
404086,123,184
213300,123,186
218248,123,295
203346,123,306
300820,125,255
74445,126,281
256404,127,275
112867,130,264
146227,134,262
384005,135,231
49040,141,189
83751,141,202
306537,142,195
35745,148,231
334020,150,246
391077,150,286
145735,152,260
371377,153,281
127510,153,316
233774,155,224
341835,155,243
149249,156,204
371166,157,231
49636,157,246
362631,158,228
225162,158,256
85072,159,305
41054,163,227
140735,164,301
242,165,234
217644,165,309
84095,166,256
206694,169,277
262299,171,236
242,173,258
85127,175,310
256406,177,348
837,180,289
837,187,321
399489,188,338
289915,189,314
4219,190,276
54086,192,329
74444,193,313
159286,195,306
145797,196,328
62411,197,334
203103,197,374
328264,206,359
146228,209,304
343581,209,319
24278,210,353
71002,211,346
80915,213,327
253025,213,357
388468,215,379
262852,219,338
371165,220,334
33146,226,304
57868,226,339
3178,229,296
42610,229,319
234063,229,350
83695,232,334
118349,234,367
222580,235,296
148537,235,328
85748,235,336
62410,243,359
116230,244,382
35746,253,379
222983,262,391
225163,268,412
100917,276,398
54087,285,408
274372,285,418
11955,285,423
34119,292,409
85556,303,409
1431,308,408
85071,309,417
24390,313,405
73965,324,390
256405,324,424
376236,324,437
264840,326,418
28000,326,439
272506,329,426
229403,331,388
18958,333,396
62198,345,404
165070,383,453
403029,421,482
310776,506,574
218512,507,571
109206,508,570
107103,518,575
79127,518,582
170207,524,585
3731,777,864
187615,779,832
167992,779,847
104173,780,865
280584,784,847
319473,786,848
59893,792,847
387432,792,874
230604,794,847
116539,796,862
63880,797,847
12456,798,868
11838,802,867
274371,802,873
192850,803,866
278474,807,875
130169,808,872
136365,815,923
116626,822,873
399488,828,953
3730,862,989
191108,876,1003
3729,925,1013
272687,970,1013
251680,1094,1163
149017,1096,1182
141834,1097,1230
224220,1102,1172
298138,1108,1171
224221,1114,1172
69501,1117,1179
198541,1138,1188
251679,1146,1276
110391,1152,1214
316152,1157,1213
198540,1158,1217
119198,1209,1271
213299,1212,1275
205525,1214,1275
50746,1217,1276
229356,1218,1277
282756,1221,1283
93874,1222,1287
148605,1227,1272
378583,1235,1296
116981,1238,1285
38409,1243,1314
258477,1243,1325
91405,1265,1328
42978,1281,1378
63881,1282,1351
135094,1285,1341
78729,1305,1367
191107,1328,1414
153882,1329,1448
189471,1336,1399
172235,1337,1392
264841,1342,1451
108235,1522,1598
368651,1527,1588
363990,1572,1635
55476,1576,1669
11716,1592,1660
330092,1593,1663
17653,1598,1682
164072,1600,1660
149223,1601,1657
211257,1601,1662
57647,1601,1677
364396,1602,1679
312273,1609,1660
272238,1613,1676
389450,1682,1754
158918,1752,1830
158672,1754,1873
42977,1755,1828
215533,1761,1831
153882,1761,1878
264841,1772,1879
82062,1774,1876
189553,1799,1870
82992,1809,1879
231643,1813,1878
51725,1977,2041
373262,1977,2070
90024,1977,2076
180062,1978,2043
56855,1981,2074
90373,1992,2070
166107,1994,2081
225673,2006,2092
368104,2010,2095
166106,2012,2097
