325541,107,233
127829,108,216
216484,117,243
62192,117,302
29241,118,248
15911,118,255
338729,121,214
203693,122,220
150504,125,256
246497,127,220
331248,129,210
296414,129,251
368507,130,215
325542,130,227
150506,130,287
84264,131,254
159368,132,206
100487,137,235
213299,141,205
100486,141,220
339370,141,310
236778,144,255
55970,146,216
368506,148,265
15910,149,256
36358,151,261
75428,154,282
6528,156,309
29,162,225
256569,163,276
51606,167,286
62194,167,364
325539,172,258
285830,172,263
11358,175,287
303237,176,219
404517,177,327
15780,180,279
354148,180,329
290880,183,253
117228,183,279
3845,183,287
178430,183,293
55533,184,270
118609,185,298
242,187,268
331159,188,320
75427,188,358
299607,189,255
242,190,287
286340,192,356
271798,193,297
8249,194,361
273360,195,338
242,203,298
837,203,339
42619,212,303
273239,213,299
227965,216,338
363667,219,310
29242,220,344
19002,221,352
19587,223,358
203694,223,390
18431,229,352
53310,230,356
140864,234,333
343581,234,357
42618,237,371
316323,239,377
364364,247,407
150505,257,379
163932,259,399
191447,260,362
164057,260,442
395117,261,358
335699,261,380
298355,261,396
325540,261,402
136551,263,410
364123,264,381
92555,265,361
163140,268,390
51607,268,424
273240,269,403
208133,273,354
322132,280,417
320694,281,404
235884,284,405
353711,292,418
171715,294,366
24061,297,360
11357,298,466
42617,302,442
273238,304,465
21188,306,361
373493,307,377
178431,307,459
259530,308,455
355744,314,468
61561,315,386
320693,316,462
20730,317,448
163139,321,444
45499,322,424
75429,324,465
286338,328,452
42616,331,456
208826,331,462
233487,334,406
107990,334,436
393267,339,400
1431,344,444
257934,345,462
405826,349,463
307151,350,448
199859,350,455
29243,350,468
24390,351,443
34074,352,446
62193,352,465
97854,363,438
140865,367,501
355597,375,444
110474,385,447
60732,390,449
51608,414,530
355596,456,508
3543,457,510
178432,457,576
339371,460,548
95779,472,573
358444,472,580
84265,472,592
286339,485,596
231162,488,549
82133,493,558
109141,502,576
250496,504,604
280168,513,591
201800,516,608
310615,519,598
124188,525,630
32606,535,597
125572,536,607
124189,549,633
88232,550,607
95134,551,605
336678,553,632
322236,561,611
184335,566,663
313707,567,661
286341,574,658
373642,576,652
22212,603,664
6527,603,687
327581,603,697
199271,604,673
373643,612,700
42942,619,677
171425,668,747
28533,674,744
57166,728,867
102570,734,865
305521,737,808
3,741,807
7523,741,833
208134,748,827
342418,750,869
164228,751,862
104170,755,867
4539,756,899
39038,759,863
15265,765,845
56899,767,880
144461,770,878
328576,771,834
73673,775,882
15266,778,903
313708,791,898
350052,796,903
330675,807,927
300960,812,933
134069,823,903
407895,829,903
312079,842,904
167012,846,909
369231,878,958
150188,879,979
22314,881,933
273763,917,980
256781,918,999
300851,919,983
395549,919,987
283218,920,998
259529,961,1046
231822,966,1052
26651,990,1056
246202,993,1103
366991,999,1058
51604,999,1124
159830,1000,1098
198564,1001,1076
371966,1006,1107
37329,1007,1066
51605,1030,1127
319538,1037,1107
139613,1039,1103
50551,1039,1129
78233,1041,1102
136200,1041,1110
63955,1044,1109
51427,1047,1145
91965,1047,1149
9363,1054,1119
199897,1063,1131
49982,1064,1142
373881,1145,1256
216481,1153,1218
59292,1155,1217
256759,1158,1215
95780,1160,1222
264530,1162,1215
324748,1193,1259
327582,1193,1269
3578,1198,1268
177989,1203,1268
155058,1207,1268
196479,1209,1275
20936,1212,1269
251723,1213,1274
383337,1265,1335
125989,1341,1413
136201,1347,1406
264323,1347,1411
215493,1727,1789
211182,1737,1778
244280,1745,1786
273150,1925,1990
284627,1926,2004
267352,1926,2009
218321,1928,1990
298413,1928,1994
298414,1936,1991
197384,1937,2006
325528,1939,2004
145281,1946,1990
173620,1946,2007
328836,1955,2011
175661,1959,2019
106249,1965,2027
401783,2052,2118
94977,2052,2137
194649,2052,2143
50886,2052,2151
6851,2053,2140
376092,2060,2136
217895,2083,2150
86486,2107,2197
8248,2112,2173
4618,2125,2172
243801,2131,2191
55576,2201,2261
96680,2201,2287
11319,2202,2297
406815,2203,2276
283438,2203,2279
261361,2205,2274
306994,2209,2264
163615,2287,2335
231822,2441,2520
163933,2445,2520
264322,2454,2521
44797,2458,2556
231470,2469,2556
37330,2471,2550
51081,2476,2542
218834,2478,2544
373882,2602,2673
398813,2603,2708
379111,2608,2673
148841,2610,2671
355742,2611,2707
341735,2614,2708
56984,2617,2702
336679,2619,2730
300959,2621,2709
169714,2626,2684
287267,2628,2741
366647,2630,2703
313208,2631,2715
128466,2633,2705
178238,2634,2710
263520,2634,2716
62191,2636,2719
401784,2640,2702
307677,2647,2710
277532,2649,2710
366646,2658,2738
130590,2708,2774
276225,2713,2757
345132,2738,2801
355743,2739,2829
294347,2779,2860
176281,2799,2879
330674,2799,2887
163934,2821,2885
384178,2821,2924
94317,2822,2890
384235,2824,2870
83934,2829,2899
80847,2840,2927
82696,2870,2946
243035,2871,2932
323104,2872,2939
229036,2873,2937
237409,2881,2934
358672,2903,2973
231823,2919,2994
47124,2995,3063
191371,3190,3257
64327,3191,3252
32232,3191,3260
229951,3206,3309
4619,3341,3425
267351,3348,3425
350734,3349,3433
221218,3357,3422
5361,3361,3430
215492,3361,3441
28990,3369,3433
94195,3383,3435
124507,3407,3475
377666,3420,3487
134068,3476,3584
203342,3480,3535
86485,3482,3576
111102,3490,3552
349148,3494,3555
231819,3622,3710
157446,3712,3791
231819,3712,3799
408474,3713,3787
171424,3723,3780
405157,3766,3833
150503,3771,3832
347248,3772,3827
70937,3778,3832
145844,3787,3835
37227,3821,3891
118278,3821,3916
102552,3822,3906
77493,3823,3897
118277,3831,3900
60907,3836,3923
70573,3841,3907
43479,3920,3977
12508,4048,4096
372746,4152,4201
310127,4157,4201
391424,4260,4349
160704,4263,4308
14794,4263,4326
271401,4265,4342
50009,4269,4332
60908,4271,4350
60909,4276,4332
404497,4292,4356
84323,4297,4395
84324,4317,4424
138718,4324,4426
345605,4335,4400
266804,4341,4399
364774,4345,4430
140866,4367,4455
289951,4374,4463
231820,4403,4463
65224,4417,4489
98526,4419,4480
199773,4419,4488
99740,4457,4532
161693,4465,4526
62886,4478,4528
231820,4594,4662
81202,4597,4662
381346,4665,4731
107989,4693,4766
260487,4718,4777
314934,4737,4856
117038,4745,4834
373234,4750,4834
5281,4752,4859
302758,4766,4869
327205,4769,4887
314933,4778,4876
318575,4779,4880
373233,4789,4909
407049,4853,4961
19719,4913,4967
199657,5518,5589
231821,5520,5590
42482,5532,5590
57165,5534,5591
92221,5706,5762
345117,5803,5865
160686,5807,5865
195884,5811,5872
400853,5812,5867
4263,5849,5913
377667,5850,5929
88618,5889,5971
229393,5938,6006
368730,6300,6405
296374,6303,6396
136550,6305,6401
42482,6319,6386
408476,6319,6397
178429,6331,6423
203709,6332,6393
368731,6334,6405
199656,6340,6404
189865,6344,6416
9505,6346,6444
408214,6348,6419
291708,6349,6425
65121,6349,6432
204254,6351,6427
2107,6352,6432
140948,6354,6419
7362,6354,6441
246208,6356,6431
330786,6358,6433
266454,6359,6409
157447,6359,6430
312078,6360,6426
93712,6360,6435
39381,6361,6416
17597,6361,6444
97425,6362,6436
28451,6363,6438
136839,6364,6426
82695,6367,6432
240087,6368,6433
152813,6369,6430
121622,6369,6455
247585,6370,6433
129875,6371,6438
111742,6372,6434
200982,6372,6448
369232,6374,6453
214849,6378,6439
41187,6380,6441
6742,6381,6445
205790,6390,6456
148314,6399,6455
345131,6487,6546
215174,6487,6556
298602,6488,6543
105282,6488,6549
215175,6488,6552
95888,6488,6569
333569,6491,6552
306630,6501,6562
251724,6553,6617
307470,6557,6607
231821,6605,6671
42482,6619,6672
231823,6930,6994
305212,6937,6991
67311,7002,7072
217542,7028,7082
246201,7038,7155
377399,7054,7174
369703,7073,7162
36381,7073,7174
300852,7074,7158
52245,7085,7144
19081,7100,7166
108366,7104,7187
171423,7109,7173
134067,7116,7190
384234,7123,7171
408475,7423,7513
92099,7429,7511
136549,7446,7513
170456,7463,7513
54807,7571,7641
