406396,87,149
132589,115,233
269836,120,212
92065,127,233
208388,131,260
10252,138,219
111447,138,222
230078,141,213
145679,141,219
222752,141,223
250908,144,212
20899,144,221
20594,144,256
92588,150,218
5722,158,219
290664,158,254
248767,159,222
303127,160,221
223137,161,247
347384,161,269
2244,163,251
24565,164,222
158064,164,230
108379,164,244
143228,169,222
360550,170,278
127625,171,223
158063,171,232
6966,176,217
267173,176,247
192182,177,252
202436,178,221
59671,178,256
263360,179,222
192183,179,254
29995,180,259
223138,180,262
324774,181,230
315073,182,258
8680,183,264
106172,184,256
105055,185,263
111180,188,258
389937,189,248
195481,189,274
214106,193,254
139808,196,260
38715,197,253
162675,197,255
10719,198,259
102066,214,281
50822,215,275
267172,218,303
276088,219,282
359204,229,291
215171,231,281
81570,252,346
342980,348,398
87504,349,443
381614,357,428
383089,364,444
108676,368,443
73235,566,633
43053,690,746
162114,986,1054
280973,986,1057
201132,1078,1166
110183,1144,1211
165307,1161,1240
310777,1163,1241
144023,1292,1388
312704,1293,1375
161356,1293,1380
112223,1296,1375
202078,1297,1370
223139,1298,1360
223140,1298,1376
15131,1298,1379
119836,1298,1386
230866,1299,1371
52601,1302,1368
265818,1311,1421
275908,1314,1368
45925,1315,1374
134156,1325,1405
259248,1334,1402
207271,1710,1764
162811,1762,1834
217714,1768,1831
81570,1916,2000
