406814,104,182
268688,104,216
130782,122,236
117590,137,199
64128,138,228
254520,139,211
128415,139,257
70639,142,207
75823,143,208
393719,143,271
393720,146,237
254519,147,211
229860,147,245
193427,155,228
373009,156,279
233235,160,226
249949,160,261
8829,161,220
6225,162,226
268687,162,269
259093,162,283
222671,164,227
384779,168,261
64129,169,252
96797,169,323
22716,170,279
22601,177,279
176735,178,251
75824,178,305
212700,179,325
258501,181,336
55534,182,275
282941,183,280
56037,183,311
837,183,317
120570,184,292
360526,186,247
138044,187,299
242,190,272
273360,194,325
242,196,292
45656,200,316
70638,200,326
107598,204,337
170773,208,338
355700,209,344
48742,210,350
4219,212,291
282942,212,318
207438,213,343
143878,213,354
335122,215,369
19587,218,337
120147,218,348
837,223,333
361684,224,355
321424,225,337
1378,231,345
36247,232,339
366953,232,350
246517,234,368
238460,235,347
393718,235,356
322636,236,322
176602,237,324
27506,242,355
161861,243,347
285041,246,375
252295,248,339
3178,250,313
258004,250,325
5432,251,350
92555,254,348
121095,254,376
118349,254,387
76779,255,328
271638,255,359
301356,259,363
16649,267,428
314919,276,387
323,281,400
170772,285,407
161862,289,385
384780,289,434
335770,293,425
288317,293,432
1367,297,349
44399,298,408
388485,302,382
393717,312,432
121307,316,428
44398,317,438
56038,319,435
92374,321,432
115006,322,399
5431,322,440
1431,324,426
13438,324,438
356922,326,441
120571,327,435
41556,336,439
346331,338,433
341347,339,408
79345,340,439
260865,341,406
164147,352,443
384608,352,470
344211,353,414
42106,353,449
16328,354,416
138419,354,437
236975,355,426
350261,357,440
369305,358,430
20805,374,433
207285,433,514
289019,444,501
390388,448,512
18067,450,516
284123,453,523
101939,453,536
105164,483,568
232793,491,555
9813,491,557
83796,504,555
197009,527,603
50609,572,655
77797,577,652
233406,579,664
150752,582,666
233405,587,667
148022,588,664
72494,590,659
399896,593,642
275648,595,661
307511,597,660
335001,599,672
307089,602,669
48294,603,661
174033,604,666
388022,605,662
45633,611,663
100435,611,680
108895,612,666
52075,719,824
355702,727,823
355701,728,840
284124,775,841
389797,779,840
345932,787,859
318132,790,861
223680,800,859
189147,802,860
236493,979,1037
111232,1002,1067
107016,1106,1168
179359,1107,1152
130524,1131,1191
217524,1222,1277
261157,1244,1305
147866,1245,1326
334206,1251,1328
130946,1251,1331
227540,1259,1322
13826,1529,1612
331016,1740,1785
395595,1740,1813
398800,1743,1808
79458,1747,1809
175554,1749,1814
80448,1760,1824
69307,1760,1831
195493,1761,1816
4495,1762,1822
364472,1762,1825
235709,2064,2118
344057,2066,2153
228070,2097,2139
270478,2268,2344
170774,2274,2329
153633,2277,2341
407696,2294,2343
68369,2512,2569
313275,2512,2598
208981,2513,2610
364258,2514,2571
293802,2514,2575
397664,2514,2592
265328,2515,2578
74287,2521,2609
6322,2533,2615
101623,2535,2598
94576,2806,2904
264764,2811,2904
107851,2816,2877
92865,2816,2899
113092,2819,2872
388755,2821,2924
388756,2825,2934
3380,2830,2894
291237,2831,2900
326998,2833,2907
289018,2837,2899
70958,2838,2900
398871,2838,2902
94776,2838,2904
46018,2838,2913
382131,2838,2917
326734,2839,2901
5407,2839,2903
97518,2841,2902
326999,2844,2907
45551,2844,2915
110063,2855,2896
400933,2901,2962
231696,2973,3053
104224,2993,3054
104223,2996,3053
355937,3551,3616
44257,3555,3635
233608,3678,3745
57965,3684,3748
142235,3686,3741
186229,3686,3748
329641,3696,3757
205495,3704,3796
304925,3726,3799
370836,3727,3790
328390,3737,3801
56195,3739,3800
151817,3739,3802
27590,3741,3801
70637,3743,3802
390153,3833,3905
381255,4140,4203
224634,4140,4205
98821,4141,4193
7288,4141,4232
230035,4142,4197
129993,4142,4212
