3678,76,135
356663,96,220
78257,97,163
193198,102,208
193199,103,197
364615,126,221
131373,128,219
134188,140,221
103077,156,218
185180,157,220
311089,158,221
344748,159,246
45812,162,242
148038,162,272
312130,164,234
291794,165,231
291793,165,254
149227,165,259
149228,166,252
290897,168,229
131119,169,233
296124,172,253
357905,173,272
88525,174,280
76755,174,286
224253,176,237
164216,177,264
394988,177,291
73974,178,254
377788,179,250
219713,179,259
106379,180,253
384486,181,261
170955,183,266
244345,183,299
60838,184,250
347009,192,254
298748,194,256
170847,194,289
394987,204,277
332274,207,286
170848,217,331
340156,218,261
9191,218,328
174130,219,277
376704,223,328
173076,229,331
351476,258,315
312129,267,332
205572,279,382
182264,281,358
43648,317,378
16913,417,499
352480,426,488
174035,428,491
346081,444,510
95474,448,510
363153,455,516
125024,488,547
129589,591,705
93576,593,663
335961,595,667
22433,613,675
279977,616,677
209488,620,681
179233,622,708
374189,623,713
177663,629,690
275908,630,696
386225,632,696
311088,635,698
353144,646,711
28502,650,714
125023,703,782
168142,710,781
28463,715,776
321260,715,817
55947,716,796
53275,719,793
55948,719,799
63441,722,799
399915,725,781
220222,741,808
22434,774,854
394618,777,848
337,1052,1149
100249,1054,1117
383539,1061,1149
11723,1075,1138
247506,1075,1147
18800,1081,1139
5993,1085,1149
51558,1233,1366
340786,1345,1409
23973,1349,1407
298302,1352,1406
388417,1365,1406
148434,1368,1452
26442,1389,1457
143564,1397,1475
375623,1400,1468
87832,1401,1452
143565,1405,1474
87927,1408,1477
177071,1409,1470
194179,1409,1472
162075,1410,1474
244652,1442,1511
244344,1444,1514
17519,1448,1511
376703,1589,1662
381445,1605,1692
63773,1606,1694
314032,1606,1703
5217,1908,1953
253105,1925,2011
248103,1970,2036
296630,2009,2074
65324,2010,2089
356843,2013,2076
340155,2031,2075
34593,2034,2111
150738,2155,2233
394016,2179,2231
229461,2183,2235
383356,2186,2251
266226,2260,2318
194446,2263,2339
246445,2269,2320
51363,2269,2330
142959,2269,2375
38700,2270,2343
258101,2271,2380
407516,2294,2347
35378,2295,2374
242139,2297,2391
258176,2299,2358
213545,2301,2352
42546,2302,2376
90516,2311,2376
89596,2316,2405
232972,2317,2387
25472,2318,2372
207864,2319,2363
265549,2320,2384
263742,2571,2632
305187,2573,2624
261981,2576,2632
401706,2577,2634
183423,2700,2784
195502,2743,2799
322561,2743,2802
332167,2743,2808
68296,2803,2864
137424,2811,2858
211593,2811,2898
236657,2813,2874
262041,2814,2925
203592,2815,2870
262040,2818,2958
35377,2822,2868
15827,2822,2876
134387,2826,2913
143566,2836,2965
394773,2840,2939
383668,2880,2956
277486,2883,2956
377787,2890,2963
229462,2893,2961
72357,2906,2962
321505,2929,2974
337035,2929,2980
194445,2931,2981
31803,2937,3007
285707,2939,3008
320206,2942,2989
383538,2946,3019
