380062,85,137
297654,86,211
13588,87,137
145067,87,219
189177,88,136
118763,90,221
29408,91,184
3766,95,195
141883,95,220
297484,96,157
19738,97,210
394803,97,267
153636,107,165
64230,107,250
256887,109,179
192364,114,245
340318,119,190
1007,123,203
4678,128,233
145066,128,286
325847,134,191
396037,134,249
370908,137,255
4757,147,277
170220,148,311
211111,161,233
7100,161,287
149911,161,291
19739,162,274
233517,162,284
103091,164,278
137205,165,260
104744,166,266
2610,166,272
313178,183,285
54322,187,349
390074,187,384
89455,188,309
96183,189,315
92473,190,299
48173,191,286
22158,191,332
261159,192,311
242821,193,261
381894,194,321
204944,194,347
298186,195,324
375006,196,261
332930,196,310
85482,197,319
68895,199,304
283503,199,324
102118,200,291
351153,201,300
339096,202,309
265168,203,327
3584,204,288
232431,204,297
102119,204,303
65526,204,314
140003,204,319
19209,207,308
170219,208,360
392107,209,324
257822,210,311
111737,210,337
322143,211,341
104743,213,307
394804,220,315
268562,220,349
380457,221,360
253769,228,328
400201,229,340
315948,229,357
353889,230,299
1509,231,372
118690,233,288
380456,235,381
18519,236,348
332931,239,339
16682,239,373
71818,240,302
7099,240,321
360808,240,363
317284,241,344
89456,241,384
6665,244,315
48078,244,371
299618,245,308
353891,245,374
1232,247,332
292112,250,396
244290,251,322
160624,251,364
294775,255,313
32242,255,325
133285,255,331
6255,255,379
293769,259,326
64231,260,392
145068,261,388
341382,263,333
79757,266,391
179664,267,388
276453,268,368
336002,271,364
251871,274,396
284089,276,354
172764,277,376
337706,280,370
291211,282,372
89457,293,397
181353,294,356
285340,296,387
353890,296,413
201672,298,372
228685,298,380
312295,298,408
6159,302,374
228177,312,374
113517,326,383
259153,326,394
353892,329,451
51620,333,392
185329,338,391
64232,369,462
302420,386,462
64957,408,462
145065,716,814
170218,760,841
152499,954,1012
28226,955,1025
253314,1164,1230
335137,1273,1348
29537,1481,1540
100249,1482,1556
317970,1482,1566
337,1482,1571
244513,1483,1562
223380,1484,1555
3,1489,1558
14279,1496,1569
315145,1499,1567
209527,1500,1572
282362,1503,1555
13351,1508,1572
347410,1515,1571
300344,1516,1573
59182,1522,1571
130041,1753,1839
276542,1759,1821
1994,1759,1834
13679,1759,1837
263638,1766,1857
285341,1772,1836
338104,1818,1901
299617,1834,1903
53524,1842,1908
347228,1870,1923
306658,1898,1955
384268,2110,2164
54272,2110,2172
54321,2110,2175
211160,2111,2152
285390,2111,2166
177359,2112,2165
353973,2112,2175
310361,2133,2183
55331,2136,2203
23114,2137,2199
400594,2143,2208
165895,2190,2246
78974,2323,2407
36790,2359,2406
80760,2706,2769
268087,2708,2779
4352,2710,2765
113586,2710,2771
338903,2721,2774
351154,2800,2881
49240,2806,2879
53199,2807,2869
84133,2811,2874
169509,2837,2882
340230,2938,3000
106050,2939,2995
18520,2941,2995
70616,2959,3032
345859,3021,3086
33457,3050,3111
210434,3245,3307
196649,3328,3406
243998,3352,3419
280320,3370,3431
68096,3383,3447
232432,3386,3447
162439,3397,3459
289599,3399,3461
361588,3400,3455
80108,3402,3460
128483,3413,3459
54320,3733,3800
128485,3751,3814
104426,3761,3838
13589,3810,3936
139068,3815,3886
158333,3876,3941
238723,3902,3972
201017,3904,3966
219097,3921,3973
312208,3923,3966
6695,3937,4022
204788,4378,4447
163967,4378,4459
253313,4379,4434
128484,4379,4445
142609,4395,4446
91569,4413,4488
381237,4436,4489
221559,4593,4640
374483,4593,4649
388016,4593,4655
37972,4593,4658
153368,4594,4656
272187,4595,4654
200798,4595,4667
288883,4597,4649
125667,4599,4652
231204,4652,4719
14753,4657,4718
253914,4663,4743
253768,4666,4732
41071,4666,4741
132651,4673,4727
68019,4674,4742
162863,4688,4735
149156,4688,4747
111449,4691,4738
128406,4691,4752
343789,4693,4748
1978,4732,4781
80759,4847,4894
387570,4852,4895
246185,4912,4962
271618,4915,4965
296474,4938,4992
73412,4998,5067
224927,5001,5067
374484,5014,5067
394805,5500,5553
310360,5517,5614
335105,5642,5688
320242,5642,5695
66898,5643,5700
197716,5645,5715
88775,5652,5700
399529,5873,5923
17623,5934,5993
387884,5948,6002
79432,6044,6107
395843,6221,6272
224928,6235,6308
27368,6238,6308
317042,6252,6308
69319,6258,6308
138435,6259,6310
54323,6296,6377
265969,6321,6380
47124,6536,6609
19210,6571,6635
15466,6579,6635
102117,6580,6650
220491,6582,6640
56234,6583,6634
158510,6583,6645
400956,6591,6648
11347,6877,6938
37111,6910,6963
141498,7143,7231
63065,7402,7449
64233,7402,7460
66648,7665,7747
176625,7672,7726
58243,7889,7954
293180,7893,7968
23113,7900,7959
118762,7909,7971
151020,8101,8152
12044,8103,8149
284090,8172,8247
22157,8175,8239
221058,8640,8695
124386,8640,8704
181354,8644,8741
382260,8657,8731
121870,8664,8752
170221,8664,8765
6296,8666,8727
132037,8666,8738
122091,8668,8727
374227,8671,8740
340319,8672,8745
97795,8678,8752
53383,8691,8740
177336,8818,8951
370984,8834,8890
103667,8837,8927
90593,8841,8900
297596,8843,8902
149154,8843,8917
292113,8933,8982
83863,8951,9015
264458,9261,9326
374805,9263,9326
149155,9621,9682
285391,9621,9687
382083,9621,9690
241969,9691,9777
256886,9710,9777
90315,9711,9803
71838,9725,9777
143624,9741,9815
118696,9742,9802
209736,9744,9793
335136,9813,9920
239111,9818,9906
112551,9839,9908
260227,9965,10010
197715,10068,10111
83864,10292,10375
185330,10297,10378
373104,10414,10476
174477,10420,10489
118552,10424,10499
251760,10432,10490
147725,10433,10495
288359,10434,10500
17622,10437,10496
53129,10438,10497
294054,10438,10503
270682,10449,10503
238269,10453,10501
128061,10546,10620
112771,10697,10752
156529,10701,10753
103666,11004,11068
329329,11041,11103
145069,11479,11545
354650,11599,11660
130250,11651,11694
107486,11767,11826
192365,11781,11853
346570,11783,11849
330185,11796,11884
63570,11799,11854
286488,11817,11898
47696,11825,11893
374762,11838,11882
400955,11839,11886
330186,11852,11914
293320,11856,11915
42859,11872,11933
130260,11885,11965
45388,11886,11955
69318,11898,11962
344565,11994,12085
241968,11995,12082
241967,11999,12086
148536,12001,12105
387836,12003,12107
259152,12008,12105
263247,12012,12107
56497,12031,12098
1231,12041,12107
107706,12045,12107
293179,12177,12238
371180,12193,12254
404307,12228,12295
205233,12235,12293
303613,12235,12298
191299,12236,12294
19737,12237,12285
370602,12240,12293
256766,12243,12290
361137,12245,12297
2946,12693,12749
114438,12704,12785
297916,12707,12777
185798,12712,12767
219242,12715,12780
374302,12717,12778
154214,12719,12795
233518,12720,12782
231507,12720,12785
106731,12720,12788
33458,12720,12798
16189,12721,12783
186403,12722,12777
160028,12726,12785
401761,12727,12786
21778,12727,12789
29386,12727,12802
166500,12728,12783
251870,12735,12799
246184,12855,12935
405992,12879,12961
248335,12904,12960
343164,12907,12955
262041,13010,13107
239112,13012,13092
262040,13012,13132
91568,13016,13085
233601,13017,13129
136626,13077,13133
222864,13316,13380
266170,13316,13383
8777,13341,13391
52438,13440,13489
192030,13440,13512
107485,13441,13522
344366,13453,13507
71515,13473,13521
169510,13474,13552
395527,13479,13538
65280,13490,13555
233925,13493,13552
92474,13610,13670
375557,13610,13672
163966,13634,13727
364075,13735,13786
99495,14368,14428
396036,14369,14427
117067,14682,14733
278037,14996,15049
