102059,87,211
95462,88,201
176540,89,196
325937,93,196
80251,94,226
379822,96,212
79176,99,214
70190,101,216
392453,103,222
404515,103,227
227726,115,240
291371,119,226
34428,123,226
401507,128,227
268842,128,243
392454,130,245
375745,138,261
180063,138,266
79177,142,263
146466,144,212
374057,146,211
102060,147,266
81989,151,200
129907,151,272
125085,156,294
82985,159,299
242,163,259
242,164,238
188004,164,299
302961,167,280
364730,169,293
837,169,305
170773,185,315
330081,187,296
78774,191,305
721,191,313
295064,199,319
52437,201,315
10242,202,324
1237,214,305
127799,217,335
91577,217,346
299167,220,345
305562,221,307
184784,221,338
379821,222,369
228142,223,346
257020,228,328
404516,229,312
128032,229,346
185794,229,362
338586,231,319
70191,232,373
170328,232,388
137023,233,356
373164,234,346
291372,238,370
79178,240,392
63076,253,396
61826,257,367
53276,264,376
170772,269,376
9568,271,397
180064,286,398
56596,292,368
281193,292,381
219221,302,398
350686,305,413
370483,306,391
202606,309,405
18958,312,382
11224,317,408
327129,319,392
370482,319,398
5900,320,396
125086,321,414
127484,321,436
70017,326,399
62198,334,390
20805,342,397
374720,481,542
314228,508,556
224551,518,590
166191,525,597
189422,543,665
250662,545,608
41684,545,614
368250,552,654
262849,563,609
273479,563,656
339739,563,680
65109,572,661
176378,615,679
182924,624,673
351258,627,677
78533,746,838
79179,747,842
312325,749,841
86969,755,851
244477,757,831
270657,760,827
175765,760,835
19065,762,829
250200,762,851
291016,765,828
338441,770,831
189421,770,833
902,771,828
143894,771,838
23521,774,829
104474,774,836
11361,774,840
78534,777,839
124381,779,846
86970,782,903
185795,788,850
96383,802,853
57704,813,871
295143,822,913
334563,822,942
283075,837,942
401840,840,921
390346,957,1034
155959,963,1039
407948,970,1039
81021,971,1044
348581,972,1046
283197,981,1061
228039,999,1059
121613,1034,1104
98212,1132,1206
115719,1156,1205
68902,1163,1208
310737,1230,1299
190300,1230,1339
328052,1238,1306
310739,1238,1347
133452,1239,1297
82212,1240,1315
127800,1249,1309
157974,1249,1335
359484,1250,1304
369234,1254,1315
276467,1260,1326
38562,1281,1348
25356,1287,1340
316024,1288,1351
54330,1290,1349
314924,1292,1351
209539,1295,1350
164860,1604,1671
28730,1613,1684
65108,1624,1692
364791,1655,1734
25194,1662,1734
144005,1715,1779
15132,1870,1924
300956,1973,2027
224550,2003,2064
254765,2007,2051
334185,2008,2080
406981,2008,2089
388781,2020,2081
127741,2139,2206
56578,2142,2200
320061,2231,2295
202534,2232,2300
265808,2235,2299
238757,2252,2300
55576,2362,2428
308445,2362,2431
310738,2362,2442
306726,2363,2422
310938,2363,2457
393996,2364,2454
21193,2365,2420
157973,2365,2423
61152,2365,2426
150298,2365,2445
247926,2365,2450
98877,2366,2422
344358,2367,2421
369233,2368,2431
108808,2369,2441
37754,2370,2426
256534,2389,2454
139519,2402,2472
273685,2423,2484
163122,2428,2508
103285,2446,2511
118063,2451,2514
89878,2452,2517
78902,2455,2516
289837,2456,2517
203952,2457,2518
191119,2465,2517
53644,2470,2541
26312,2532,2580
360798,2546,2647
97582,2555,2620
52361,2555,2650
114320,2558,2634
390569,2561,2627
56597,2561,2652
80942,2562,2643
386446,2562,2646
71062,2563,2627
202533,2565,2659
261884,2566,2610
292486,2576,2639
73221,2577,2640
365557,2578,2639
230877,2586,2689
174421,2601,2654
30052,2618,2699
83676,2622,2688
100422,2624,2714
256614,2629,2696
128281,2634,2697
290720,2639,2709
170774,2656,2717
317345,2672,2748
130790,2717,2778
82211,2718,2818
112926,2842,2904
188003,2843,2898
201650,2851,2905
322963,2854,2902
17717,2855,2905
303330,2856,2898
284678,2857,2905
338585,2946,3024
49807,2952,3028
98213,2959,3037
152519,2961,3024
405933,2961,3035
104476,2966,3027
3677,2966,3029
170641,2966,3031
104475,2970,3033
102176,2973,3034
253099,2986,3055
253100,2988,3053
43426,2989,3047
192986,2990,3056
235260,2993,3054
152519,3025,3083
374719,3055,3172
82337,3060,3120
331595,3061,3141
377481,3065,3188
53898,3067,3125
189420,3074,3185
80137,3077,3211
127801,3084,3199
94572,3089,3200
70192,3090,3190
119511,3091,3196
295141,3091,3207
184785,3095,3215
362317,3096,3187
23877,3097,3156
4850,3097,3194
56297,3101,3205
398865,3109,3218
44508,3110,3192
184786,3115,3221
407947,3128,3186
295142,3132,3218
88614,3152,3207
137022,3153,3214
168434,3165,3208
