396627,87,268
9607,96,237
56116,105,272
397384,106,263
216072,106,293
137474,110,225
255465,113,211
289087,113,230
306554,119,229
80384,119,271
85055,122,248
267377,128,190
183378,129,239
177636,130,204
149506,130,231
156689,133,248
141539,134,226
259768,136,199
116946,137,249
215954,141,202
199070,144,205
241247,146,207
44176,146,217
35462,146,240
33927,146,257
86428,146,278
331011,147,199
160934,148,204
229669,148,261
359915,148,271
119345,149,222
1007,150,255
156156,151,267
173409,153,245
183379,154,256
183688,157,252
47896,160,267
276844,161,248
107816,166,296
107936,167,228
150377,168,262
176633,168,271
389152,174,235
44177,174,245
400219,175,248
210061,177,251
346245,179,252
374608,179,297
395002,182,264
365455,182,311
155940,186,252
28830,198,309
317869,206,330
69056,209,312
172571,214,329
107012,215,312
1416,216,276
205801,218,341
184547,219,295
73157,219,299
163101,219,308
11580,219,314
73662,224,308
261144,226,316
179393,228,315
265525,229,307
396837,232,311
359074,234,316
323617,237,299
169760,237,312
162458,237,315
366812,237,318
36898,238,304
35641,243,312
95821,243,317
348612,244,309
111595,245,316
338571,245,320
381512,246,333
281643,248,309
95822,248,317
285051,249,313
69057,249,350
106717,250,315
137013,250,329
314688,251,312
51255,251,321
275326,255,331
172011,256,320
275325,256,346
281263,257,355
101347,261,326
69058,261,337
377208,262,324
195774,266,328
404803,266,334
87627,266,363
363899,267,330
22374,268,338
195013,268,367
57769,270,333
12511,273,334
169303,273,336
365456,277,345
3172,278,327
359798,283,348
103633,294,364
324399,339,456
191540,341,479
266484,345,398
137473,345,483
150378,346,429
78581,349,429
324398,351,479
102001,352,428
322927,353,460
13641,353,489
60658,354,450
6828,356,432
388192,357,420
314923,357,439
22108,357,483
354486,357,487
172063,361,425
172421,361,434
32948,362,438
6335,363,456
100927,363,474
179819,363,490
6706,364,424
316185,367,492
167282,368,475
394569,369,472
49867,369,498
128607,370,439
289088,370,446
70129,370,504
339482,371,453
344877,372,448
44370,373,434
40824,378,458
195983,380,495
41435,382,483
323614,383,499
153013,385,482
296488,387,449
70972,400,499
107959,406,467
99002,408,486
123550,410,523
171320,413,522
300335,414,541
387151,434,555
173670,719,771
34853,719,814
130087,720,785
367440,720,788
164934,724,778
214023,724,784
211277,725,768
294613,725,790
247705,730,785
181747,730,787
12510,739,819
6535,739,823
300721,745,806
175117,745,849
183654,746,815
325018,746,819
45470,747,865
234772,788,864
63095,793,863
86176,793,875
294406,798,870
37831,813,864
234233,813,874
102002,814,884
104474,817,870
270830,962,1007
361602,1007,1071
102004,1008,1096
323618,1009,1077
323708,1013,1093
99007,1014,1097
252023,1020,1096
21772,1022,1081
387558,1025,1082
313238,1046,1095
224224,1152,1202
175116,1165,1304
11904,1166,1274
321493,1216,1327
226796,1232,1319
10442,1243,1318
194495,1256,1318
174981,1269,1323
341698,1269,1326
8941,1270,1336
300722,1283,1344
201608,1296,1399
234771,1301,1385
195355,1302,1390
63095,1306,1388
185547,1309,1400
340942,1310,1374
94919,1311,1389
316186,1314,1386
86175,1314,1406
308721,1316,1398
51254,1317,1388
61905,1328,1388
19065,1329,1387
369516,1336,1399
238309,1341,1396
216184,1364,1429
176181,1424,1481
147345,1504,1567
142890,1508,1563
137348,1508,1570
55637,1516,1578
316108,1517,1575
106407,1520,1596
368331,1540,1603
383160,1575,1642
54144,1652,1711
114835,1778,1835
175116,1811,1942
11903,1812,1918
396232,1923,1988
86174,1968,2012
123625,1989,2130
54718,1991,2051
385309,1998,2099
359075,2000,2104
61904,2000,2118
34480,2002,2127
19821,2003,2131
72835,2005,2122
50184,2005,2128
346806,2007,2124
383845,2011,2113
385310,2012,2098
194494,2017,2116
383262,2018,2110
185594,2018,2113
70128,2022,2108
185548,2026,2108
56687,2026,2115
84443,2027,2122
153988,2027,2137
21771,2028,2102
9683,2030,2130
178814,2032,2119
187681,2033,2138
80385,2039,2105
310605,2044,2114
285843,2045,2130
374776,2054,2118
40421,2059,2138
77052,2062,2137
94918,2069,2137
1485,2073,2138
150677,2208,2278
359709,2211,2272
383844,2215,2273
206091,2218,2303
252323,2222,2295
291675,2226,2273
72985,2231,2288
14050,2236,2302
362540,2239,2297
47118,2242,2288
206868,2246,2304
72986,2247,2288
166827,2247,2315
131774,2250,2321
236025,2250,2339
294614,2254,2315
300686,2304,2426
282017,2310,2404
235601,2312,2398
329368,2312,2419
45475,2319,2407
335597,2346,2408
259037,2352,2426
259038,2363,2446
64154,2365,2432
383159,2366,2428
150592,2370,2445
45476,2418,2502
308720,2609,2714
359916,2634,2744
41760,2644,2785
175819,2645,2712
99496,2667,2760
26817,2671,2767
247072,2678,2761
374609,2687,2760
377289,2690,2766
296372,2692,2788
166352,2692,2801
226370,2694,2755
99008,2694,2811
102003,2697,2791
3758,2703,2796
99004,2704,2805
229637,2705,2795
166351,2706,2819
303821,2707,2808
27987,2709,2805
193601,2710,2773
118744,2711,2776
256116,2712,2828
186926,2713,2757
34120,2716,2832
24265,2719,2833
236026,2720,2818
377290,2721,2821
56700,2721,2827
52778,2722,2785
30270,2723,2812
25079,2725,2809
76581,2726,2790
99003,2727,2841
246838,2728,2789
182891,2728,2807
265696,2728,2827
171708,2729,2801
24266,2730,2838
239759,2732,2793
270737,2732,2796
366737,2732,2804
396625,2736,2858
398419,2737,2826
92911,2738,2802
54125,2738,2815
273281,2739,2849
91847,2740,2822
228046,2742,2795
247704,2742,2821
352535,2744,2822
166811,2745,2848
330215,2746,2808
166350,2746,2828
21565,2747,2805
342434,2747,2812
36894,2747,2844
255466,2748,2821
3757,2748,2824
53201,2751,2812
51253,2752,2823
49866,2754,2829
12509,2754,2865
130088,2756,2828
24031,2756,2836
323273,2757,2838
285842,2757,2842
205799,2758,2799
304237,2758,2825
246509,2758,2856
156155,2759,2822
155508,2759,2828
319403,2760,2851
63759,2762,2822
6417,2762,2834
37716,2762,2848
8835,2762,2859
150041,2763,2839
325017,2763,2862
50185,2764,2825
278724,2764,2831
288083,2765,2847
219365,2766,2827
67031,2766,2863
383157,2768,2838
183653,2772,2859
164138,2774,2847
10385,2776,2868
275014,2777,2844
170712,2777,2865
175117,2780,2896
45467,2790,2905
191857,2792,2858
45466,2823,2909
222445,2901,3023
252324,2912,3044
55726,2916,2995
86217,2927,2995
99006,2928,3061
166611,2930,3042
222446,2939,3029
99007,2976,3061
307367,2981,3059
306754,3145,3222
323616,3215,3315
199071,3230,3322
99005,3237,3298
206867,3258,3325
196636,3269,3354
397344,3274,3339
162365,3277,3354
323615,3278,3352
342435,3279,3344
253809,3280,3343
344694,3280,3351
281644,3287,3346
67356,3287,3351
231636,3287,3358
67357,3288,3353
299994,3288,3363
176287,3289,3351
69539,3290,3353
330383,3291,3352
94920,3298,3372
29281,3399,3507
202010,3407,3505
25738,3410,3506
270289,3413,3502
400218,3436,3502
387153,3443,3506
99494,3457,3507
152082,3612,3664
187982,3757,3814
270722,3781,3827
257555,3781,3842
342879,3782,3839
229635,3794,3889
1484,3799,3890
153353,3802,3912
187670,3804,3889
155544,3805,3865
21660,3808,3891
25032,3809,3874
73697,3815,3877
272333,3815,3882
100926,3818,3880
104559,3818,3896
217365,3824,3891
396626,3826,3893
39503,3828,3911
6793,3849,3940
252140,3853,3928
99492,3918,4026
122247,3926,3969
246607,3926,3973
173661,3926,3999
45469,3930,4002
383156,3946,4081
323553,3947,4009
199069,3948,4002
168661,3955,4028
86485,3971,4066
253223,4013,4073
314349,4159,4216
85720,4159,4227
32405,4172,4233
187692,4179,4259
395010,4195,4258
122433,4196,4267
391923,4216,4267
392479,4220,4281
133443,4221,4274
112079,4222,4277
59599,4228,4309
61426,4237,4309
200873,4260,4333
312324,4261,4322
404446,4263,4324
366736,4269,4323
281098,4271,4340
8217,4313,4381
43948,4313,4386
171601,4314,4378
70971,4317,4383
363694,4326,4391
387152,4360,4454
95352,4363,4447
99493,4374,4448
45465,4380,4453
291687,4383,4459
86486,4383,4474
45468,4384,4445
40420,4384,4465
214688,4385,4447
282887,4385,4457
285841,4396,4465
401995,4399,4472
104476,4402,4455
104475,4404,4452
337426,4404,4474
120716,4406,4468
54126,4411,4461
73850,4421,4482
99495,4631,4699
281912,4631,4707
189999,4633,4708
368332,4644,4708
396533,4754,4837
240308,4756,4808
187691,4779,4850
328680,4783,4876
6792,4795,4879
377533,4797,4860
232084,4800,4876
121548,4802,4861
175115,4803,4875
324650,4949,5019
20686,5005,5074
118745,5007,5085
303858,5011,5074
315174,5013,5101
24102,5015,5072
156468,5015,5092
305167,5027,5094
224833,5033,5101
115090,5036,5092
84447,5037,5115
92696,5038,5113
57770,5039,5100
305904,5049,5111
193978,5066,5149
383158,5070,5171
246163,5116,5197
245053,5126,5197
272332,5126,5200
259550,5129,5194
114836,5133,5197
8765,5135,5197
203167,5136,5201
85851,5140,5197
162457,5145,5253
260952,5149,5197
377868,5151,5204
359914,5152,5193
155543,5153,5248
45389,5153,5256
294405,5154,5234
28514,5334,5407
363693,5335,5430
156585,5336,5402
64153,5337,5399
176505,5344,5423
359359,5348,5403
196041,5350,5432
10386,5350,5453
131789,5351,5427
175115,5353,5443
77454,5361,5436
398075,5363,5435
262288,5368,5449
24557,5378,5443
73570,5392,5448
295387,5729,5792
257554,5755,5838
83523,5805,5881
13049,5942,6044
396013,5948,6061
331450,5976,6079
229636,6000,6100
228982,6009,6101
155273,6026,6089
