93250,99,156
59247,226,310
9993,233,354
126438,234,345
96617,247,362
47244,252,363
8197,260,359
39623,263,352
143760,265,343
123418,267,347
256219,268,338
122583,268,349
253741,269,330
405227,277,357
327858,280,364
142659,285,359
181152,298,359
139901,301,359
347632,341,439
64088,371,506
1190,385,442
253663,386,448
14924,386,505
68421,392,446
235763,410,464
330603,444,526
77372,572,622
82190,572,624
380494,707,781
274310,709,770
58625,714,775
164180,725,790
188723,726,796
60721,731,792
84242,731,799
303493,733,798
347278,736,795
47097,740,799
304642,740,802
93410,741,792
363420,745,790
41160,746,797
159468,746,801
336029,763,825
217089,768,829
15117,771,830
96697,966,1057
245549,988,1051
284784,998,1054
3231,998,1057
43777,1193,1306
94080,1194,1289
8174,1197,1283
172971,1197,1286
368326,1197,1318
145920,1203,1334
386305,1212,1319
405870,1219,1372
360573,1226,1321
82189,1228,1350
212033,1229,1332
354270,1232,1334
11240,1233,1331
183662,1242,1351
135669,1243,1355
364680,1247,1359
25778,1254,1322
210888,1254,1350
402428,1261,1330
290889,1263,1324
367504,1269,1335
361474,1270,1326
354836,1274,1317
11309,1274,1356
12282,1274,1361
382381,1274,1367
87312,1281,1361
390311,1306,1362
187797,1306,1371
222794,1312,1429
407524,1324,1426
342654,1332,1397
228406,1333,1379
159352,1333,1402
276583,1334,1383
204309,1334,1418
51495,1336,1426
241724,1337,1406
27269,1337,1438
142660,1338,1428
105688,1339,1424
38217,1339,1435
25734,1341,1421
161016,1342,1396
9388,1351,1470
274153,1354,1440
348418,1354,1458
122286,1361,1446
183433,1364,1426
219180,1364,1469
79676,1365,1454
62722,1369,1480
25635,1370,1471
101014,1376,1458
136616,1376,1468
39624,1376,1538
56998,1378,1474
212331,1378,1492
41859,1379,1468
244940,1380,1442
388423,1380,1479
403215,1381,1443
246078,1406,1513
250194,1415,1469
57670,1420,1526
104255,1421,1536
362115,1426,1536
10238,1427,1490
90277,1442,1532
38218,1449,1538
217397,1455,1537
24804,1457,1535
100331,1460,1538
59540,1480,1536
113417,1485,1527
228404,1485,1536
257244,1584,1642
208662,1584,1668
60641,1600,1671
283910,1617,1672
64278,1622,1672
143243,1629,1692
161691,1649,1731
255903,1668,1731
80420,1678,1739
43007,1680,1750
259007,1730,1802
29281,1797,1912
57671,1800,1908
2102,1806,1911
225852,1816,1887
93721,1819,1886
32759,1824,1887
212822,1840,1925
341023,1860,1940
5479,1861,1921
267786,1863,1921
272436,1864,1913
187836,1866,1912
164179,1870,1913
11007,1879,1921
278443,1938,2045
387341,1945,2025
116521,1949,2045
381394,1954,2042
332917,1984,2040
231629,2168,2221
306145,2224,2285
217396,2224,2297
297604,2224,2301
402429,2233,2293
77563,2234,2292
5672,2234,2300
408582,2264,2363
289852,2317,2391
18886,2319,2400
186678,2319,2417
143242,2337,2423
75989,2361,2430
18885,2362,2422
197433,2364,2459
121063,2365,2429
252518,2367,2446
27268,2372,2430
224900,2372,2445
248447,2372,2448
326818,2488,2541
317816,2860,2917
10237,2969,3080
367503,3065,3137
158367,3077,3146
47031,3082,3149
47096,3093,3156
394437,3093,3160
113645,3094,3158
298726,3096,3160
289654,3097,3156
333551,3097,3173
217445,3099,3163
147548,3101,3161
385314,3104,3184
264222,3107,3161
347161,3116,3161
231628,3116,3171
153368,3118,3179
206103,3121,3174
77629,3179,3253
363960,3187,3249
304850,3189,3247
155840,3191,3252
186896,3205,3253
228405,3396,3443
72217,3396,3470
18132,3399,3472
315259,3406,3472
157070,3414,3476
111064,3442,3505
46421,3447,3497
321113,3448,3516
205708,3453,3504
129193,3475,3532
284477,3487,3572
10926,3530,3579
121180,3752,3833
7063,3759,3828
359223,3767,3836
335798,3807,3887
133301,3809,3859
351904,3858,3911
289851,3926,3992
61869,4055,4107
106179,4116,4212
1939,4135,4220
106180,4145,4250
372288,4146,4208
85957,4153,4216
250076,4163,4228
335161,4167,4227
148381,4168,4230
354835,4168,4264
197311,4169,4227
60358,4370,4439
245548,4371,4442
211697,4384,4441
60150,4391,4500
323453,4394,4481
285407,4395,4473
219255,4398,4460
227864,4398,4467
281611,4402,4466
303531,4406,4470
59476,4410,4473
298727,4413,4469
10530,4414,4475
145270,4415,4476
142688,4416,4487
97442,4426,4524
247633,4430,4507
61844,4433,4525
200762,4434,4508
333307,4459,4525
207981,4547,4612
375444,4553,4658
93561,4558,4618
338000,4565,4652
176908,4569,4629
356880,4570,4663
146229,4574,4636
312277,4577,4650
156507,4581,4644
377287,4584,4649
138756,4584,4652
107708,4589,4659
25733,4590,4655
238400,4592,4665
116520,4593,4662
286585,4756,4804
11714,4925,4977
107010,5162,5211
99652,5189,5253
385876,5248,5323
144235,5258,5312
62721,5262,5322
392356,5290,5348
217803,5338,5389
34442,5347,5440
66305,5356,5414
46739,5383,5453
280921,5410,5474
39851,5421,5484
253109,5425,5494
228824,5427,5526
242943,5427,5538
11254,5428,5499
365198,5429,5519
134231,5432,5519
403216,5434,5546
131175,5441,5532
230007,5442,5522
220448,5442,5527
151889,5447,5503
383398,5456,5508
28486,5456,5521
300114,5457,5518
2172,5664,5754
123416,5670,5774
86893,5676,5755
212032,5682,5755
262677,5888,5949
143996,5889,5948
22851,5901,5961
77740,5911,5980
186679,5913,6027
14034,5921,5982
326819,5921,6028
128392,5925,6032
155228,5928,6030
156262,5929,6001
335022,5929,6018
145269,5930,5991
151890,5930,6026
6276,5931,6043
336028,5933,6028
10606,5934,5995
125596,5934,6016
351208,5937,5980
212032,5937,6017
14213,5938,6028
145769,5946,6028
137506,5946,6032
348155,5950,6026
53078,5950,6029
161226,5951,6023
247819,5959,6014
92155,6188,6250
10300,6195,6250
270684,6195,6274
246371,6197,6265
240411,6244,6303
267052,6385,6447
369526,6385,6450
322035,6385,6459
160249,6385,6482
39038,6385,6486
21855,6389,6484
340051,6400,6450
208622,6400,6460
310128,6400,6462
228821,6401,6463
43146,6402,6494
287205,6405,6502
262141,6410,6489
376960,6410,6500
106034,6418,6501
212033,6421,6505
49009,6426,6501
352967,6434,6499
