308843,112,204
112923,112,239
176995,113,225
193536,121,231
318980,123,273
401470,125,278
155519,127,203
49646,127,274
74376,128,257
201618,131,212
173390,132,255
61350,134,280
351495,135,245
16421,135,273
14766,136,257
133609,139,268
84491,140,256
4967,144,257
219323,145,215
185524,147,269
202501,149,255
309741,150,271
180941,151,225
381027,152,269
206264,154,216
390786,154,240
121099,156,246
2251,161,253
5229,171,254
322642,182,276
485,191,255
17752,217,276
213166,217,279
184426,218,278
212314,366,417
114068,483,528
365018,577,659
174554,579,658
190740,585,655
372271,587,658
88148,592,655
174196,596,658
366351,757,820
354034,965,1050
295852,970,1034
355689,983,1086
250441,989,1074
248421,1027,1101
178493,1028,1089
229102,1062,1118
389566,1122,1177
38551,1141,1200
227025,1141,1202
145964,1143,1201
44606,1144,1203
263097,1182,1258
394432,1192,1259
360222,1433,1499
258139,1435,1491
371909,1438,1488
151157,1441,1498
57956,1444,1490
2761,1446,1505
258483,1709,1784
92467,1713,1779
380511,1723,1780
408361,1726,1780
221215,1726,1798
106300,1729,1800
167518,1731,1779
230840,1731,1798
242166,1734,1798
340471,1888,1943
321821,2073,2129
75764,2298,2371
94664,2339,2406
69594,2522,2583
211336,2654,2716
396594,2657,2716
237167,2658,2710
397549,2658,2714
317937,2658,2734
165939,2668,2724
155423,2680,2736
99616,2686,2727
69593,3823,3888
69592,3825,3908
74225,3826,3886
331533,3879,3935
252266,3881,3943
75789,3927,3976
231697,3928,3992
392641,3952,4017
25707,4300,4350
230774,4738,4798
112924,4746,4804
108233,4752,4833
250991,4804,4866
31647,4822,4881
175643,4827,4884
169503,4888,4947
202597,4948,5029
310604,4950,5017
212632,4962,5020
400349,4975,5039
273382,4984,5035
331534,5208,5296
150218,5345,5424
213031,5345,5430
52995,5365,5439
157306,5406,5516
140506,5420,5475
294310,5426,5492
205769,5433,5501
20337,5438,5517
399347,5438,5543
149597,5439,5514
380269,5439,5522
322176,5442,5500
156704,5452,5526
45918,5454,5517
359301,5456,5544
95830,5473,5545
81187,5476,5535
1316,5476,5544
111056,5664,5716
