51990,116,190
106502,120,246
82155,121,225
98263,122,240
350026,123,221
312552,124,204
41270,127,192
402733,127,201
109936,134,249
104935,135,196
361712,139,256
141727,140,251
358958,151,219
319066,153,247
129541,155,223
262673,156,272
58844,158,250
114574,161,223
283134,161,233
278484,168,311
166176,169,234
171444,169,242
34666,171,284
303373,175,250
390311,177,244
377593,177,251
20157,178,297
377594,180,250
1007,180,288
174668,194,308
304708,200,323
107683,205,246
40202,209,305
207160,213,301
6664,215,333
112423,221,303
217855,223,340
58495,225,349
302458,228,343
221118,229,291
82156,238,347
295315,243,343
302459,245,339
191706,248,318
9078,248,340
82157,255,347
54572,258,337
21487,260,325
73662,261,347
333038,266,323
217854,266,346
172899,267,317
24434,267,340
346968,268,331
347547,269,334
2346,270,344
82,271,316
99734,271,334
59926,271,337
240730,272,335
130184,272,340
8012,274,338
285121,275,339
391585,277,346
217245,277,349
33465,278,343
345562,283,344
322449,287,349
128612,389,444
112654,389,528
36839,390,440
48875,402,506
106501,405,505
361000,406,467
227668,406,517
86898,409,466
111493,409,469
143686,409,486
37306,409,505
298131,411,497
258505,412,467
104546,412,506
106500,414,516
158018,417,532
382672,419,518
331932,421,494
44158,422,486
248062,422,499
34665,426,517
8788,435,522
192794,438,503
189952,444,515
65224,445,505
277734,446,509
58494,450,514
224574,451,515
252947,453,509
43119,453,511
289278,453,513
276889,461,523
42059,541,618
208205,548,660
184854,549,655
171445,553,641
213062,554,617
213061,570,651
234815,620,689
156017,624,719
19676,626,696
424,628,689
366252,656,721
15476,789,894
214507,835,893
132300,1337,1393
274068,1538,1598
240816,1544,1602
56153,1559,1618
347223,1559,1626
174058,1562,1624
123270,1563,1644
301535,1564,1619
379320,1564,1637
395627,1566,1650
196316,1569,1639
74878,1569,1644
197142,1577,1640
113564,1578,1642
32173,1579,1656
278136,1582,1648
393496,1586,1640
42502,1595,1656
270658,1599,1656
254882,1599,1666
303574,1599,1675
143778,1601,1668
301534,1603,1667
27785,1603,1681
251190,1626,1698
41616,1635,1697
308442,1659,1706
212442,1957,2062
372204,1958,2035
373784,1959,2039
260941,1962,2056
270657,1970,2047
102757,1973,2041
22244,1974,2047
338933,1975,2065
19065,1977,2054
369051,1977,2074
348703,1978,2030
295623,1980,2047
329911,1980,2075
366251,1983,2048
11361,1983,2074
235124,1988,2057
87042,1988,2075
117047,1991,2056
18754,1998,2075
42942,1999,2072
247947,2001,2076
257103,2218,2267
304707,2218,2280
117710,2224,2280
328850,2511,2586
295291,2522,2567
371268,2522,2585
251189,2531,2592
112653,2958,3018
76093,2958,3031
42706,2963,3032
70527,2964,3026
390353,2965,3031
33615,2971,3027
274954,2974,3029
224654,3221,3284
120406,3228,3290
311961,3249,3299
183086,3285,3332
156440,3549,3609
80875,3551,3601
160404,3790,3849
53642,3790,3858
41855,3794,3870
247946,3804,3866
120661,3808,3867
12507,3818,3870
61310,3987,4039
136576,4326,4375
3327,4328,4410
64902,4336,4429
284332,4353,4441
114927,4354,4416
156855,4354,4444
43087,4357,4433
91457,4358,4430
38764,4361,4432
381811,4363,4430
33019,4363,4445
38212,4365,4440
97937,4367,4446
96773,4374,4445
139351,4375,4441
194710,4376,4435
4100,4376,4446
81187,4377,4444
388765,4566,4658
388766,4571,4670
203327,4574,4681
230717,4603,4679
346807,4605,4713
325514,4645,4741
257969,4659,4717
371267,4663,4726
136617,4668,4738
65121,4672,4734
24215,4673,4735
150016,4674,4744
309451,4675,4738
114599,4680,4733
33020,4680,4739
8791,4681,4737
136772,4683,4741
72820,4684,4735
87445,4918,5013
351510,4923,5009
27401,4939,5011
329910,4948,5008
198841,4948,5013
295290,5321,5380
52263,5335,5394
53643,5438,5550
179854,5439,5530
223588,5439,5559
211352,5443,5516
158017,5444,5535
167013,5447,5514
104936,5447,5588
311501,5448,5558
83975,5449,5535
141726,5449,5555
205128,5455,5532
42503,5455,5544
209869,5456,5578
392391,5456,5596
76795,5458,5529
69468,5458,5540
323320,5458,5593
31504,5460,5586
309326,5464,5569
33021,5465,5550
98262,5465,5578
216018,5466,5561
146468,5470,5534
41854,5471,5523
28486,5472,5548
168018,5474,5555
202520,5474,5577
209868,5485,5596
255503,5509,5597
298914,5544,5598
325515,5938,6013
386943,6099,6180
130371,6128,6188
50667,6223,6292
51989,6237,6326
58496,6256,6323
156439,6257,6342
58497,6260,6323
259865,6263,6342
78059,6267,6314
368343,6267,6334
1324,6267,6343
396622,6269,6337
32172,6469,6546
389684,6656,6759
378592,6928,6978
158034,7068,7134
364774,7180,7259
142315,7181,7263
46538,7182,7239
152810,7441,7487
253058,7528,7604
130370,7529,7606
149510,7542,7607
28169,7552,7616
186811,7674,7733
149511,7674,7742
242240,7674,7756
