9661,87,222
185439,87,228
263110,88,135
226375,93,204
244608,94,156
185113,95,170
165472,97,227
347730,101,170
329751,110,170
350980,110,172
125835,111,173
282003,112,226
224012,114,207
279060,125,239
177252,130,239
95344,136,207
163749,137,212
194249,139,239
269333,146,255
100433,147,240
85271,147,247
67677,148,251
236726,149,235
262032,149,273
159350,155,253
51950,158,300
393898,160,289
67632,162,283
50369,163,261
44656,165,238
254457,165,241
288496,165,245
47576,165,298
29006,167,232
165473,167,249
387869,167,265
292582,167,278
65526,167,296
155091,168,268
106839,169,232
98763,169,235
357004,169,258
257874,170,272
121994,171,286
96363,172,261
86853,172,293
361251,172,328
79936,173,239
228545,173,296
37633,173,307
251527,174,245
1,176,261
320892,179,298
282668,180,258
32522,182,271
56115,183,273
343401,184,300
3784,186,281
197424,187,266
174309,189,296
155203,192,258
67633,192,300
149225,193,256
367808,194,255
11248,195,279
108212,195,315
56283,198,275
66054,198,279
315318,198,308
105117,199,268
29183,199,300
338989,204,292
14103,205,301
335066,206,268
222890,210,348
175513,211,342
65657,212,299
194284,214,275
202864,214,308
121995,215,300
171185,216,298
261407,216,324
391747,218,308
312214,219,293
88562,219,310
32521,221,300
155544,229,303
225985,230,291
337238,236,300
261072,236,302
205879,237,301
32942,238,299
20865,238,302
78918,241,308
181776,242,359
53852,245,343
155543,264,346
128188,307,405
106917,308,418
241346,309,406
78276,309,439
19208,312,433
346199,313,404
196180,316,403
7522,316,435
269648,320,377
50758,320,400
194914,321,432
106916,323,446
263724,329,406
346292,332,388
240770,332,396
287395,332,399
163228,332,417
408608,335,389
403718,336,421
210491,338,401
287461,338,403
241345,341,442
112391,342,408
338988,350,419
52277,353,451
56284,405,487
249720,425,487
257873,435,484
160603,528,620
217801,530,591
259689,531,613
1765,534,596
217289,534,614
217288,534,625
135034,535,612
273443,535,640
135035,536,620
126490,537,600
259690,538,597
301110,538,624
301111,538,662
273444,539,640
39748,541,610
24667,572,645
46042,573,640
361250,578,643
125572,579,646
17004,581,665
185777,585,648
26076,590,641
279110,590,645
158781,604,651
135036,644,735
6296,740,808
29182,796,939
211727,801,877
88563,803,900
185440,806,899
21495,809,940
9727,824,939
261230,825,878
7521,831,937
2,836,930
214768,837,940
52963,839,900
4007,839,927
115572,841,935
12090,844,918
292863,844,942
85368,851,941
216092,857,925
370535,858,934
34852,870,939
370428,978,1062
7523,978,1067
358209,978,1073
53338,978,1103
3,979,1050
259771,983,1115
292583,988,1100
23307,990,1123
7435,997,1124
321065,999,1080
149226,1001,1123
4539,1002,1127
312215,1002,1131
201712,1006,1075
382284,1009,1084
3929,1010,1075
295420,1010,1086
8888,1011,1071
21496,1012,1131
43146,1015,1123
223451,1019,1135
85270,1020,1141
274852,1023,1123
378377,1023,1138
194580,1028,1138
70087,1029,1115
40799,1029,1122
311922,1031,1126
53339,1033,1118
170989,1042,1127
165168,1055,1124
22497,1062,1122
87486,1065,1129
216871,1074,1129
51108,1082,1144
132471,1274,1345
42666,1276,1331
137849,1278,1342
14035,1297,1343
3679,1332,1402
184063,1382,1443
356207,1384,1442
147272,1588,1648
26028,1588,1653
301089,1597,1664
250460,1639,1705
125732,1642,1705
254458,1749,1800
317367,1756,1842
3146,1788,1851
152783,1789,1852
86379,1791,1849
222903,1798,1852
155204,1804,1851
319571,1959,2046
402257,1977,2051
4462,1979,2048
346200,1987,2048
399328,2009,2074
152780,2055,2117
217886,2090,2155
357003,2145,2245
39248,2146,2205
136744,2149,2233
217885,2180,2261
294338,2182,2237
285885,2450,2520
8656,2450,2523
256929,2451,2517
178373,2452,2515
121471,2486,2576
163138,2576,2642
353398,2576,2656
64938,2578,2655
67234,2580,2675
349116,2586,2644
42851,2587,2680
166758,2687,2761
367809,2692,2765
278193,2697,2811
245655,2703,2765
370205,2706,2779
195478,2706,2783
264279,2711,2784
196593,2720,2783
31487,2728,2813
14930,2752,2813
14883,2851,2923
