270865,124,223
255751,126,227
51957,135,240
79190,136,226
317962,140,241
112346,142,231
158825,143,237
199987,146,259
151053,148,274
59936,149,211
31756,149,241
321263,149,266
357635,163,258
187695,163,274
1007,166,269
183688,170,250
154578,170,279
333822,185,256
146253,189,292
237648,197,311
167464,224,359
118521,230,349
378424,243,360
311886,244,349
120412,253,344
291311,255,362
306474,260,350
147738,267,384
95325,272,390
318131,276,421
20981,279,399
28820,280,393
72596,281,383
194582,282,396
61121,288,390
197917,295,390
180208,296,359
175513,299,427
274275,314,482
155544,320,389
4531,323,433
360199,328,394
183548,329,407
53852,331,429
2661,341,498
350528,347,469
37852,349,428
121124,352,427
146734,355,450
167463,356,481
45661,358,420
290295,359,432
150191,360,446
336541,361,420
99840,361,429
113371,367,432
218513,374,448
146058,377,505
28819,391,504
95418,400,523
146057,403,519
316098,404,513
50758,407,483
345703,421,481
375816,422,484
321262,440,537
258164,532,652
350527,534,633
301221,539,642
215471,545,648
164094,577,650
284624,696,760
179641,696,789
167117,698,782
402525,699,775
283330,707,794
72193,713,823
64823,714,801
406432,717,785
11786,719,781
72256,725,789
650,738,811
50869,739,797
57698,740,802
378675,767,841
120818,768,824
230730,777,841
153413,779,841
150794,779,843
136211,834,893
45760,835,886
42259,852,969
58522,883,969
305540,889,1023
264940,892,1019
117820,895,1025
360823,895,1034
193536,899,1015
233979,909,1023
40092,910,1028
123253,910,1036
303699,915,1037
13682,918,1029
154577,921,1034
25753,923,1037
202501,930,1039
138383,937,1000
2251,937,1042
153097,939,1045
331464,951,1045
166398,967,1037
7601,969,1045
341428,974,1038
249155,975,1042
485,977,1040
181027,977,1043
104754,979,1040
381951,980,1041
213756,981,1045
203143,1112,1212
376969,1134,1199
378676,1138,1205
93295,1148,1219
73098,1150,1210
65168,1155,1204
193228,1156,1217
402591,1157,1226
95512,1158,1208
256457,1162,1227
334303,1252,1323
203144,1566,1638
390508,1567,1636
147739,1571,1652
98412,1576,1641
2211,1578,1635
127777,1578,1638
240448,1578,1645
270913,1584,1647
67246,1591,1635
398394,1608,1655
303339,1622,1724
170514,1626,1702
307505,1640,1708
96560,1658,1728
51476,1661,1725
97867,1666,1715
142604,1670,1722
363181,1682,1737
344696,1778,1876
321224,1785,1900
140228,1798,1872
217675,1808,1870
47745,1812,1863
387658,1813,1876
6251,1816,1873
248845,1861,1975
8455,1933,2007
362726,1937,2001
70892,1939,2007
135318,1950,2008
120978,2058,2153
161245,2083,2177
298602,2086,2152
26018,2164,2247
26017,2167,2239
378425,2168,2258
61122,2177,2265
99217,2182,2274
75723,2182,2279
185838,2183,2246
66826,2183,2269
233980,2184,2288
14506,2185,2275
273492,2186,2254
70193,2191,2252
319884,2193,2266
21417,2193,2288
240365,2194,2257
232159,2194,2285
37380,2200,2286
356697,2201,2251
303340,2205,2276
75590,2206,2269
321458,2206,2271
92373,2206,2287
222943,2208,2273
19682,2212,2293
308375,2214,2274
253492,2214,2276
397439,2214,2284
37379,2215,2289
377475,2222,2288
56191,2227,2273
180031,2235,2286
20756,2370,2479
400654,2380,2476
400655,2442,2547
108557,2498,2549
181517,2693,2749
384485,2707,2798
407931,2708,2784
221480,2723,2823
354713,2729,2818
172462,2730,2823
321264,2734,2807
162584,2735,2813
208366,2736,2819
42045,2755,2816
353821,2757,2817
264941,2757,2823
130698,2760,2819
311885,2762,2818
100139,2861,2914
172418,2863,2927
178634,2868,2921
319883,2870,2931
134997,2886,2944
172079,2892,2935
350529,2895,2957
61120,2906,2993
217757,2910,2993
9078,2917,2993
266281,3059,3142
407932,3302,3356
171638,3518,3592
92881,3543,3667
96559,3544,3627
222844,3547,3673
71907,3549,3651
104598,3562,3652
55789,3569,3675
2261,3575,3675
3291,3578,3665
92675,3583,3669
121554,3584,3667
330060,3588,3674
368803,3589,3668
6250,3695,3754
139967,3695,3757
306002,3695,3759
240447,3695,3762
353210,3696,3764
404380,3698,3751
86486,3698,3779
46662,3713,3779
236226,3735,3780
2103,3882,3959
125804,3886,3959
218452,3889,3960
277558,3890,3956
264751,3892,3954
26678,3909,3981
2102,4079,4190
25738,4089,4190
65169,4163,4272
264057,4167,4245
285141,4169,4279
85083,4173,4276
30723,4192,4259
215472,4195,4254
