148025,96,269
209827,101,258
32390,102,278
93568,103,270
176513,107,176
231011,109,238
313451,112,254
402074,115,214
73017,115,259
331893,115,282
134942,116,255
4583,117,267
359766,118,242
110228,119,233
192478,119,248
77661,123,210
97418,125,247
107919,127,179
19738,128,258
373629,130,246
236637,130,263
388463,130,269
405490,133,196
99143,133,240
3561,135,221
394601,135,235
224088,137,264
268075,139,236
48903,139,273
266616,140,199
321263,142,257
3142,142,271
22636,143,240
369208,146,288
100295,147,205
307181,147,209
307180,148,210
307538,149,206
54128,149,273
355041,149,281
147772,150,203
288292,152,209
72679,152,270
11033,155,210
306120,155,321
179755,156,268
276108,156,313
119,157,273
13125,158,285
11034,159,215
345363,159,261
98118,159,299
273025,161,288
1007,162,249
4678,163,281
400802,164,311
336032,165,254
78909,165,268
37047,166,260
99144,166,279
406628,168,273
299909,170,295
215773,171,289
253013,173,260
87602,174,252
12989,174,268
22369,174,282
148601,177,249
262064,178,316
321359,180,245
224622,182,326
158541,183,331
84478,184,356
375546,186,290
288996,186,325
81666,188,260
380733,188,322
329504,192,301
186630,192,321
832,193,324
56559,194,328
303565,194,349
112923,196,342
156018,200,276
226499,200,318
175280,200,358
14374,201,271
19739,202,314
246923,203,328
72678,203,333
80103,204,269
22368,204,337
6623,206,282
40651,208,273
151495,208,339
117619,210,298
89342,213,316
332792,214,320
109148,214,347
123253,215,354
258059,216,336
63433,217,386
15402,221,355
99929,222,363
242851,223,349
236638,224,314
90836,227,343
191016,228,360
16421,231,382
404397,232,352
312285,232,393
92223,237,358
380732,237,370
365260,237,390
294084,237,418
133834,238,402
109210,239,354
17722,244,367
43782,245,358
51880,246,308
226411,246,310
300688,247,314
392883,247,318
237336,247,350
109149,247,380
2251,248,361
2849,249,330
206830,249,394
13852,250,314
293005,250,316
106528,250,336
30007,252,369
244791,254,364
394602,255,374
9622,256,358
41839,258,336
405962,258,409
112901,259,388
293006,260,366
181893,260,370
42667,262,358
386909,266,395
225208,269,355
84479,270,407
5229,273,362
139426,273,378
84733,273,413
369527,278,348
2418,280,407
188019,281,363
155627,283,361
485,290,360
141838,290,401
155607,291,352
42290,291,365
137848,291,420
313513,296,369
267122,301,416
163840,304,414
293785,305,381
194695,306,435
165570,308,425
1794,309,412
41023,310,420
54638,311,407
225111,311,427
157085,312,402
1793,313,411
363539,316,433
81665,317,437
75519,322,417
106500,322,420
85737,328,397
188449,329,414
406856,329,417
201920,332,381
91116,338,417
256309,343,407
140918,344,417
135819,350,407
81664,350,437
189759,352,414
271291,353,405
51782,354,420
305265,356,416
367940,362,405
11710,363,433
356192,364,447
206372,366,420
307509,367,410
259532,367,421
22637,367,431
389381,367,440
321262,367,477
52277,368,474
253396,370,414
13751,370,416
305223,386,433
46956,448,533
312284,483,599
315602,488,580
393965,489,599
81663,498,579
156017,500,597
141080,504,600
42949,510,575
67615,510,580
150063,510,584
355864,519,593
220631,523,585
43649,523,587
33697,526,586
400409,527,590
20958,540,595
317191,699,755
398473,699,759
399909,699,775
291368,699,779
362176,701,798
133255,702,747
69946,702,773
219911,703,769
54130,704,785
18996,706,797
389832,713,785
346178,714,777
54129,715,812
213113,718,835
34557,720,790
72086,721,784
129247,721,786
121263,722,787
177112,722,798
212943,722,802
310242,725,778
213868,726,779
152356,727,784
50534,727,789
326226,727,794
147648,728,828
219752,729,790
22874,731,779
23400,731,783
54329,731,799
52484,733,779
38259,736,785
79856,736,805
147282,744,805
357023,745,820
256750,754,812
150062,754,818
4758,755,820
389816,755,823
288332,781,846
368475,782,851
81165,790,871
74995,802,864
50202,809,872
322359,834,902
33083,860,921
83617,873,959
321493,898,1007
152824,924,996
223192,959,1035
92287,975,1039
196674,981,1037
316908,1276,1342
17625,1281,1346
38038,1283,1343
263989,1300,1370
36129,1304,1370
44206,1317,1411
57736,1325,1390
106672,1327,1390
396324,1327,1405
263873,1328,1398
64564,1328,1418
75283,1330,1395
61156,1330,1409
369029,1331,1445
161141,1332,1411
99306,1332,1427
117206,1333,1404
232317,1333,1416
301406,1335,1448
263266,1336,1412
352655,1339,1411
14325,1339,1430
16454,1341,1427
238499,1343,1408
237883,1343,1447
25923,1345,1438
21184,1346,1430
248372,1348,1417
248373,1348,1429
225110,1348,1438
139512,1350,1411
239085,1350,1414
179230,1354,1442
173036,1354,1464
65568,1356,1455
15081,1357,1418
31542,1357,1465
204559,1358,1458
15080,1359,1452
264723,1360,1424
194860,1360,1430
374149,1361,1432
28528,1362,1426
82648,1362,1465
243890,1363,1437
80250,1363,1462
356509,1366,1428
239848,1366,1445
102201,1366,1466
83590,1367,1429
239849,1367,1433
288293,1367,1482
237831,1369,1459
336704,1369,1463
123106,1370,1467
314364,1371,1419
8405,1371,1434
91977,1371,1455
307537,1372,1453
283266,1372,1473
337593,1373,1435
364718,1374,1462
317192,1375,1467
3565,1375,1495
71158,1376,1455
292277,1377,1448
226412,1377,1452
146918,1378,1483
129841,1379,1445
3564,1379,1475
51198,1381,1474
246335,1382,1455
124779,1382,1461
303085,1382,1479
287982,1384,1464
246403,1385,1451
51344,1386,1472
203094,1387,1478
41284,1388,1449
303084,1388,1473
225109,1389,1479
262776,1390,1452
112261,1390,1486
168985,1391,1453
152759,1391,1458
23577,1392,1473
241852,1393,1434
87077,1393,1461
32466,1393,1467
379012,1395,1453
57789,1395,1457
393358,1395,1462
201061,1396,1472
42688,1397,1458
187669,1397,1466
351601,1397,1477
170306,1400,1464
153911,1400,1470
71157,1402,1463
262775,1402,1467
103466,1404,1465
201491,1404,1467
166650,1404,1469
173035,1404,1475
403100,1405,1479
229192,1415,1489
3563,1417,1496
248374,1421,1482
278333,1424,1499
272088,1426,1510
142229,1433,1495
19737,1433,1498
149393,1437,1498
339291,1459,1523
133833,1463,1524
361695,1505,1566
303566,1509,1600
142227,1510,1593
381135,1535,1600
269996,1540,1591
138766,1542,1596
217676,1564,1615
181358,1587,1644
147647,1600,1701
37136,1677,1795
314921,1678,1789
18413,1685,1793
338301,1685,1797
219560,1688,1794
329637,1689,1783
3566,1691,1799
128891,1692,1805
299908,1693,1791
100249,1705,1777
340543,1707,1780
337,1708,1797
155606,1722,1791
36295,1725,1795
355657,1726,1799
371100,1726,1808
355658,1728,1796
107780,1728,1801
393868,1729,1804
116764,1731,1811
255600,1733,1792
290889,1733,1799
248791,1733,1803
319250,1736,1792
106789,1738,1790
37292,1738,1806
71159,1743,1814
37293,1745,1808
337563,1761,1806
298616,2015,2066
23856,2015,2072
317190,2015,2085
46958,2016,2077
304688,2017,2076
333562,2017,2078
17914,2018,2073
65644,2018,2085
244,2018,2092
134943,2019,2082
49217,2022,2098
55015,2027,2085
244,2030,2101
235297,2034,2087
291367,2123,2194
261319,2185,2254
392884,2216,2292
368476,2221,2298
296717,2233,2294
46957,2241,2300
337346,2276,2347
130120,2287,2348
19960,2297,2354
403840,2325,2371
147644,2403,2540
185158,2414,2482
397335,2420,2473
286823,2438,2493
164176,2440,2509
147646,2440,2543
13142,2443,2494
72085,2444,2508
131159,2446,2508
9008,2476,2543
268014,2479,2544
318822,2483,2544
339324,2630,2696
84477,2632,2697
142230,2632,2711
2337,2634,2705
5292,2634,2709
337910,2634,2725
184260,2635,2697
51197,2636,2699
325936,2638,2704
308383,2641,2702
354449,2706,2773
49774,2719,2774
234259,2720,2772
46877,2746,2818
347675,2751,2827
394877,2753,2812
385291,2755,2871
152640,2757,2831
307116,2768,2850
234498,2772,2831
269303,2776,2838
283265,2777,2843
401074,2777,2853
290830,2778,2868
86836,2783,2832
282329,2784,2834
397334,2785,2841
241372,2785,2874
399505,2786,2860
381227,2786,2878
340767,2790,2854
385290,2790,2869
369227,2809,2879
306308,2813,2882
22895,2815,2872
157086,2825,2883
339571,2832,2884
399344,2847,2901
402075,2855,2911
142228,2861,2913
388835,2906,2961
280241,3003,3051
147644,3082,3217
97417,3115,3217
43775,3122,3183
65651,3140,3210
261320,3147,3213
263077,3151,3208
16453,3152,3214
305800,3155,3217
321907,3156,3205
241611,3156,3210
103573,3318,3374
345724,3318,3389
321264,3318,3400
147643,3318,3404
244,3319,3397
339290,3319,3409
191015,3324,3403
334168,3331,3395
334169,3342,3404
49541,3352,3414
34556,3397,3515
181357,3405,3515
9382,3409,3503
49919,3409,3507
108989,3412,3506
175212,3412,3515
218901,3420,3475
385289,3426,3503
100547,3562,3631
110761,3574,3629
382891,3602,3662
97416,3623,3770
97417,3668,3777
147646,3670,3783
25814,3671,3726
213869,3673,3738
195713,3673,3746
335679,3679,3726
41457,3680,3745
22089,3681,3743
225980,3684,3737
122213,3688,3773
306121,3689,3745
250127,3689,3755
265985,3698,3754
226256,3700,3776
195886,3700,3784
224466,3705,3771
204645,3707,3764
7772,3707,3770
116773,3707,3784
170636,3709,3774
274254,3712,3778
307995,3715,3778
364271,3734,3783
165180,3908,3963
244,3908,3971
244,3908,3994
227255,3908,3998
49217,3908,4002
147643,3912,3999
80105,3913,4002
191014,3921,4002
58909,3923,3984
263218,3924,3992
209366,3926,3987
18412,3927,4002
3551,3929,3993
49056,3930,3990
42045,3931,4000
80104,3932,4003
273726,3936,4002
149292,3937,4001
227256,3938,4003
61310,3940,4003
201432,3945,3999
291366,4262,4339
92471,4342,4396
183658,4343,4405
399904,4343,4410
286776,4358,4424
128083,4360,4424
169933,4372,4422
242850,4372,4424
115701,4372,4442
60073,4376,4423
215774,4385,4453
339569,4403,4449
37233,4459,4522
345071,4469,4525
181277,4631,4691
65983,4635,4691
258529,4648,4705
295845,4738,4800
391595,4815,4896
333294,4828,4920
369599,4830,4890
140975,4831,4913
388796,4832,4896
313511,4832,4906
16184,4836,4898
61309,4837,4928
224305,4839,4920
203561,4839,4924
91389,4841,4923
212169,4842,4920
100819,4844,4924
339570,4845,4906
208823,4846,4916
296503,4851,4915
169726,4851,4932
124667,4853,4926
109068,4854,4913
105038,4855,4921
175213,4857,4922
117588,4860,4918
263949,4860,4929
110848,4864,4917
377945,4872,4926
300689,4873,4940
128892,4874,4924
391267,4895,4961
306309,4951,5036
373485,5053,5119
351818,5063,5117
250729,5063,5120
274923,5064,5116
183168,5066,5121
36463,5068,5121
388420,5229,5298
239031,5319,5375
115910,5329,5370
244790,5342,5414
108405,5481,5551
71160,5668,5731
389833,5669,5754
98116,5673,5749
188450,5675,5741
243468,5680,5752
213112,5689,5795
27847,5692,5756
297073,5703,5787
42357,5705,5761
22635,5705,5763
262068,5705,5768
98117,5706,5791
147648,5706,5806
144269,5708,5761
54328,5710,5775
90837,5712,5820
92331,5714,5793
303668,5724,5818
288995,5739,5809
159986,5741,5817
31541,5745,5810
142226,5753,5814
17804,5757,5816
111847,5796,5845
147645,5808,5865
147647,5808,5896
296716,5991,6050
385344,6260,6324
373015,6330,6394
297071,6379,6462
152823,6380,6460
303086,6380,6464
38254,6384,6465
161480,6396,6462
29337,6396,6474
195037,6400,6481
326094,6440,6499
326095,6461,6539
315601,6476,6532
301686,6481,6577
147645,6509,6575
348566,6509,6581
90838,6524,6620
381090,6555,6614
15956,6566,6619
140972,6925,6984
84066,7104,7162
385410,7104,7167
346425,7108,7168
234258,7284,7356
57631,7285,7349
265944,7285,7353
100820,7285,7373
366246,7286,7363
112924,7287,7352
16383,7287,7365
61310,7292,7363
132017,7293,7345
208822,7297,7365
105037,7305,7374
271131,7306,7376
79325,7311,7374
140971,7311,7381
366148,7314,7389
115529,7319,7381
131468,7320,7394
131469,7334,7400
67166,7426,7503
394685,7449,7518
92224,7454,7518
206558,7455,7506
216822,7464,7508
171277,7550,7602
399506,7751,7805
357664,7939,7997
191339,7939,8005
13468,7940,7985
97232,7940,7990
385288,7941,7997
79855,7942,8002
170305,7943,7991
137864,7943,7993
274211,7943,8001
91579,7947,8019
101250,7953,7999
333561,8146,8256
248294,8150,8204
140970,8154,8225
112765,8161,8227
388559,8177,8263
129660,8180,8241
262025,8180,8263
191642,8188,8263
164175,8196,8265
1355,8202,8267
262026,8206,8273
106673,8279,8340
297072,8280,8343
195887,8280,8346
310148,8290,8346
140969,8302,8378
148753,8305,8372
388560,8305,8377
101063,8307,8378
65148,8317,8377
133830,8524,8583
26099,8648,8710
211163,8651,8749
270192,8653,8727
11441,8661,8720
210148,8662,8731
91388,8681,8761
1000,8682,8739
68538,8687,8750
369028,8687,8763
206559,8690,8751
283264,8694,8755
189333,8701,8751
263217,8705,8757
375545,8708,8754
33566,8716,8783
65979,8717,8785
4529,8721,8789
47667,8747,8802
359408,8966,9018
366133,8966,9034
106671,8971,9061
242023,9020,9085
218263,9026,9093
116765,9030,9105
116763,9038,9096
346867,9043,9099
162026,9046,9101
101428,9048,9106
92396,9048,9113
65149,9051,9105
277111,9051,9109
187668,9052,9097
372539,9059,9107
192477,9310,9380
133831,9500,9615
105591,9503,9570
133832,9503,9606
144268,9504,9553
294073,9504,9611
98627,9506,9567
21664,9507,9569
194848,9507,9572
364270,9509,9599
236379,9509,9606
35448,9511,9609
227731,9511,9616
13107,9518,9611
5042,9534,9611
42289,9535,9615
102534,9537,9619
165179,9546,9601
307429,9548,9619
13106,9556,9618
408330,9563,9615
219751,9571,9619
188448,9710,9778
269997,9730,9788
16967,9824,9882
283301,9824,9941
319166,9826,9877
147018,9826,9881
278018,9826,9886
250728,9827,9888
271130,9857,9951
180220,9867,9944
345630,10058,10109
303564,10060,10118
190222,10061,10168
263057,10080,10175
263058,10081,10171
11708,10084,10174
21847,10088,10151
272648,10088,10160
391266,10090,10174
999,10092,10160
9493,10105,10172
11709,10107,10169
225207,10158,10243
148754,10171,10258
191643,10182,10247
312930,10185,10248
174617,10189,10265
250294,10205,10266
218166,10346,10406
283026,10405,10482
144314,10418,10483
3562,10473,10537
74839,10485,10536
