150474,117,257
144309,118,160
21791,118,243
57878,118,252
347006,118,269
42803,121,194
135450,121,217
3766,124,219
245732,125,192
273031,125,215
325484,129,193
39853,132,216
3142,132,261
96844,136,250
396089,139,232
192364,140,282
350394,143,246
316840,143,252
338088,143,262
355041,143,266
308316,145,213
40629,146,235
130082,148,238
103552,151,211
221053,151,243
88947,151,248
39854,151,253
38162,151,262
118662,151,267
1007,152,238
255939,155,256
4678,155,268
316841,155,279
117266,158,272
86879,160,231
260569,161,267
12989,165,256
58076,169,292
55315,172,253
115488,173,235
252315,174,252
95746,174,332
387927,175,237
227371,175,239
4757,176,320
151143,183,318
125570,188,266
249662,193,338
117640,194,310
129062,196,319
366323,196,333
289849,198,317
64418,199,346
11235,202,316
117046,210,369
273032,213,328
394894,213,335
129338,218,322
347005,220,348
52035,221,320
282577,222,327
26096,222,367
307303,231,393
400312,232,358
350914,233,324
91291,235,321
26095,235,385
3584,236,324
316751,236,346
91370,237,362
47576,239,356
111737,246,376
160867,248,344
38161,251,364
41872,251,392
147264,255,387
6475,256,353
39855,257,371
38163,258,364
103542,258,385
350395,259,354
111646,260,317
29183,264,353
42997,264,386
64417,266,410
347007,267,375
76737,268,379
39856,269,385
214767,270,396
3933,272,357
21886,273,361
3141,273,398
40602,274,390
3140,274,421
180208,275,330
8542,276,341
23932,276,393
96845,278,372
7193,278,406
8543,281,393
183337,283,404
362916,284,366
15290,291,371
322927,291,386
357507,293,358
164944,295,383
322544,295,394
82592,296,411
291607,297,378
367594,297,388
87885,300,359
191698,300,374
31401,300,394
395412,302,375
350396,302,392
282612,305,429
312963,308,361
354225,309,403
6474,310,394
390857,315,415
242890,321,408
150245,325,375
48005,326,440
180176,327,414
140473,327,432
176002,328,380
142218,337,384
396088,337,434
260075,338,409
342960,339,421
245731,345,439
233939,346,431
282496,353,519
124209,356,436
136979,362,461
160868,364,463
219550,365,433
136978,372,460
273218,377,437
326178,378,430
300323,379,431
81029,388,499
383617,406,554
267511,409,536
316752,418,543
282613,419,526
324568,419,561
31344,428,538
147793,434,566
312654,439,561
155794,441,554
313026,441,565
125746,443,548
71464,447,515
65422,448,575
279337,450,561
103551,452,571
140511,453,562
320055,458,557
315820,463,519
394340,463,525
136977,463,558
192759,464,556
85201,465,525
364228,465,532
266636,465,571
48113,466,561
62677,467,566
214766,469,570
273033,471,565
91920,475,571
34167,475,580
283675,476,569
91919,476,584
386270,480,553
10531,481,565
95627,486,540
245730,486,568
153010,486,581
332417,487,551
329274,490,559
119197,495,570
388891,496,580
335280,498,577
379042,499,580
178506,500,556
61879,500,563
115820,502,549
270750,504,555
324569,504,595
34166,508,578
16452,509,584
144603,513,588
57772,514,592
8934,515,563
126322,519,577
192550,528,625
52372,531,628
102582,535,616
44009,554,617
337241,554,623
25249,554,626
95747,561,627
331712,564,633
373642,653,711
267550,653,767
155793,665,769
180207,668,781
29182,668,801
65858,672,786
349073,690,766
156952,693,817
252472,701,814
174635,702,792
324790,703,795
200286,704,766
214768,705,804
34401,707,792
56833,710,820
4007,711,792
180452,715,772
178383,715,792
329757,715,818
3242,723,822
84371,726,800
23741,728,792
35535,729,802
320861,731,840
146876,733,805
190138,733,811
89539,738,806
16459,746,813
161463,748,822
152698,761,833
96734,761,836
342286,762,821
163794,763,834
285507,767,834
247732,775,843
132636,782,836
158251,788,842
305385,794,895
129337,809,937
394893,815,928
336287,817,923
55578,819,913
374708,822,923
107081,823,878
330494,823,886
88971,823,896
31402,823,917
337,829,923
122108,834,925
59769,839,923
337,840,934
395265,845,923
320862,861,934
229919,864,931
191780,865,937
336291,868,922
153729,876,929
100383,880,937
129925,885,935
401923,1066,1138
123531,1110,1220
286535,1110,1228
105354,1145,1230
16458,1151,1232
391617,1158,1230
377536,1174,1230
17514,1182,1246
291608,1184,1235
118279,1192,1241
250365,1346,1420
162967,1385,1447
220656,1425,1496
21974,1707,1763
69813,1707,1767
98030,1745,1796
192004,1755,1814
347900,1765,1863
324186,1794,1864
359779,1843,1919
132267,2152,2221
132268,2152,2262
196481,2155,2255
204812,2164,2236
915,2164,2256
350397,2164,2259
299551,2166,2262
347899,2193,2262
189465,2389,2503
398716,2536,2581
196480,2538,2588
127655,2542,2614
198945,2560,2630
28836,2563,2631
230163,2567,2631
117047,2809,2859
107812,2809,2866
323583,2809,2869
295900,2809,2871
91292,2809,2873
124381,2809,2877
16451,2809,2881
373643,2809,2898
26097,2810,2864
15100,2810,2870
16450,2811,2891
205058,2812,2877
185946,2814,2870
343173,2816,2870
126503,2816,2900
343082,2817,2878
292565,2822,2883
101448,2823,2899
179645,2826,2892
91290,2827,2921
156953,2832,2900
388890,2854,2912
80692,2857,2913
190881,2921,2994
281138,2924,2988
13,2940,3001
230673,3070,3118
257014,3075,3120
