80014,99,157
135016,101,185
394978,126,179
215521,188,304
201357,190,271
135017,194,327
235644,196,292
303875,200,295
316773,201,292
53001,203,351
210339,204,336
97255,207,290
27021,207,293
130833,208,303
236039,208,340
405455,209,337
51950,211,331
248459,211,339
307303,211,373
377665,212,277
277469,212,305
124113,212,326
333528,212,352
26095,212,358
368379,214,340
47576,216,329
297085,217,381
34026,218,339
173204,219,326
85754,219,365
314856,222,318
95325,222,331
7528,223,352
96385,224,335
182200,226,327
348174,226,347
277294,229,345
53000,229,403
65608,231,306
301605,231,320
327853,231,365
7529,232,391
14920,234,326
52362,234,354
97532,236,339
278665,236,386
315948,238,370
88458,241,352
241349,244,369
46806,245,292
3933,245,330
14103,246,327
403198,246,336
65163,246,356
183739,246,395
2461,248,338
224779,248,405
382405,249,305
318018,249,323
16682,249,400
302817,250,337
82068,250,345
15486,251,392
147325,252,310
48078,253,378
81828,253,387
60735,254,325
180072,254,402
403199,257,353
63249,257,377
344754,260,340
51973,261,369
130834,261,378
143836,262,321
90410,262,343
159602,262,352
179819,262,402
289386,265,340
50332,265,388
122076,266,384
284996,268,358
191698,269,347
88459,270,400
135085,272,331
280319,272,344
165284,273,352
132578,273,399
33298,274,380
277565,275,336
196981,279,323
84018,285,354
172944,291,361
90411,302,363
189078,313,405
138399,320,405
228096,328,404
30335,338,402
199111,342,402
53002,459,520
115446,459,539
271866,460,536
188084,460,558
288829,460,568
73387,472,595
126298,482,535
270969,482,581
346704,483,537
9660,483,540
33534,483,558
47752,483,573
348175,483,577
135390,483,588
97531,483,617
316855,484,607
322033,492,555
130738,496,608
270940,498,588
288830,501,581
271867,505,584
46705,512,603
6633,516,593
29012,524,602
154145,537,601
6634,538,602
36528,663,758
290145,666,729
153423,671,762
98771,693,768
396866,695,767
301607,699,768
292744,701,767
5400,703,768
101393,821,869
358990,824,876
147700,828,901
221908,834,896
278766,834,911
392080,850,913
43064,1404,1479
90409,1449,1524
158073,1452,1521
84768,1457,1522
204193,1471,1521
343374,1472,1540
343374,1797,1860
228095,1800,1860
121473,1801,1862
47767,1807,1861
168742,2002,2071
57498,2035,2132
276688,2052,2102
241350,2152,2262
337,2158,2267
24123,2170,2267
402112,2171,2263
1151,2172,2268
100249,2176,2241
337,2179,2264
85036,2184,2266
47167,2216,2263
67853,2449,2532
187189,2454,2516
277260,2493,2561
274442,3021,3073
118252,3023,3086
66949,3389,3452
119287,3389,3464
273271,3416,3484
326589,3416,3487
200689,3418,3471
319580,3429,3499
28274,3438,3494
403289,3439,3514
276882,3440,3487
49090,3440,3503
264077,3440,3512
44844,3442,3529
164432,3445,3506
151164,3446,3512
377563,3464,3528
327544,3527,3580
1859,3699,3753
151216,3699,3761
157358,3700,3743
328644,3700,3755
18388,3704,3760
147324,3709,3761
66343,3717,3793
127816,3731,3799
301606,3820,3883
314363,3835,3909
210774,3839,3909
247795,3841,3902
107806,3842,3906
263465,3844,3903
209793,3844,3908
106946,3845,3910
217087,3847,3918
114882,3859,3906
314362,3859,3936
277470,3864,3938
249141,3865,3936
179735,3866,3919
78706,3866,3927
95374,3867,3937
28474,3870,3934
406927,3878,3938
310148,3911,3986
9437,3916,3981
103793,4132,4192
45172,4240,4290
