115145,114,157
11689,114,161
84014,114,163
3766,114,203
85209,114,221
141883,114,232
41002,115,225
119517,116,195
163334,122,173
208282,122,176
109067,132,173
341104,133,195
282223,134,232
5966,136,215
224478,144,211
282276,144,214
16176,145,231
43492,148,232
43493,151,232
138092,157,232
117682,259,328
99379,259,359
77355,260,335
27143,260,349
144343,260,354
160954,260,363
236372,263,316
153622,263,334
35334,264,307
130995,264,330
214157,264,338
292772,265,342
331749,265,361
225383,266,322
128400,266,333
303153,266,339
88604,266,359
340798,266,366
225384,268,332
141882,268,358
231647,271,342
389819,273,362
231023,274,342
264879,275,331
61337,277,349
389820,281,375
340799,286,390
208281,306,408
340800,313,446
27144,314,376
256840,325,392
231760,333,392
319182,343,458
213783,350,448
38024,352,412
340801,353,458
213782,357,457
112873,370,457
168196,374,457
236836,378,457
12778,382,458
71464,389,458
33719,391,456
33159,392,458
252858,393,457
278762,410,457
153423,521,614
127934,555,614
291594,690,758
143710,691,768
291595,699,764
54806,711,775
6165,732,800
348201,790,845
133780,854,916
37522,875,934
214787,886,943
222409,887,954
40296,891,944
242526,896,955
321759,901,952
65976,943,1023
45134,969,1052
189355,996,1072
129099,996,1081
18862,1015,1076
368009,1063,1131
288488,1283,1353
257222,1285,1354
148489,1287,1355
163226,1291,1354
303096,1293,1349
235212,1293,1354
286602,1293,1358
158116,1297,1350
200,1297,1353
213267,1478,1524
138911,1512,1622
27245,1563,1632
113244,1568,1637
100174,1568,1646
134881,1577,1638
174742,1579,1640
358423,1580,1635
26261,1580,1642
212340,1584,1636
212341,1584,1640
14440,1590,1645
75818,1591,1635
14306,1592,1646
328985,1595,1641
6464,1684,1745
153458,1684,1750
22101,1684,1757
266188,1684,1772
51660,1689,1742
22100,1692,1744
348857,1772,1873
57788,1788,1862
317449,1789,1881
221166,1790,1890
26262,1794,1856
317450,1796,1857
294722,1915,1984
386855,2102,2185
42953,2107,2186
318832,2109,2182
360822,2128,2185
239957,2228,2290
57605,2231,2294
239418,2231,2301
135951,2231,2311
42036,2233,2314
33319,2239,2282
21790,2241,2311
16328,2242,2304
218142,2248,2312
242527,2250,2315
247587,2340,2410
390788,2351,2420
18861,2352,2425
281872,2353,2434
164518,2379,2448
186693,2382,2426
3765,2416,2473
238852,2435,2526
357911,2489,2572
30708,2491,2560
241818,2493,2544
13926,2502,2568
310032,2504,2558
377362,2587,2651
143746,2608,2675
219960,2867,2933
99931,2867,2946
13925,2867,2951
195343,2881,2947
155474,2885,2944
340022,2888,2946
79812,2888,2955
383079,2890,2951
245534,3317,3396
231024,3480,3542
366563,3840,3907
290603,3882,3959
296304,3883,3936
99930,3915,3965
162491,3944,4035
316059,3950,4013
196632,3967,4033
401553,4423,4536
16175,4425,4494
320765,4425,4511
9193,4428,4513
145170,4431,4492
4009,4438,4528
72853,4439,4499
101919,4442,4493
348963,4444,4519
317087,4451,4529
71370,4454,4529
241601,4513,4577
194857,4532,4611
194858,4532,4628
16559,4534,4603
16560,4538,4607
202599,4549,4606
102190,4556,4606
109068,4666,4713
87566,4786,4848
125182,4804,4847
225340,4811,4880
391152,4813,4879
373950,4815,4879
208280,4890,4968
16972,5144,5204
121183,5144,5207
220822,5144,5218
97271,5257,5308
94385,5277,5338
167885,5403,5466
270271,5458,5522
27601,5488,5553
329628,5495,5554
261216,5785,5856
41001,5954,6062
331360,5998,6063
189354,6001,6063
408685,6001,6073
36488,6217,6281
397890,6708,6762
214786,6772,6834
122514,7161,7241
377363,7241,7317
151305,7244,7325
70238,7286,7327
375376,7511,7582
223087,7658,7719
234552,7661,7727
16831,8328,8379
321489,8533,8597
306604,8537,8599
88755,8538,8593
95794,8541,8593
25207,8543,8599
204517,8547,8599
249633,8807,8872
289387,8828,8893
360124,8831,8897
394377,8831,8904
311863,8832,8910
85751,8833,8892
123503,8834,8900
333907,8835,8888
195425,8837,8902
270959,8840,8899
51037,8841,8892
257221,8841,8898
100040,8844,8913
45416,8845,8903
366962,8846,8915
228494,8849,8914
46172,8850,8912
4884,8864,8910
296644,9278,9350
341492,9279,9354
33514,9283,9352
46163,9293,9355
62487,9311,9365
390102,9682,9743
405975,9687,9749
323884,9687,9758
203873,9690,9759
178135,9697,9753
42247,9700,9758
208660,9714,9802
310033,9724,9792
153843,9750,9803
130994,9855,9953
61336,10155,10243
31040,10156,10221
316913,10159,10222
136948,10161,10232
69309,10163,10241
300517,10164,10236
39203,10169,10236
224880,10170,10241
224881,10170,10248
214500,10171,10239
32236,10172,10234
192463,10174,10240
314655,10175,10237
90043,10177,10243
289388,10178,10251
286135,10186,10240
210172,10187,10244
285506,10190,10238
101759,10190,10240
348964,10191,10269
90869,10192,10235
313759,10192,10239
325781,10193,10234
266280,10194,10251
179190,10197,10271
28283,10199,10260
217500,10200,10256
148715,10202,10252
241920,10202,10263
282943,10203,10265
128276,10203,10268
146137,10203,10278
50297,10205,10264
211282,10205,10268
205345,10205,10273
25715,10206,10260
111806,10207,10272
164174,10232,10287
13924,10232,10296
113243,10360,10428
373065,10611,10690
262001,10641,10689
81305,10839,10893
208661,11121,11188
130410,11517,11585
74037,11533,11608
240493,11764,11829
310117,11768,11823
388221,11878,11943
344873,11883,11986
16412,11894,11975
194856,11896,11976
125451,11928,11981
234505,11933,12010
50345,12264,12328
354618,12303,12366
76092,12304,12357
114662,12308,12366
140659,12368,12421
129524,12369,12420
373064,12374,12420
224479,12632,12696
38154,12632,12701
162942,12633,12695
213498,12655,12726
322955,12665,12726
231022,12668,12726
143538,12681,12726
231646,12771,12859
166092,12775,12845
258497,12783,12839
176750,12785,12846
324366,12787,12842
120079,12788,12854
63432,12788,12858
132703,12789,12843
103713,12791,12848
50553,12801,12857
233283,12801,12860
128091,12803,12858
1682,12804,12861
16174,12806,12872
5631,12922,12997
71409,12923,12986
344873,12938,13039
340797,13041,13137
268729,13044,13093
85495,13044,13111
151187,13050,13137
340796,13053,13136
258309,13055,13111
247168,13055,13114
70750,13062,13108
156837,13072,13140
276911,13080,13132
294467,13081,13155
196846,13340,13395
13923,13340,13400
167884,13385,13457
191431,13388,13461
162634,13391,13464
152055,13391,13488
85039,13393,13483
221843,13396,13459
174666,13404,13458
94983,13406,13490
189353,13420,13482
62486,13422,13480
66682,13423,13502
390101,13458,13500
104155,13860,13918
339252,13885,13966
384919,13893,13993
384920,13905,13995
381661,13912,13981
388222,13918,13985
231645,13920,13983
103409,13922,13993
28752,13923,14001
83046,13925,14008
6496,13926,13988
361644,13926,13990
169454,13927,14007
341536,13928,13989
317873,13941,13993
39202,13947,14009
179939,13947,14013
144810,13951,14004
212922,13952,14015
63216,14003,14068
176752,14006,14066
173048,14103,14157
120349,14108,14173
350730,14109,14175
127691,14113,14174
35188,14117,14183
293223,14123,14206
204516,14124,14184
141721,14131,14185
86009,14138,14183
180746,14140,14204
101904,14154,14217
285405,14178,14224
307701,14181,14228
25267,14621,14676
49223,14746,14791
264072,14746,14793
316548,14747,14790
16901,14747,14792
88605,15025,15084
216496,15403,15461
402750,15409,15481
46693,15416,15487
238537,15419,15481
153457,15419,15484
46694,15423,15508
337594,15424,15478
53013,15424,15485
280543,15424,15488
134882,15435,15477
358898,15623,15681
240477,15641,15708
158763,15762,15817
344983,15763,15814
139480,15763,15818
61404,15993,16065
268500,16013,16082
104097,16024,16086
98383,16399,16453
120169,16399,16462
97042,16400,16458
220642,16519,16581
140660,16648,16703
37920,16972,17035
335190,16973,17037
291908,16975,17040
221763,17172,17248
129878,17197,17249
380021,17198,17242
230813,17202,17249
55366,17206,17250
