339694,100,171
2946,115,181
262153,117,182
394096,119,182
321882,122,176
84014,126,188
7936,147,198
323025,227,282
53358,227,314
194726,227,333
6623,228,296
98024,228,302
91836,228,317
28168,229,313
250221,230,294
27869,231,315
2314,231,337
178603,234,359
338530,239,377
373516,242,370
25753,246,364
144928,247,373
368504,250,367
111177,252,375
290738,255,369
216540,256,394
259358,259,370
176612,263,325
37225,263,365
201351,263,375
384907,265,373
366892,269,394
335590,272,383
252926,276,414
308552,278,384
5229,281,364
332464,281,419
6466,291,400
37601,296,391
36839,307,363
318556,313,386
181970,323,388
386578,329,426
32400,332,396
199508,335,407
286515,341,391
40990,346,388
43648,369,441
70437,370,431
165999,372,425
263253,373,426
43649,476,528
220631,478,527
304921,587,641
254977,670,740
361289,675,733
274867,683,752
42503,695,795
286006,699,791
295644,710,790
217819,711,792
274518,715,782
338070,762,824
355507,765,831
319244,936,995
382097,936,998
236929,936,1007
89628,937,1010
77897,937,1021
39999,938,1017
144808,1151,1214
38651,1151,1221
9984,1151,1224
59819,1151,1239
53357,1152,1211
87299,1152,1215
165904,1152,1230
54817,1152,1246
394555,1153,1238
53694,1153,1256
240963,1156,1211
88601,1159,1213
267701,1159,1218
106029,1162,1253
277727,1163,1225
31139,1164,1216
115718,1165,1219
390235,1166,1231
148176,1167,1210
126459,1167,1228
165905,1167,1259
289097,1168,1217
372658,1168,1224
134177,1168,1226
83823,1168,1229
147382,1168,1231
186898,1168,1234
107465,1168,1238
266483,1172,1252
274504,1178,1256
343129,1180,1234
39427,1181,1238
40824,1182,1252
107006,1183,1233
95405,1184,1267
311713,1187,1238
14614,1188,1230
25172,1194,1255
386472,1205,1267
384290,1277,1394
88130,1285,1368
91838,1302,1382
134351,1310,1403
261234,1316,1365
391176,1317,1390
91837,1317,1398
135547,1317,1403
391177,1319,1389
384291,1323,1395
383164,1324,1373
241206,1331,1380
59279,1335,1399
18157,1341,1404
339161,1382,1481
19881,1466,1525
240496,1470,1515
116422,1620,1689
287068,1668,1743
301392,1687,1750
86346,1696,1744
166729,1697,1743
311622,1809,1877
394554,1811,1878
178731,1816,1875
173228,1820,1864
300089,1822,1875
243196,1915,1973
164462,1915,1998
23200,1917,1999
384725,1920,1973
107464,1949,1999
13840,2028,2085
372825,2035,2095
210196,2037,2103
396885,2052,2104
184513,2055,2104
402028,2061,2109
185756,2252,2295
37602,2290,2418
239066,2292,2375
91839,2294,2379
77763,2299,2417
25753,2303,2416
229377,2303,2423
158530,2305,2425
118537,2306,2418
7934,2308,2420
391683,2308,2426
92223,2311,2421
105024,2312,2388
285677,2313,2426
2251,2314,2420
202501,2316,2424
48117,2318,2427
18965,2321,2425
287352,2322,2375
35879,2322,2409
119956,2325,2436
359111,2337,2417
5229,2340,2423
35836,2341,2418
89655,2347,2413
263966,2349,2423
27868,2349,2427
224108,2351,2421
105560,2351,2437
83860,2352,2424
254976,2357,2432
485,2359,2426
105595,2362,2425
222242,2492,2544
246214,2516,2589
304249,2620,2690
4973,2628,2691
164164,2629,2679
262152,2636,2706
328075,2647,2696
210782,2662,2723
360014,3103,3167
48116,3123,3167
379321,3494,3537
20300,3750,3833
143110,3751,3846
195418,3751,3855
146906,3779,3848
277764,3779,3855
28167,3790,3855
98023,4194,4252
340144,4194,4257
244065,4551,4599
20715,5044,5110
280562,5046,5110
13841,5250,5311
251267,5251,5300
59278,5252,5318
71205,5255,5313
52785,5257,5312
146749,5257,5318
79574,5260,5326
165087,5265,5353
334867,5288,5364
287808,5299,5365
105561,5423,5506
152236,5981,6056
41395,5982,6043
170113,5998,6051
150495,6006,6048
81551,6008,6068
388443,6009,6063
390293,6187,6247
368505,6188,6248
61021,6193,6248
270312,6453,6516
