325116,531,605
148113,537,598
334561,539,595
286117,603,666
352774,606,688
112310,613,675
389160,615,676
352773,618,693
189218,619,671
326732,621,676
228494,623,675
374839,624,690
267955,626,698
139243,630,687
255755,630,700
31936,642,692
178217,667,720
72476,679,741
2128,734,785
246943,738,814
84894,738,823
97653,741,799
87225,753,824
122587,758,860
179365,763,814
65167,763,824
246241,765,820
314956,766,828
204351,768,823
102422,768,834
314957,770,853
847,774,855
86746,777,856
270227,787,864
89378,792,864
47367,798,860
38358,800,865
26450,801,870
291926,803,869
48034,806,864
340972,807,869
169009,815,863
183461,819,863
215748,820,873
106274,820,880
228761,830,878
167812,830,884
340971,830,891
6052,837,881
131371,893,941
132673,895,943
199431,906,958
344817,914,971
248693,916,972
336132,946,1022
161506,954,1016
68650,956,1016
70581,999,1068
3818,1032,1103
244120,1283,1372
34984,1302,1392
287366,1306,1374
307521,1308,1370
294145,1309,1392
213134,1313,1363
131189,1313,1382
294144,1313,1392
131246,1320,1409
386235,1321,1406
365587,1322,1418
74626,1326,1410
24554,1327,1407
101573,1335,1396
351602,1338,1409
54043,1339,1396
128752,1339,1421
289961,1343,1426
403501,1346,1430
128753,1351,1430
45166,1358,1406
321512,1360,1451
163595,1364,1428
231913,1364,1454
163596,1366,1428
265675,1372,1453
204352,1374,1452
282309,1379,1448
18425,1379,1463
396344,1383,1472
358828,1385,1442
128902,1386,1448
226197,1387,1451
297478,1389,1485
191261,1392,1444
59204,1396,1456
163597,1397,1458
228298,1398,1464
218218,1405,1464
7951,1406,1463
283041,1406,1470
8450,1407,1461
172957,1407,1485
283042,1409,1487
47394,1413,1483
172958,1413,1488
91572,1417,1488
260799,1418,1490
368590,1421,1483
378520,1421,1491
37783,1425,1481
396001,1432,1486
124882,1462,1522
39635,1463,1524
143338,1465,1514
318310,1508,1571
55541,1522,1586
55542,1526,1590
171976,1549,1614
246942,1552,1614
329630,1594,1656
