194271,113,179
64502,113,241
58242,113,253
190722,115,195
280742,129,204
323157,140,254
302709,163,297
205193,164,304
269382,176,311
28361,177,297
36781,181,297
264210,186,304
340353,187,269
296800,190,307
382070,190,330
10502,202,260
28884,205,315
346539,209,285
49275,212,285
168296,213,282
135640,213,323
400496,213,330
3142,214,344
340352,217,281
286512,217,291
5966,217,324
216666,220,337
230378,220,341
191178,221,309
371529,226,287
281856,226,308
1007,228,324
350069,230,322
275409,235,329
29770,236,305
175528,236,347
371065,249,322
142248,264,364
38928,270,341
329608,285,363
316699,285,415
377777,286,406
29822,291,414
225874,298,368
25753,302,414
131258,302,423
88816,303,433
63153,314,434
366154,317,413
61907,318,427
356862,321,387
141669,321,436
2251,322,417
313917,322,421
224504,322,430
360764,323,424
5229,335,416
282128,340,465
367002,341,435
155718,347,471
178074,350,415
275426,370,444
301113,372,502
133977,373,457
130108,374,476
169596,388,464
98194,390,472
314853,407,471
308143,407,473
354907,409,471
197320,416,477
135641,419,566
83224,463,564
212241,466,566
1190,468,549
20456,475,544
15231,478,534
9120,482,563
47981,483,558
1190,485,563
55369,491,567
31631,501,566
22771,503,565
31632,585,641
30310,736,784
353231,1118,1224
10249,1138,1204
194289,1140,1206
366153,1149,1259
338196,1152,1218
249768,1158,1232
217012,1159,1214
112166,1164,1233
194548,1164,1236
87978,1168,1232
350068,1169,1230
326871,1169,1233
266279,1169,1240
145590,1186,1256
257422,1188,1250
56954,1189,1255
7811,1317,1379
260301,1317,1396
345342,1317,1411
124232,1319,1384
296981,1319,1387
186066,1322,1404
127901,1324,1414
388400,1336,1406
296980,1339,1424
117641,1341,1414
229964,1347,1411
253351,1347,1421
154210,1348,1427
340351,1351,1400
275410,1351,1427
152491,1353,1425
175527,1358,1407
7557,1358,1423
280057,1360,1414
256487,1361,1426
256486,1367,1426
293438,1379,1426
56404,1563,1631
142597,1563,1639
17873,1563,1647
15054,1564,1628
261046,1564,1642
367003,1566,1628
407624,1577,1643
388590,1581,1645
400495,1589,1648
86234,1590,1646
84441,1593,1646
329609,1635,1708
238169,1641,1703
70193,1846,1889
173115,2058,2122
261299,2063,2131
134554,2066,2126
184543,2066,2131
234191,2069,2131
110245,2071,2118
5977,2072,2128
168820,2436,2488
64938,2443,2514
241967,2443,2540
181012,2444,2517
83187,2448,2547
387836,2448,2562
377657,2452,2516
370081,2458,2532
95922,2460,2563
52706,2472,2544
45888,2473,2535
3850,2484,2572
164094,2493,2562
74874,2512,2569
52707,2539,2615
403344,2584,2648
77831,2588,2666
155424,2614,2692
46629,2616,2714
209469,2618,2694
154500,2619,2666
152502,2623,2726
194270,2662,2725
40357,2819,2884
250105,2820,2883
329608,2966,3034
280845,2995,3079
56103,2996,3069
194688,3012,3079
134971,3012,3084
280844,3012,3091
44452,3029,3092
340962,3039,3090
304941,3208,3259
341121,3208,3269
123116,3208,3276
70513,3208,3280
188577,3208,3301
93569,3208,3305
53535,3209,3256
296979,3212,3274
132931,3214,3287
551,3364,3421
317250,3364,3424
68973,3587,3662
329607,3628,3733
307541,3640,3692
338155,3640,3713
68972,3763,3833
118249,3764,3836
304942,3841,3896
133978,3969,4064
87979,3970,4067
205311,3979,4065
44376,3980,4060
9956,3981,4035
40356,3981,4049
22590,3985,4035
286804,3985,4044
203223,3985,4059
87977,3988,4062
319008,3989,4057
329607,4107,4216
321608,4392,4453
84303,4538,4613
329609,4545,4614
131637,4551,4609
56693,4603,4663
91823,4623,4685
188295,4892,4954
321914,4900,4966
63154,4902,4992
36780,4906,4992
258752,4909,4960
135731,4911,5006
325676,4911,5013
114456,4912,5008
359313,4923,5011
245931,4926,4991
14558,4926,5008
244185,4927,4992
229962,4934,4998
269035,4934,5007
229963,4935,5000
296146,4935,5025
332085,4939,4993
198402,4940,4991
73551,5026,5138
403324,5030,5121
146494,5032,5138
62863,5042,5125
392239,5042,5139
127459,5044,5131
5645,5051,5138
329606,5052,5133
28509,5067,5131
329606,5258,5322
5645,5260,5324
392240,5261,5326
93793,5298,5378
286617,5321,5391
3814,5325,5414
253280,5326,5398
159653,5327,5385
48467,5328,5381
285807,5328,5396
260461,5328,5414
92748,5337,5393
206309,5339,5414
204394,5342,5409
33514,5348,5414
3815,5355,5414
204352,5929,5984
98873,5931,5985
215673,5932,5982
147574,6470,6526
18039,6482,6539
101623,6638,6691
350214,6719,6799
330823,6724,6799
399310,6730,6796
350020,6741,6794
148619,6960,7011
1744,6962,7013
165596,6963,7014
