179562,113,155
130818,114,252
45853,117,239
7605,117,256
25522,119,176
316285,119,218
63766,119,249
258690,121,230
175478,124,258
218511,126,240
89860,129,256
165183,136,214
96844,140,257
53519,145,254
111100,145,270
134634,147,202
192359,155,245
25534,157,249
163283,158,252
165184,159,235
154336,160,269
120474,178,240
190234,179,246
319396,179,259
117008,181,235
70719,182,288
19544,209,269
62011,215,337
282008,224,334
136700,228,343
404392,239,357
62010,242,356
28808,244,373
59014,246,369
65889,254,380
73788,257,361
95419,257,376
222902,257,385
47576,261,371
20981,271,374
34496,274,395
88885,277,377
180521,277,401
90817,281,382
400201,282,401
340223,282,411
270109,283,395
405662,289,376
287624,289,396
71818,293,358
9047,293,407
320130,294,378
96845,294,393
45852,295,376
323841,299,379
49226,299,410
266305,303,421
58608,304,376
49403,306,409
239050,308,422
184270,310,392
60938,310,456
222796,312,380
194570,312,385
111728,314,377
157541,314,379
230025,314,406
366064,315,399
147492,315,402
183372,331,425
106917,370,471
50758,374,454
95418,377,490
177096,380,480
404391,383,487
250134,384,472
194914,384,480
106916,385,490
310354,390,511
282193,398,516
60939,407,556
404390,418,537
222901,420,558
213977,421,471
318042,431,547
62009,432,564
119445,436,565
139321,437,489
339522,439,530
112590,454,567
177095,460,562
29289,492,569
240415,539,608
175855,542,606
278880,544,628
1315,566,626
175479,630,692
334126,638,692
367776,726,778
260743,727,788
70484,748,807
403651,756,807
118740,820,885
5605,821,882
393028,947,1003
95417,947,1029
69303,947,1039
220648,950,1046
160967,951,1032
160163,951,1043
393668,966,1051
320129,1046,1123
137955,1050,1120
101383,1054,1124
180522,1076,1138
64447,1077,1139
3385,1205,1309
312116,1213,1319
187174,1217,1325
247230,1218,1338
124610,1249,1311
157649,1263,1340
390177,1271,1331
19902,1278,1342
130819,1279,1331
247797,1280,1364
263431,1281,1328
369836,1281,1338
340689,1282,1355
46574,1284,1341
364400,1284,1346
192360,1284,1362
353460,1286,1377
36894,1291,1379
128059,1291,1399
305381,1302,1392
183686,1305,1383
225819,1306,1371
37716,1306,1380
57656,1307,1368
104732,1309,1365
107102,1317,1389
271001,1327,1417
39660,1359,1428
3385,1376,1468
29626,1740,1802
152882,1749,1852
287746,1752,1809
196716,1754,1802
152883,1754,1850
150653,1761,1854
356291,1896,1964
53054,2032,2098
353459,2033,2126
406305,2034,2098
103529,2042,2160
228360,2053,2117
352742,2139,2215
150693,2275,2340
260630,2276,2328
258133,2276,2339
382679,2283,2329
67739,2520,2577
210799,2524,2574
282497,2729,2796
295706,2758,2816
173115,2899,2955
208219,2905,2955
216834,3306,3367
316921,3344,3414
354416,3435,3518
297647,3442,3512
118741,3460,3507
250522,3463,3509
360475,3465,3524
44389,3468,3543
191439,3836,3902
171567,3851,3901
339105,3851,3909
8935,3865,3919
65888,4032,4112
60394,4380,4443
254881,4501,4564
65185,4737,4781
84675,4985,5040
213962,4991,5054
404393,4994,5081
250464,4995,5039
127587,4998,5057
65555,5000,5056
90287,5011,5063
152813,5013,5057
255,5014,5060
316058,5015,5063
