279716,121,181
298177,125,168
378259,125,181
333010,160,282
288900,164,246
156689,166,281
373633,187,248
339936,189,242
339181,192,247
266042,192,251
339937,192,253
152367,192,255
194466,193,305
180041,196,257
74704,205,299
329660,206,316
278740,211,305
277676,215,302
254009,215,316
175985,216,280
113972,217,331
102129,224,307
61915,228,306
359976,242,324
225886,266,325
387118,272,327
181457,379,488
82584,385,492
402283,402,496
171220,402,514
321463,427,495
118691,458,590
232560,501,620
318042,505,618
171221,506,615
199890,565,666
247561,568,663
355009,587,668
393725,594,684
393726,597,704
63822,601,667
31275,620,669
283668,622,694
300520,631,745
316895,655,749
373634,656,744
6297,661,739
12366,661,757
2337,669,752
361886,672,752
5741,673,749
5741,677,765
2199,885,947
61124,1171,1237
40408,1172,1235
45551,1172,1255
276500,1173,1261
376951,1176,1231
302549,1176,1242
329146,1179,1257
141300,1183,1265
86332,1186,1249
202543,1187,1232
37188,1191,1247
76200,1191,1250
76201,1191,1254
103769,1191,1256
186007,1192,1249
140324,1194,1263
393127,1207,1253
23261,1207,1260
104322,1207,1273
222623,1336,1392
200043,1844,1917
114596,1849,1910
311432,1851,1925
355010,1853,1921
214255,2056,2102
304638,2333,2399
343609,2398,2464
347189,2564,2657
128281,2589,2652
320622,2604,2667
347190,2681,2749
331050,2870,2958
142853,2873,2952
359755,2874,2919
1505,2874,2945
331049,2877,2972
288994,2891,2952
128408,2891,2959
52175,3672,3734
165989,3863,3930
156857,3872,3939
352276,3877,3939
384724,3881,3974
283599,3882,3965
225246,3888,3948
194964,3891,3955
27894,3892,3954
5343,3894,3953
235229,4039,4122
69255,4263,4366
242246,4451,4518
61123,4456,4575
259939,4542,4612
99560,4564,4629
358730,4642,4712
70917,4754,4807
177077,4960,5056
133779,4969,5056
386450,5076,5137
303356,5079,5140
152174,5080,5142
244095,5374,5447
257717,5385,5449
374133,5404,5515
41582,5408,5496
270617,5409,5513
151894,5440,5527
34354,5441,5521
404107,5442,5513
9707,5468,5530
165756,5501,5545
170891,5955,6080
71927,5995,6111
115640,6152,6226
8969,6216,6269
