233483,135,220
272420,136,208
168986,136,223
196455,136,226
155257,138,204
324639,139,230
43208,141,214
254214,141,219
23040,141,227
45291,174,234
291793,175,238
225851,175,255
104547,182,241
329315,182,258
31850,184,237
89612,185,259
14763,321,383
175978,323,390
335878,389,453
332974,405,466
27625,421,470
343336,651,711
384891,654,711
325409,1449,1510
66755,1461,1528
171869,1463,1530
362984,1464,1528
329077,1466,1528
12941,1466,1531
35155,1554,1607
27065,1629,1695
331025,1634,1712
348412,1637,1697
229658,1642,1703
7716,1643,1714
281581,1647,1713
34708,1648,1697
245847,1652,1713
117611,1653,1705
136436,1655,1716
222038,1831,1923
25618,1833,1916
325996,1836,1923
312222,1837,1911
238033,1837,1926
343335,1837,1929
31945,1839,1923
13241,1840,1917
354414,1842,1927
77605,1847,1927
252446,1848,1911
307281,1849,1917
145175,1853,1924
51856,1853,1927
292814,1854,1918
288277,1856,1932
381612,1867,1930
249006,1870,1915
31412,1871,1916
262615,1871,1927
61314,1873,1929
219721,1874,1924
