217021,161,275
297235,170,266
166672,178,266
104328,189,281
159368,194,270
330363,200,281
13664,204,266
375494,227,279
266301,278,365
325013,279,356
46228,279,378
167859,285,404
8427,302,427
284889,302,431
48919,308,426
16421,309,461
359013,312,402
137645,315,456
310298,316,433
111694,316,445
26456,322,431
125919,322,463
226188,330,460
181717,333,466
2251,335,426
126554,336,462
241186,344,437
332464,352,482
226603,357,509
155718,358,474
395587,360,452
158372,366,451
144795,366,509
485,368,426
343988,369,424
404344,369,449
53035,369,486
229954,381,536
240640,391,478
4497,392,489
184476,397,494
144796,401,550
205840,402,518
268762,409,494
112024,416,479
288983,419,480
86052,422,474
246384,431,550
19541,435,499
87375,453,549
8428,458,550
303977,460,537
63204,465,549
1190,469,550
18748,471,533
374990,474,546
362185,476,548
222039,478,541
17857,483,546
1190,485,549
118579,489,549
53613,496,547
36181,497,550
151294,666,730
359788,670,755
215789,700,756
64799,700,759
392222,701,754
378634,701,757
277324,701,763
354182,705,766
359569,717,783
237698,718,781
60840,731,792
75517,735,803
249107,738,802
85397,744,830
238702,757,825
392588,762,835
198735,762,838
67199,778,838
228953,783,852
379429,825,882
81187,839,898
68824,840,902
226189,841,901
1316,842,907
246385,868,991
126555,875,957
246386,879,1001
31550,887,1000
16646,899,997
50483,904,993
53036,906,998
259357,907,977
376616,909,997
337,910,1001
122108,911,991
85036,918,999
26168,924,1001
9632,927,981
68823,936,1000
86778,938,991
408522,938,996
49515,943,992
244498,952,1001
181936,1069,1138
189958,1071,1143
81342,1073,1138
405040,1096,1179
396162,1133,1179
121670,1133,1194
74956,1158,1225
408521,1164,1230
6107,1302,1370
134913,1312,1374
15150,1428,1491
36180,1433,1508
20720,1434,1486
379101,1442,1504
111254,1447,1501
249535,1448,1509
341694,1448,1513
73953,1449,1524
178044,1452,1524
371303,1463,1527
179938,1466,1521
189112,1466,1541
297275,1478,1539
188098,1483,1561
111253,1664,1705
85355,1664,1715
375354,1977,2070
5602,1983,2070
5672,1986,2065
105390,2268,2339
219455,2271,2349
146780,2277,2352
111251,2282,2349
344743,2382,2450
312919,2401,2465
111695,2555,2619
254739,2559,2621
8140,2560,2623
147961,2561,2619
101726,2563,2642
5268,2567,2612
283363,2569,2620
28949,2571,2612
56723,2576,2652
100499,2675,2731
127480,2677,2743
208467,2677,2748
118580,2678,2746
145200,2679,2734
110056,2679,2741
48735,2685,2743
350723,2711,2792
212016,2720,2786
266209,2831,2885
59246,2955,3018
134925,2963,3018
137646,3160,3216
35152,3161,3232
310308,3189,3238
57562,3199,3256
396174,3208,3269
318050,3210,3262
362186,3210,3270
307709,3274,3349
143961,3281,3343
257388,3281,3353
155018,3281,3369
403996,3284,3337
328552,3284,3343
338265,3285,3346
31919,3286,3348
334358,3287,3347
61996,3295,3370
213424,3297,3350
143962,3297,3356
327513,3299,3364
64883,3312,3379
331578,3314,3371
202478,3316,3373
306395,3316,3382
222389,3334,3398
392265,3335,3388
276660,3335,3390
40012,3367,3440
30042,3411,3476
103794,3429,3490
69521,3575,3619
299443,3621,3674
180175,3622,3690
66483,3628,3705
77518,3629,3687
13182,3644,3711
66661,3655,3736
401735,3657,3725
211140,3861,3933
62626,3861,3938
334386,3865,3931
257536,3970,4075
338384,3983,4082
50186,3993,4063
69110,4012,4064
202607,4013,4082
23787,4017,4063
112273,4017,4083
215604,4017,4103
266558,4019,4081
297112,4022,4082
158587,4028,4083
124932,4028,4110
145632,4030,4096
263419,4058,4155
2880,4075,4125
19542,4192,4257
359283,4193,4245
257537,4194,4272
85357,4197,4272
154738,4199,4243
112030,4215,4284
85356,4218,4281
332636,4219,4293
395148,4262,4328
273850,4298,4361
334812,4318,4383
312222,4319,4376
52133,4321,4378
127505,4326,4383
295735,4326,4410
198892,4338,4402
243477,4341,4403
145201,4532,4596
263419,4542,4639
249106,4665,4721
381691,4665,4733
337962,4668,4715
375628,4670,4736
79149,4676,4749
113132,4678,4751
95171,4679,4776
338383,4681,4748
64822,4698,4746
293061,4713,4770
404345,4743,4817
108606,4752,4816
180174,4753,4818
55576,4755,4814
30041,4755,4833
11319,4755,4851
273697,4756,4816
318231,4764,4820
328928,4777,4835
141032,4779,4840
120255,4821,4896
214851,4894,4959
331577,4901,4968
297163,4902,4974
177170,4906,4974
378415,4909,4972
248436,4913,4973
387074,4916,4977
387075,4916,4995
397668,4934,4987
248435,4936,4992
151464,4941,4988
29185,4941,5007
111252,4942,4987
122172,5002,5049
233971,5005,5049
7853,5007,5067
357277,5012,5065
37959,5389,5451
372157,5389,5455
210754,5389,5461
349039,5406,5450
45385,5418,5519
96373,5443,5517
314720,5451,5516
297164,5455,5519
136480,5456,5519
