128081,117,166
111664,119,176
40651,222,271
235164,305,366
233063,305,369
43256,544,597
241102,548,611
40650,554,611
223025,648,716
338808,649,699
331143,649,701
407624,651,728
13267,651,738
301391,651,745
225697,660,723
66605,662,730
187832,663,724
92250,663,728
108378,668,726
230698,669,774
178921,672,733
63949,672,756
300224,672,775
407455,674,769
406795,675,740
100950,675,784
189707,679,740
236289,680,746
186518,684,784
363374,694,784
39621,694,788
322493,704,766
156426,705,815
3840,720,788
10596,720,792
130865,724,784
358843,725,804
46546,727,788
204764,809,880
30402,817,881
535,839,952
9657,846,907
67260,846,920
347485,851,910
46931,853,906
13891,855,911
247412,855,919
536,880,956
279243,1034,1106
327564,1035,1094
281430,1035,1101
340997,1038,1100
30607,1039,1102
287985,1042,1101
100949,1049,1120
322494,1052,1102
133786,1053,1114
180898,1054,1103
326423,1061,1126
287676,1063,1141
17723,1065,1113
327562,1066,1146
389426,1071,1138
340953,1072,1129
37560,1072,1141
297955,1077,1137
395176,1079,1150
200551,1079,1158
327563,1081,1172
375298,1083,1170
378088,1085,1187
393457,1100,1171
27276,1101,1192
79705,1102,1182
297604,1106,1188
170520,1107,1181
79706,1107,1191
104541,1108,1166
710,1109,1173
341393,1110,1183
266199,1110,1190
15580,1110,1204
5672,1113,1194
99238,1114,1181
167544,1148,1195
392700,1160,1213
60669,1171,1232
52234,1176,1233
137266,1384,1466
347486,1385,1452
4010,1391,1455
11348,1391,1463
69488,1392,1466
318756,1394,1461
191122,1395,1463
138137,1397,1461
222852,1399,1461
381309,1404,1448
65382,1407,1467
377840,1421,1481
43328,1425,1487
1873,1455,1529
319681,1466,1550
298700,1477,1560
360019,1489,1552
194693,1543,1593
187614,1751,1809
9656,1751,1813
190267,1762,1825
90914,1763,1813
94548,1764,1825
98301,1777,1842
282843,1779,1831
343076,1782,1842
51197,1870,1929
176009,1870,1932
5741,1870,1943
61684,1871,1926
337963,1871,1931
23522,1871,1937
389740,1871,1963
229242,1871,1970
229244,1874,1947
147770,1875,1951
242403,1878,1955
179386,1879,1953
137421,1884,1945
147771,1885,1960
221802,1891,1953
2464,1902,1950
324734,1903,1952
122773,1908,1976
81848,1911,1984
192794,1919,1970
398463,1920,1990
170819,1920,1994
232725,1927,1979
37116,1930,1992
371543,1931,1990
298513,1944,2013
398983,2243,2325
198338,2243,2353
17988,2248,2324
287954,2271,2338
89690,2721,2772
200552,2741,2806
46411,2853,2907
41956,2853,2938
3842,2854,2947
315854,2864,2992
75337,2868,2968
101667,2871,2964
209606,2884,2964
6464,2885,2946
229245,2891,2964
235210,2891,2983
114194,2893,2976
186728,2902,2960
204385,2924,2999
13080,2925,3001
186483,2932,2992
13890,2982,3053
4392,3012,3074
294411,3162,3242
343075,3187,3284
128894,3191,3242
65144,3191,3245
276550,3192,3276
4764,3207,3289
399913,3210,3295
186519,3313,3449
320969,3327,3375
276551,3330,3411
534,3336,3422
186520,3349,3471
235062,3409,3471
91172,3423,3478
89564,3467,3578
238806,3498,3561
122774,3553,3650
24318,3561,3648
8017,3562,3642
22490,3567,3643
383132,3572,3648
221512,3575,3642
14741,3581,3648
208982,3767,3876
383130,3768,3852
383131,3768,3893
232644,3784,3846
226558,3794,3917
88193,3799,3869
336182,3799,3918
106167,3806,3904
296966,3809,3919
234848,3809,3930
182562,3831,3903
234849,3837,3936
53011,3838,3917
367528,3840,3904
385128,3841,3897
38878,3841,3903
49066,3841,3927
286351,3843,3900
314377,3843,3915
54267,3844,3923
383603,3845,3909
342398,3846,3932
405379,3846,3937
13116,3847,3903
216898,3848,3913
39452,3848,3916
113466,3848,3929
142805,3849,3918
223997,3852,3917
51198,3852,3926
54254,3852,3929
314376,3854,3908
212245,3854,3918
319682,3854,3923
66677,3854,3961
369032,3856,3927
277346,3859,3931
407453,3860,3918
151145,3861,3945
108237,3864,3928
233292,3865,3938
29720,3866,3918
248446,3866,3928
18826,3868,3913
66678,3869,3961
12590,3896,3961
251016,4102,4171
191663,4243,4308
278195,4244,4312
44943,4291,4353
4008,4494,4554
285784,4496,4556
217756,4500,4586
80401,4510,4556
110537,4514,4586
104540,4516,4578
53312,4516,4581
84191,4517,4586
229243,4521,4586
325285,4533,4585
173261,4784,4853
19870,4785,4868
77804,4791,4867
189506,4800,4863
66679,4835,4898
402960,5093,5165
338070,5112,5165
402216,5112,5168
367544,5450,5513
85652,5450,5519
247021,5450,5541
75337,5451,5545
128935,5452,5517
50535,5452,5542
293916,5452,5560
142806,5453,5519
13956,5455,5541
21661,5455,5547
24317,5456,5521
6464,5459,5518
208981,5460,5541
313275,5463,5552
4009,5463,5558
60074,5475,5544
9658,5476,5540
3841,5892,5955
273706,5892,5991
142804,5893,5949
4007,5893,5972
236290,5894,5980
274780,5896,5951
142714,5896,5954
41596,5896,5957
22573,5896,5966
12233,5903,5972
115155,5905,5966
211747,5915,5971
42317,5952,6017
142809,5961,6021
36881,5963,6028
332729,5968,6048
274367,6001,6048
101783,6084,6133
303753,6084,6135
398984,6088,6136
