192645,140,219
242452,142,200
40800,143,218
327030,145,261
332795,146,254
333422,154,245
64900,157,247
82353,163,248
10517,167,231
31635,168,283
171178,201,308
141963,209,301
289849,251,372
132318,268,391
112009,299,422
302497,303,414
177581,305,421
274698,306,376
20981,310,419
141613,311,388
67633,312,416
364565,312,443
92569,312,450
147203,313,420
14644,320,427
92570,322,474
284451,324,447
394693,325,460
127255,330,458
281309,331,450
15486,331,471
315166,335,398
127253,335,441
81828,335,473
255399,336,482
73893,338,450
259310,343,460
189157,344,468
297579,345,477
195900,345,500
36226,346,466
255050,351,441
379254,352,473
303698,358,469
43316,359,440
79757,360,485
316185,361,479
205824,362,459
405255,370,489
371581,380,473
406050,383,435
14643,384,492
189754,387,528
171220,390,491
32430,394,489
31634,415,558
253929,426,568
1586,475,563
226941,475,603
171221,483,593
219089,486,603
345532,634,687
190678,634,724
332796,634,728
228295,912,966
134007,917,971
205809,917,974
168936,928,973
8559,1190,1265
232624,1192,1269
97620,1194,1266
92807,1258,1308
192058,1271,1333
181594,1424,1491
284835,1453,1506
60264,1467,1527
150442,1851,1909
194794,2487,2549
19926,2487,2551
240260,2488,2557
287634,2493,2554
401764,2494,2571
194455,2496,2565
29440,2499,2564
401763,2503,2571
284498,2506,2574
233256,2507,2569
255202,2514,2581
212507,2908,2963
213556,3109,3191
224387,3211,3291
22603,3233,3289
22602,3233,3303
100914,3235,3291
184612,3481,3544
171767,3491,3552
407831,3492,3574
221652,3501,3579
61237,3942,3994
213557,4473,4570
46763,4477,4551
22603,4494,4555
22602,4494,4567
245810,4853,4916
304924,5525,5588
99781,5530,5594
225001,5535,5577
143817,5649,5715
227992,5660,5730
200524,5668,5727
285272,5704,5757
31633,5841,5902
106922,6091,6144
354289,6091,6157
374863,6091,6177
215151,6095,6144
82354,6285,6381
131683,6286,6360
344863,6287,6365
328634,6288,6357
71047,6395,6446
97348,6732,6812
372309,6740,6805
39727,6740,6819
367854,6740,6826
50180,6741,6815
34338,6741,6830
384523,6744,6810
60263,6748,6810
213687,6748,6839
300111,6755,6830
19105,6756,6821
265446,6761,6823
316186,6908,6971
60676,6910,7020
273217,6923,7043
123737,6924,7034
9683,6925,7025
100398,6929,7003
332794,6929,7039
72655,6933,7001
72851,6948,7031
356405,6960,7047
117098,6968,7020
117099,6984,7050
64653,7121,7174
116265,7121,7184
248492,7121,7191
105019,7123,7190
45563,7124,7178
283780,7124,7181
232585,7139,7193
64023,7145,7194
485,7236,7295
282838,7236,7297
398712,7240,7301
233255,7409,7470
154000,7587,7634
66278,7587,7637
147601,7587,7641
73642,7588,7642
307666,7751,7837
75282,7774,7845
306694,7817,7881
146560,7972,8034
78785,8022,8082
127256,8037,8087
37637,8045,8105
37636,8050,8109
241414,8182,8243
190872,8248,8312
154015,8261,8312
64654,8262,8306
19106,8269,8331
213559,8683,8767
28770,8693,8763
213558,8694,8767
120596,8721,8767
55311,9096,9150
55926,9177,9243
100045,9179,9240
1645,9248,9309
222116,9268,9341
354297,9268,9345
251212,9276,9342
195764,9276,9352
213560,9373,9430
221653,9380,9433
336471,9405,9470
156280,9418,9502
156279,9430,9504
106025,9579,9637
19753,9587,9638
284834,9703,9756
240942,9703,9775
1667,10105,10158
18348,10107,10164
305264,10122,10194
