217635,123,191
34495,129,260
163913,137,248
241295,137,265
406781,138,252
92996,140,221
393315,142,265
67589,143,205
56182,143,272
59340,146,251
103945,147,236
278627,155,266
128199,156,252
3142,161,304
22260,162,249
285157,162,291
392707,163,235
375443,166,235
81717,166,290
143010,169,223
144056,169,232
273114,171,256
94128,176,245
295363,176,275
310281,196,266
286504,199,303
23476,200,282
47895,201,273
174236,202,294
25982,203,270
294336,204,265
15944,204,307
151547,214,277
54695,214,345
267714,215,279
179947,237,367
279036,244,346
101112,265,390
405022,274,406
68895,277,390
89132,281,418
19209,287,396
325888,293,371
391739,293,390
132291,293,446
44,294,387
281536,295,410
34496,297,428
52362,301,431
355754,302,373
45,309,428
367806,310,419
42997,310,440
392517,312,426
88877,315,454
174281,317,441
146263,320,414
169528,320,440
50330,320,447
1509,320,457
294495,322,396
259279,326,435
202864,327,408
9047,327,446
75677,328,470
282049,330,396
34497,339,456
887,341,440
297579,341,470
178241,345,416
285326,346,434
22108,346,480
161623,353,431
279035,354,424
181028,354,436
285002,358,436
56181,359,486
82584,363,472
50329,363,477
378790,373,431
264012,374,437
342718,375,435
162859,375,441
20489,378,444
84559,384,465
146028,410,479
153762,421,486
339522,464,564
135407,469,569
50328,472,572
385708,476,569
174280,478,560
279037,496,569
31376,501,572
317541,510,565
152642,515,573
285325,520,569
174636,598,651
121873,598,653
3543,599,654
221907,599,657
15476,599,707
138185,599,711
2789,605,676
36300,620,707
16903,621,694
294619,634,702
238796,637,704
37638,638,702
33303,639,701
56123,642,703
150204,832,956
290003,839,950
153763,845,952
179787,882,975
315928,1061,1188
376522,1066,1155
353203,1070,1132
380926,1070,1162
22163,1071,1131
12288,1073,1134
185959,1073,1152
375442,1074,1135
194462,1075,1154
247554,1079,1136
8975,1080,1167
153374,1082,1155
299270,1082,1182
315927,1091,1206
63701,1093,1154
47930,1094,1179
229097,1097,1169
3645,1100,1182
250026,1107,1203
392555,1112,1177
381549,1117,1184
44943,1121,1179
81514,1123,1187
156860,1129,1209
228170,1142,1204
306720,1170,1234
153374,1177,1246
51277,1191,1256
216306,1281,1334
333694,1641,1704
97179,1651,1693
203106,1773,1846
45314,1782,1845
240352,2101,2167
167039,2112,2175
78124,2240,2287
367807,2363,2422
139480,2497,2565
67574,2499,2561
306719,2503,2556
168290,2503,2566
290004,2504,2567
290002,2505,2565
88951,2576,2630
16811,2635,2706
317188,2837,2891
396840,2837,2898
267713,2860,2957
35538,2906,2976
286374,2914,2970
136134,2970,3038
76451,3011,3101
287619,3026,3095
194050,3027,3100
299387,3030,3103
6859,3033,3092
68348,3034,3099
354049,3039,3109
105920,3046,3100
143658,3048,3095
101261,3051,3105
123441,3060,3107
368672,3144,3224
340977,3285,3330
156170,3306,3361
248030,3871,3931
9174,4111,4176
206411,4112,4162
225745,4158,4219
152643,4158,4222
41139,4160,4225
144847,4169,4229
95882,4177,4226
397216,4246,4345
248029,4247,4335
290003,4247,4338
89432,4248,4370
114218,4250,4381
150203,4258,4380
356487,4269,4341
188328,4273,4374
153765,4287,4397
402512,4427,4490
200206,4447,4512
151375,4449,4517
1131,4524,4594
65028,4525,4592
408400,4529,4595
214688,4538,4592
17168,4538,4594
162865,4542,4613
157160,4550,4606
408401,4715,4784
69127,4732,4799
15168,4735,4780
263570,4761,4886
71231,4763,4888
82510,4768,4834
81753,4779,4882
42687,4787,4862
194295,4792,4853
49809,4797,4877
261734,4807,4886
69006,4822,4877
191184,4827,4891
255601,4841,4882
322425,4903,4985
326407,4930,4977
400875,4931,4989
204502,5022,5116
217907,5027,5091
251295,5029,5120
51428,5029,5159
208389,5031,5143
62711,5033,5149
200164,5034,5171
250189,5039,5161
42245,5040,5121
73231,5040,5136
406702,5041,5124
397544,5041,5180
251297,5042,5151
313632,5042,5158
382678,5043,5104
148718,5043,5120
158492,5047,5138
87293,5048,5167
258285,5049,5120
45976,5057,5157
314605,5058,5121
1851,5058,5146
228169,5059,5122
153764,5059,5159
152529,5061,5152
145994,5067,5169
391919,5076,5153
109770,5077,5174
8707,5083,5146
149881,5105,5171
290002,5107,5173
188329,5120,5184
323625,5123,5174
86336,5375,5435
147877,5387,5481
251296,5390,5510
290001,5464,5580
237019,5481,5539
274695,5522,5597
290001,5580,5683
331352,5622,5741
189427,5636,5758
165501,5651,5738
292769,5699,5764
15943,5702,5774
24794,5703,5771
297113,5708,5775
397530,5713,5795
10776,5728,5788
114274,5731,5792
31342,5734,5795
178355,5735,5797
69195,5736,5799
165883,5737,5792
267854,5739,5788
235004,5739,5791
271004,5739,5794
402490,5739,5810
194233,5740,5789
397218,5752,5827
407603,5752,5841
139351,5753,5824
11216,5755,5821
54496,5760,5822
40681,5760,5824
285156,5762,5825
363541,5924,5987
100563,5926,5980
374266,5927,5992
82078,5933,5996
403580,5936,5997
252269,5938,6002
200165,5960,6054
33928,5961,6047
376521,5961,6057
146029,5966,6039
323624,6081,6144
371924,6082,6141
352868,6084,6154
297994,6092,6146
323208,6095,6149
274694,6161,6232
65756,6162,6244
179948,6179,6275
261254,6180,6282
290004,6194,6254
217950,6216,6275
357626,6219,6275
306718,6224,6274
125296,6243,6308
250067,6245,6307
6699,6247,6310
40682,6250,6308
92331,6250,6311
408228,6254,6311
268095,6300,6362
397217,6314,6422
83121,6597,6696
316521,6598,6674
385184,6624,6703
