192473,123,169
219989,216,268
123820,216,300
308688,217,276
357097,217,327
6623,218,273
255496,218,281
84884,219,286
191033,219,308
293931,286,338
249322,375,438
12099,375,444
84885,388,457
300639,392,451
191531,410,454
350622,635,690
308433,636,706
382929,640,711
12102,641,723
308426,641,730
308432,1014,1100
376015,1019,1080
382928,1019,1088
382927,1020,1100
308426,1020,1112
288985,1048,1112
318649,1431,1482
78634,1431,1511
370455,1434,1534
62130,1436,1539
163612,1440,1524
160374,1440,1528
170125,1445,1538
131611,1450,1514
156589,1452,1513
207534,1452,1530
206167,1455,1522
206875,1455,1530
79274,1456,1537
305217,1457,1518
37168,1458,1520
374778,1459,1524
275744,1460,1521
360849,1589,1659
177567,1597,1659
22291,1798,1849
119133,1916,1969
358156,1916,1991
353437,1920,1995
38711,1950,2044
308427,2050,2153
255499,2073,2154
48754,2083,2150
51153,2085,2152
173273,2088,2153
255500,2091,2153
19105,2095,2153
10442,2265,2326
72949,2359,2421
95551,2359,2425
57469,2364,2416
42433,2370,2425
308427,2425,2533
255498,2437,2537
255497,2465,2536
230642,2475,2537
42430,2607,2672
28511,2607,2681
127537,2608,2700
270617,2608,2718
98124,2639,2719
200469,2657,2730
290869,2715,2776
90587,2740,2782
22825,3270,3340
354718,3294,3337
352566,3498,3567
352567,3517,3591
181793,3636,3697
270733,3649,3715
24142,4266,4326
287984,4319,4408
100768,4320,4382
130483,4320,4402
251320,4339,4412
215636,4342,4399
205013,4819,4874
105312,4821,4885
386963,5041,5128
106718,5042,5125
9738,5043,5111
314320,5043,5117
321101,5043,5129
309055,5045,5143
301792,5081,5134
282851,5086,5185
261734,5127,5213
238154,5128,5202
106719,5129,5219
204392,5828,5900
168318,5838,5910
384244,5842,5916
41329,5844,5931
127087,5845,5894
398208,5846,5907
41330,5853,5919
159429,5854,5931
274206,5856,5929
389278,5856,5934
88742,5859,5923
326135,5862,5923
128728,5863,5921
241528,5881,5925
193190,5881,5931
29628,5927,5992
235009,5934,5986
258468,6262,6338
308431,6272,6363
203311,6282,6364
232145,6282,6368
185972,6283,6346
333784,6284,6372
284321,6285,6341
213287,6285,6343
12101,6286,6376
231929,6287,6343
352568,6287,6358
105023,6287,6362
10868,6287,6379
308430,6288,6372
44271,6291,6368
30807,6292,6400
242562,6296,6365
73389,6315,6422
268492,6333,6397
22824,6335,6403
33554,6337,6398
36427,6338,6406
30501,6344,6387
237324,6347,6410
71465,6347,6413
292567,6348,6403
384770,6353,6436
221800,6354,6414
109992,6354,6424
96158,6354,6440
281268,6358,6421
362904,6359,6409
175507,6361,6402
201276,6363,6426
346747,6365,6426
315889,6368,6436
74333,6369,6433
387652,6372,6446
168490,6375,6447
300240,6376,6458
100400,6548,6619
237638,6553,6618
131562,6596,6652
33552,6892,6960
358250,7204,7245
253936,7435,7485
382926,7690,7792
33553,7701,7785
12100,7707,7796
308430,7711,7795
308426,7711,7799
352569,7714,7779
111399,7823,7884
370479,8127,8190
146836,8296,8367
72281,8323,8370
249494,8554,8626
102889,8556,8628
333785,8563,8659
289620,8571,8642
333786,8572,8665
22880,8573,8624
98125,8576,8643
361863,8579,8641
402803,8858,8914
16622,8878,8943
352570,8890,9009
308432,8895,8989
320161,8895,9018
33461,8900,8976
308428,8902,8963
203310,8902,8973
278927,8902,8980
249921,8925,8990
23833,8941,9013
296820,8945,9017
170217,8947,9012
258298,8951,9010
164062,8962,9016
266198,8965,9037
306666,9001,9064
308431,9361,9433
308433,9364,9424
290868,9369,9424
308428,9372,9423
303404,9372,9451
352571,9377,9423
176241,9581,9655
106721,9822,9909
308429,9833,9895
163014,10362,10415
258297,10365,10417
250332,10377,10422
245584,10449,10514
114552,10459,10551
164332,10460,10567
315888,10464,10541
92691,10465,10515
5042,10465,10524
301540,10465,10536
167931,10465,10552
308687,10465,10565
106720,10469,10562
384769,10470,10577
128725,10472,10529
23832,10472,10551
151052,10481,10558
66885,10490,10561
123782,10638,10695
8209,10640,10693
19106,10659,10710
99097,10660,10724
308429,10726,10778
43473,11656,11728
327164,11661,11768
370480,11669,11775
327165,11679,11774
349031,11702,11774
233323,11708,11770
158528,11714,11767
195214,11717,11777
388548,11724,11772
47954,11724,11774
