99314,114,242
369062,114,259
138912,115,247
52059,117,236
97390,117,244
56116,119,274
316203,121,228
327519,123,184
406781,123,231
243385,123,247
125509,126,254
357531,126,280
61259,129,270
311441,130,241
81946,130,247
175478,130,283
141091,131,221
246556,140,252
18752,144,244
183786,144,255
188702,145,221
136156,147,277
57626,148,256
295813,149,247
243386,151,224
262846,154,223
151678,155,265
22424,156,260
122931,157,271
302848,157,278
399353,158,262
116499,159,216
271552,160,223
343738,161,225
226321,161,264
134430,163,224
355314,163,242
6509,164,257
121799,164,260
150606,165,228
396280,165,252
738,165,275
365694,165,279
39883,165,284
55290,166,269
183787,167,223
116314,174,284
371065,176,255
191110,178,260
194222,185,263
290912,185,288
80253,186,249
212894,187,275
9501,190,275
324598,208,275
275602,209,281
109373,216,279
322577,226,282
231067,231,295
102130,326,394
6665,326,400
57745,326,453
234699,327,420
78271,327,450
215043,332,447
369314,335,452
331876,339,453
62558,342,402
201639,349,414
183785,374,452
252904,379,452
375289,382,448
399487,387,450
146962,529,592
348067,666,753
162708,677,743
175479,684,753
53698,692,753
203017,696,753
88045,908,972
129427,910,987
141969,912,972
18039,916,984
32518,916,987
143677,917,990
5713,936,991
41932,1188,1241
50909,1220,1285
232523,1221,1313
146322,1231,1307
183865,1232,1299
115002,1235,1298
272894,1235,1300
181670,1244,1296
106803,1247,1297
77665,1253,1315
219281,1387,1460
348838,1390,1476
348837,1398,1460
251722,1445,1553
387892,1472,1592
307145,1479,1545
161515,1484,1538
241232,1487,1548
323836,1508,1565
170308,1509,1602
79745,1513,1566
162025,1514,1600
374578,1523,1600
62019,1527,1611
12054,1529,1594
35915,1529,1602
136157,1531,1598
171584,1535,1602
237956,1540,1608
360458,1553,1628
223498,1565,1629
172777,1567,1629
368341,1568,1621
305001,1569,1632
230709,1569,1639
88399,1573,1629
211821,1574,1633
336864,1580,1635
222870,1584,1647
50489,1589,1660
401475,1593,1670
401474,1593,1682
334172,1596,1664
295101,1597,1640
398193,1599,1666
11968,1603,1686
393679,1607,1678
99609,1623,1686
180770,1629,1698
8984,1641,1716
382973,1649,1722
389620,1650,1728
389619,1657,1728
103527,1661,1728
198565,1985,2050
66027,2017,2084
99492,2241,2359
323435,2249,2305
152464,2255,2303
275353,2274,2347
202622,2296,2362
352227,2302,2377
289320,2797,2860
184271,2894,2951
54835,2905,2967
195539,2910,2969
72849,3205,3255
108486,3519,3583
291325,3529,3652
79616,3542,3598
140491,3564,3630
391695,3688,3759
399102,3698,3752
127158,3707,3772
180496,3708,3780
275603,3711,3774
99493,3714,3775
5459,3714,3780
99494,3715,3777
320099,3721,3775
217892,3722,3793
255098,3726,3781
217891,3733,3792
334203,3757,3825
235398,3758,3823
146654,3764,3842
403148,3765,3810
52924,3782,3843
220947,3815,3898
220948,3825,3899
162790,3830,3893
252903,3837,3905
22425,3838,3915
120193,3839,3936
325368,3840,3901
294558,3875,3924
180192,3875,3932
212893,3877,3928
396860,3885,3933
99097,4763,4815
323939,4784,4848
68580,4790,4867
99496,4796,4870
31985,4803,4870
287068,4809,4869
244928,4810,4870
238017,4817,4865
26203,4819,4869
281786,5187,5282
216622,5335,5411
311337,5364,5428
200796,5365,5427
310373,5366,5441
221239,5374,5458
332072,5385,5459
31341,5389,5444
321871,5393,5453
255727,5401,5467
194126,5405,5469
380956,5409,5476
348066,5611,5662
198370,5634,5697
176867,5651,5722
99605,5656,5721
201019,5656,5744
331357,5662,5722
48182,5671,5747
51610,5673,5730
213049,5721,5768
234700,5722,5769
25003,5737,5805
106802,5747,5789
217890,5750,5825
26204,5751,5807
21487,5752,5799
47743,5788,5862
183183,5818,5870
94122,5818,5874
177190,5828,5917
32232,6002,6070
51148,6204,6282
348927,6208,6265
194221,6210,6280
115198,6222,6283
207724,6294,6347
295316,6354,6425
145157,6354,6432
97469,6356,6435
371160,6358,6434
99495,6361,6423
246555,6365,6426
406987,6368,6439
234358,6369,6432
29800,6372,6441
83433,6377,6423
51559,6380,6442
135266,6383,6439
32224,6383,6455
222602,6383,6461
330815,6386,6450
222603,6387,6463
135267,6389,6447
77152,6394,6461
369063,6446,6514
150766,6447,6536
208726,6456,6536
191793,6465,6524
144167,6465,6535
201018,6466,6537
407619,6471,6532
127735,6817,6883
30225,6858,6928
215456,6865,6936
76554,6867,6933
3591,6873,6936
201397,6876,6937
82793,6881,6933
387976,6893,6973
132447,6962,7015
219280,7022,7112
362766,7025,7103
247422,7070,7134
165164,7198,7253
251721,7198,7261
362765,7213,7339
362764,7221,7289
373065,7245,7328
374038,7262,7319
3590,7262,7321
324801,7262,7329
3096,7263,7320
312670,7264,7331
356330,7271,7329
244927,7406,7468
297198,7418,7472
75287,7420,7485
237429,7421,7469
110350,7444,7509
7126,7454,7518
153233,7459,7521
206484,7733,7796
374138,7749,7816
26688,7862,7940
18119,7866,7950
222443,7880,7942
294413,7941,8023
150767,7943,8005
399820,7944,8003
364715,7946,8009
204265,7948,8024
393188,7951,8010
55082,7951,8016
54045,7954,8018
29799,7955,8016
301959,7957,8024
251717,7971,8021
106922,8062,8125
331877,8063,8130
274442,8066,8127
147165,8068,8132
182003,8255,8316
8236,8511,8564
70554,8524,8573
8237,8525,8593
339857,8531,8606
307239,8544,8593
249596,8546,8594
154212,8548,8623
136578,8549,8599
5033,8550,8594
362171,8597,8687
75297,8618,8687
162709,8639,8686
194918,8641,8687
248850,8731,8851
362171,8748,8851
121800,8765,8855
368673,8773,8851
373064,8781,8847
297048,8785,8850
248851,8786,8847
269360,8789,8854
77254,8793,8853
264548,8794,8860
4093,8795,8858
183866,8799,8866
54836,8806,8867
278048,8931,9002
155709,8938,9003
