100187,138,191
80691,138,193
61259,139,270
202919,141,234
260503,153,215
85129,155,225
355144,155,266
147167,156,216
288588,166,225
242776,167,266
221259,169,268
129070,170,262
117928,172,223
170112,187,243
294964,195,256
225045,196,261
195537,197,298
386099,201,267
181730,202,264
153255,244,350
44656,281,353
56144,287,387
223798,287,416
312454,288,403
51950,294,411
222902,296,417
388409,298,410
132291,300,442
220484,301,407
116535,301,420
41872,303,444
57570,304,404
17005,306,425
277184,311,448
264704,325,422
7300,325,450
223797,325,464
16682,326,456
159234,329,452
2068,335,416
211527,337,476
183337,339,464
73610,342,421
106997,349,442
56143,349,448
379254,350,455
144266,353,462
201134,354,401
106996,374,519
183564,378,462
240601,386,451
35160,386,454
58005,386,466
294049,411,545
222901,447,579
14232,448,536
226941,449,582
211528,450,573
311611,455,579
14231,463,559
33159,495,558
88609,522,582
140941,1162,1235
116939,1166,1239
122067,1176,1237
12203,1180,1280
370589,1543,1622
190278,1557,1628
44305,1560,1633
27912,1561,1627
323301,1562,1631
95623,1566,1629
95624,1566,1633
95622,1566,1637
95625,1568,1638
143017,1576,1637
372028,1586,1632
29511,2194,2240
232254,2195,2257
179733,2196,2269
134924,2197,2260
12203,2204,2295
90979,2206,2253
206538,2206,2270
210255,2206,2278
12202,2209,2335
12201,2225,2359
12202,2452,2561
12201,2460,2582
194443,3097,3159
403654,3388,3461
208139,3389,3517
239323,3392,3514
92360,3394,3526
133809,3396,3501
232160,3398,3508
63963,3409,3465
74778,3423,3528
233377,3428,3510
104107,3430,3514
32588,3434,3515
92675,3437,3513
132727,3440,3494
382,3440,3512
18314,3449,3513
26690,3453,3512
178735,3467,3512
93334,3608,3698
93333,3609,3695
182896,3645,3706
317553,4000,4062
105312,4012,4079
344549,4018,4079
133554,4030,4080
