349767,125,178
242,210,288
26795,210,293
181299,210,299
196200,210,336
837,210,352
44653,216,334
397061,224,351
189936,225,340
337778,228,343
306166,240,346
154872,242,343
59813,245,358
368206,252,359
99401,265,381
69871,267,362
248390,268,387
18733,268,399
325883,269,357
365785,277,404
44654,284,404
119594,310,370
269063,310,419
251798,311,398
269062,313,428
382047,318,397
252597,327,452
297977,339,462
254870,352,414
13027,367,451
368205,371,464
389158,376,434
72373,511,575
179857,513,575
208101,514,579
126041,515,580
44311,579,659
654,581,630
280629,596,657
200943,603,665
22964,605,659
208153,608,652
343517,608,727
219321,641,720
316373,731,795
21320,733,796
365550,800,860
368207,803,869
30921,837,928
200966,857,920
240778,863,936
204826,869,931
141395,1051,1107
4284,1051,1123
342746,1060,1121
127400,1068,1111
346655,1071,1135
98884,1087,1187
337016,1103,1195
208175,1154,1217
365784,1157,1218
59812,1162,1223
332590,1163,1214
114744,1285,1373
114743,1294,1374
400829,1326,1381
62759,1334,1380
265172,1419,1471
281781,1538,1607
114742,1559,1654
372810,1587,1656
54885,1595,1665
223487,1599,1668
49295,1604,1684
378552,1618,1690
71820,1622,1699
50830,1624,1688
378553,1629,1693
381867,1634,1701
232333,1636,1698
174825,1647,1711
276219,1815,1876
81099,1819,1900
368204,1819,1908
276218,1821,1876
81100,1823,1917
40936,2002,2066
327738,2166,2233
114742,2215,2291
7368,2289,2346
402333,2543,2644
87492,2544,2661
68169,2545,2641
44157,2548,2609
172874,2551,2607
68170,2553,2651
309558,2554,2626
394823,2559,2621
319244,2559,2630
89628,2560,2656
162328,2564,2616
18789,2565,2657
174478,2574,2619
12285,2579,2645
348093,2622,2681
381868,2624,2710
114744,2632,2717
141454,2640,2703
114743,2642,2717
63909,2645,2713
25949,2647,2708
243654,2654,2717
200298,2658,2717
207009,2658,2730
135292,2660,2739
347717,2662,2714
292686,2666,2722
73669,2670,2734
323375,2681,2755
54622,2684,2743
322238,2712,2759
7283,2716,2806
165311,2723,2814
242620,2725,2819
400958,2727,2792
240935,2727,2816
113334,2729,2791
78979,2729,2795
307042,2729,2819
18432,2731,2786
102418,2733,2798
48564,2735,2816
397060,2738,2802
184530,2738,2831
94189,2740,2828
106891,2741,2804
378551,2741,2833
130908,2741,2840
162872,2744,2785
397059,2748,2817
264953,2750,2816
197312,2751,2813
397634,2751,2818
94710,2752,2816
100649,2754,2848
290712,2755,2816
47066,2757,2850
324586,2759,2833
25946,2761,2815
46242,2761,2832
278329,2763,2826
120972,2763,2854
379663,2764,2842
192438,2766,2827
191958,2767,2857
294690,2769,2859
94094,2772,2845
192439,2774,2841
385168,2774,2854
80641,2776,2840
61571,2776,2844
247817,2780,2836
376485,2780,2850
66246,2781,2842
62211,2782,2836
47605,2782,2853
91035,2787,2837
6223,2787,2858
116181,2788,2863
61385,2789,2842
269414,2789,2850
224253,2793,2837
201393,2820,2894
368203,2834,2923
87528,2877,2927
231137,2967,3032
287456,2972,3089
47828,2974,3042
92814,2978,3038
64288,2992,3076
277632,2995,3049
107099,2998,3072
162785,3007,3077
283201,3008,3084
261082,3011,3088
124891,3012,3073
30889,3013,3082
389159,3015,3070
102417,3215,3286
283699,3655,3727
112599,3655,3734
134230,3655,3739
248884,3655,3743
157253,3655,3764
98033,3655,3782
135476,3658,3735
273477,3660,3784
154111,3661,3791
189937,3668,3784
52529,3671,3796
102941,3678,3775
97060,3679,3790
229389,3681,3797
306165,3683,3785
104702,3695,3798
309910,3710,3772
14279,3711,3784
385816,3711,3797
249263,3716,3781
308227,3717,3795
85988,3721,3790
277483,3722,3783
365786,3722,3785
325884,3722,3798
78505,3724,3775
188246,3725,3782
40278,3734,3782
218521,3735,3797
215394,3738,3785
160263,3738,3789
38073,3743,3787
