150553,86,219
27892,105,186
150554,109,228
35658,115,179
64840,115,182
187546,119,183
40189,119,213
361627,121,185
353326,124,197
153688,126,184
27082,136,201
222518,138,204
77845,150,230
3543,162,228
395706,165,228
48453,176,280
155921,210,272
401929,244,326
406396,258,320
80934,258,334
81466,269,336
185278,285,358
250554,294,356
17900,294,422
242430,299,360
291582,301,361
112505,301,364
244461,301,367
130050,304,356
44315,304,365
288541,328,436
149456,332,420
314002,335,434
27666,339,424
7954,339,440
27103,340,416
316186,341,422
118939,344,419
333350,357,425
53660,358,422
395710,362,424
352021,363,441
279495,366,430
258323,716,786
127344,717,806
71284,717,820
171566,719,799
125008,721,802
85036,722,807
106503,723,784
97815,724,829
43253,737,803
85988,746,809
59182,750,799
398333,843,901
141601,845,922
154997,850,909
279496,851,913
402745,880,941
206897,1101,1180
298267,1524,1583
308968,1589,1636
317041,1739,1810
399197,1926,2008
149455,1927,1995
27906,1936,1997
82840,1936,2007
243060,1936,2024
199932,1937,2003
3841,1940,2003
304486,1942,2005
324627,1945,2008
392302,1946,2007
261137,1950,2006
144732,1956,2021
174708,1964,2036
338933,2114,2189
84604,2116,2177
352021,2120,2187
274342,2363,2411
11685,2558,2619
366807,2573,2619
87616,2574,2623
238520,2641,2703
388855,2772,2833
