23163,87,132
73615,97,166
312030,116,196
162263,131,200
262177,153,231
1007,155,237
41004,157,234
382157,157,273
356107,162,233
385790,201,332
26313,211,326
101112,224,339
295114,239,344
306474,241,322
59079,247,320
349182,254,400
101768,257,394
377544,278,398
262159,278,410
1509,281,404
16682,284,405
78271,285,392
15486,286,397
73610,294,368
49403,294,388
160624,294,400
322544,301,396
372803,304,387
243234,307,404
366355,312,410
151251,321,400
389889,340,397
103062,343,405
349183,461,573
115238,655,717
262160,709,792
147564,725,790
31409,754,811
109719,765,832
328041,768,820
71808,827,888
13640,849,951
193422,856,949
156483,857,922
13639,865,959
355638,891,952
105197,904,952
286354,905,973
190139,988,1045
103362,994,1039
105106,1066,1129
25017,1221,1286
157018,1221,1302
161514,1225,1291
382216,1357,1439
367164,1358,1420
318696,1470,1557
262161,1730,1837
317870,1770,1849
73615,1932,1990
