311827,113,239
188204,118,219
82319,120,237
383098,122,189
4583,123,261
325480,124,197
102816,125,220
181979,126,218
142739,130,267
266999,131,252
102866,133,196
28280,133,218
93282,133,227
399157,135,249
255544,136,205
278470,136,221
3142,136,258
119182,137,224
60034,137,253
101663,137,264
77666,139,260
231210,139,271
333635,139,276
294244,140,217
192968,140,251
218008,141,207
222098,144,241
129047,144,260
144687,145,272
158500,147,196
70803,147,240
321892,147,258
398449,150,222
119,150,259
256481,150,274
150097,152,196
321893,152,254
383099,154,195
385024,154,265
148871,154,275
99935,156,248
349055,157,209
1007,157,238
162407,158,240
173107,160,270
102815,163,298
16176,164,262
116255,166,278
392597,166,293
190896,170,276
221639,171,268
59716,171,281
397062,175,269
273965,175,288
277147,176,280
382652,179,235
263110,179,241
13981,185,309
151989,198,314
219315,199,299
40181,200,271
399719,202,300
218901,203,268
108294,204,325
53358,205,288
235927,214,337
254291,222,348
311886,231,317
405022,235,347
101646,239,318
200139,240,325
223798,243,353
1510,243,372
316113,246,314
163214,249,305
177625,249,346
349182,253,395
39391,260,397
390839,265,393
1509,271,394
60282,273,386
311828,273,391
223797,273,401
49226,282,377
9000,287,393
22108,290,394
732,291,382
167750,296,438
41003,300,392
265951,301,411
85410,304,383
195983,307,405
186076,315,405
68758,322,401
392131,325,388
99394,325,411
364534,385,445
235926,461,582
349183,466,588
188366,480,568
14484,521,620
399393,525,593
378869,532,600
208659,540,636
59613,541,615
34502,543,613
56745,548,621
227770,557,625
33395,562,611
220088,562,625
64460,562,633
35865,563,624
252368,563,631
169499,564,669
64373,567,612
388063,567,628
311591,567,632
86141,568,649
48824,569,633
378868,574,635
215531,576,644
47251,576,647
24050,576,670
325482,576,684
96106,579,657
158781,581,649
62596,581,673
380495,583,654
344722,584,651
316315,584,664
34114,586,652
392130,588,657
257921,588,700
37147,591,670
98035,592,674
162408,592,699
269059,595,703
144322,596,684
311885,598,668
140308,603,697
53357,605,680
72928,609,697
279292,610,674
370379,618,679
54272,618,700
197019,621,698
248352,621,716
92300,626,675
204269,626,689
4319,629,698
179381,648,706
382652,648,710
16174,649,718
14064,650,712
43576,741,840
327313,743,874
372512,746,841
104984,751,882
247936,755,842
325481,764,865
170648,767,892
168581,795,881
327314,817,951
333636,821,930
71457,832,914
239719,839,932
102817,843,952
264524,847,943
252367,848,928
140022,849,922
47365,850,956
11241,858,945
67329,878,968
311826,879,944
35109,879,948
35110,879,954
13,879,961
59717,880,956
42672,880,980
311590,880,988
36063,882,944
102442,882,955
13,883,946
109283,883,957
160038,897,988
102761,922,985
344497,922,993
50560,926,979
136895,927,998
279370,929,983
101347,938,992
22356,944,989
163215,947,1027
213344,949,1004
371900,955,1026
88971,960,1048
334457,964,1053
205474,966,1069
67890,991,1067
203222,992,1116
4539,996,1129
194142,1000,1116
248351,1002,1094
4539,1005,1110
302189,1007,1119
34260,1016,1104
74778,1021,1134
70087,1027,1110
176774,1056,1110
228476,1068,1129
11138,1070,1111
172237,1072,1133
147181,1077,1129
164393,1083,1129
124499,1083,1134
305070,1225,1296
212874,1315,1386
374941,1317,1376
118180,1385,1454
267442,1387,1476
171773,1387,1480
4940,1389,1448
337450,1391,1445
340494,1391,1451
51179,1391,1473
161683,1396,1475
207147,1397,1463
91973,1403,1462
255543,1403,1478
126015,1404,1452
90022,1404,1460
239696,1407,1467
255542,1416,1477
325836,1416,1479
75406,1419,1483
239804,1423,1478
281915,1435,1516
385377,1437,1510
16175,1712,1790
299741,1716,1782
249142,1717,1779
76921,1734,1791
162035,1921,1992
162037,1921,1999
120579,1925,1990
14063,1927,2035
389473,1929,1988
162036,1929,1998
308122,1933,1988
274459,1933,2003
15597,1942,2050
120264,1950,2065
372513,1955,2075
399394,1956,2028
120691,1966,2075
378870,1967,2094
64459,1968,2086
351385,2047,2110
76581,2062,2119
274599,2072,2144
246553,2073,2125
325483,2073,2132
349573,2092,2167
