27556,109,171
29081,111,237
369076,123,221
36945,124,224
165625,129,220
397721,129,257
292324,131,249
310699,132,262
181307,143,229
5966,148,244
46985,151,258
182192,151,276
42961,152,281
189731,153,244
42074,156,259
403974,158,244
173107,161,280
155620,182,278
153549,187,245
310282,188,246
181306,191,324
286508,194,268
155621,199,318
339798,199,335
285119,202,272
230905,207,302
192860,208,260
6623,212,281
326215,213,319
4719,216,317
337479,219,306
235927,221,344
8574,228,319
380652,232,306
339113,232,342
174461,233,318
256219,246,317
10373,246,329
395294,248,332
115773,248,365
198415,248,383
91788,251,336
47576,251,349
194925,259,340
201696,261,379
325788,262,327
32522,263,332
314578,263,347
146487,263,381
346522,266,327
331045,266,372
401118,267,328
281100,267,332
366841,267,368
181308,268,406
152669,269,348
339799,270,387
123389,274,357
56915,275,388
314579,276,369
301308,276,385
377544,278,392
197917,279,355
115772,279,388
345618,283,379
318629,287,392
202930,288,402
32521,289,349
220635,289,372
73893,289,381
48078,289,394
19467,290,359
269777,290,397
24862,295,362
36777,301,366
278140,302,362
165284,302,372
309772,302,394
82592,302,399
21660,303,376
41505,303,415
401841,306,362
278141,307,388
39640,308,406
169565,309,404
113650,317,398
67537,325,415
172300,333,389
105008,334,391
205553,334,437
23374,430,538
320207,448,530
235926,448,553
217442,453,549
314884,453,553
52358,455,546
314883,455,562
268497,461,552
174460,462,546
8820,463,553
134130,477,538
94506,480,548
258164,499,622
46986,501,619
360829,508,602
116367,569,635
24666,669,740
71370,670,733
141054,674,732
335606,709,775
136916,710,769
1272,724,813
401263,726,817
334118,730,844
82818,807,854
83051,889,963
31069,898,1001
328067,904,992
173108,913,987
380804,923,996
154523,937,999
101672,953,1004
101235,953,1011
35049,1079,1159
67538,1092,1159
66051,1094,1151
383943,1095,1159
327970,1097,1158
66050,1102,1155
95467,1106,1159
16175,1268,1327
326210,1271,1337
204773,1278,1427
35488,1281,1349
297336,1282,1434
241317,1288,1399
177077,1290,1383
6645,1293,1428
311034,1302,1425
175678,1306,1418
203729,1306,1423
297337,1307,1434
241316,1308,1427
350873,1313,1436
199571,1320,1405
336398,1320,1432
122890,1323,1417
62658,1336,1422
137584,1340,1418
180848,1340,1432
27296,1348,1428
203035,1355,1430
407251,1382,1436
113143,1487,1575
149017,1488,1565
213796,1520,1602
182637,1527,1601
191142,1538,1607
210885,1542,1612
89467,1581,1635
48681,1671,1738
317161,1680,1769
348717,1681,1743
326216,1683,1748
400212,1686,1757
228549,1687,1753
27149,1689,1758
113790,1689,1764
309056,1691,1748
313802,1703,1763
201997,1703,1769
231266,1704,1771
30906,1704,1777
102423,1704,1781
104615,1705,1764
71204,1708,1769
178525,1708,1780
142914,1709,1799
242724,1710,1777
337802,1722,1785
2487,1726,1798
348242,1727,1810
4108,1735,1800
319742,1747,1808
104049,1941,2002
250918,1941,2006
246039,1941,2009
407512,1941,2019
51696,1941,2041
43288,1943,2007
361848,1945,2033
241802,1947,2007
206330,1948,2034
376318,1949,2018
179975,1950,2015
309165,1952,2017
385735,1953,2019
32336,1953,2041
303871,1955,2020
190978,1956,2021
320503,1957,2022
290307,1959,2024
13252,1960,2022
65314,1964,2033
315764,1965,2017
251338,1966,2042
394361,1967,2031
356955,1970,2028
8044,1972,2050
115125,1976,2050
56731,1978,2041
154522,1986,2049
143958,1987,2052
381946,2109,2181
297658,2198,2259
133238,2282,2327
84963,2302,2367
307794,2324,2375
348715,2579,2636
348716,2579,2638
2237,2581,2636
60329,2585,2636
7596,2600,2647
265584,2847,2896
368491,2946,3038
370896,2958,3034
83052,2958,3041
66049,2961,3040
345619,2963,3071
18933,2967,3038
146352,2968,3063
255511,2969,3060
293916,2969,3088
17213,2970,3032
172070,2972,3064
21661,2973,3069
165055,2975,3041
27508,2976,3037
380027,2981,3091
171275,2986,3056
39599,2989,3040
60074,2993,3067
24666,2995,3071
141054,3000,3063
148808,3004,3064
102580,3014,3081
88528,3079,3146
323603,3091,3165
111454,3109,3209
381683,3144,3217
217488,3149,3214
13857,3149,3235
184733,3169,3232
242260,3295,3360
328066,3295,3367
110623,3296,3340
37398,3296,3356
308760,3297,3360
373736,3298,3390
357525,3299,3354
277426,3299,3361
265457,3308,3386
404436,3310,3379
236583,3316,3384
325040,3317,3386
96557,3319,3383
206296,3320,3389
137905,3321,3383
2701,3330,3388
334690,3348,3413
129094,3358,3423
191425,3371,3434
386296,3374,3425
284805,3375,3444
27019,3381,3465
143957,3495,3558
52235,3572,3642
103941,3572,3646
303558,3778,3872
113142,3780,3896
153882,3782,3891
399899,3787,3889
82062,3791,3885
303557,3806,3885
24644,3817,3878
285023,3844,3899
