382155,108,162
128610,110,171
62556,119,162
138361,120,256
130818,121,248
73017,123,254
251176,124,274
61557,125,243
187354,128,196
170794,130,185
264014,138,247
381584,140,236
176701,141,206
101663,143,270
231210,144,275
51762,145,256
333471,148,243
74466,148,272
284540,151,263
31456,152,272
154306,155,270
197052,157,291
3142,158,272
1007,159,243
738,161,249
217627,161,268
3019,163,235
13125,163,279
20990,169,266
356045,173,288
59716,176,287
181078,178,274
138478,178,303
259508,179,240
400109,181,273
37244,181,294
280502,183,314
4757,185,319
392075,194,297
45050,196,315
241905,229,321
175898,242,318
276563,242,329
140573,243,323
143767,296,366
314982,318,393
2464,319,373
219550,319,395
100680,352,449
353158,376,482
30890,403,513
8820,438,539
358318,439,504
249551,444,539
315036,456,513
115384,474,535
301486,576,640
206377,579,636
261316,591,660
217277,593,652
126591,605,656
50616,683,739
46946,683,749
175425,687,743
278161,875,936
165250,875,949
364957,878,940
115580,882,963
89322,887,940
169935,892,953
139802,893,948
146104,893,973
260917,894,945
53249,897,958
336492,919,1004
315619,923,989
41078,954,1015
229643,954,1017
315175,959,1017
341258,959,1020
99002,959,1031
297898,961,1024
37997,992,1054
327860,1004,1059
315834,1082,1127
361443,1247,1326
213683,1340,1401
192941,1462,1512
40680,1526,1609
34513,1562,1624
405190,1568,1622
400108,1743,1813
12565,1748,1810
223765,1753,1819
264170,1758,1804
355066,1853,1923
20991,1854,1919
323014,1884,1991
106262,1922,2012
105250,1939,2017
380061,1944,2009
136976,1957,2019
174102,1958,2018
405974,2087,2155
2660,2126,2201
155214,2178,2239
305074,2182,2240
237462,2184,2233
186908,2290,2351
115225,2541,2603
271598,2549,2610
62329,2573,2634
256137,2573,2636
89321,2575,2621
46183,2820,2911
111980,2842,2909
111979,2844,2914
229257,2845,2912
42478,2848,2898
218313,2849,2911
185999,2853,2922
133030,2862,2913
265983,2864,2929
382156,2893,2956
136314,2944,3011
250244,2964,3029
294491,2971,3040
392981,2975,3039
36537,3011,3062
191885,3161,3218
170119,3318,3369
16836,3323,3402
74862,3592,3661
406724,4113,4174
267703,4350,4410
14664,4351,4394
70399,4352,4422
381583,4353,4410
364490,4355,4421
106267,4512,4595
12876,4529,4617
48982,4553,4624
357107,4554,4618
106266,4561,4650
92221,4571,4625
106262,4733,4832
375813,4737,4832
127723,4746,4830
310463,4747,4820
62800,4747,4824
290124,4748,4829
157003,4751,4827
106265,4751,4832
11528,4753,4815
183912,4753,4820
157004,4757,4828
380060,4767,4832
77884,4769,4830
174101,4772,4832
196906,4775,4830
378566,4776,4832
94086,4777,4830
107172,4952,5004
296393,5096,5146
276624,5096,5154
290939,5099,5185
33461,5100,5164
203501,5100,5174
131653,5100,5180
336859,5125,5202
44636,5125,5207
73389,5128,5229
190556,5131,5195
316605,5154,5206
327859,5290,5413
196767,5291,5391
264031,5292,5346
11363,5295,5379
237593,5311,5413
69174,5313,5378
95298,5313,5384
3841,5314,5375
524,5315,5393
130405,5329,5416
95038,5419,5501
216743,5664,5726
312786,5670,5746
17534,5683,5765
140592,5693,5755
118435,5696,5771
46025,5698,5761
185391,5700,5765
245718,5704,5772
345939,5705,5767
366263,5707,5774
203987,5713,5774
136543,5714,5791
357429,5720,5784
262545,5726,5771
30652,5726,5792
214231,5730,5791
37042,5774,5837
276623,5794,5849
90286,5799,5871
209913,5809,5871
222946,5818,5886
136011,5821,5891
353847,5826,5888
136012,5832,5896
46063,5833,5886
20197,5953,6068
64065,5957,6062
20198,6013,6133
1859,6057,6111
144439,6209,6292
20196,6287,6379
36526,6635,6683
328014,6640,6685
243890,6817,6874
234266,6817,6876
87596,6824,6878
79197,6837,6878
208057,6948,7007
338339,6978,7057
175564,6987,7084
197680,7010,7079
133244,7010,7086
130946,7011,7088
294913,7015,7089
146883,7017,7079
242723,7033,7115
115531,7040,7126
230625,7043,7086
110827,7047,7100
216188,7050,7116
37109,7070,7149
115154,7079,7144
301496,7081,7149
203737,7083,7152
337889,7092,7163
64903,7093,7157
117098,7098,7161
253946,7099,7173
237427,7101,7163
12289,7102,7179
239200,7103,7170
156115,7104,7156
165165,7106,7162
198942,7130,7184
38892,7130,7195
182638,7131,7185
342504,7150,7225
69348,7168,7226
317171,7224,7272
32890,7540,7601
181077,7651,7698
350826,7657,7704
341156,7661,7731
134164,7667,7728
60763,7680,7733
408474,7702,7772
385876,7712,7780
385854,7719,7776
169937,7922,7982
169936,7924,7980
334674,7927,7998
202973,7931,8003
262824,7937,7997
229338,8096,8149
173559,8240,8288
382593,8246,8341
364489,8331,8385
361574,8334,8403
1313,8355,8427
156249,8374,8426
106261,8394,8510
28734,8395,8479
30047,8398,8521
274573,8400,8464
106269,8402,8479
164564,8469,8520
343759,8601,8662
170117,8601,8698
169938,8603,8661
86972,8608,8677
170118,8615,8708
390208,8763,8828
250674,8770,8824
340736,8953,9005
115233,9106,9156
314939,9108,9174
340948,9116,9200
106809,9120,9166
223766,9120,9197
272546,9121,9199
71704,9123,9201
245716,9127,9204
123384,9128,9217
165108,9130,9200
194196,9135,9220
138435,9136,9197
367480,9136,9224
369923,9139,9218
50525,9139,9221
12874,9139,9227
48981,9139,9235
373837,9140,9203
362067,9145,9205
35894,9150,9220
18836,9153,9221
385464,9153,9224
21455,9154,9218
255363,9159,9221
329899,9159,9228
97243,9162,9218
210317,9165,9228
191059,9166,9220
407455,9166,9256
376053,9166,9259
364069,9167,9228
130407,9171,9234
272827,9178,9270
15861,9182,9239
154149,9185,9293
203330,9194,9258
144861,9195,9301
331147,9212,9300
331148,9219,9300
236592,9220,9287
294230,9220,9303
330069,9220,9315
115234,9221,9317
233486,9225,9326
229806,9227,9301
392074,9227,9317
136848,9231,9313
28735,9248,9335
274570,9250,9336
387569,9255,9318
110422,9255,9327
378565,9255,9363
12875,9256,9331
106266,9256,9348
59317,9257,9356
50526,9259,9341
28002,9263,9351
46024,9264,9330
274571,9264,9354
33843,9265,9346
183913,9265,9362
344236,9266,9330
81546,9266,9344
138564,9266,9358
125912,9266,9378
125913,9266,9385
154542,9268,9329
193569,9268,9345
11361,9269,9348
87042,9269,9356
294544,9273,9368
233941,9274,9356
42942,9278,9349
245717,9278,9368
395274,9280,9347
271543,9280,9357
42100,9281,9333
137729,9282,9360
31883,9282,9377
336657,9284,9387
241682,9285,9347
128970,9285,9367
64663,9285,9393
244534,9286,9349
206346,9286,9363
34499,9293,9357
4837,9296,9376
311112,9299,9360
351811,9300,9364
12290,9301,9362
361118,9304,9392
264263,9304,9397
138945,9306,9394
179376,9307,9369
282940,9308,9378
138946,9308,9396
196535,9309,9411
317281,9310,9372
209176,9317,9394
131605,9319,9384
211857,9323,9382
212998,9323,9384
217623,9324,9386
38232,9325,9393
229807,9326,9382
11510,9331,9395
338338,9331,9415
290185,9333,9398
363908,9334,9393
249861,9334,9395
229340,9334,9399
81547,9334,9447
137580,9336,9400
167999,9340,9396
136780,9342,9419
236839,9343,9455
7123,9349,9418
337814,9353,9427
208264,9354,9416
11362,9354,9448
154997,9355,9417
376054,9355,9431
49172,9355,9444
90514,9356,9423
106265,9356,9447
41077,9357,9427
247799,9357,9453
16835,9358,9433
20992,9360,9445
264013,9365,9458
105250,9367,9452
157002,9374,9443
213684,9385,9450
108141,9386,9448
94086,9388,9445
101662,9388,9450
285068,9398,9458
225069,9410,9458
106267,9670,9739
10005,9719,9775
17853,9724,9793
41356,9726,9794
66810,9730,9788
67333,9731,9797
292717,9734,9792
274105,9740,9801
49331,9741,9799
169928,9898,9966
174100,9900,9963
251790,9901,9964
392535,9903,9975
276414,9907,9978
234783,9913,9972
232867,9922,9973
69347,9923,9990
397216,10010,10101
380026,10201,10262
323015,10426,10507
87547,10511,10612
225509,10512,10573
251175,10525,10588
13625,10542,10592
290186,10650,10739
212036,10654,10714
191060,10656,10771
130408,10665,10726
104545,10665,10763
292655,10669,10751
115155,10670,10734
84371,10671,10752
103195,10684,10751
168092,10692,10740
20993,10692,10765
79186,10692,10768
212999,10709,10771
377732,10711,10769
398623,10712,10770
235818,10713,10767
213000,10717,10771
344493,10852,10913
330225,10852,10917
44942,10852,10922
41256,10852,10926
144601,10853,10918
280501,10853,10945
75538,10853,10953
10486,10855,10914
351109,10855,10920
262284,10858,10944
4263,10860,10921
81293,10860,10949
28736,10861,10953
80518,10954,11066
342503,10955,11063
307734,10959,11054
139898,10960,11051
302832,10960,11060
246957,10978,11036
231644,10978,11085
366367,10979,11027
216750,10979,11067
298022,10983,11039
139108,10983,11079
404705,10983,11082
60943,10992,11074
146103,10992,11081
169294,10994,11063
333475,10995,11089
28003,10996,11053
329902,10998,11070
50435,10998,11078
124912,11007,11073
377870,11022,11099
316313,11029,11113
280430,11034,11090
399491,11037,11091
280431,11037,11096
24371,11042,11116
323588,11050,11116
69071,11051,11113
223469,11052,11103
37001,11053,11115
264280,11060,11113
155511,11060,11138
242784,11062,11115
219269,11065,11116
696,11066,11115
281391,11081,11143
46020,11084,11190
274572,11085,11178
30048,11090,11210
359999,11095,11156
106261,11101,11217
251173,11132,11211
84129,11426,11492
2099,11427,11501
288180,11429,11499
130406,11438,11500
16356,11814,11872
315278,11814,11882
100681,11814,11909
191061,11816,11915
282392,11820,11900
99004,11822,11919
142690,11826,11905
100682,11827,11922
45785,11828,11928
100640,11830,11926
340475,11830,11933
255262,11832,11923
210252,11839,11932
399382,11839,11937
254148,11841,11935
56751,11844,11926
201848,11845,11909
316312,11845,11919
99003,11845,11942
128609,11847,11897
12949,11860,11905
185633,11862,11909
254978,11863,11908
217624,11865,11942
21456,11868,11930
304894,11868,11936
6069,11869,11926
73711,11869,11932
95039,11871,11936
50778,11873,11928
5838,11873,11934
204839,11873,11938
311580,11873,11965
343701,11874,11942
86202,11879,11937
13272,11879,11962
148106,11880,11983
352823,11906,11977
229694,11958,12026
79782,11974,12030
314983,11992,12058
251174,11993,12068
337888,11997,12118
331761,12001,12067
28004,12003,12064
83900,12006,12059
217626,12014,12129
375117,12015,12111
30063,12016,12106
232870,12019,12135
226848,12020,12122
117986,12022,12098
8707,12027,12091
93605,12037,12095
22038,12038,12103
136313,12041,12124
151697,12041,12146
302857,12042,12135
248861,12045,12150
117988,12062,12134
250675,12067,12129
301936,12076,12141
270077,12077,12131
229339,12080,12174
331768,12081,12132
55109,12081,12153
65459,12081,12177
297262,12085,12151
8033,12088,12154
206376,12094,12150
293550,12095,12156
387941,12096,12215
45786,12097,12194
78078,12098,12144
120067,12099,12175
265528,12100,12208
323938,12105,12161
269391,12114,12176
86264,12117,12175
153470,12117,12223
340521,12132,12202
283099,12132,12215
75131,12135,12189
59081,12135,12203
30990,12135,12207
310462,12136,12200
175899,12136,12214
27644,12155,12215
241906,12294,12378
334283,12295,12380
292653,12303,12361
6813,12304,12376
11325,12333,12421
323017,12336,12408
248203,12369,12429
345938,12384,12452
88096,12391,12452
129536,12593,12664
16961,12596,12658
340735,12599,12673
22037,12601,12658
223927,12601,12665
12389,12657,12710
100312,12657,12719
337815,12658,12739
51097,12752,12806
46021,12757,12805
386135,12763,12806
69289,12782,12846
158921,12807,12870
323016,12811,12881
92366,12825,12886
250676,12825,12890
11360,12838,12899
57078,12997,13082
232869,13000,13107
12026,13002,13094
106254,13010,13106
140593,13011,13083
316822,13013,13113
289947,13014,13087
378687,13015,13096
295003,13017,13081
217625,13017,13111
106704,13018,13109
93606,13019,13099
2190,13022,13096
339884,13022,13112
263393,13023,13088
205455,13027,13090
157001,13029,13100
87734,13030,13104
145157,13032,13110
375814,13032,13115
150535,13036,13099
288705,13038,13100
64064,13044,13111
273199,13044,13114
178415,13046,13104
405928,13047,13109
232868,13048,13113
168898,13052,13117
371506,13056,13103
139107,13066,13115
30372,13066,13139
407156,13074,13137
405973,13087,13179
96515,13120,13182
130404,13157,13239
405927,13163,13243
275240,13163,13255
6296,13167,13239
17863,13172,13239
133306,13175,13235
316311,13175,13249
203944,13186,13237
263392,13327,13383
167687,13331,13382
223767,13371,13438
310598,13378,13440
226978,13400,13467
31729,13418,13480
332266,13420,13479
283753,13426,13476
64662,13428,13495
26836,13431,13494
254147,13507,13575
144909,13527,13625
275241,13529,13615
117987,13531,13637
73874,13535,13598
67995,13535,13601
52054,13537,13631
106254,13537,13634
377682,13538,13602
234784,13538,13638
351108,13597,13688
2659,13598,13696
283512,13620,13727
114196,13623,13704
128042,13624,13686
11327,13626,13689
10486,13629,13688
252506,13629,13701
75538,13629,13733
41256,13630,13697
239386,13635,13702
219586,13641,13750
355067,13684,13774
11326,13710,13801
32418,13719,13802
219551,13721,13794
388088,13721,13801
365266,13721,13804
329898,13721,13840
248209,13723,13800
14527,13725,13799
127680,13732,13794
283513,13732,13850
32501,13769,13841
39970,13796,13848
326832,13799,13857
271599,13804,13853
44152,13804,13862
329900,13899,13988
382592,13912,13986
326913,14085,14154
140787,14099,14149
51126,14100,14147
371821,14106,14155
385853,14108,14157
397217,14222,14322
8034,14307,14383
137728,14319,14383
393490,14322,14376
55224,14322,14381
393489,14322,14383
11509,14329,14397
272826,14333,14396
361117,14354,14416
361141,14370,14434
142144,14371,14433
14171,14455,14549
27550,14457,14510
63764,14467,14546
14172,14467,14562
138051,14471,14554
377402,14475,14540
334048,14485,14549
372449,14508,14565
257261,14510,14576
303950,14511,14560
272911,14511,14562
46284,14924,15051
161416,14927,15009
46283,14968,15093
73674,14971,15078
335747,14990,15075
138477,14992,15050
106260,14993,15079
170116,14994,15057
166611,14994,15091
99006,14995,15120
6812,15000,15102
61556,15006,15080
392980,15007,15068
8068,15013,15095
48980,15015,15104
147400,15022,15093
34326,15025,15099
99007,15035,15120
22364,15038,15117
85005,15041,15106
40096,15052,15103
99005,15122,15166
26114,15170,15234
14235,15172,15240
226979,15175,15239
195547,15186,15238
219587,15187,15237
217142,15213,15273
92499,15249,15321
380025,15250,15317
373835,15391,15490
237461,15391,15494
302344,15392,15498
106268,15394,15469
106103,15397,15466
236057,15397,15489
373836,15401,15501
400090,15403,15477
73554,15424,15503
62289,15427,15490
232841,15557,15620
89846,15560,15610
343758,15625,15714
44151,15627,15713
100311,15657,15716
301935,15662,15732
12873,15670,15731
279462,15670,15735
367619,15671,15729
72768,15671,15736
34111,15677,15736
341257,15680,15736
64665,15688,15741
137574,15823,15876
337872,15823,15882
243662,15846,15920
4767,16275,16342
24257,16280,16335
401240,16514,16567
326912,16514,16580
405926,16515,16573
180172,16515,16576
169939,16529,16595
106269,16549,16622
353780,16550,16669
86971,16557,16641
125914,16559,16676
408475,16578,16675
283106,16580,16647
386647,16602,16676
182059,16611,16674
281143,16617,16674
94949,16625,16676
135907,16787,16871
339835,16790,16871
129843,16795,16883
135906,16796,16871
87597,16798,16881
106264,16800,16894
320365,16803,16867
311579,16803,16875
129842,16804,16880
247887,16806,16889
106263,16807,16884
292654,16808,16874
179688,16809,16879
268792,16810,16863
172986,16811,16908
120287,16812,16875
31918,16815,16881
218143,16818,16895
248237,16828,16896
198371,16828,16905
138052,16829,16909
373833,16830,16897
174726,16830,16913
297162,16837,16910
293665,16866,16929
341390,16879,16935
219589,16967,17055
74181,17000,17056
101524,17109,17168
368301,17160,17220
170115,17163,17226
106260,17163,17248
73675,17165,17260
46285,17166,17250
376288,17168,17247
392978,17176,17240
373656,17229,17290
353705,17271,17346
57412,17272,17334
86201,17273,17340
86266,17274,17333
102311,17275,17337
30373,17283,17369
124419,17287,17336
22163,17288,17348
39969,17290,17347
44637,17296,17372
175530,17298,17365
405972,17299,17373
21457,17304,17365
110826,17321,17366
133595,17321,17393
254473,17527,17595
125241,17533,17594
337545,17541,17603
232840,17542,17596
117065,17609,17707
378564,17618,17724
14528,17635,17703
112311,17648,17725
378563,17657,17730
178365,17661,17724
284915,17663,17719
51446,17668,17719
12645,17670,17733
238840,17670,17759
41355,17672,17758
98440,17676,17724
303949,17689,17768
83931,17693,17759
196733,17696,17758
236840,17700,17761
158760,17708,17786
101144,17734,17854
101143,17738,17805
281837,17759,17812
101145,17762,17869
180148,17786,17846
337887,17797,17862
281602,17806,17866
405189,17810,17865
346932,17810,17867
363791,17813,17877
155203,17876,17928
351592,18096,18152
38154,18096,18168
364066,18096,18191
125915,18096,18195
373834,18096,18205
236058,18099,18174
397711,18109,18194
329011,18136,18198
348659,18136,18215
162708,18140,18194
95040,18141,18196
7234,18253,18307
345431,18254,18304
373832,18254,18310
84137,18255,18318
121020,18256,18323
84138,18257,18320
329887,18258,18314
11328,18260,18313
185004,18513,18595
125916,18514,18608
167743,18527,18583
206375,18529,18609
383173,18533,18587
46022,18535,18610
13961,18541,18607
373831,18542,18610
53960,18548,18592
367867,18695,18758
299235,18696,18756
166842,18696,18761
266147,18698,18754
178414,18721,18796
158237,18842,18907
150117,18846,18916
247888,19234,19317
106258,19550,19665
386185,19558,19650
106255,19561,19659
386186,19564,19657
283515,19580,19660
252310,19585,19669
197336,19589,19686
335853,19595,19666
310395,19596,19663
377401,19597,19659
277558,19598,19666
16355,19724,19774
392979,19996,20095
4275,19997,20067
24372,20007,20068
329012,20013,20088
281142,20016,20061
397218,20016,20095
405971,20018,20083
250677,20023,20099
106257,20098,20240
135496,20104,20174
364068,20111,20170
214187,20111,20181
106255,20112,20196
214188,20115,20201
10097,20116,20176
158920,20201,20272
179641,20201,20312
99008,20201,20318
219588,20202,20283
100683,20202,20298
106259,20203,20274
94230,20204,20270
389471,20204,20303
270502,20205,20297
375815,20205,20321
62290,20207,20304
73873,20209,20272
3758,20209,20302
289370,20209,20307
202097,20209,20314
255263,20209,20319
99004,20212,20313
337886,20222,20317
78736,20226,20335
137271,20232,20296
130819,20235,20298
28418,20236,20295
22767,20236,20315
13363,20240,20327
78738,20242,20320
371505,20244,20299
340474,20245,20326
106263,20246,20323
106264,20246,20334
170793,20250,20327
110252,20252,20314
344492,20252,20319
297640,20256,20318
229342,20260,20317
402612,20260,20321
297084,20261,20323
192070,20263,20316
139353,20265,20330
55205,20265,20336
26853,20267,20334
220234,20268,20341
106253,20363,20514
126,20396,20486
406553,20399,20475
115224,20407,20489
14529,20411,20471
302831,20434,20520
345430,20444,20487
272825,20448,20522
223963,20451,20540
345838,20452,20526
281780,20452,20562
250243,20453,20542
101146,20454,20527
73676,20456,20519
229341,20462,20546
260535,20465,20528
155540,20465,20530
1114,20467,20551
178812,20469,20530
46282,20470,20552
229680,20470,20565
264327,20471,20546
284380,20471,20568
297261,20472,20555
293346,20472,20560
341464,20473,20569
40991,20481,20544
143373,20487,20550
178065,20491,20554
239387,20493,20554
12292,20493,20556
272828,20493,20561
260533,20496,20559
374907,20498,20558
2329,20498,20561
44153,20499,20540
144860,20499,20556
46023,20501,20568
5761,20577,20627
404752,20579,20640
101673,20580,20646
175074,20580,20657
278731,20581,20627
133684,20581,20636
37483,20581,20644
10151,20582,20643
162801,20584,20633
92367,20587,20657
129921,20588,20636
14199,20588,20639
8916,20595,20654
82428,20595,20664
141338,20596,20653
106253,20639,20786
86265,20670,20761
144223,20671,20750
104653,20676,20767
322902,20687,20761
123949,20708,20761
191596,20715,20769
117099,20715,20786
118582,20728,20781
132754,20731,20786
260534,20742,20786
407155,20858,20920
148108,20858,20928
109422,20860,20922
221698,20860,20925
15033,20861,20931
175529,20861,20937
290542,20862,20927
221697,20863,20925
115530,20865,20928
46258,20867,20936
103194,20868,20929
167686,20869,20937
77186,20869,20946
130027,20870,20941
386183,20874,20943
242621,20876,20950
265879,20877,20939
372448,20878,20944
159883,20879,20942
46413,20880,20943
381508,20880,20950
377733,20881,20945
58084,20888,20949
345861,20897,20947
215759,20905,20950
24370,21091,21145
246383,21155,21226
247886,21177,21233
12566,21306,21369
270402,21309,21372
106257,21321,21469
106258,21324,21433
81292,21329,21400
386184,21330,21395
77942,21332,21437
364067,21335,21401
283516,21345,21447
329901,21356,21446
183055,21357,21424
355332,21357,21441
252310,21360,21435
12291,21372,21433
90513,21382,21448
21458,21387,21465
115232,21456,21526
173973,21461,21528
86188,21471,21526
135905,21474,21547
105837,21493,21557
213321,21497,21556
306860,21498,21554
30374,21531,21600
39968,21607,21684
408476,21610,21685
323018,21612,21684
136013,21615,21683
155204,21619,21684
106256,21621,21684
135497,21628,21685
338637,21854,21914
311795,21932,21987
290184,21969,22053
158920,21990,22053
117454,21993,22051
106259,21993,22053
106268,21996,22053
274147,22003,22049
285639,22086,22139
39967,22086,22154
148107,22086,22169
283514,22086,22174
323019,22086,22178
361139,22086,22230
63090,22103,22210
323937,22107,22200
173972,22113,22233
32417,22127,22233
253484,22133,22229
173971,22136,22248
27931,22137,22221
361140,22149,22258
398493,22151,22200
264030,22161,22227
44470,22163,22229
380436,22166,22229
83142,22187,22242
134568,22188,22238
306147,22188,22249
2608,22189,22245
86216,22198,22296
380943,22204,22282
60266,22222,22281
106256,22318,22373
