7605,106,239
4583,106,251
19206,110,218
147307,111,224
52996,112,256
286739,113,222
218511,113,228
81443,115,251
46788,116,207
317560,118,218
67592,119,241
268653,120,267
112633,120,272
60626,120,302
313613,122,221
300380,123,178
96830,123,210
126202,123,256
3142,124,247
168120,125,216
90167,127,192
183677,130,244
216666,131,249
338088,131,253
360132,133,255
167452,136,267
40287,137,227
18912,137,237
209636,139,188
13125,139,249
14538,139,263
1007,140,226
42154,140,252
173107,143,259
16610,147,262
96831,151,243
176238,152,254
218944,153,267
2943,153,278
101067,156,268
33742,159,227
161174,159,266
388693,162,279
234725,163,292
372478,171,287
181510,172,265
200744,176,303
6850,182,305
233154,184,294
95420,184,327
405077,209,327
363846,213,327
43801,220,328
407797,228,293
8802,228,327
31794,229,303
197908,229,321
43802,232,306
109956,234,327
400659,240,321
94338,240,324
272977,242,327
303198,250,328
94337,253,328
213822,262,328
397861,560,626
332289,771,840
165580,779,840
297634,818,890
189381,1381,1425
18979,1381,1431
128328,1381,1435
40677,1381,1441
123667,1382,1455
335881,1400,1452
393735,1461,1545
26372,1482,1528
275649,1548,1609
68111,1709,1772
67295,1709,1789
71170,1710,1766
72148,1718,1807
156761,2252,2325
30026,2277,2343
96749,2282,2346
107658,2287,2351
400083,2295,2345
2273,2299,2357
238575,2304,2355
173108,2438,2493
275400,2569,2626
270598,3302,3410
383262,3312,3400
321788,3318,3398
101882,3327,3417
46984,3373,3441
400571,3391,3464
15774,3392,3468
184158,3396,3467
192887,3402,3452
328849,3403,3485
32580,3407,3466
310733,3407,3472
31390,3413,3508
61649,3422,3479
353705,3427,3497
216739,3435,3514
166715,3437,3511
213144,3439,3495
386907,3443,3513
152789,3444,3540
362132,3452,3505
128224,3452,3522
41899,3455,3511
183686,3455,3516
239132,3465,3517
49112,3468,3544
14,3469,3526
269701,3470,3528
397085,3470,3533
90375,3510,3572
255296,3528,3576
20581,3741,3821
13292,3741,3829
138600,3745,3798
182373,3746,3836
4485,3748,3820
47237,3748,3831
181266,3750,3854
26211,3752,3817
189117,3752,3859
221316,3753,3814
223478,3753,3819
113621,3754,3818
143644,3754,3839
19464,3755,3823
112244,3755,3866
290316,3757,3845
386855,3764,3860
4263,3765,3830
58557,3765,3838
47238,3772,3861
292262,3784,3903
322794,3806,3899
277020,3817,3906
299723,3822,3916
321318,3840,3905
272979,3845,3905
16792,3845,3911
263425,3847,3918
90289,3848,3912
350604,3849,3924
267917,3854,3921
74339,3856,3912
345728,3857,3919
207222,3861,3902
37994,3862,3929
351302,3866,3926
348530,3878,3930
184367,4048,4117
168355,4054,4112
405982,4060,4121
27959,4089,4143
150587,4120,4175
183768,4122,4175
232731,4155,4228
277852,4177,4246
178038,4193,4250
360143,4194,4270
300309,4205,4269
399616,4206,4270
43061,4207,4278
190055,4208,4271
272978,4210,4274
246119,4214,4275
347010,4425,4494
46537,4429,4503
157446,4442,4507
316400,4446,4547
162728,4455,4546
126261,4529,4587
307603,4539,4599
93234,4539,4601
22487,4539,4604
346226,4542,4603
286335,4544,4603
248966,4552,4616
390966,4555,4648
377195,4894,5020
31032,4897,5016
203131,4906,5013
290828,4910,5019
397084,4920,5018
297143,4922,5031
296211,4932,4996
254903,4932,5017
47418,4933,5020
226233,4934,5010
125413,4938,5039
318253,4972,5043
67294,5142,5214
84304,5307,5376
256005,5315,5381
256004,5316,5368
16793,5328,5405
98784,5341,5408
277714,5355,5438
245648,5380,5446
96829,5416,5500
233895,5662,5707
310732,5687,5750
236451,5695,5760
109662,5706,5762
268441,5891,5942
183155,6141,6202
85917,6145,6196
171128,6147,6197
6821,6148,6202
361576,6151,6201
325294,6374,6443
165398,6416,6466
84177,6425,6474
64053,6868,6935
72525,6922,6993
120096,6946,7017
379666,7076,7150
133758,7078,7138
330483,7091,7153
272518,7093,7164
202297,7284,7343
297635,7284,7345
341882,7286,7334
64571,7295,7342
290397,7409,7473
186479,7416,7490
90452,7420,7484
181771,7422,7488
200745,7429,7513
309347,7433,7500
93725,7440,7488
284669,7445,7506
37993,7452,7514
43803,7452,7543
165579,7453,7512
157447,7454,7506
110671,7457,7543
405078,7468,7541
364726,7473,7536
67858,7489,7587
123486,7491,7573
328113,7494,7556
205383,7505,7589
91518,7515,7576
357990,7516,7580
119602,7522,7577
357991,7527,7586
123672,7527,7602
359856,7532,7599
30315,7581,7649
33646,7861,7956
245648,7862,7908
263922,7871,7949
33647,8029,8137
32064,8060,8136
212874,8546,8616
327062,8552,8613
296850,8558,8615
238472,8778,8827
90374,8874,8944
47417,8874,8950
104545,8874,8961
228385,8877,8974
155329,8878,8945
362731,8878,8977
318930,8882,8966
35535,8885,8953
86829,8885,8963
85324,8886,8943
228893,8886,8967
70253,8886,8976
31605,8889,8976
406879,8892,8974
243267,8893,8967
12873,8899,8961
