232163,132,261
72957,136,213
24769,136,218
37307,137,232
7883,138,209
101663,138,269
59677,146,233
400291,147,262
82066,147,268
6274,148,235
363087,153,240
52398,157,232
1007,158,237
335623,164,244
45871,167,246
64939,172,236
22264,173,237
346245,175,235
77156,180,238
64632,182,234
175282,187,238
278033,297,372
238566,298,358
185538,299,351
167750,299,435
50659,300,353
317124,300,364
209017,302,355
345625,302,404
41505,302,409
252735,309,397
252904,321,384
104838,324,397
403616,326,390
193535,327,385
303538,327,391
26697,328,392
198558,330,390
337000,393,466
28369,397,466
260406,405,466
322025,416,466
44490,722,786
360093,722,791
11363,722,817
49540,724,805
362073,727,824
72463,727,831
34401,732,817
156705,733,832
115572,734,828
274968,736,831
129503,738,805
84371,751,821
190117,755,816
146396,756,832
101662,761,821
252903,770,828
2622,771,831
73145,901,946
126213,1134,1246
91863,1135,1208
239495,1159,1211
72462,1160,1228
121846,1164,1240
173329,1165,1212
251137,1244,1303
304429,1245,1315
48140,1247,1319
261823,1249,1317
13118,1251,1320
324904,1257,1314
42093,1276,1339
146397,1276,1354
59360,1283,1340
369181,1738,1804
5192,1738,1807
155394,1738,1818
192481,1738,1838
332047,1739,1811
106866,1739,1830
376656,1739,1842
376657,1742,1839
356405,1751,1851
376658,1752,1839
51664,1759,1826
233820,1759,1830
83820,1764,1833
126214,1766,1839
96734,1767,1846
168213,1771,1836
293202,1772,1820
142904,1773,1848
100174,1773,1854
144271,1779,1850
189409,1781,1836
162725,1786,1846
275277,1787,1848
258679,1787,1851
345437,1788,1841
272058,1788,1846
80791,1789,1845
375977,1795,1851
391479,1801,1845
292859,1999,2098
45693,2006,2064
106865,2012,2089
354905,2013,2115
123925,2014,2108
158834,2407,2479
101529,2425,2500
334379,2433,2502
318080,2618,2680
397342,2625,2700
306630,2765,2820
240478,2896,2995
362573,2897,2954
42503,2899,2980
118253,2900,2972
137049,2900,2994
397343,2900,3006
42094,2904,2964
137048,2904,3036
6276,2907,3017
158202,2909,2986
74768,2909,3003
47243,2910,3005
192572,2910,3033
45017,2911,2988
38321,2911,2992
209868,2930,3038
308890,2956,3037
227266,3127,3201
73089,3127,3211
374168,3127,3226
87564,3127,3238
128685,3159,3236
248093,3443,3497
401722,3500,3602
209869,3508,3621
87979,3510,3578
137048,3515,3649
11621,3516,3579
6276,3517,3626
63438,3522,3595
43040,3526,3597
276677,3591,3652
28837,3701,3757
26644,3796,3858
233036,3797,3894
359366,3798,3867
162726,3798,3885
137049,3802,3906
32306,3804,3911
6275,3808,3916
200240,3809,3894
74768,3813,3914
6276,3813,3919
287514,3814,3925
261081,3815,3901
50093,3816,3910
309495,3819,3918
28486,3820,3895
43041,3824,3907
221547,3825,3881
309204,3827,3880
374169,3856,3911
4337,3985,4060
334825,4028,4088
91049,4149,4214
367569,4261,4316
258781,4297,4370
25995,4501,4617
158201,4507,4583
289916,4509,4595
345968,4510,4619
122444,4511,4587
48378,4515,4583
136632,4515,4611
269975,4519,4600
140174,4521,4587
193515,4522,4595
242321,4523,4587
96239,4526,4596
32186,4533,4588
390889,4555,4610
307471,4570,4647
328243,4620,4675
269677,4657,4758
307806,4695,4792
5191,5103,5166
28836,5103,5169
205291,5194,5252
57896,5194,5255
374167,5194,5257
289793,5195,5259
209874,5196,5258
311243,5198,5251
50516,5198,5256
144359,5199,5254
52260,5201,5252
230573,5205,5259
276320,5207,5258
330693,5504,5563
317125,5513,5563
284804,5636,5706
217685,5639,5703
289211,5649,5721
109969,5652,5705
381430,5677,5730
308889,5788,5866
234892,5789,5854
91050,5789,5864
362731,5789,5886
213349,5790,5868
64879,5793,5856
85449,5798,5897
142903,5806,5868
93269,5821,5884
381517,5838,5902
209994,5838,5943
209995,5847,5958
105023,5879,5964
280726,5881,5954
269676,5884,5972
125896,5885,5965
189115,5887,5960
224107,5889,5950
186883,5897,5955
125363,5900,5963
194411,5914,5988
126010,5920,5988
89649,5921,5991
365099,5924,5989
93270,5930,5996
402040,5932,5995
93269,5935,6001
405707,5940,5991
76846,5943,5989
294440,6183,6256
295317,6184,6245
45870,6184,6247
230914,6189,6244
90408,6195,6255
16645,6216,6276
324760,6232,6334
85448,6242,6355
3566,6250,6363
16646,6251,6359
5190,6261,6352
376616,6262,6357
72388,6264,6355
402121,6266,6357
100249,6267,6332
3,6267,6335
337,6269,6354
129502,6271,6362
301501,6273,6332
35578,6273,6363
264180,6279,6363
148135,6297,6358
6305,6298,6354
73144,6299,6361
234608,6304,6367
55594,6305,6365
128630,6306,6367
3755,6313,6362
213751,6315,6366
326591,6450,6516
269718,6634,6683
145388,6635,6686
28835,6636,6682
