272236,98,169
77446,104,155
34258,107,170
364055,222,313
222354,222,316
72830,223,291
119676,223,296
359263,223,303
6850,223,333
214286,244,377
119675,247,357
46260,255,335
8802,257,356
53576,258,349
228846,259,338
39998,259,360
241500,260,355
50369,266,351
10549,268,385
241499,280,381
39997,284,385
119674,289,387
292302,292,364
282417,293,386
380663,296,393
47391,300,391
340798,309,411
50635,310,382
356816,332,393
340799,333,443
224798,335,394
340800,361,501
166236,379,444
29715,389,531
386006,392,461
340801,399,520
53575,400,530
192161,410,473
145965,413,530
187233,416,517
235024,417,470
19231,424,521
196268,427,495
119368,427,514
101283,433,503
12778,437,520
33159,450,520
316801,459,526
295797,468,528
286742,470,528
43132,484,530
19566,584,627
137964,584,647
218217,584,650
306617,587,637
367045,588,649
85204,590,632
251826,591,662
174542,594,650
263375,595,647
320917,600,661
202511,604,674
222482,628,695
81783,776,828
45955,1038,1088
233769,1038,1096
269524,1038,1100
92680,1038,1104
297049,1049,1097
42090,1060,1119
141216,1168,1221
345471,1168,1224
27608,1169,1226
211,1170,1248
49684,1183,1250
241424,1193,1248
109264,1199,1249
391374,1208,1250
232534,1509,1620
78256,1535,1635
192554,1548,1626
74577,1549,1641
160042,1551,1614
180162,1554,1647
368629,1562,1668
363886,1563,1646
94011,1564,1644
252024,1564,1658
26459,1564,1662
304967,1569,1650
241239,1570,1661
20269,1571,1647
180938,1573,1652
298650,1577,1641
230393,1579,1642
287591,1581,1669
76643,1584,1646
21465,1585,1652
280061,1588,1640
2642,1589,1633
89067,1606,1667
114781,1607,1669
289063,1608,1687
329627,1725,1806
70504,1730,1795
401760,1739,1794
138528,2062,2162
363764,2072,2133
176197,2081,2159
36437,2128,2194
350157,2362,2430
251270,2464,2537
406603,2469,2531
57390,2477,2544
220507,2504,2545
87847,2505,2546
29716,2506,2548
42272,2665,2727
19462,2666,2724
269099,2670,2734
382864,2674,2727
296532,2675,2736
269255,2805,2861
101307,2810,2862
326700,3055,3124
171361,3160,3254
207776,3413,3463
51581,3503,3558
244915,4083,4173
204525,4088,4160
6290,4137,4204
3536,4140,4189
400548,4145,4229
356046,4157,4227
269837,4163,4225
100065,4168,4251
72442,4183,4249
121909,4187,4252
244912,4192,4276
242795,4198,4260
397278,4199,4252
111273,4219,4278
376709,4232,4287
329628,4240,4309
244913,4259,4323
340796,4261,4332
299564,4384,4438
244914,4392,4475
142324,4400,4459
342214,4416,4474
244912,4424,4498
111272,4450,4501
384770,4451,4516
164499,4460,4531
269820,4464,4559
307369,4466,4531
134928,4472,4530
112540,4476,4528
11747,4489,4545
388636,4503,4559
105083,4516,4573
340797,4535,4637
314753,4539,4595
356489,4539,4621
209,4546,4620
244913,4547,4624
370368,4547,4629
285450,4548,4611
289062,4570,4652
288398,4583,4659
384811,4591,4652
353791,4848,4938
188295,4849,4900
24924,4851,4901
2070,4863,4940
199042,4865,4928
406766,4874,4938
62904,4900,4967
198272,5039,5093
371112,5045,5093
160023,5210,5270
323485,5240,5320
263410,5248,5315
244915,5249,5333
323486,5258,5338
189732,5385,5453
107345,5386,5458
244914,5408,5476
384440,5423,5475
249778,5685,5769
314193,5778,5837
286741,5806,5875
68580,5993,6068
345411,6001,6067
6697,6017,6067
285163,6172,6231
5594,6172,6250
333260,6172,6255
188744,6188,6249
264276,6275,6338
106406,6497,6566
68556,6498,6559
97520,6498,6572
355300,6554,6621
190554,6566,6624
207803,6567,6626
42237,6603,6698
283791,6615,6724
126346,6621,6705
66231,6752,6839
43601,6755,6838
5042,6763,6839
349419,6763,6842
295002,6766,6877
358162,6770,6838
384769,6776,6893
23832,6778,6866
256717,6788,6838
151052,6789,6873
232673,6792,6876
109493,6802,6875
60107,6804,6899
348849,6815,6906
377137,6826,6917
218859,6892,6949
360127,7257,7319
138529,7308,7352
187553,7940,8004
215883,7940,8019
215217,7940,8022
183575,7944,8019
286649,7956,8051
105350,7980,8024
138527,8444,8515
5042,8461,8516
207103,8463,8514
47414,8464,8518
197256,8938,8991
143496,9112,9162
282180,9117,9170
156666,9117,9172
284214,9127,9171
214285,9282,9352
196766,9378,9441
276845,9379,9428
329101,9379,9433
345314,9379,9435
140215,9382,9443
294689,9392,9441
316802,9588,9651
262242,10095,10162
204524,10173,10246
398156,10183,10243
285968,10196,10238
260688,10440,10490
8472,10590,10652
234523,10630,10687
