10517,115,167
394344,115,207
235781,115,218
70190,115,228
131160,115,248
119257,117,245
36563,147,295
242,164,277
40644,165,280
74612,165,306
324625,166,272
65456,167,285
187347,174,314
258501,176,330
201526,178,321
837,186,317
301280,189,311
339100,197,323
371058,199,310
89109,200,283
65458,202,344
62411,204,332
68519,204,350
19268,205,316
837,207,324
18431,210,321
27406,210,328
1378,210,336
33463,211,331
164514,212,325
98522,215,317
137688,218,330
59956,218,342
124421,219,323
17967,221,312
178681,221,349
111838,223,344
86794,224,351
78246,225,327
324553,225,337
179171,231,351
42610,235,330
3178,236,303
262774,237,351
134223,240,350
25240,244,316
62410,250,350
36564,260,350
59955,269,350
65457,283,350
310237,287,351
400786,481,551
337162,500,571
6810,510,584
334210,519,581
385840,523,581
39020,524,584
243411,527,584
89108,719,776
52963,1183,1233
101719,1285,1336
212159,1285,1351
386470,1288,1367
235782,1289,1347
213688,1295,1352
298879,1297,1356
89263,1455,1518
338723,1456,1520
164513,1463,1525
4428,1826,1943
190202,2243,2314
359823,2251,2294
380979,2251,2319
219718,2286,2347
327463,2617,2689
376051,3742,3816
125819,3997,4041
