210204,77,235
121894,77,257
39328,85,161
118538,86,171
276959,87,199
148412,90,153
257559,90,213
207447,100,162
354215,106,214
47366,112,219
7518,116,233
106155,118,236
3142,119,256
406341,121,229
325679,121,248
374522,122,213
23434,124,249
51243,126,192
183966,126,258
3056,130,246
303885,130,263
4960,131,235
37228,132,267
154306,133,254
86208,133,261
257143,135,197
31456,135,256
42898,138,201
1007,138,225
48920,138,233
90392,141,239
272077,141,258
42895,142,266
335009,143,235
321401,147,252
180393,149,259
128769,150,221
11614,151,257
360997,159,235
371652,162,224
221917,162,263
86558,164,229
316037,165,262
156428,176,266
348458,182,278
147469,183,269
101631,184,261
387989,185,264
42899,186,270
204828,188,257
380298,189,265
275019,193,269
6623,195,255
83095,197,252
290998,198,257
300183,244,326
121631,244,335
62948,246,349
87401,250,338
367503,252,332
400717,254,325
42896,265,336
196608,265,339
301265,266,326
67033,267,341
381561,268,350
60961,268,366
28275,271,336
168556,272,350
392169,272,363
311437,273,366
13367,275,343
297965,277,340
86436,277,347
132632,277,351
335920,277,374
128772,278,385
319057,280,342
113369,280,348
216134,281,344
235259,283,345
300138,283,363
318728,285,346
240039,285,356
97304,285,386
72989,286,349
23389,288,350
337106,289,383
175551,300,364
393372,304,389
215205,306,367
25171,307,395
112497,309,403
74355,319,393
42897,319,401
13151,320,386
228322,323,388
99241,325,386
402572,326,387
346779,326,397
143643,328,407
187224,341,416
66301,353,416
292581,377,453
232753,378,444
201935,379,464
168557,382,525
305235,382,541
292580,384,502
124753,402,469
241577,406,488
201936,407,546
211307,409,500
370880,427,533
324707,429,504
218857,429,540
48163,433,494
20029,433,497
344693,433,504
356290,433,540
106622,434,491
73082,434,500
36210,436,493
13852,438,500
35647,440,542
98079,441,551
209057,445,518
41740,461,551
194375,467,530
232081,467,541
110016,467,544
19140,468,550
4956,469,546
317377,470,535
20341,474,551
32695,476,550
334072,493,549
26340,499,550
54193,502,549
221641,635,708
75300,642,707
238217,643,706
49803,644,709
41739,645,706
114032,647,704
262446,648,706
334962,649,708
172675,941,999
72849,1321,1382
128770,1324,1409
37002,1325,1388
377064,1333,1411
55419,1338,1407
74657,1338,1412
128385,1342,1412
87215,1348,1409
6655,1353,1407
318727,1353,1411
112497,1354,1429
35742,1413,1474
123865,1415,1482
387669,1416,1485
404257,1426,1489
376748,1427,1483
52661,1775,1827
398114,1775,1829
6746,1775,1833
25170,1775,1841
89337,1840,1956
246796,1922,1992
262600,1926,1992
86557,2041,2106
364600,2055,2122
116551,2058,2153
357156,2066,2134
18356,2075,2132
28276,2080,2140
143321,2083,2142
178052,2083,2146
5462,2085,2137
19940,2085,2140
30306,2087,2140
260049,2090,2140
199639,2096,2141
289477,2096,2174
299957,2098,2162
203138,2106,2162
144074,2109,2171
228759,2111,2165
118153,2113,2189
114100,2116,2169
234694,2116,2181
138928,2116,2187
208502,2117,2178
118154,2118,2166
351246,2345,2449
131595,2346,2399
101804,2347,2451
97305,2348,2434
89338,2351,2446
115221,2354,2427
110975,2355,2419
258641,2359,2437
187223,2363,2433
76884,2364,2445
395179,2368,2440
282764,2380,2441
319627,2383,2438
261297,2384,2445
195538,2394,2448
170308,2400,2493
84756,2401,2490
74656,2404,2493
63064,2413,2489
182524,2458,2522
149394,2477,2541
246079,2478,2543
124610,2481,2544
333950,2485,2540
246472,2863,2921
333638,2863,2924
226718,2864,2918
382496,3008,3058
158005,3008,3068
123009,3008,3082
286178,3008,3085
139390,3009,3072
28278,3009,3079
373884,3010,3077
112496,3010,3083
371621,3010,3111
143642,3055,3123
376589,3073,3117
125048,3158,3234
49465,3166,3221
222070,3185,3234
168498,3244,3321
364601,3247,3309
71690,3253,3320
44316,3257,3321
157937,3273,3324
344405,3836,3900
112496,3843,3904
74101,4067,4117
257415,4073,4135
64294,4078,4129
299651,4087,4134
69753,4200,4274
218858,4200,4284
109526,4201,4276
175814,4201,4287
21522,4201,4292
8182,4202,4297
221710,4203,4300
162405,4205,4292
373885,4208,4292
402659,4211,4292
97908,4216,4298
74608,4219,4295
401971,4222,4301
327421,4574,4635
50202,4577,4626
289608,4637,4746
212117,4670,4747
286430,4671,4727
74354,4674,4745
230774,4679,4743
229374,4680,4737
229373,4682,4741
57631,4682,4746
43232,4686,4745
303069,4692,4747
84526,4827,4874
14339,5215,5281
319056,5215,5312
319055,5225,5339
92031,5260,5329
97022,5264,5332
125888,5529,5585
294870,5723,5814
319054,5726,5848
55418,5728,5796
10442,5731,5801
98685,5735,5812
95336,5736,5797
331631,5738,5841
10820,5754,5865
212545,5766,5846
243741,5771,5887
83727,5779,5859
8676,5787,5843
28346,5796,5859
93683,5798,5864
3841,5801,5875
93252,5805,5871
43597,5807,5876
87700,5813,5881
76429,5819,5874
99147,5823,5875
53586,5825,5893
12431,5972,6024
362362,5981,6039
74269,5987,6043
238153,6080,6135
25413,6137,6199
401970,6140,6200
110353,6140,6212
289610,6141,6230
25412,6144,6222
289609,6152,6230
214664,6171,6225
266936,6174,6232
68474,6199,6255
10821,6206,6257
6792,6213,6290
138632,6584,6628
81490,6712,6805
359773,6733,6797
210205,6735,6804
395770,6736,6833
1190,6737,6805
296799,6745,6805
395769,6746,6852
7517,6754,6810
9507,6793,6843
367504,6798,6851
267059,6969,7043
66300,6972,7038
305234,6985,7062
377048,7740,7819
155139,7754,7806
296864,7857,7968
2101,8143,8218
283186,8191,8247
238152,8251,8308
51422,8256,8324
390326,8272,8316
889,8293,8374
341942,8313,8382
204079,8330,8402
111940,8334,8397
28277,8335,8407
168724,8336,8402
382546,8337,8399
57536,8339,8417
378954,8340,8403
5462,8341,8405
215204,8341,8414
402571,8343,8406
66894,8345,8408
227955,8358,8412
42894,8361,8422
408198,8584,8654
279642,8705,8777
194328,8705,8790
322366,8709,8768
128771,8709,8777
223132,8711,8789
12117,9184,9258
391246,9191,9274
173243,9192,9257
391245,9193,9254
401743,9697,9753
228321,9701,9754
118152,9712,9753
299956,9712,9764
349968,9965,10030
51423,9972,10046
55419,9981,10046
67829,9987,10042
293341,10006,10048
203139,10109,10174
312019,10361,10427
171662,10369,10425
80966,10510,10580
15330,10511,10585
351245,10513,10582
58664,10514,10559
404146,10515,10578
58554,10516,10597
194374,10518,10588
131704,10519,10604
388377,10520,10582
283185,10520,10600
371486,10539,10609
136561,10545,10603
74100,10545,10609
363468,10546,10597
143299,10546,10606
140065,10546,10624
76643,10547,10603
336003,10548,10605
10338,10550,10605
124754,10552,10602
403863,10557,10605
220398,10559,10612
20923,10641,10701
321668,10642,10686
48914,10892,10965
339740,10991,11047
208292,11127,11192
260050,11166,11257
81447,11167,11233
264577,11169,11234
260048,11169,11253
278629,11169,11269
50093,11175,11257
2100,11178,11233
353437,11202,11276
43231,11274,11348
309309,11277,11371
309308,11278,11351
54243,11290,11354
324071,11293,11351
340849,11294,11350
86435,11294,11371
253074,11294,11375
324070,11303,11350
97303,11304,11359
357173,11305,11368
122617,11306,11366
400718,11307,11375
180392,11309,11365
6793,11313,11385
318729,11314,11368
392879,11375,11437
407801,11686,11742
99351,11690,11745
115413,11695,11744
221213,11844,11931
228758,11845,11938
113141,11847,11944
87144,11851,11903
232754,11853,11903
140669,11862,11947
227235,11865,11949
22023,11870,11931
91170,11871,11935
789,11871,11962
321667,11877,11939
120867,11877,11972
205085,11882,11946
264576,11884,11965
194463,11888,11970
39057,11892,11953
342148,11899,11967
5665,12019,12069
170885,12251,12298
13482,12251,12302
242,12251,12306
372606,12251,12309
242,12251,12327
20128,12251,12382
98288,12252,12308
128029,12252,12322
2680,12254,12317
130849,12254,12360
256797,12256,12322
142331,12259,12359
381464,12274,12389
256796,12279,12349
228612,12288,12362
370309,12291,12386
121630,12292,12368
194645,12292,12400
74353,12296,12401
221711,12310,12364
385214,12310,12371
223133,12310,12381
323289,12310,12401
1727,12311,12358
405125,12311,12366
128101,12311,12389
372607,12311,12397
371485,12312,12423
45660,12319,12374
49802,12319,12384
310169,12319,12392
55417,12320,12385
18147,12326,12400
48625,12331,12386
324069,12331,12395
113338,12343,12395
371484,12349,12436
282508,12379,12468
292579,12390,12453
176092,12399,12493
340725,12399,12500
321213,12404,12475
335008,12417,12487
21521,12421,12486
4620,12428,12484
222687,12432,12481
81035,12433,12510
15882,12443,12487
307823,12673,12726
8677,12677,12742
299041,12960,13015
