253086,35,98
342634,35,104
54537,35,121
191932,35,138
54536,35,172
54535,35,190
72054,36,101
160279,39,101
157069,40,103
234417,40,107
298188,44,106
334315,44,134
191931,45,191
54539,48,110
21081,49,120
8465,49,173
352653,50,126
323370,52,117
264967,52,155
329655,53,130
62761,54,116
39006,55,127
54538,56,119
39005,56,143
236159,58,171
70113,58,184
31897,59,140
2387,60,166
137247,60,203
10697,61,126
270243,62,150
266850,63,136
342633,64,168
4961,64,204
305880,67,133
43360,67,174
46918,68,140
253085,68,184
49960,71,146
270244,71,160
387585,72,136
320206,72,139
317012,73,219
16976,77,142
302709,89,232
107209,104,264
127089,105,272
90386,106,231
97745,106,255
143088,108,220
188078,109,227
359113,109,258
379832,111,229
214555,113,274
185010,115,266
76664,118,275
42282,119,227
154267,119,270
29408,122,237
393315,123,248
133163,124,224
237052,128,226
47366,128,248
273031,130,240
97177,132,196
284937,132,242
237051,132,251
377512,133,209
220691,134,263
156381,138,212
133757,138,223
230663,138,226
64637,141,229
62344,141,286
408549,142,254
283686,145,273
185309,149,224
122931,149,262
137873,150,220
4960,151,275
142911,153,222
137798,154,252
25534,155,262
83955,155,270
246659,157,233
317454,158,219
387586,158,242
33927,158,257
250637,158,264
292412,159,285
66383,160,223
259217,160,230
1007,161,265
220690,162,257
70115,164,273
149722,168,287
16176,170,293
166198,171,270
350526,174,291
253639,176,246
210126,177,287
22369,177,300
188875,187,264
206185,187,297
106504,188,252
150313,190,254
138566,191,276
158183,192,319
238043,193,289
136291,194,279
100103,195,301
342726,205,303
18231,213,362
216929,214,334
210186,221,337
4719,223,347
155421,224,324
363529,225,355
184535,226,330
91661,227,349
293612,228,352
292204,229,355
185546,237,330
102723,237,334
62343,237,363
54534,239,357
273032,240,360
96178,240,364
158185,243,372
155422,248,332
9710,249,334
277628,252,331
9308,255,350
370532,256,370
314457,258,331
395701,259,340
8802,259,352
406510,260,334
350914,260,354
183679,261,349
60958,261,362
124113,261,378
13852,262,330
250636,262,370
262042,265,329
251202,265,371
47576,265,377
301352,272,362
158184,273,378
9614,277,338
45421,285,362
336415,288,384
387583,289,362
173550,307,369
238190,307,378
147456,310,382
251203,311,376
168701,331,383
345728,334,386
60959,355,445
124112,356,452
387584,359,439
107210,363,441
408626,369,434
251204,374,439
22577,375,434
30335,375,440
384345,376,448
350913,382,448
6203,393,436
158181,402,516
339636,437,544
74440,443,517
29013,444,529
170719,445,544
255597,446,510
33584,446,512
56980,447,511
158182,447,517
251728,447,552
406064,451,559
96976,452,511
109514,456,517
47815,464,577
20100,469,540
1190,470,549
351248,470,589
253053,470,593
316753,472,572
322678,472,578
21504,474,553
1190,475,563
121403,476,561
49493,476,592
209464,479,637
336456,480,533
206266,480,621
254733,483,602
296328,483,608
120697,484,611
71891,485,571
8787,485,596
41076,486,574
244249,486,621
181174,492,621
215698,495,565
8174,495,577
225779,495,626
65305,504,635
39004,507,618
94201,507,637
175438,511,626
66410,513,575
151491,513,651
149721,514,637
32275,517,617
11090,518,566
175163,521,580
6804,521,638
27194,522,665
21550,523,635
296329,530,667
44543,534,634
157067,538,663
134366,543,644
186880,545,638
4959,559,690
46418,567,645
109414,569,704
348236,582,643
273033,583,696
108819,584,635
252897,587,645
100104,590,683
377002,591,668
39976,595,642
84481,595,674
66080,595,692
84495,600,665
283562,601,680
11106,609,699
323377,614,678
254799,615,679
173121,619,703
45262,625,705
49959,626,675
333581,715,788
261302,716,784
55118,718,785
253084,789,886
107211,792,919
145377,827,915
62881,836,925
145376,840,918
225780,841,927
251201,844,921
361199,849,925
350822,849,964
330245,856,928
261303,856,938
250728,858,929
37226,860,918
136292,861,920
137874,861,927
123010,864,928
298746,868,921
25536,870,928
403409,870,932
49305,885,953
364618,958,1019
380762,968,1030
363018,970,1019
280525,1113,1231
243408,1114,1210
243409,1120,1227
385817,1161,1223
102717,1183,1284
81769,1225,1285
407790,1227,1282
47225,1237,1284
22764,1242,1286
27571,1375,1462
175755,1392,1456
270980,1392,1477
298012,1395,1470
33378,1398,1471
166978,1413,1483
230662,1420,1471
168012,1632,1693
62345,1633,1690
70866,1634,1694
191933,1642,1707
317455,1642,1716
144139,1649,1710
385841,1653,1715
297390,1733,1780
115369,1735,1785
115370,1737,1794
384026,1743,1789
20930,1763,1823
317282,1778,1844
282133,1826,1897
185013,1830,1889
289750,1850,1924
137323,1855,1906
321530,1856,1922
167425,1859,1909
26075,1864,1914
295560,1866,1912
167259,1890,1957
22219,1892,1964
117077,1898,1985
251205,1898,2003
189268,1900,1962
147840,1918,1987
100105,1938,1999
390435,1938,2001
252471,1942,2000
169623,1953,2000
160950,1962,2015
348391,2065,2159
277627,2074,2138
261301,2080,2152
10373,2081,2169
333951,2082,2144
10839,2082,2158
35894,2088,2159
390039,2093,2151
270245,2095,2162
270981,2101,2164
251207,2250,2355
117078,2258,2335
329543,2259,2320
277736,2259,2339
255989,2259,2358
157025,2264,2311
347401,2265,2330
243789,2268,2334
136187,2268,2338
282212,2270,2336
372992,2277,2340
19896,2281,2358
224597,2282,2379
342399,2284,2346
88590,2285,2360
81326,2288,2385
9709,2291,2354
93997,2292,2353
157066,2299,2376
206985,2308,2388
199496,2310,2391
320100,2310,2397
278217,2311,2355
36404,2313,2369
265049,2313,2392
122317,2316,2399
385807,2317,2367
154268,2317,2387
138439,2318,2380
203479,2318,2406
253545,2319,2386
87000,2319,2402
107208,2321,2370
45162,2321,2399
235936,2323,2387
285092,2324,2404
407053,2325,2406
116383,2326,2387
299891,2326,2390
342725,2327,2388
25072,2333,2398
359262,2336,2397
47816,2337,2400
58470,2340,2402
370228,2343,2414
234416,2344,2397
187008,2344,2403
15985,2344,2421
9845,2347,2393
217856,2347,2411
118025,2350,2403
152880,2574,2637
199593,2630,2697
293666,2664,2728
192992,2683,2750
9711,2688,2751
389992,2693,2755
82291,2697,2751
251206,2974,3038
403408,3006,3066
224229,3160,3221
100053,3226,3293
266604,3246,3309
10481,3247,3302
407187,3258,3304
91614,3260,3326
96623,3260,3330
18552,3426,3473
406668,3430,3498
120903,3431,3505
102724,3433,3504
98353,3436,3489
200114,3442,3504
139464,3444,3511
117591,3446,3502
71465,3466,3516
75975,3620,3692
6204,3620,3700
303723,3621,3684
141395,3621,3694
147838,3623,3703
279433,3623,3727
405059,3624,3691
406296,3624,3697
401587,3625,3693
122342,3635,3723
62342,3636,3700
130560,3637,3720
194317,3638,3709
137478,3638,3734
256999,3641,3727
380312,3643,3717
20352,3646,3708
89108,3646,3711
44510,3660,3723
374921,3665,3744
81325,3665,3756
359112,3669,3734
258891,3671,3739
220689,3676,3750
107022,3678,3753
110889,3681,3742
49508,3686,3748
136708,3687,3740
340257,3696,3749
14594,3706,3760
89109,3763,3840
334751,3788,3860
366380,3823,3884
164579,3883,3949
82576,3945,4020
331935,3947,4009
70283,3947,4039
93069,3949,4043
5042,3950,4015
66381,3953,4017
257000,3954,4043
295002,3955,4063
114552,3956,4052
370658,3957,4021
128725,3966,4025
248017,3966,4061
157068,3969,4054
10605,3972,4038
251208,3974,4055
336986,3975,4066
232404,3977,4042
351864,3984,4060
246476,3991,4061
345042,3998,4055
387826,4003,4061
66382,4050,4113
184565,4061,4164
307768,4070,4145
312449,4079,4166
151004,4082,4141
147839,4082,4146
402501,4082,4149
147837,4082,4162
34602,4082,4177
257397,4083,4130
364783,4096,4157
149397,4096,4179
195883,4097,4160
3420,4103,4163
269163,4103,4175
79043,4108,4174
169027,4110,4161
132678,4111,4174
72619,4111,4178
10453,4112,4162
255519,4123,4205
289751,4124,4181
131118,4129,4180
339326,4130,4204
93704,4138,4199
309045,4224,4282
309818,4433,4500
136662,4437,4511
367664,4438,4499
220194,4440,4504
76127,4441,4505
403838,4445,4506
21980,4447,4513
197333,4450,4500
65975,4452,4513
206951,4456,4510
186156,4457,4524
118226,4459,4538
13961,4461,4545
403180,4465,4540
335704,4476,4546
5910,4604,4672
329537,4686,4748
328067,4687,4757
112972,4704,4771
87844,4707,4759
303722,4715,4779
242967,4726,4768
31854,4730,4785
165948,4733,4783
394309,4755,4832
185442,4762,4830
66448,4787,4842
25535,4855,4908
54532,4880,4988
305346,4895,4948
88589,4909,4970
54533,4944,5084
185009,4956,5048
66077,4990,5064
66078,5006,5110
53965,5112,5159
332820,5190,5241
374863,5190,5257
102035,5190,5288
210185,5191,5246
137849,5191,5254
328066,5192,5267
349573,5193,5256
162284,5193,5278
310688,5194,5257
185012,5200,5317
66079,5216,5336
266849,5245,5314
232405,5245,5336
394310,5251,5318
107419,5252,5336
330244,5258,5319
244250,5266,5328
407789,5270,5331
155234,5270,5339
70114,5272,5331
313077,5272,5338
70049,5272,5344
282131,5273,5356
383615,5279,5334
124114,5298,5363
185011,5509,5619
133162,5515,5618
184726,5517,5578
336279,5518,5580
4927,5518,5585
282132,5518,5594
234462,5521,5592
255974,5523,5593
202882,5524,5587
277750,5527,5614
266224,5529,5592
101965,5529,5619
37888,5531,5623
166199,5533,5594
341139,5533,5628
252734,5535,5629
203480,5541,5613
155528,5542,5629
339635,5551,5645
68270,5553,5631
214976,5557,5617
277751,5557,5627
68271,5557,5641
117991,5558,5630
261300,5560,5621
42793,5560,5624
63152,5565,5634
67478,5565,5642
203314,5575,5640
325643,5610,5679
47559,5670,5722
156617,5676,5748
113148,5699,5775
397465,5705,5764
194855,5735,5784
296725,5736,5794
15776,5741,5793
64011,5749,5814
360221,5782,5862
8317,5946,6034
20086,5946,6042
296727,5947,5988
82575,5947,6004
23778,5947,6019
20581,5947,6024
40097,5947,6030
108636,5956,6030
166977,5958,6042
4263,5960,6037
178621,5961,6053
149396,6047,6136
75457,6058,6162
372929,6059,6117
225524,6060,6140
154146,6062,6163
301902,6068,6136
194649,6070,6158
69830,6074,6136
265244,6093,6173
301518,6098,6172
316604,6160,6221
168918,6160,6233
41256,6165,6234
194155,6168,6234
4263,6173,6234
266223,6260,6324
318691,6292,6369
367487,6303,6371
144005,6414,6473
60487,6745,6788
275917,6759,6812
88588,6858,6935
66076,6928,6985
180161,6946,7025
80920,6969,7029
250910,6990,7065
94622,7085,7162
137872,7086,7160
103138,7090,7163
25537,7091,7171
13756,7092,7162
323371,7093,7176
321453,7094,7156
263949,7100,7176
49958,7106,7165
173120,7111,7172
88590,7111,7176
35531,7113,7174
20103,7118,7175
382868,7121,7196
350894,7131,7206
30927,7134,7213
329051,7139,7214
371992,7208,7267
58368,7209,7266
81595,7213,7267
406106,7307,7365
336414,7311,7394
88588,7346,7432
95168,7533,7608
174490,7537,7607
94588,7540,7601
321485,7548,7615
238239,7549,7619
147306,7553,7612
133155,7555,7613
359944,7558,7628
272243,7560,7611
399251,7561,7606
337518,7561,7628
172827,7564,7628
66798,7565,7609
281630,7571,7623
310689,7571,7640
219389,7573,7625
327222,7574,7639
303617,7575,7641
81767,7653,7704
245910,7653,7732
67503,7655,7704
140399,7655,7747
197253,7791,7884
157312,7805,7903
6844,7808,7884
157313,7809,7903
314995,7811,7898
10951,7827,7884
145375,7828,7898
100052,7828,7904
1994,7829,7894
85397,7831,7904
346137,7844,7899
385086,7852,7903
218077,7984,8038
256067,7984,8043
144138,7985,8049
112971,8011,8077
347400,8028,8097
88589,8043,8096
370388,8442,8516
42792,8458,8514
296724,8469,8552
123749,8474,8534
206108,8480,8546
81768,8488,8548
215490,8490,8548
173549,8492,8555
372894,8496,8550
254047,8499,8557
134783,8500,8548
133955,8642,8720
202803,8657,8755
264061,8662,8771
245585,8667,8716
16815,8680,8769
42482,8725,8782
256596,8917,8982
408337,8928,8997
284603,8938,9026
20639,8940,8994
73959,8940,9023
287348,8941,8998
155420,8941,9013
208768,8941,9021
389044,8948,9022
273879,8954,9038
21558,8956,9024
47167,8963,9024
80194,8966,9055
150138,8971,9027
154881,8971,9041
99762,8972,9022
296726,8973,9025
29178,8973,9031
316886,8973,9034
191549,8973,9051
242972,8974,9024
260361,8975,9040
142829,8975,9050
258751,8977,9025
102984,8979,9054
108792,8986,9055
31853,8993,9052
270246,8997,9055
93726,9080,9154
33236,9089,9154
89793,9095,9153
380778,9267,9322
351836,9306,9387
29838,9316,9383
253640,9328,9385
74473,9329,9376
43974,9336,9381
336413,9498,9599
128107,9508,9566
166107,9517,9603
240464,9526,9587
224596,9526,9600
27195,9526,9609
250065,9543,9609
