232435,92,258
3556,99,204
291865,101,221
23933,103,210
43570,110,231
306861,111,218
252691,112,213
164157,118,172
376122,119,206
223965,119,229
62538,120,234
244807,121,242
232052,122,193
72822,129,205
183786,129,221
302045,129,224
3142,132,250
88303,133,210
108077,133,222
335290,135,220
338835,135,240
119,147,249
116274,149,193
73482,149,222
344414,151,231
184996,152,222
390008,153,202
301857,153,218
42776,163,261
371105,167,274
387349,169,249
134550,170,303
339798,183,325
6850,189,308
167936,204,288
140530,206,304
242036,220,338
45195,232,334
113465,232,357
272501,237,360
211271,239,339
112009,240,344
378213,248,345
55045,248,356
52362,250,362
339799,250,382
29183,251,343
247206,254,391
45196,255,356
145056,257,366
272499,261,320
3933,261,338
119431,261,360
3583,261,364
247207,261,391
281309,265,373
98926,266,339
23932,266,384
402590,268,354
272500,271,319
228369,271,338
250392,271,355
260325,271,363
191540,271,391
98925,275,386
160624,277,391
329156,278,351
320671,280,374
42051,283,344
102337,287,338
185483,287,344
11483,288,336
34969,288,351
144227,289,344
329649,290,345
402036,292,349
279491,292,354
274199,293,359
78617,294,345
22552,295,352
99459,301,391
199045,302,387
206725,309,361
382203,310,356
183785,316,385
60882,327,391
313953,480,536
370925,482,531
302044,482,602
285287,482,631
599,483,534
389856,488,549
394274,490,573
68696,490,612
62114,492,576
311209,493,590
101681,495,558
395069,495,564
289099,495,573
394085,497,558
21299,497,570
144067,498,580
206348,500,592
143790,501,543
77564,502,566
168570,502,573
354720,502,582
113466,504,595
333772,506,589
143942,507,577
32809,510,571
30306,510,577
272502,516,590
178273,517,580
363909,519,582
138946,521,591
320313,523,580
183787,524,591
180159,525,596
381249,535,599
116275,541,602
120156,564,659
199581,577,649
407145,581,644
288148,585,650
26804,587,649
388609,589,654
406201,609,658
73715,611,660
72431,794,860
317015,794,867
311746,795,859
154341,795,863
265365,799,859
102563,801,860
117698,805,859
381748,843,904
49661,1000,1080
213516,1026,1104
338187,1034,1098
286486,1035,1096
214101,1035,1105
158230,1035,1111
72433,1035,1121
7712,1038,1111
158937,1039,1116
73481,1041,1107
72431,1041,1111
118022,1044,1105
361656,1044,1107
87844,1044,1109
93674,1044,1113
332575,1046,1110
102563,1051,1106
346391,1054,1108
360220,1054,1111
260360,1061,1109
189411,1158,1210
354650,1158,1223
250903,1290,1359
97452,1579,1642
341694,1717,1785
322361,1760,1826
183752,1952,2009
215367,1952,2024
17963,2135,2210
82982,2138,2208
277764,2276,2348
61890,2276,2355
319681,2291,2366
377506,2316,2366
44958,2323,2392
166885,2331,2392
134132,2467,2552
197796,2468,2514
45495,2469,2529
45496,2470,2542
26611,2470,2545
98924,2470,2581
145476,2475,2538
208773,2478,2583
221906,2479,2607
13767,2488,2575
66705,2489,2581
161986,2489,2599
33708,2494,2614
315982,2495,2602
128387,2496,2582
6158,2498,2603
69468,2499,2587
181325,2499,2615
112634,2501,2548
356391,2504,2619
299301,2507,2628
321480,2508,2623
216018,2509,2600
404028,2512,2600
74768,2512,2604
113114,2512,2610
60515,2513,2632
53078,2516,2599
77289,2516,2614
249184,2520,2628
23294,2528,2580
245490,2550,2619
26703,2580,2640
7966,2581,2661
374963,2639,2694
285288,2692,2756
242198,2697,2758
224604,2698,2770
242422,2701,2766
259109,2703,2766
298030,2703,2773
149003,2703,2777
337823,2705,2772
14240,2706,2781
229999,2706,2806
242421,2708,2769
219738,2708,2777
134915,2709,2754
251502,2709,2773
259108,2712,2773
12363,2712,2776
134131,2713,2778
14239,2713,2797
92335,2714,2779
116276,2717,2760
129768,2718,2797
293913,2719,2766
76149,2719,2814
51560,2720,2778
282130,2720,2780
14238,2720,2807
50897,2722,2773
134133,2724,2799
89645,2725,2766
208362,2726,2797
56604,2727,2799
122758,2727,2814
168355,2728,2794
188423,2728,2802
259426,2729,2791
98894,2729,2793
142660,2729,2820
209099,2731,2797
45197,2731,2812
86612,2732,2793
338670,2733,2788
232140,2733,2800
360928,2738,2806
253250,2754,2816
292411,2759,2814
282856,2759,2819
208363,2759,2828
267908,2760,2820
329625,2761,2834
1338,2763,2829
67672,2765,2827
3017,2765,2830
30389,2774,2819
168232,2847,2909
183541,2879,2954
393119,2968,3038
24056,2969,3048
313952,2972,3055
379963,2976,3066
181324,3011,3094
71075,3117,3205
71076,3126,3226
342563,3129,3195
70156,3131,3192
71073,3135,3226
342564,3136,3201
172680,3139,3195
4123,3141,3189
5641,3141,3210
113111,3142,3195
100339,3142,3205
403343,3151,3220
145472,3156,3242
351671,3158,3232
404027,3160,3222
237853,3160,3229
157879,3162,3223
53062,3162,3225
212134,3162,3243
242109,3163,3221
391560,3163,3236
378212,3360,3476
253771,3363,3466
49662,3383,3488
332311,3389,3482
72430,3425,3539
339595,3566,3628
306894,3566,3644
231747,3570,3630
367101,3570,3633
162985,3573,3671
167665,3605,3679
72430,3612,3740
112890,3619,3673
149749,3621,3733
271164,3635,3719
285369,3638,3732
16467,3638,3735
116277,3643,3728
211272,3658,3731
191404,3664,3734
261916,3681,3730
120152,3681,3736
28022,3684,3733
105349,3686,3749
251200,3689,3751
329626,3690,3745
407362,3695,3756
346420,3715,3777
91613,3725,3781
228062,3745,3808
382792,3862,3912
286622,3862,3924
917,3900,3952
219737,4039,4105
30390,4069,4153
381913,4091,4145
379962,4108,4185
243820,4336,4400
307712,4340,4410
113464,4340,4413
249508,4805,4861
335476,4932,5030
14628,4932,5048
83333,4933,5010
36330,4934,4980
228671,4934,5046
376456,4946,5062
94221,4949,5051
1155,4951,5045
402161,4955,5033
18492,4962,5047
335475,4963,5043
209427,4963,5073
209428,4969,5073
34905,4971,5045
228672,4972,5058
402162,4983,5053
94220,4988,5076
128801,4992,5054
209548,4992,5071
184793,4999,5062
372471,5002,5069
119046,5005,5047
249400,5005,5086
268953,5008,5075
319682,5011,5075
238267,5014,5086
254665,5020,5070
91980,5020,5072
182770,5020,5083
246906,5020,5089
71529,5021,5086
386470,5023,5100
397156,5027,5093
407136,5063,5167
397452,5074,5166
59894,5079,5167
13679,5090,5167
1601,5103,5166
285646,5216,5276
97453,5217,5275
160472,5220,5304
305414,5221,5274
114893,5224,5279
228670,5260,5333
407941,5262,5341
143570,5265,5331
357762,5270,5316
205475,5271,5334
68530,5292,5358
32897,5297,5355
45198,5300,5363
58386,5301,5360
117189,5303,5356
148739,5303,5359
272252,5304,5382
15139,5305,5356
363911,5308,5359
36837,5309,5355
330475,5313,5381
383001,5443,5500
144578,5630,5697
274200,5631,5713
210640,5632,5701
113327,5633,5715
202477,5633,5722
237197,5633,5737
100654,5634,5686
16862,5634,5720
5681,5634,5724
259425,5634,5733
143571,5641,5737
343607,5644,5704
355236,5650,5743
182781,5653,5716
44136,5655,5736
235741,5658,5730
64167,5660,5722
224539,5665,5730
371274,5670,5745
383917,5686,5776
145471,5687,5743
5747,5691,5741
183751,5702,5744
384919,6065,6166
384920,6078,6165
113113,6088,6158
308958,6088,6167
407940,6098,6161
15695,6098,6166
113231,6105,6150
227043,6105,6164
27355,6106,6162
36836,6106,6165
164400,6109,6159
113119,6113,6168
245489,6114,6163
324301,6315,6419
178271,6331,6405
188422,6333,6397
286735,6338,6395
213301,6338,6401
335507,6339,6413
178270,6341,6423
87843,6346,6398
398214,6464,6509
156427,6489,6594
158764,6500,6561
217326,6544,6611
236524,6546,6608
48191,6550,6611
65561,6554,6627
289723,6555,6609
275765,6749,6812
166201,6751,6811
333788,7084,7157
392213,7100,7156
351672,7133,7216
257153,7409,7470
60514,7564,7626
228669,7565,7654
208989,7567,7646
378097,7570,7634
97451,7572,7661
396264,7575,7645
94219,7595,7663
140474,7618,7693
23220,7622,7695
250613,7630,7714
260172,7637,7704
330474,7647,7710
46217,7662,7720
351757,7785,7856
11179,7785,7865
65145,7786,7880
128800,7787,7851
182734,7787,7859
205965,7787,7862
180161,7788,7854
320670,7791,7877
369722,7797,7866
107173,7798,7853
231371,7798,7863
20697,7799,7859
317507,7799,7881
241509,7800,7855
57755,7800,7864
342332,7800,7866
227667,7800,7878
342333,7803,7878
80123,7805,7877
113118,7806,7859
37292,7806,7865
86398,7807,7866
299300,7807,7876
54394,7809,7871
54395,7809,7877
359031,7810,7859
171007,7814,7879
345118,7858,7906
229998,7863,7950
158114,7885,7949
353377,7886,7948
140531,7900,7950
115796,8068,8125
42231,8070,8130
303611,8185,8252
170213,8188,8256
160983,8192,8261
98893,8208,8272
204446,8218,8270
54027,8335,8396
186265,8344,8396
66541,8505,8556
324302,8511,8610
267907,8513,8628
239211,8519,8594
238406,8521,8582
381761,8526,8611
225946,8528,8620
64356,8533,8612
313951,8544,8622
164941,8546,8630
148381,8547,8622
148096,8548,8620
213515,8552,8620
304786,8562,8629
329522,8565,8621
168231,8568,8621
209366,8573,8621
123135,8573,8624
323867,8573,8644
190826,8575,8637
305919,8575,8643
314045,8577,8647
72684,8585,8640
61099,8586,8653
396905,8593,8652
228370,8595,8667
214541,8596,8671
331568,8610,8673
113112,8678,8756
4337,8683,8758
209102,8683,8772
376455,8688,8775
290943,8691,8773
378085,8771,8823
97262,8775,8819
116249,8775,8829
129188,8775,8832
233335,8792,8858
271163,8800,8867
171773,8801,8891
72432,8804,8892
351670,8810,8872
60050,8823,8906
214462,8827,8903
193133,8833,8895
160386,8838,8906
217068,8855,8904
3016,8886,8961
315058,8912,8980
45338,9116,9169
72432,9273,9353
184116,9274,9349
228346,9283,9353
171639,9295,9360
228837,9309,9361
14241,9310,9363
106938,9313,9362
106939,9324,9367
106940,9330,9386
114867,9330,9398
149127,9334,9398
172845,9335,9399
295462,9350,9398
20493,9521,9619
27003,9555,9615
209547,9557,9618
249183,9562,9629
299298,9565,9614
211883,9572,9638
335324,9582,9629
154273,9590,9633
121432,9603,9669
165909,9672,9724
272240,9745,9813
207806,9768,9845
72433,9795,9866
167664,10129,10194
257910,10495,10540
94482,10495,10569
37089,10495,10578
344489,10497,10554
181323,10497,10565
121430,10498,10561
113110,10498,10578
363910,10504,10589
133285,10505,10576
406367,10508,10589
123134,10509,10570
353233,10509,10579
39360,10511,10565
340113,10511,10575
251833,10513,10597
309851,10515,10577
371368,10516,10579
223695,10519,10564
227666,10519,10583
97242,10528,10590
311747,10555,10620
304990,10616,10674
4124,10643,10693
162421,10708,10768
313570,10708,10794
54026,10709,10761
91599,10709,10781
49250,10736,10822
7062,10736,10826
14236,10749,10811
337303,10886,10948
143762,10887,10946
178272,10887,10949
94103,10888,10955
39737,10889,10949
98927,10892,10977
173397,10896,10942
66074,10911,10969
158221,10911,10992
61186,10972,11034
141106,10973,11056
286623,10977,11042
100448,11006,11055
383000,11067,11138
69538,11068,11144
327571,11074,11142
172679,11176,11240
136374,11186,11239
283409,11321,11383
328220,11390,11453
210928,11393,11456
378087,11394,11450
121429,11394,11455
332429,11395,11451
37906,11525,11587
249182,11528,11599
305921,11547,11610
205792,11555,11627
205793,11558,11627
112889,11562,11625
334897,11565,11628
226711,11566,11626
364024,11566,11629
356390,11567,11625
218122,11568,11642
305918,11570,11615
149005,11571,11625
351758,11579,11650
226712,11585,11653
60513,11613,11685
378086,11615,11664
227773,11627,11682
171361,11705,11799
402048,11787,11856
205476,11938,12000
68583,11941,11984
303003,11941,12006
105728,11963,12043
274201,12072,12126
224540,12074,12125
79458,12074,12127
305922,12077,12128
61187,12087,12170
207807,12123,12184
248086,12136,12193
149004,12191,12248
13321,12346,12395
296432,12464,12548
348027,12464,12557
327164,12464,12569
152951,12464,12580
86079,12465,12526
46860,12465,12577
150673,12465,12591
348028,12465,12607
71370,12470,12534
66704,12475,12584
327165,12482,12586
407267,12485,12559
4094,12486,12637
152952,12490,12580
407266,12498,12589
252856,12503,12615
342562,12507,12609
141107,12508,12592
145473,12508,12627
404026,12510,12617
172865,12513,12648
96832,12518,12601
395372,12518,12623
314934,12521,12629
152953,12522,12602
145474,12524,12641
314572,12528,12648
229243,12532,12596
285647,12533,12636
5281,12535,12631
172866,12537,12648
152954,12548,12648
91238,12555,12639
314933,12560,12646
60311,12585,12645
168214,12588,12647
135276,12596,12648
60512,12767,12839
305920,12767,12851
219739,12767,12860
62113,12768,12823
30391,12774,12859
148708,12785,12860
38859,12791,12849
311208,12793,12850
382079,12794,12853
273441,12963,13060
178224,12980,13064
82524,12991,13054
45194,13010,13069
172379,13018,13080
335474,13052,13114
102338,13088,13161
169534,13106,13189
5198,13119,13190
353797,13135,13190
45193,13139,13208
129863,13140,13195
227800,13145,13203
373372,13147,13189
169262,13148,13191
121431,13149,13193
55046,13149,13205
299299,13150,13191
57936,13151,13206
366925,13151,13208
291863,13154,13206
81801,13156,13203
273512,13156,13206
407135,13161,13204
223104,13162,13203
291864,13162,13212
356089,13220,13314
85930,13237,13347
85929,13245,13350
120421,13246,13343
60412,13251,13351
14033,13253,13349
104076,13254,13331
30063,13266,13345
33236,13267,13337
396262,13269,13343
340452,13269,13347
8707,13273,13339
120422,13273,13344
181274,13277,13343
16961,13278,13347
145475,13279,13341
396263,13283,13346
14775,13283,13350
249731,13284,13348
331269,13288,13346
170388,13288,13349
378544,13292,13351
13343,13300,13351
172844,13431,13484
82571,13516,13577
305447,13544,13595
285370,13677,13736
53642,13683,13737
171527,13685,13736
124315,13811,13909
164401,13811,13915
351669,13813,13926
376454,13813,13974
31241,13814,13877
254724,13814,13892
351668,13814,13900
397155,13817,13880
29366,13817,13917
27658,13819,13897
394619,13820,13892
254344,13821,13880
183615,13822,13941
314571,13822,13961
13066,13829,13965
212141,13857,13960
183616,13862,13974
124316,13885,13973
397453,13890,13978
209546,13893,13979
27659,13895,13977
89644,13897,13974
71074,13899,13978
93225,13904,13979
13065,13910,13978
397451,13911,13973
30698,13919,13978
406202,13928,13978
285286,14070,14142
14237,14070,14144
15368,14070,14148
