169442,26,95
126414,26,137
54536,26,159
54535,26,169
268880,27,174
396072,28,88
361832,28,91
54537,30,115
74112,31,153
186554,33,100
203562,36,99
67925,37,110
188873,37,123
85273,38,100
233975,40,114
134262,40,180
22503,41,110
74113,42,127
249604,42,146
40352,43,89
132712,43,108
137246,43,112
280572,44,107
222916,44,161
228006,45,158
127126,48,110
247961,48,116
76724,48,213
210832,49,126
137247,50,173
259681,51,129
111562,51,154
193256,52,132
264968,52,180
64829,53,118
119187,58,126
264967,58,144
293977,58,152
361831,59,108
48764,59,110
121262,59,130
2387,59,159
69609,60,122
341294,60,132
84185,60,155
385835,61,123
318856,61,134
330496,61,153
64123,63,121
82655,63,149
375246,66,127
271975,67,133
177125,67,147
166193,67,183
376043,70,134
94805,71,151
278849,73,224
174465,76,158
325967,77,237
31158,92,220
92422,96,230
137372,97,179
33341,101,232
43570,106,213
21791,108,230
3766,116,214
399963,117,236
236637,118,244
403001,119,198
46788,122,197
392269,123,187
296655,123,241
335921,123,252
3142,124,259
53519,132,238
242693,132,245
74466,132,258
119,137,250
1007,139,228
157363,144,232
114512,144,236
286446,144,239
90392,144,243
169040,144,250
1007,146,215
214121,146,237
13125,146,252
106311,147,256
214120,148,214
67652,151,231
39039,155,269
90384,157,282
191802,160,227
243963,160,276
363674,161,225
18801,162,228
249982,165,212
190702,165,241
232170,166,230
313999,168,232
54217,171,255
135745,173,312
247052,177,283
113481,179,248
8407,183,291
247730,183,295
133802,184,250
27353,188,291
231067,192,250
236638,199,291
54534,200,316
5852,203,290
208611,206,309
219323,209,290
208916,210,309
25352,212,383
388675,213,331
169535,213,348
18496,216,290
325968,219,310
104115,221,305
65526,221,339
247053,222,292
399017,222,307
108230,223,346
194813,227,307
31794,227,310
90391,227,327
13852,228,291
198415,228,382
172548,229,323
91370,229,350
113465,233,363
306935,236,330
386024,237,371
106312,240,333
76090,242,353
141895,245,367
88627,249,316
52949,249,346
139139,250,343
34496,250,363
380457,250,388
76725,252,350
237904,253,379
172547,259,373
39040,260,406
103543,261,351
56865,264,378
7300,264,392
16682,264,396
74467,265,359
380456,265,404
68894,266,366
300646,266,374
388206,266,383
224779,267,420
179634,269,324
71818,270,337
9047,270,380
48078,272,394
88562,273,345
43584,273,362
170642,273,383
403353,273,401
11782,281,354
22108,283,404
392647,284,347
90947,284,351
214199,289,353
282829,289,367
399466,289,380
164267,292,360
10707,293,362
400973,294,356
332956,294,369
369136,294,384
137607,296,349
70129,296,420
314811,300,415
250301,305,395
113464,307,400
135863,315,401
64828,316,412
55952,321,420
399018,322,414
190118,323,410
169039,324,407
61337,326,404
113344,327,411
126311,327,421
49754,334,420
152438,335,383
255155,336,413
323959,341,414
52171,341,417
47557,342,412
363076,344,411
54658,352,405
53928,357,410
101613,360,419
274229,361,416
194091,362,418
247621,363,411
378359,472,514
64257,472,536
258205,472,549
78229,473,571
104113,475,535
104114,484,535
317665,491,580
380676,492,534
217058,492,566
6804,497,615
146925,506,616
148949,511,595
64827,513,611
363676,514,574
183420,519,620
17708,520,578
74114,520,625
52950,521,640
323158,524,622
174347,526,617
321361,529,646
363675,531,640
58045,537,612
214119,538,607
99847,538,641
186149,539,629
405345,539,636
195374,540,647
314447,541,651
4959,543,645
24698,545,620
278848,546,638
377240,547,641
49753,550,649
139140,550,657
170178,553,641
196686,555,650
62677,556,647
318214,559,668
93542,560,624
68280,561,625
18802,561,651
69595,564,650
355070,566,646
44519,567,629
60172,567,655
13556,578,646
113466,579,664
114711,580,635
102125,586,647
215889,586,664
82656,588,654
170429,592,646
46499,592,648
187207,592,657
257143,596,656
90390,596,658
125178,614,665
333676,614,681
78914,634,699
373702,715,793
1633,726,793
342907,728,792
276589,728,802
318858,730,790
267444,730,807
184364,730,810
267445,731,795
353559,731,833
5783,734,821
165546,735,796
106313,735,798
261034,736,829
100138,737,800
298568,739,809
324001,742,831
142410,743,807
233974,744,791
254335,744,806
158769,744,810
262316,745,814
306905,745,830
167834,747,807
306906,748,813
289347,750,826
186311,751,834
262313,751,839
262315,753,821
165586,755,820
334156,759,822
99145,760,833
12774,762,820
117,763,821
343575,766,842
164087,767,821
92907,769,830
65312,773,836
208486,774,839
68402,810,873
219023,821,933
362691,844,937
232208,849,967
208917,862,997
194759,863,920
312569,863,945
70128,864,952
339738,869,986
23377,872,950
247971,872,1006
364136,873,924
219524,873,989
88563,874,971
343794,876,968
196685,876,972
318859,879,952
114063,896,998
360093,904,972
387190,904,984
52963,917,978
53256,924,998
346048,924,1012
208610,1028,1100
139138,1053,1104
271136,1086,1172
242694,1091,1150
151477,1098,1149
100377,1102,1172
247656,1107,1170
258094,1128,1186
398484,1135,1187
377063,1481,1553
31328,1482,1557
262314,1493,1556
144682,1495,1555
236011,1496,1560
60888,1512,1560
152793,1792,1878
136135,1802,1860
18214,1807,1893
127720,1810,1893
226454,1812,1866
404256,1816,1893
111561,1832,1894
180414,1964,2010
300645,1965,2040
48665,1994,2075
167835,1995,2057
377062,1995,2089
375618,1997,2064
5594,1997,2081
373288,2030,2093
25601,2208,2297
101949,2242,2297
232209,2242,2311
78283,2246,2308
311603,2246,2316
343377,2248,2311
84184,2249,2303
164088,2250,2311
54538,2263,2314
352160,2264,2315
54539,2266,2310
18214,2317,2404
278847,2351,2404
258206,2565,2622
286257,2579,2627
235761,2586,2650
180966,2600,2680
127124,2603,2678
78122,2607,2682
339988,2612,2693
164276,2632,2696
367058,2713,2783
123393,2725,2787
207486,2830,2887
127125,2832,2895
299491,2840,2893
399016,2886,2974
6697,2901,2968
196908,2915,2971
308533,2916,2970
142740,2996,3070
128789,2998,3049
764,2999,3050
2758,3045,3109
306938,3250,3318
149086,3251,3312
21968,3251,3328
399203,3268,3327
329222,3269,3324
391448,3401,3443
219525,3417,3474
129306,3444,3495
276333,3447,3529
127752,3450,3504
61336,3451,3535
182700,3470,3532
195296,3479,3540
78913,3493,3580
302672,3502,3583
387970,3508,3572
67926,3508,3577
365155,3508,3585
2755,3508,3588
108691,3511,3573
365154,3511,3587
279846,3512,3576
273036,3513,3583
22514,3513,3590
78912,3517,3580
56857,3531,3584
42064,3541,3582
162403,3633,3705
77611,3633,3727
290851,3636,3722
316684,3694,3757
356279,3705,3798
235133,3724,3805
151154,3746,3848
61729,3749,3805
6726,3845,3899
51635,3845,3921
75517,3849,3906
402432,3853,3916
173317,3857,3907
23079,4023,4064
78717,4091,4154
352159,4108,4169
203447,4137,4195
187397,4148,4206
153781,4151,4202
384140,4154,4215
384139,4154,4219
103917,4259,4333
5703,4266,4332
765,4269,4333
267446,4285,4333
123802,4567,4619
196687,4567,4622
124999,4568,4660
244779,4569,4629
34411,4570,4625
231989,4572,4637
39612,4573,4631
79677,4573,4638
398498,4575,4636
65527,4579,4623
187231,4579,4625
130680,4580,4665
60309,4581,4662
54532,4582,4710
273319,4594,4661
318857,4596,4667
185987,4598,4664
240595,4601,4667
306937,4603,4668
237905,4625,4704
54533,4660,4802
306936,4673,4757
187546,4804,4851
398971,4805,4855
34353,4995,5057
267447,5077,5150
309797,5079,5145
25602,5082,5148
766,5083,5150
151717,5084,5145
7630,5105,5168
275798,5109,5159
188872,5115,5185
195527,5187,5251
91624,5190,5237
31327,5192,5255
291432,5194,5255
34708,5195,5236
126312,5201,5264
43428,5870,5921
232639,6051,6136
272400,6273,6346
338709,6276,6340
66917,6554,6634
66918,6565,6631
134651,6567,6649
66916,6574,6646
327888,6582,6647
100137,6695,6762
127321,6696,6773
318860,6981,7072
247895,6981,7094
318861,6985,7092
232171,6991,7045
121954,6991,7070
196688,6991,7086
219022,7000,7091
253563,7004,7093
13738,7005,7090
376042,7007,7091
101623,7008,7071
6322,7008,7083
297077,7009,7094
387724,7020,7094
160787,7022,7091
259902,7025,7093
237906,7032,7094
139969,7040,7093
51987,7261,7322
32987,7265,7334
134088,7466,7546
7656,7468,7540
