176627,83,148
278849,83,218
388086,84,130
3678,87,141
69709,89,211
184090,96,227
158178,100,245
33341,101,219
306861,108,204
145899,110,218
311370,112,244
148523,118,213
220097,118,263
3142,122,240
166009,125,179
168036,129,179
209513,132,173
36232,132,253
3142,137,252
164588,138,213
311222,138,255
264901,142,208
249781,144,211
189904,144,221
12166,144,240
96096,144,267
118932,146,198
4678,147,245
83672,147,252
374506,152,273
51236,154,275
184089,155,293
262251,156,268
280502,160,289
123990,161,256
314616,169,294
351501,170,298
42722,173,295
151143,174,291
390117,178,305
276303,179,286
354369,181,284
240128,186,291
119711,192,306
145057,213,325
10373,215,307
113465,215,342
386114,216,321
368379,218,338
113854,224,307
47576,226,329
167449,230,296
242627,235,323
336415,237,330
34948,243,312
169323,246,349
60735,250,324
201645,251,376
310040,254,331
83671,254,362
311540,257,306
380737,267,375
30570,272,376
249983,273,330
213608,273,336
253531,277,329
210800,277,338
82592,281,376
226766,281,391
220616,312,379
303654,313,376
33159,385,459
135694,386,470
220098,397,479
325281,401,527
278848,405,484
169324,408,482
325282,442,555
34853,487,576
242626,504,588
6535,507,581
189905,510,580
365416,512,581
104636,515,600
191857,519,577
35445,521,587
126287,603,683
144334,613,692
239225,616,682
79755,651,705
300476,671,739
69477,768,848
116995,778,843
180004,779,847
217178,779,855
116488,781,832
221254,782,884
196857,789,887
347892,790,882
142133,793,885
227064,794,874
149762,796,841
262283,803,870
314615,803,899
167992,805,881
98803,808,893
7772,811,853
9008,811,874
150873,813,877
278847,814,879
242625,815,898
33880,821,924
282168,822,899
26034,825,899
181356,825,902
110353,825,909
46702,829,892
372999,833,897
170814,833,899
78566,836,906
123989,836,915
2939,839,890
326625,841,916
9007,842,927
221253,845,941
3859,846,892
155727,850,920
342689,851,908
63659,851,944
353268,852,900
150119,853,909
11026,855,910
316530,859,937
42434,860,939
83670,862,941
43101,864,936
48364,866,967
330518,869,943
350656,870,958
205474,870,970
213178,876,997
406515,883,999
59459,886,994
167904,887,945
73725,888,990
29278,889,944
394083,890,993
277761,891,997
241343,892,1007
13645,895,993
156443,900,983
53585,900,991
42435,910,1001
5630,939,1008
67004,979,1047
83668,991,1069
30265,994,1058
10786,994,1064
333192,995,1066
408631,996,1069
380738,999,1058
256625,1003,1062
83669,1003,1067
96459,1008,1062
225987,1009,1069
114673,1011,1064
66840,1013,1069
150925,1168,1248
49258,1250,1364
39358,1265,1329
101879,1265,1333
332833,1265,1336
166008,1302,1424
65724,1338,1395
383355,1381,1452
150925,1460,1544
262231,1495,1559
167448,1496,1560
186982,1690,1756
9006,1877,1933
22870,1878,1941
73083,1878,1959
280501,1891,1986
41256,1895,1963
262284,1903,1985
143644,1905,1978
52122,1907,1974
4263,1908,1966
278072,1989,2071
178288,2009,2066
312035,2059,2111
107118,2062,2139
84305,2065,2130
216588,2066,2128
354403,2221,2282
218870,2246,2321
161922,2255,2316
301995,2260,2319
149195,2307,2413
283308,2317,2399
384837,2497,2558
66839,2499,2572
154241,2505,2563
164051,2509,2563
137233,2510,2571
158668,2512,2575
220340,2516,2588
52670,2518,2593
160784,2520,2591
56045,2521,2563
324818,2523,2626
75712,2525,2605
103185,2529,2591
45623,2529,2599
194865,2530,2592
367467,2607,2670
283959,2619,2707
227359,2632,2721
312014,2635,2696
171345,2635,2713
63178,2643,2707
348150,2645,2714
336414,2700,2775
231209,2910,2972
336413,3164,3264
398354,3171,3218
70144,3184,3233
96460,3185,3253
93510,3189,3265
119169,3203,3267
