244439,127,216
348949,142,253
54612,143,220
348950,155,250
283474,162,275
77845,188,275
3543,202,266
394040,212,266
179648,225,292
265002,225,347
28944,299,376
348951,300,370
221423,306,424
35534,312,435
31461,316,375
228959,317,400
124891,321,369
277646,322,409
399030,341,408
374164,343,400
242,346,413
271190,346,422
274186,346,459
85097,347,398
242,347,433
85096,347,440
244540,347,449
242,348,401
64963,348,403
163350,348,431
837,348,469
80963,349,400
256868,349,410
163722,351,426
306489,351,451
393994,353,418
115205,353,439
125688,361,425
147351,400,520
210146,406,491
390157,413,533
61826,430,534
304151,437,522
29590,444,555
390158,446,563
304152,453,552
297101,486,597
477,492,542
56676,494,547
82462,494,602
199952,496,552
236975,497,558
321540,498,550
312015,499,560
207002,499,618
223969,561,627
203712,564,631
381919,672,746
320424,682,790
294429,688,747
221422,711,789
91377,718,787
283725,722,787
154415,752,842
24376,755,822
28348,757,830
72653,773,831
331274,969,1033
331275,969,1035
191419,970,1034
220812,972,1034
367292,972,1050
298743,974,1044
148568,974,1083
407220,975,1040
362960,975,1071
138410,977,1066
30773,977,1077
273651,978,1070
51,978,1081
156077,981,1077
51737,982,1072
162952,983,1045
236818,984,1037
206772,984,1044
44300,985,1046
123909,985,1080
362961,988,1071
273650,990,1082
370993,991,1098
98373,999,1055
8429,999,1094
136633,1005,1102
183280,1005,1110
110791,1006,1075
407313,1009,1103
277646,1010,1112
240129,1011,1072
35533,1011,1099
371546,1012,1071
15818,1014,1076
259532,1014,1088
110269,1018,1082
4019,1020,1088
116832,1029,1099
129071,1036,1097
179137,1036,1103
399031,1036,1109
12985,1037,1098
147350,1037,1116
290880,1040,1101
311013,1041,1099
326712,1042,1105
242,1042,1113
10754,1044,1119
141056,1044,1127
85098,1044,1135
244539,1045,1105
57383,1045,1121
165665,1046,1109
242,1047,1130
212357,1065,1156
152618,1260,1339
116872,1286,1367
49168,1317,1380
130765,1416,1458
33479,1429,1531
234053,1604,1662
214515,1606,1673
394039,1608,1674
79698,1618,1681
130285,1627,1679
43530,1798,1857
274423,1802,1869
347373,1805,1870
232985,1817,1887
34798,1817,1894
35670,1818,1882
99681,1819,1891
205977,1823,1892
274879,1824,1888
219660,1825,1887
98550,1833,1895
238114,1842,1904
391636,1969,2041
313452,1972,2026
30443,1972,2042
287188,1973,2049
181424,1974,2026
201107,1974,2040
99555,1977,2027
371046,1977,2041
188539,1981,2027
118582,1984,2049
80617,1987,2051
168988,1989,2049
94446,1989,2055
367267,1991,2041
36587,1992,2053
390358,1997,2055
258265,1997,2083
56848,2011,2120
138692,2022,2084
400442,2025,2089
130871,2492,2588
141344,2493,2560
265752,2494,2596
10303,2498,2560
215142,2498,2578
155486,2499,2559
62605,2500,2561
265750,2500,2569
197266,2501,2564
102285,2501,2589
370887,2504,2565
344171,2504,2568
163028,2507,2572
269589,2508,2569
14430,2508,2596
252754,2509,2580
61730,2513,2575
142421,2514,2577
157874,2514,2612
157873,2514,2623
356755,2518,2580
104759,2519,2598
347,2521,2582
371545,2523,2602
109607,2526,2589
203070,2527,2588
254064,2529,2601
252755,2532,2599
142884,2533,2612
73888,2536,2610
260496,2538,2609
25559,2538,2612
320208,2539,2642
367027,2542,2643
37634,2543,2612
254063,2543,2617
248566,2543,2625
34183,2544,2606
343037,2546,2613
90467,2547,2611
46090,2547,2625
75954,2551,2613
238699,2551,2619
342471,2551,2630
87341,2552,2635
328885,2555,2649
290088,2557,2618
70344,2558,2604
323451,2558,2609
16873,2558,2620
124103,2558,2641
332963,2558,2652
144987,2560,2620
239773,2561,2605
381403,2561,2638
116259,2564,2606
242983,2564,2626
100818,2565,2632
45873,2566,2619
152691,2566,2621
212965,2567,2634
359127,2568,2629
282510,2569,2661
205678,2570,2631
27024,2572,2635
191177,2572,2658
2966,2572,2681
321274,2574,2635
280144,2576,2648
375809,2576,2660
169124,2576,2670
116563,2577,2638
270057,2578,2641
349044,2579,2665
396661,2579,2675
221909,2581,2653
130708,2583,2649
299614,2584,2654
408085,2584,2673
293800,2584,2683
330132,2586,2633
165978,2586,2639
272465,2591,2656
334133,2591,2662
342758,2592,2658
172168,2593,2647
248138,2593,2652
49951,2593,2681
341941,2594,2638
51289,2594,2654
346531,2740,2795
69643,2741,2797
14431,2741,2817
222524,2751,2818
147349,2754,2816
377331,2755,2818
286676,2768,2837
20571,2786,2858
49653,2835,2908
270921,2926,2989
264339,3026,3089
33478,3027,3096
55839,3036,3135
255940,3520,3581
280060,3525,3602
54632,3528,3623
215540,3541,3622
310773,3543,3610
383061,3543,3621
293016,3544,3618
340463,3545,3633
406462,3547,3611
113592,3550,3636
75090,3551,3619
356258,3552,3621
4093,3556,3617
305696,3558,3624
380313,3559,3618
348990,3560,3623
163349,3573,3632
44237,3574,3634
99994,3575,3635
46760,3578,3632
44238,3578,3637
300702,3579,3646
50,3603,3678
74342,3608,3678
126482,3609,3680
400441,3618,3679
400085,3628,3681
244101,3759,3841
380665,3761,3836
250977,3761,3851
270294,3762,3833
177941,3766,3835
87875,3767,3854
65568,3769,3849
198115,3787,3851
243340,3797,3848
61406,3809,3891
401832,3810,3876
223223,3818,3880
394322,4064,4125
183851,4066,4129
265751,4122,4188
324924,4169,4230
292062,4173,4242
103554,4174,4263
237591,4198,4272
328759,4275,4361
259884,4277,4338
35713,4282,4334
353175,4289,4337
160641,4289,4346
222652,4290,4344
10490,4290,4352
370543,4296,4356
275441,4631,4688
82747,4631,4706
209412,4642,4731
367847,4687,4735
191506,4877,4956
127628,4900,4961
78421,4964,5035
406702,4964,5044
145921,4990,5051
259465,5164,5227
158632,5283,5349
259654,5294,5351
74343,5297,5351
352499,5438,5527
400799,5439,5507
12882,5446,5489
352498,5446,5527
373900,5454,5539
172383,5456,5524
113592,5456,5542
212649,5459,5523
406926,5462,5524
390159,5462,5536
157481,5463,5541
357789,5465,5535
65469,5467,5528
71410,5467,5537
88681,5468,5546
258217,5470,5536
234293,5474,5538
340460,5486,5549
311447,5490,5538
98372,5490,5547
157208,5491,5541
98549,5493,5550
377332,5493,5552
63760,5494,5547
163348,5663,5751
260757,5664,5757
215538,5666,5758
79130,5667,5734
326624,5668,5752
79922,5671,5746
27213,5676,5760
389483,5678,5796
264347,5679,5740
104757,5679,5748
276589,5679,5758
27483,5680,5742
258641,5681,5747
341734,5682,5746
104758,5686,5752
215539,5687,5756
143207,5687,5784
12881,5688,5791
143206,5689,5750
129144,5689,5762
385036,5689,5777
250772,5690,5757
305803,5692,5753
397605,5692,5761
27214,5695,5759
101148,5697,5758
346893,5699,5764
383060,5701,5758
33419,5702,5761
305802,5703,5756
116831,5703,5766
373899,5705,5763
133860,5706,5758
115219,5707,5800
355593,5709,5765
347250,5709,5799
18354,5711,5764
182055,5714,5775
402298,5714,5804
169123,5714,5813
115220,5716,5768
228319,5717,5801
384844,5718,5771
145582,5719,5777
313533,5723,5805
332352,5724,5818
200716,5728,5798
33087,5729,5802
16142,5730,5800
76926,5732,5793
290893,5734,5799
306159,5878,5929
394158,5878,5935
179180,5879,5944
207506,5886,5940
159772,5888,5952
324317,5889,5946
179065,5890,5940
403742,5896,5947
27484,6285,6355
69761,6298,6368
407314,6299,6366
198342,6301,6384
311904,6305,6354
2681,6306,6356
45760,6313,6374
399033,6315,6394
15635,6316,6367
340462,6316,6383
340461,6321,6386
73617,6322,6390
258741,6325,6385
81181,6325,6399
6537,6326,6394
135927,6326,6404
10302,6327,6383
90426,6328,6408
372078,6329,6395
309335,6331,6374
45320,6332,6394
222651,6332,6404
35574,6333,6400
268594,6335,6402
230624,6341,6404
130286,6343,6413
91706,6348,6403
57827,6362,6421
311448,6371,6421
73920,6724,6795
182226,6724,6803
54800,6742,6803
325731,7045,7111
52432,7050,7123
280173,7052,7117
254843,7060,7123
396243,7061,7138
293191,7065,7152
154376,7066,7149
175004,7067,7144
55408,7072,7140
123079,7074,7165
227928,7081,7139
113885,7083,7144
389482,7095,7156
236643,7645,7745
55760,7953,8045
23831,7954,8029
326711,7960,8022
50121,7987,8046
399032,7991,8046
