171379,81,229
41654,99,217
55475,105,167
272542,109,194
362907,113,192
148675,116,198
292925,118,180
172736,121,223
44473,125,198
184734,125,217
363128,126,187
19043,127,233
315439,130,204
381774,131,195
225439,135,203
96123,136,195
118198,136,208
33826,138,215
324537,141,205
179233,141,213
171783,144,206
396101,146,226
28502,157,229
61739,162,213
52938,167,234
381777,185,292
82685,187,258
265554,202,313
130737,210,329
254217,217,350
185156,220,355
291805,227,350
10373,237,342
76031,263,353
86172,300,367
335802,300,380
182018,301,355
203519,304,402
217770,306,357
203518,307,423
267626,313,401
52057,315,406
49636,316,408
38338,319,418
165312,321,429
182017,322,394
147350,322,406
174076,323,391
203520,323,437
86171,325,393
57920,326,476
253502,327,422
305293,327,438
208624,327,444
245540,329,423
242,330,393
274871,330,397
242,331,412
115490,331,451
75055,332,456
837,332,482
242,334,431
13781,336,484
837,343,451
33847,345,463
357395,346,435
253503,346,456
306099,347,432
369476,349,403
4219,350,434
291564,351,475
837,352,467
332730,355,473
293577,356,447
6598,362,433
106419,362,462
80915,363,484
52437,365,477
293576,371,483
106421,371,488
118824,384,489
228142,384,510
147351,391,514
371922,391,527
3178,393,458
33146,394,469
118349,395,513
380338,396,565
306503,398,469
254319,414,519
119513,426,510
6679,427,514
252107,433,515
373894,442,547
68905,443,522
373895,445,560
95653,445,571
79345,458,570
48297,465,565
182019,466,532
145319,466,578
267627,478,593
303018,481,544
97854,481,555
388537,481,606
306504,482,531
11313,482,591
81518,486,570
118825,489,583
10872,489,600
57217,491,570
357396,494,577
42308,502,571
387226,521,603
161240,521,623
161239,529,610
49556,544,607
106420,544,612
250893,560,624
312785,596,733
321282,606,740
95779,608,718
357397,617,741
37218,629,720
37848,635,698
37217,636,736
124304,654,739
281528,657,722
343517,670,804
213849,674,736
17004,681,765
111206,686,744
215531,703,749
10873,725,799
391900,743,801
306100,751,798
18061,752,851
65388,753,817
392944,759,815
18058,759,857
18059,762,873
384538,766,884
235409,772,847
18060,775,905
377215,786,865
35888,789,859
30658,796,863
387223,1076,1166
239116,1113,1176
17743,1113,1181
270973,1141,1240
322177,1159,1231
30233,1169,1238
280686,1170,1247
261274,1172,1245
405634,1172,1256
81199,1173,1238
141867,1178,1249
393835,1179,1247
254098,1182,1245
201783,1184,1247
122764,1187,1269
387222,1188,1255
168098,1190,1278
16813,1194,1275
30904,1196,1299
79503,1200,1296
401852,1201,1285
173375,1203,1255
73597,1203,1291
52396,1209,1270
18360,1209,1273
387227,1210,1307
111665,1211,1266
60931,1211,1304
141866,1212,1273
111070,1214,1308
30949,1215,1279
66103,1217,1296
261009,1218,1282
128104,1220,1320
22700,1221,1283
237661,1221,1295
52058,1222,1288
25727,1223,1284
185888,1223,1298
25604,1224,1306
21042,1225,1293
128102,1229,1308
128103,1229,1326
319305,1269,1330
5710,1270,1326
142135,1273,1346
249190,1280,1348
175930,1283,1378
384411,1285,1347
64184,1285,1359
302159,1286,1354
47127,1289,1365
402179,1297,1353
158548,1303,1365
390945,1310,1378
183701,1329,1410
363237,1345,1411
129362,1359,1428
218141,1365,1431
142136,1372,1470
80363,1373,1457
270974,1373,1460
51018,1378,1429
375158,1378,1467
51019,1385,1428
188859,1386,1470
37214,1386,1479
127991,1386,1493
329066,1387,1474
80362,1388,1462
226910,1389,1480
369309,1392,1495
270976,1393,1455
344536,1395,1456
270975,1398,1455
92083,1398,1476
363061,1400,1479
344534,1400,1484
344532,1400,1489
66905,1405,1486
318675,1406,1472
37216,1410,1499
242742,1412,1477
190445,1415,1492
173606,1415,1503
381776,1416,1487
345417,1419,1515
49557,1426,1478
146905,1426,1489
218598,1427,1502
147349,1427,1509
3722,1429,1490
160237,1429,1519
190444,1430,1506
385025,1431,1503
297032,1435,1507
385761,1435,1513
381775,1437,1504
37215,1439,1515
49771,1443,1517
271084,1468,1526
138831,1468,1528
150866,1468,1530
385305,1472,1541
106046,1473,1535
82352,1473,1539
80443,1485,1554
33445,1488,1540
91075,1490,1538
218235,1490,1541
131436,1492,1550
18062,1509,1578
14786,1617,1733
97657,1632,1728
75091,1639,1729
13069,1651,1728
264557,1663,1731
129434,1671,1745
195303,1675,1746
393357,1680,1764
387225,1682,1773
99364,1692,1747
63771,1700,1772
174075,1723,1773
317081,1865,1940
212689,1869,1964
402180,1873,1962
136336,1898,1968
218204,1898,1971
348994,1899,1987
216165,1902,1978
368261,1902,1986
238920,1903,1983
216164,1904,1980
386394,1904,1990
135915,1908,1985
359193,1911,1990
83597,1913,1980
55011,1913,1994
32804,1918,1979
224561,1918,1986
319606,1921,1983
49808,1921,1998
391340,1931,1984
258486,1932,2012
372595,1935,1982
314108,1946,2015
390946,1950,2012
156151,1953,2015
390271,1954,2019
78189,1957,2027
41164,2004,2065
19189,2004,2071
13782,2005,2059
387224,2014,2119
57795,2076,2128
377217,2088,2137
377216,2091,2144
306097,2143,2212
171845,2145,2209
116498,2183,2258
372368,2308,2412
372367,2313,2435
138830,2314,2383
140194,2316,2390
181892,2318,2394
82686,2318,2402
283953,2322,2419
280688,2327,2397
51322,2328,2417
52583,2330,2396
359601,2333,2412
88064,2337,2394
29427,2342,2405
383495,2346,2417
82684,2353,2416
37048,2404,2464
231714,2549,2610
226154,2556,2622
158546,2557,2643
305784,2558,2619
35669,2559,2629
291265,2561,2622
321784,2563,2624
341909,2565,2626
259105,2566,2658
405086,2567,2639
134401,2568,2632
106432,2575,2627
305783,2581,2644
166828,2584,2659
122337,2584,2665
204231,2586,2646
125241,2593,2655
260975,2593,2666
383360,2595,2656
42583,2598,2660
225030,2598,2672
292434,2605,2667
106423,2641,2743
283284,2655,2717
387223,2655,2732
35047,2656,2720
273834,2676,2751
191972,2681,2768
184294,2687,2755
96124,2691,2768
154470,2693,2758
352208,2693,2772
278571,2693,2794
66773,2703,2766
387222,2705,2752
395060,2711,2799
287473,2712,2776
249241,2714,2776
273448,2714,2793
99009,2719,2782
188814,2720,2800
346117,2722,2794
350831,2724,2772
174355,2724,2820
179367,2725,2807
25603,2726,2797
305782,2726,2801
190201,2726,2805
323177,2727,2787
375068,2728,2785
156616,2728,2811
45594,2729,2790
144052,2729,2798
227771,2729,2805
298517,2731,2792
331409,2731,2801
59125,2731,2808
157482,2732,2791
310384,2732,2793
306098,2732,2795
277986,2733,2794
181395,2733,2796
326094,2733,2812
6625,2733,2816
12439,2734,2798
6121,2736,2797
390552,2737,2799
82351,2737,2810
350796,2737,2815
295723,2739,2807
224481,2742,2805
256749,2742,2811
6122,2743,2808
139206,2746,2804
194853,2746,2833
106422,2756,2837
242528,2756,2864
54068,2757,2813
253901,2759,2835
194852,2761,2833
326095,2767,2852
75283,2791,2863
113153,2892,2949
387668,2892,2981
75032,2894,2985
190561,2895,2944
113154,2895,2951
25594,2895,2988
230754,2898,2987
89393,2912,2978
163032,2923,2984
25593,2926,2987
135980,2928,2980
349949,2928,2992
390272,2933,3018
93194,3019,3085
112382,3023,3089
403566,3025,3086
164383,3025,3090
25905,3025,3099
242741,3032,3078
30354,3032,3084
328284,3034,3096
237910,3036,3084
321877,3037,3110
139896,3038,3084
78188,3043,3108
394088,3157,3241
387226,3168,3241
21899,3176,3238
321283,3178,3245
95654,3180,3244
119178,3181,3255
163997,3182,3282
80272,3183,3243
127587,3193,3262
7245,3194,3264
363129,3199,3262
205753,3205,3279
363130,3207,3272
344533,3210,3274
60364,3436,3481
136393,3440,3482
61532,3470,3530
311176,3563,3615
254216,3831,3901
212688,3835,3899
139141,3880,3932
17265,3883,3964
81197,3883,3968
329067,3915,3991
370797,3943,4040
47126,3964,4037
202897,3971,4036
146748,3974,4036
112380,3974,4061
377218,3977,4033
24525,3980,4045
24526,3980,4048
78187,3985,4045
102919,3985,4050
210428,3985,4061
218435,3986,4051
29859,3990,4054
165374,3999,4048
224822,4002,4065
318676,4110,4171
387225,4122,4215
346868,4127,4184
112381,4145,4216
280072,4283,4334
387224,4377,4494
396712,4393,4441
61533,4447,4505
81198,4465,4526
201124,4479,4551
166631,4479,4584
333789,4484,4537
243384,4485,4589
339938,4496,4559
321783,4503,4557
117113,4507,4560
119047,4537,4588
370198,4853,4944
77611,4865,4968
370197,4887,4977
396100,4901,4961
275000,4929,5004
159579,4935,5027
44139,4949,5013
19713,4951,5005
280687,4955,5011
223761,4968,5025
223762,4968,5028
231657,4971,5025
188030,4983,5030
370196,5017,5112
355599,5048,5109
387227,5058,5143
377674,5060,5126
369177,5065,5121
390944,5162,5217
395411,5222,5275
18808,5350,5404
66035,5363,5452
344057,5375,5468
52582,5418,5471
393356,5573,5625
76188,5581,5670
363126,5581,5688
4158,5583,5660
104705,5586,5651
140879,5587,5656
173484,5589,5655
106424,5592,5648
33846,5593,5646
130100,5593,5652
118350,5593,5682
8123,5595,5660
246398,5597,5679
368686,5599,5654
88828,5599,5675
23590,5607,5678
363127,5612,5704
34847,5615,5676
117054,5615,5689
110101,5615,5692
34804,5618,5682
310787,5619,5686
348993,5619,5702
40794,5620,5683
129363,5620,5699
308871,5622,5685
696,5623,5676
57404,5625,5687
175155,5626,5693
195525,5626,5698
252981,5628,5707
319304,5629,5690
359224,5630,5691
139302,5630,5721
139301,5630,5728
137944,5631,5699
328619,5632,5718
76743,5636,5692
19161,5636,5699
264930,5638,5692
346302,5638,5703
158547,5638,5708
65279,5640,5703
195524,5641,5725
48823,5643,5702
298429,5644,5703
119185,5651,5704
217022,5659,5724
139205,5661,5718
262794,5743,5819
262795,5746,5819
306101,5751,5808
380339,5759,5907
380341,5772,5877
245539,5786,5903
380340,5794,5907
250602,5795,5864
381778,5796,5911
7408,5800,5898
285678,5845,5911
273596,5846,5910
321021,5857,5906
357394,5980,6024
335463,5987,6046
203517,6146,6204
317831,6418,6476
