153953,113,170
13482,113,175
202286,113,181
242,113,185
129994,113,208
376160,113,219
5201,114,179
242,114,206
3845,114,222
311858,117,179
182013,119,190
190046,122,219
19387,125,204
395690,125,207
75965,133,224
123594,133,262
19268,138,287
138976,139,258
211918,157,272
141950,159,259
24469,166,300
108667,167,294
58603,169,263
332683,173,266
2369,178,293
319567,183,301
69473,184,291
250657,189,293
234538,190,299
335699,190,308
58604,192,286
83695,192,292
401436,193,296
5200,205,327
7699,209,333
52084,213,330
77866,221,340
326960,224,296
277089,226,324
299645,227,364
219904,228,339
229734,228,360
161436,230,347
10902,230,355
108666,233,339
190047,237,365
391802,238,359
50074,238,369
11797,244,363
337671,245,360
226675,247,318
277088,267,372
401437,269,383
48297,271,369
24390,272,362
219903,272,380
286557,286,402
52146,299,409
109006,380,444
138977,383,489
203153,384,459
219902,384,483
34614,404,468
394414,460,564
131296,466,508
267588,466,528
395689,467,531
321919,467,553
71724,469,527
97743,469,550
172366,470,524
394466,472,527
398086,472,547
109405,475,569
225942,571,647
250248,599,675
340038,601,662
139495,607,717
71982,610,681
207871,618,684
38899,623,678
278833,626,684
177697,626,696
161981,635,697
158305,639,685
194618,641,717
351926,647,732
338449,656,732
126116,771,824
246332,911,991
60455,912,974
332973,1181,1247
267587,1183,1265
6328,1186,1247
168737,1187,1248
236565,1201,1285
328052,1521,1595
150259,1524,1593
127298,1623,1687
356484,1624,1734
142302,1688,1769
38196,1716,1778
71119,1718,1779
224228,1724,1778
364726,2188,2233
291462,2250,2313
6296,2255,2310
242299,2271,2333
359865,2299,2374
359866,2301,2385
158001,2337,2401
277090,2338,2400
33597,2340,2401
375512,2692,2775
186056,2694,2766
346789,2752,2810
197099,2876,2937
223081,2881,2942
93357,2892,2941
210685,3117,3186
112824,3123,3189
98391,3133,3194
6283,3134,3188
296105,3137,3199
288286,3142,3203
126585,3154,3224
163697,3157,3219
401496,3404,3467
982,3537,3587
96260,3709,3781
81399,3908,3975
407749,4359,4422
173949,4758,4820
146725,5530,5617
321920,5532,5606
65997,5541,5617
215175,5545,5615
268061,5549,5613
4838,5928,6015
390350,6181,6251
14798,6224,6280
350128,6226,6286
62156,6228,6287
386729,6230,6290
197587,6231,6282
10232,6634,6688
301792,6636,6697
93970,6639,6690
62157,7003,7056
