229725,83,238
254915,85,141
244309,89,201
264623,94,223
81950,96,228
207206,97,213
139638,101,205
220835,107,216
235781,113,221
312142,117,229
238441,119,219
285511,123,234
164331,125,238
199811,126,197
264625,126,212
31378,141,208
197848,142,205
74937,148,314
199812,156,271
354148,159,317
312144,164,237
194911,170,276
312143,170,286
23796,172,240
242,181,263
327131,183,337
837,190,339
281906,197,333
311842,202,333
75916,211,339
376028,212,325
282576,212,331
4018,215,322
29848,218,329
27406,218,347
321003,218,353
346105,219,335
837,220,343
1378,224,348
80915,225,337
199625,229,335
177708,231,369
65407,234,353
217788,237,386
152589,241,397
85748,242,347
253335,242,401
329235,243,342
68539,244,371
90196,244,377
3178,246,313
121098,246,349
170328,246,405
63445,247,344
324176,248,398
370421,250,340
321004,250,382
76779,251,322
8313,251,343
118349,251,374
83695,252,351
25240,253,324
331611,254,375
149660,255,393
211283,258,367
382011,264,342
317821,271,339
232327,276,398
5569,276,406
281907,282,390
148867,293,370
253572,294,415
219471,295,408
264624,295,421
73899,296,417
42611,302,392
90195,306,419
327132,317,424
189891,319,408
206197,321,431
18958,329,405
23797,329,419
354993,336,409
260651,340,408
43946,343,433
194836,350,413
199623,370,433
194011,413,474
82954,416,496
382009,417,486
114230,419,508
237498,423,491
154407,431,506
349296,433,502
378644,434,528
121946,442,512
235615,444,515
358291,444,520
107957,448,541
238601,451,533
151194,453,514
40167,475,520
134009,476,530
408294,477,526
118276,477,543
93814,478,540
351577,719,785
22337,764,843
264706,772,839
291038,774,848
298922,779,851
261124,781,849
226800,784,851
171183,789,882
242833,793,863
155096,793,880
291912,797,876
272993,803,890
253631,807,880
280712,808,876
19500,809,882
225675,810,877
179722,812,875
326630,813,889
393958,813,898
399678,814,875
108857,814,878
260850,817,882
365216,817,887
342157,819,882
180548,819,886
382010,821,889
335992,824,889
364847,825,896
277300,1077,1176
92670,1081,1128
43945,1089,1159
331447,1201,1308
65017,1213,1277
137621,1213,1290
221039,1216,1312
189012,1219,1327
15122,1221,1286
37271,1222,1314
145528,1223,1290
229529,1226,1321
325510,1227,1324
14798,1228,1301
315853,1229,1322
269395,1229,1328
281779,1230,1319
146561,1233,1311
19063,1233,1319
192591,1234,1299
161804,1238,1327
145222,1245,1306
310879,1250,1309
43744,1254,1318
266821,1255,1324
179250,1259,1329
186441,1261,1311
333336,1263,1326
56699,1263,1351
376436,1264,1324
277644,1268,1331
356233,1269,1327
235085,1274,1323
276882,1275,1341
275399,1276,1357
207534,1277,1355
110435,1281,1345
359778,1281,1360
69762,1283,1352
303475,1284,1356
289593,1285,1361
210464,1286,1347
28715,1304,1373
376027,1673,1757
221938,1727,1859
340457,1763,1857
329659,1793,1855
135621,2057,2113
162087,2066,2142
291911,2070,2119
240800,2401,2474
407844,2401,2490
92812,2403,2475
308594,2411,2519
382579,2412,2494
226383,2413,2484
342123,2420,2491
121097,2420,2495
287693,2420,2507
217481,2421,2499
348382,2422,2487
46412,2423,2513
118131,2424,2487
243058,2424,2492
46413,2424,2500
151962,2424,2503
45526,2425,2489
58692,2425,2505
73765,2426,2487
155507,2426,2493
73764,2428,2496
161803,2428,2523
194260,2429,2491
343400,2430,2494
118443,2431,2492
240774,2431,2514
160776,2431,2517
24286,2433,2496
11961,2435,2496
315092,2439,2528
315093,2440,2550
165825,2441,2534
168326,2448,2540
277173,2451,2543
258022,2453,2514
314167,2455,2550
320584,2457,2518
382580,2457,2543
278842,2463,2518
11339,2463,2527
142075,2464,2540
44491,2467,2540
54606,2468,2544
381357,2473,2536
65051,2473,2541
54607,2473,2559
14812,2475,2542
276615,2475,2561
147603,2478,2542
112920,2481,2560
212078,2482,2543
125362,2483,2546
138444,2544,2613
149661,2553,2621
20220,2582,2651
35854,2585,2653
350431,2586,2678
7872,2587,2651
247027,2590,2654
181902,3012,3085
163362,3024,3114
95847,3058,3114
321101,3294,3383
199624,3332,3399
314166,3384,3455
202213,3390,3463
100888,3402,3455
158035,3504,3568
352136,3504,3580
224188,3516,3613
184785,3521,3646
95846,3530,3649
321002,3534,3649
398865,3536,3647
184786,3542,3647
249996,3554,3619
384803,3557,3638
299394,3593,3638
