62794,70,140
332795,76,197
327030,88,199
95391,105,191
403050,108,192
278215,110,234
331248,112,191
195896,119,216
327031,121,220
390961,124,220
322082,126,242
63832,149,273
51562,155,207
51561,155,210
278216,155,273
278213,158,252
837,167,286
215337,189,322
75916,190,318
322083,197,288
79191,198,310
126072,210,326
331900,216,348
91374,228,319
42610,228,326
170328,228,388
47039,229,313
209040,231,326
312033,232,351
228716,234,324
370671,234,397
371687,235,305
274500,235,326
172173,242,347
46336,254,397
261785,258,394
311295,258,404
126309,259,322
330699,259,326
126073,262,352
345874,265,319
161436,265,373
45758,266,396
100042,269,401
383771,273,393
328166,275,328
19138,275,395
95653,277,403
33407,277,408
220059,280,341
68905,280,357
59768,284,396
159683,287,352
293826,291,347
121779,297,352
79192,299,415
63833,300,403
28741,302,375
1431,308,394
215338,310,434
130902,314,408
305808,318,394
332221,320,396
25643,320,410
141293,322,409
209039,322,420
34074,323,394
51563,323,412
163293,324,408
126074,325,431
371688,325,443
350261,328,409
278214,330,437
181302,342,402
349784,372,448
124342,397,442
172956,412,478
199494,417,515
211476,418,482
408363,425,487
256450,425,534
155915,497,587
25787,505,588
339925,516,615
264792,517,589
19510,522,587
355814,528,593
346146,570,633
39930,572,634
298013,572,641
79193,653,733
154156,654,770
123625,658,796
63834,662,798
261784,666,795
34480,669,794
19821,669,798
384035,686,769
332794,697,818
9683,698,805
178814,701,790
404710,702,787
53361,704,821
81703,741,833
386758,774,850
51560,801,846
72350,843,938
395675,849,940
296373,854,920
3111,857,930
224191,864,955
332796,886,989
123626,888,943
14050,892,972
361378,893,943
168416,893,962
127797,893,966
128656,895,952
365387,895,958
111518,896,968
202941,898,961
387460,899,964
195897,913,976
66975,1041,1115
66976,1041,1139
78131,1048,1130
363227,1048,1166
253476,1049,1110
188434,1049,1121
159860,1055,1105
181948,1062,1122
121006,1066,1165
356825,1092,1139
361603,1133,1200
302599,1147,1196
333495,1152,1218
53362,1203,1289
256535,1217,1293
258015,1217,1318
202019,1233,1311
114957,1247,1303
33476,1397,1474
106073,1398,1470
332462,1404,1471
220060,1404,1483
333191,1405,1473
97462,1410,1472
61563,1412,1474
335782,1422,1491
22491,1433,1485
91267,1439,1555
408462,1446,1552
124425,1474,1597
3708,1479,1597
357901,1479,1606
344788,1480,1534
312632,1484,1599
169051,1486,1564
79194,1486,1602
375776,1487,1593
57257,1490,1600
301260,1496,1635
68898,1500,1562
4850,1502,1600
56297,1507,1610
246268,1510,1578
397597,1521,1597
312633,1521,1619
305130,1535,1638
126075,1538,1638
