31977,126,279
29081,130,267
251441,133,259
120020,135,286
56116,138,298
71136,144,254
183042,145,206
21791,148,287
183040,148,293
286379,152,269
359597,153,264
238120,154,300
360836,155,230
228907,156,277
118027,158,307
213181,161,264
166009,162,234
136812,162,271
60034,163,281
267377,164,228
300638,165,227
304236,165,318
131760,169,231
77240,169,303
333471,171,282
291867,171,297
373959,177,288
59001,178,235
169801,179,293
407261,181,328
271389,182,245
138960,182,248
252280,182,323
270288,183,246
202211,183,283
131859,183,300
130082,184,294
123103,184,320
200932,185,252
270286,185,312
65741,188,249
1007,188,306
71137,189,312
283703,190,291
256159,190,296
376201,191,284
67652,194,297
122970,195,292
362291,197,294
71614,197,310
79092,199,291
351523,201,295
45825,202,329
74704,205,299
2601,210,310
310476,213,329
370672,222,307
217689,233,325
135180,234,297
55208,234,303
377563,235,310
61129,235,327
9078,238,325
269621,245,311
112311,246,329
374860,247,327
11580,250,329
260120,253,329
326650,255,323
246173,257,324
161685,257,328
136756,259,325
372107,263,328
119214,264,329
57984,274,327
13666,276,327
391289,353,417
56115,353,464
376017,353,488
186961,365,440
244653,365,452
65608,365,459
310477,365,502
120021,366,449
387583,366,456
156065,368,438
183039,370,497
93153,372,466
24971,373,463
56283,375,472
123343,375,486
147367,377,528
156066,378,467
380231,380,477
264995,380,487
119858,383,493
118690,384,453
64801,385,462
207689,386,448
391056,386,478
337236,387,465
364284,389,455
136813,392,454
176091,394,455
280417,395,469
34922,396,488
102130,396,494
244654,398,464
93154,399,497
206584,402,512
117414,403,499
87316,404,467
42075,407,496
379612,409,501
376018,414,578
319551,421,493
177450,421,515
351461,421,518
150131,421,577
14960,422,544
307992,423,517
124891,426,487
65710,427,489
87297,427,521
408677,428,572
140297,429,508
270548,430,552
169802,434,491
25582,434,504
277565,435,519
147368,436,578
248661,437,504
171647,440,538
37223,442,514
403540,443,504
355407,443,507
101830,444,500
90544,444,506
49099,446,513
156064,446,519
109261,446,549
213180,448,526
87534,449,512
294405,452,541
393445,453,503
175633,453,527
226518,454,512
264172,454,537
24972,454,553
213602,454,564
219187,455,509
63762,457,518
325576,457,551
152518,458,532
248486,459,530
358620,459,541
88608,464,533
407262,466,586
135240,471,534
116176,471,574
116175,474,585
98777,478,551
150191,478,566
56114,480,575
107836,481,555
408422,481,561
187962,482,539
310475,486,581
387584,509,580
309029,514,574
71138,514,617
244655,524,616
365333,525,601
131758,540,611
375660,541,616
59465,545,616
398501,546,613
247228,571,617
304442,624,693
56284,625,707
300639,637,716
271242,648,721
226021,654,715
43649,654,717
133956,657,721
254152,662,722
355601,679,729
91125,683,729
294406,824,896
230361,825,890
240470,841,890
235969,841,945
126549,846,950
16450,850,918
386049,867,944
166008,878,993
24970,881,973
176722,889,977
10442,964,1039
76752,967,1017
46591,969,1039
218850,970,1037
63642,1210,1277
395134,1232,1290
215981,1235,1290
215980,1235,1293
315514,1294,1352
183041,1302,1408
265832,1306,1395
283702,1314,1391
402664,1321,1408
6623,1322,1399
344040,1324,1388
300150,1327,1390
61359,1327,1392
131759,1364,1447
61360,1365,1451
69691,1377,1442
71616,1379,1442
364285,1385,1461
45272,1390,1454
77625,1391,1463
168166,1393,1476
287960,1396,1464
307990,1405,1467
135748,1407,1459
391290,1409,1472
408676,1409,1482
206267,1409,1485
193133,1410,1457
271664,1410,1462
242915,1410,1479
198402,1411,1454
328354,1415,1457
280604,1424,1478
348122,1424,1483
8634,1425,1467
387585,1430,1477
340397,1519,1578
348639,1519,1585
299250,1519,1588
92222,1519,1597
386390,1519,1602
184115,1519,1614
17040,1519,1628
65709,1520,1582
258937,1521,1600
31381,1523,1579
187769,1523,1584
160269,1523,1587
269631,1524,1598
6281,1528,1611
251832,1529,1601
281741,1530,1596
118728,1534,1598
271663,1534,1600
234086,1534,1610
267441,1535,1596
3392,1538,1611
104078,1539,1603
164505,1540,1601
36011,1543,1604
340396,1805,1865
22346,1805,1884
34583,1805,1922
220648,1806,1903
256158,1807,1891
300324,1810,1890
26584,1810,1911
177164,1813,1939
267685,1815,1878
329407,1817,1902
22347,1818,1937
329408,1819,1927
77293,1820,1930
101282,1823,1890
141156,1839,1936
26583,1839,1956
30880,1842,1957
376019,1842,1961
84915,1844,1959
331341,1851,1958
210413,1863,1955
17414,1863,1959
141064,1874,1952
375659,1892,1956
71139,1898,1957
59465,1900,1964
115273,1980,2065
126,1983,2079
30103,1984,2083
404507,1985,2076
380230,1994,2108
182767,1999,2090
164189,2015,2082
344946,2050,2105
358005,2054,2102
171478,2125,2186
120916,2150,2218
163197,2402,2463
354543,2402,2467
84471,2402,2471
23435,2402,2488
180086,2408,2465
251168,2413,2470
264173,2414,2463
11041,2414,2489
316102,2436,2502
101829,2441,2503
207749,2578,2634
7749,2695,2753
330037,2922,2987
234602,3022,3074
41741,3036,3100
49764,3230,3295
248825,3233,3302
1878,3234,3289
144135,3234,3305
203447,3235,3298
240389,3250,3302
209524,3252,3298
111680,3357,3443
120915,3357,3467
152603,3474,3536
69640,3619,3688
395368,3631,3698
225461,3633,3692
373958,3634,3700
284135,3636,3691
264171,3835,3905
350770,3835,3914
17059,3840,3904
20789,3844,3905
144134,3859,3938
382175,3862,3933
384625,3867,3934
187768,3874,3938
140329,3875,3940
49348,4059,4109
130404,4277,4361
379062,4287,4372
376826,4290,4361
57129,4291,4369
126548,4292,4377
395815,4292,4381
228304,4292,4384
6296,4293,4361
12578,4294,4383
260866,4295,4371
145595,4295,4376
9056,4296,4373
383631,4297,4410
301056,4308,4372
14080,4314,4376
122360,4314,4381
295194,4314,4403
360351,4322,4403
99567,4361,4404
301055,4365,4429
213492,4407,4475
71615,4487,4577
260294,4496,4577
11998,4516,4607
238974,4521,4586
207524,4521,4589
232702,4524,4607
219081,4525,4605
265148,4526,4588
142076,4526,4595
165165,4529,4595
124281,4530,4594
285271,4531,4595
172444,4532,4597
139438,4536,4580
26771,4536,4584
301035,4536,4600
305105,4537,4596
104410,4537,4602
248162,4539,4604
270287,4547,4589
4956,4742,4815
104089,4744,4809
197196,4759,4812
41748,4848,4919
207688,4848,4923
26378,4848,4941
287961,4848,4947
26377,4848,4975
229533,4853,4924
327056,4853,4972
287962,4859,4974
307991,4865,4946
402108,4870,4982
402106,4886,4974
402107,4896,4988
387586,4955,5024
186962,4977,5054
79091,4988,5076
57130,4998,5082
128944,5001,5080
54315,5024,5120
238119,5037,5121
187411,5046,5108
91124,5113,5174
122523,5391,5449
25180,5396,5450
320605,5504,5565
244656,5539,5602
327533,5590,5645
58123,5592,5648
219082,5595,5646
285745,5595,5654
373988,5595,5658
112938,5598,5663
155618,5600,5663
223019,5644,5740
389968,5645,5738
106077,5662,5756
144133,5675,5738
164504,5699,5753
230362,5867,5923
48666,5867,5925
321375,5868,5916
179964,5873,5933
