92614,220,304
92613,220,314
310835,222,316
129329,222,322
141430,223,287
403697,223,311
6918,224,285
40409,225,307
184838,226,283
316860,226,290
32861,227,301
116107,230,301
183767,232,293
118767,233,307
41594,237,303
52615,239,304
150763,241,295
156858,242,307
208764,243,304
10297,243,310
151195,243,328
254364,245,306
243255,247,294
168887,248,309
80838,248,329
292591,250,311
28368,252,313
232794,256,336
272998,270,332
69009,272,332
309834,273,333
265246,304,410
374037,337,423
210829,341,415
277428,515,564
168450,515,617
247420,612,704
66998,613,693
159986,619,703
113817,632,694
258492,632,704
193797,653,703
199423,731,789
87764,733,794
353833,734,831
337012,735,788
274989,750,830
274988,757,834
316727,758,822
294856,762,826
248349,770,832
298873,772,834
309744,776,826
18588,790,833
318687,923,1011
318686,939,1011
167887,945,1021
282704,952,1011
49614,954,1039
293245,959,1023
219634,1095,1153
794,1097,1167
373493,1399,1463
272999,1400,1478
288331,1443,1509
45667,1448,1509
399750,1450,1513
15527,1462,1510
346782,1772,1857
11886,1773,1848
183188,1773,1851
80260,1779,1854
296297,1779,1862
25897,1781,1852
28626,1790,1855
12206,1869,1931
167883,1872,1993
167882,1875,1992
195631,1902,1985
61047,1908,1993
45373,1915,1978
403421,1925,1996
161394,1931,1995
224912,1934,1997
52892,1941,1995
85619,2047,2122
112273,2159,2237
223724,2160,2228
101043,2162,2223
308864,2162,2238
377327,2166,2236
61048,2175,2246
98114,2184,2247
50256,2275,2348
186760,2277,2319
137201,2280,2333
102672,2386,2468
384283,2396,2453
201738,2397,2466
29943,2400,2467
285092,2415,2476
241265,2416,2483
137486,2421,2495
361523,2429,2498
117938,2440,2506
69008,2595,2650
397028,2601,2653
72844,2683,2743
317529,2685,2752
37754,2698,2774
41412,2728,2777
227601,2733,2804
678,2809,2872
221847,2974,3032
291395,3004,3070
346716,3280,3348
281710,3291,3392
30481,3294,3406
77147,3306,3370
231391,3320,3380
326986,3324,3388
278219,3330,3393
310836,3331,3380
113502,3331,3394
383566,3333,3394
187705,3334,3398
303711,3336,3388
68359,3336,3402
68358,3336,3415
116108,3341,3404
296296,3343,3406
8531,3344,3409
87122,3344,3419
184608,3345,3412
76160,3345,3430
77988,3352,3413
86650,3352,3452
219635,3354,3418
226838,3356,3438
68826,3357,3445
46304,3359,3453
227600,3360,3428
57807,3364,3425
141850,3364,3429
25545,3364,3461
262360,3365,3432
328505,3367,3438
278972,3367,3469
234186,3370,3459
97346,3383,3445
152609,3386,3456
46499,3389,3461
265247,3392,3463
406800,3394,3450
159227,3413,3463
405231,3481,3558
173213,3482,3556
42360,3487,3559
200450,3490,3554
305913,3496,3559
199382,3497,3544
161924,3497,3555
298927,3498,3559
346781,3499,3562
76855,3501,3559
382496,3501,3564
367312,3565,3627
328916,3565,3652
295148,3568,3670
305523,3572,3654
295147,3573,3670
99874,3574,3639
253425,3579,3640
188810,3581,3639
360993,3582,3658
134766,3586,3665
102152,3587,3654
102271,3588,3669
399021,3589,3689
151194,3592,3655
408529,3594,3656
309979,3594,3658
370326,3597,3676
28367,3598,3662
79060,3600,3663
218377,3603,3680
326988,3603,3692
190917,3604,3689
151017,3605,3679
289624,3606,3675
12207,3608,3667
287200,3609,3677
183187,3609,3680
228734,3610,3690
74675,3611,3674
116371,3611,3682
208647,3612,3675
167745,3612,3688
147902,3615,3681
232795,3616,3684
170030,3619,3694
197792,3785,3856
406308,3796,3914
61046,3811,3914
331382,3812,3931
278220,3816,3905
165415,3819,3875
180,3820,3903
210348,3821,3912
81733,3821,3935
147564,3822,3894
59304,3822,3916
57259,3828,3925
402839,3829,3915
13070,3830,3922
408425,3832,3921
3922,3837,3915
352035,3843,3919
165016,3847,3913
400753,3851,3937
110595,3853,3915
148876,3857,3913
233376,3859,3936
330073,3860,3921
173467,3861,3925
85758,3863,3925
312242,3871,3912
326987,3871,3914
50291,3872,3915
178198,3880,3935
219636,3929,3986
142794,4085,4154
267251,4092,4170
61244,4101,4171
55619,4102,4167
277457,4104,4169
142348,4105,4168
384281,4107,4168
3892,4108,4171
277456,4109,4180
249973,4116,4174
149249,4116,4180
190774,4116,4187
62090,4120,4189
377484,4120,4203
145532,4123,4179
47910,4124,4176
183186,4124,4189
238693,4126,4183
36404,4126,4198
145297,4128,4203
188387,4129,4191
216525,4131,4179
48524,4176,4240
382091,4201,4261
283480,4204,4283
256416,4208,4281
146032,4221,4281
70485,4221,4296
341858,4222,4283
33436,4249,4343
103674,4311,4357
167883,4413,4520
190775,4426,4499
139480,4446,4512
114241,4451,4513
