136288,86,159
73879,87,152
158925,87,156
379840,87,163
126518,87,193
343971,87,210
306752,91,152
79465,91,166
83742,93,153
153276,94,152
67155,98,153
187130,100,179
181120,101,225
360104,107,201
14002,107,226
377864,107,233
282723,113,220
91373,113,225
37320,114,212
71783,122,184
218389,125,188
88669,130,194
246172,131,199
88714,132,226
22567,135,196
74685,135,200
370213,137,217
110117,142,203
175962,146,230
6648,150,283
401399,154,293
13827,156,222
323308,158,282
248534,158,288
378190,168,275
271955,169,302
106155,181,296
401398,181,364
180295,183,270
297601,190,281
347506,191,333
90390,199,252
270413,201,347
13125,202,320
330953,204,334
24192,206,312
90392,207,299
59885,210,320
335216,211,340
59886,213,333
51236,223,347
138478,225,349
71910,228,380
74270,230,372
51480,234,357
197515,235,334
15576,241,345
289944,242,322
245835,245,338
179947,247,363
184993,248,371
4719,250,373
231256,253,380
173226,257,372
270412,258,383
196409,260,337
228179,263,371
241071,269,368
378424,270,386
180780,273,373
234720,282,394
204276,282,413
90391,283,391
167821,285,407
50369,288,365
47576,288,398
70644,290,375
245836,309,461
357809,320,434
93732,323,374
194044,326,432
77409,328,455
52692,339,448
122076,341,467
22108,342,473
371730,346,463
291690,349,413
281733,349,430
76269,349,451
99218,350,441
330311,350,445
202533,357,451
26146,361,463
204277,367,472
147815,371,461
379804,388,464
307957,390,470
180781,391,462
347507,399,485
206719,412,467
323309,413,501
24535,418,497
187128,418,500
323310,418,527
187684,439,505
187129,442,564
33073,446,500
63652,474,542
71909,476,565
398704,483,527
110680,504,565
378189,515,565
360531,727,797
144342,761,857
124200,783,847
380018,783,856
334612,786,844
120006,794,888
326256,795,854
59415,795,857
373700,798,875
115097,800,877
96772,803,870
124381,804,866
117974,867,942
372063,911,972
276721,914,986
292521,926,986
28396,969,1034
351469,973,1040
24388,974,1043
288587,980,1035
395556,1023,1126
30939,1023,1141
384730,1025,1124
105554,1028,1096
148590,1028,1106
301300,1030,1131
308287,1032,1121
337,1033,1133
122108,1035,1126
14259,1044,1139
350777,1047,1136
276465,1062,1135
235439,1063,1140
217249,1066,1129
350778,1066,1142
248533,1084,1133
51794,1085,1141
13009,1087,1137
79330,1090,1144
157983,1268,1348
263688,1270,1338
209990,1272,1337
235438,1273,1350
375963,1345,1412
65829,1351,1413
167730,1351,1417
343319,1354,1414
61094,1354,1417
116484,1356,1428
116485,1356,1435
260224,1373,1432
47298,1389,1452
384731,1397,1462
403884,1398,1452
342653,1400,1451
300291,1407,1457
395305,1604,1659
98247,1744,1805
183471,1771,1837
285792,1811,1880
375963,1964,2029
138747,2187,2246
266675,2338,2410
72874,2424,2485
241574,2470,2535
39322,2519,2580
329384,2525,2581
115691,2626,2693
88267,2626,2713
24534,2636,2701
378425,2637,2721
146882,2645,2699
188874,2646,2708
240083,2652,2698
1679,2657,2715
184908,2838,2905
13449,2844,2904
189167,2849,2906
252089,2867,2913
161622,2928,2994
323307,3230,3315
131148,3362,3448
206246,3396,3460
36114,3397,3464
202534,3416,3485
114454,3432,3499
78085,3436,3499
383668,3439,3497
4802,3855,3908
264505,3856,3918
95314,4062,4174
299484,4080,4170
299485,4080,4175
55726,4081,4164
68779,4081,4181
207873,4083,4183
109569,4094,4153
167220,4094,4169
44223,4094,4176
138477,4098,4167
368745,4098,4171
185346,4098,4189
185347,4107,4190
138114,4109,4172
185348,4127,4188
