168804,85,240
251582,91,159
207897,92,226
56697,93,202
54814,94,156
404998,97,200
239965,98,233
118944,103,216
258458,105,218
348184,105,242
217622,113,186
3766,113,212
163133,116,193
351969,116,243
325191,117,264
4396,118,252
33147,119,212
103834,122,231
368692,122,285
3142,123,254
181494,126,255
123316,126,277
36232,127,261
282223,130,247
321892,132,242
55014,138,229
321893,138,237
201109,139,224
321401,142,251
283703,144,225
31346,148,254
90448,150,228
106900,153,235
209753,153,286
67407,155,268
51236,156,294
65464,159,313
24274,162,316
151863,165,222
27233,166,221
102129,166,231
128928,166,292
4757,166,311
132165,170,262
152989,171,304
283702,179,257
90308,181,308
390067,183,350
407653,184,307
4719,188,305
207746,196,328
223864,197,319
54055,200,305
130287,203,308
96178,203,317
96183,207,346
27021,211,307
388081,218,364
393706,221,318
163302,221,332
10373,223,316
148475,223,347
271477,228,352
3584,230,307
306759,234,391
112009,236,352
346522,237,311
343401,240,345
195526,242,371
360943,247,358
72596,248,343
52362,249,369
293616,252,375
102136,253,371
252603,254,344
27009,255,351
56865,257,378
50330,257,386
40381,258,365
103543,259,356
9047,265,381
55013,266,386
15486,266,392
339322,268,328
14934,268,338
207896,269,350
50332,276,393
56099,280,376
22108,283,393
274460,286,352
407813,287,364
165181,295,389
345625,296,400
287958,299,395
106001,319,413
161304,321,455
342288,331,456
334060,398,451
166081,491,551
56698,491,584
125226,491,587
323967,492,545
195152,496,587
256921,497,591
45712,516,571
266556,517,574
392383,519,579
300180,582,637
406052,584,655
79212,592,655
80166,593,661
96772,598,655
225044,606,690
389988,609,681
188650,614,673
47267,616,672
38892,622,684
227822,629,686
352004,638,690
181495,644,757
11667,648,707
389684,652,750
35606,654,769
181496,662,763
329656,667,716
372561,669,769
129397,692,762
112174,699,761
62316,701,760
222975,702,750
71873,708,756
340524,709,771
101096,717,782
88603,722,772
262877,723,786
106095,973,1024
291133,973,1032
291132,973,1036
185844,974,1034
225009,976,1028
348939,1040,1103
244984,1045,1103
161306,1190,1318
161305,1239,1313
274582,1377,1444
174159,1378,1442
2260,1378,1454
302980,1379,1471
194910,1382,1433
311947,1382,1444
280921,1383,1440
399536,1383,1467
218694,1383,1472
316317,1385,1491
280508,1387,1452
16113,1388,1458
6497,1388,1466
318656,1391,1469
83471,1393,1472
80698,1394,1467
161580,1399,1462
80697,1400,1504
73607,1402,1477
316318,1404,1504
33506,1407,1480
26023,1408,1472
323182,1409,1482
33841,1409,1485
343329,1410,1473
245905,1410,1489
125748,1411,1474
103863,1411,1494
248883,1412,1475
884,1413,1477
231340,1413,1514
252602,1415,1516
13886,1416,1505
368807,1418,1475
309845,1420,1484
353229,1420,1491
40382,1420,1504
231341,1422,1484
218693,1422,1527
144643,1427,1522
3746,1428,1517
218262,1429,1490
1310,1429,1492
287031,1432,1516
18567,1434,1523
169231,1437,1496
53762,1441,1510
63056,1443,1516
274555,1446,1507
117263,1447,1508
152759,1447,1511
93488,1454,1515
370082,1454,1529
405998,1455,1523
299185,1456,1519
176327,1460,1528
107759,1460,1533
233482,1461,1518
327510,1461,1553
1838,1568,1629
121355,1570,1634
348243,1575,1648
62917,1584,1667
75077,1596,1667
95081,1896,1948
374074,2223,2285
127648,2239,2296
209754,2239,2298
220257,2239,2305
407814,2239,2308
43581,2243,2299
65713,2250,2305
351610,2257,2329
