256393,467,554
401059,473,540
359105,474,558
18687,478,562
354688,479,555
209319,483,545
101586,484,560
171355,485,552
256501,487,548
155282,490,559
232872,493,556
17117,495,562
155680,496,572
65723,499,570
291611,500,565
120393,501,562
296440,503,565
123733,503,573
81808,504,556
326850,504,566
33583,506,565
282119,508,580
293638,508,587
256500,509,571
325066,563,629
383150,601,648
93802,1273,1327
16954,1361,1447
188210,1361,1476
353520,1371,1465
380420,1374,1469
130778,1380,1455
142495,1381,1450
336314,1402,1473
403820,1411,1472
365334,1414,1467
389465,1422,1491
56799,1425,1484
254912,1518,1587
262572,1520,1584
27238,1545,1601
129450,1584,1652
324714,2003,2060
188210,2120,2224
39650,2127,2217
70900,2129,2189
260555,2131,2221
261641,2151,2225
