222505,110,275
319637,116,262
184878,118,255
373024,120,230
248006,123,249
267942,126,196
71815,128,241
209835,129,261
61557,132,256
102921,132,264
348184,132,281
7605,133,271
96364,134,294
137450,142,268
199987,152,262
266416,152,277
408251,153,282
4396,153,293
107284,154,274
3142,156,283
402919,156,301
400496,158,256
134091,159,296
266245,168,210
119,168,284
205379,168,289
291857,169,254
105935,170,252
367750,170,260
208891,172,275
1007,173,260
15962,173,296
303371,176,292
67652,180,265
96365,182,263
319638,182,303
49372,182,310
4710,183,252
282525,186,265
322259,194,268
299055,195,304
190736,195,308
304058,196,254
109777,197,277
207829,198,260
113910,202,282
229721,203,265
260348,206,263
361163,207,299
140472,212,329
6623,216,295
377676,216,329
47951,217,319
123662,218,337
291858,219,348
29023,220,355
367870,221,334
129062,221,340
4719,224,350
128214,231,363
141306,231,414
200724,235,334
116683,239,348
302132,244,351
162994,245,395
71081,245,403
304335,252,353
255829,254,389
26227,257,402
361164,258,358
102118,259,367
345554,259,376
3584,261,356
314515,261,364
366843,264,347
189195,264,454
9682,265,372
102119,265,380
51950,265,402
316113,266,344
96363,266,356
47576,266,398
34026,267,407
267846,268,441
113854,270,369
302131,276,355
95325,276,402
391433,276,455
314516,278,409
289883,278,417
48094,279,381
205380,283,422
141307,285,456
65608,287,367
15963,288,433
194422,289,371
29482,289,411
222504,291,405
3933,293,400
241664,298,440
400495,299,362
318756,299,370
107162,300,375
264704,300,416
3583,301,423
274718,302,402
15486,304,445
7193,305,455
137451,305,461
36507,308,403
77409,308,439
6665,309,393
241663,309,406
41376,309,423
52279,310,353
38535,310,376
180072,312,461
48078,313,439
345555,317,452
265739,318,404
107099,319,382
38537,321,409
302161,321,429
335829,322,364
289037,322,381
254685,322,414
361921,322,440
91499,322,449
24862,325,408
200725,326,403
64130,326,423
354486,326,457
212789,327,391
361923,328,404
71095,328,419
27699,332,393
8064,336,415
128664,336,428
230058,338,400
187807,342,403
29176,342,426
330172,344,416
289884,344,425
33944,349,456
238663,350,402
322888,352,425
200917,354,407
4924,356,426
3699,367,457
116684,373,416
282170,380,455
276656,382,451
334343,391,453
298136,393,451
408467,406,454
92603,569,626
39872,571,620
405046,572,627
226868,574,630
164180,581,634
306895,743,786
180316,744,793
331158,745,790
233387,777,886
265502,788,877
233386,795,894
302129,854,937
193793,861,933
340098,862,927
381569,862,938
242130,862,941
298618,863,935
302130,863,955
217359,865,926
91925,865,939
289885,866,947
7869,869,935
164179,870,933
314319,871,937
327340,875,944
107307,876,953
4618,877,943
107949,897,963
45242,900,957
241772,969,1065
299821,992,1054
4884,993,1050
241771,1159,1239
257265,1159,1276
60071,1169,1238
340415,1178,1251
42674,1179,1254
96389,1181,1263
77461,1186,1253
277794,1194,1253
51424,1209,1259
168658,1220,1291
148996,1222,1288
61324,1222,1296
106543,1225,1293
68213,1252,1296
223302,1378,1450
285635,1381,1489
81039,1383,1486
105253,1385,1492
204188,1386,1488
281102,1389,1440
122628,1391,1491
189735,1393,1453
132298,1393,1481
366527,1394,1488
213502,1396,1455
238330,1396,1468
72859,1396,1494
128937,1397,1502
366526,1398,1505
72860,1404,1510
184762,1408,1494
309941,1409,1491
211535,1411,1509
81040,1412,1489
241773,1413,1524
234875,1421,1494
196079,1424,1489
14606,1426,1491
177332,1431,1488
46318,1443,1518
113858,1452,1529
187579,1453,1532
57916,1454,1530
179080,1454,1536
66550,1455,1510
202228,1464,1554
72861,1467,1530
206345,1474,1544
107845,1494,1559
130153,1502,1572
226846,1510,1583
248077,1515,1583
153997,1516,1573
392315,1798,1859
258468,1824,1901
81041,1852,1903
175157,1882,1992
317002,1945,1996
347828,2043,2105
196184,2130,2192
110196,2140,2251
42679,2142,2203
182987,2157,2213
116685,2199,2277
53133,2219,2281
314488,2220,2283
176442,2233,2279
359662,2233,2309
359663,2233,2314
108926,2234,2319
222503,2234,2327
338293,2238,2312
216684,2244,2320
129704,2245,2314
104665,2245,2323
4619,2245,2333
282653,2245,2336
200805,2247,2317
139511,2248,2311
211350,2248,2314
407890,2248,2321
29483,2250,2316
378142,2254,2320
202287,2255,2328
199988,2257,2319
42673,2257,2327
119532,2261,2320
212542,2262,2321
347130,2263,2320
395410,2264,2318
176443,2264,2326
69521,2265,2328
139510,2266,2320
98107,2267,2323
27745,2268,2332
258781,2397,2476
150919,2407,2476
358730,2415,2477
242553,2418,2477
2620,2651,2706
389216,2687,2756
347286,2699,2776
238329,2699,2783
289886,2701,2772
204520,2705,2778
123664,2707,2779
150920,2723,2785
53115,2799,2861
181204,2800,2878
107797,2806,2874
367869,2809,2887
89723,2814,2880
273038,2817,2888
68190,2818,2877
225382,2819,2891
212487,2821,2877
367084,2832,2885
129703,2832,2897
200723,2832,2912
182506,2833,2932
381246,2839,2909
288084,2849,2910
190340,2852,2912
276240,2855,2903
32465,2880,2932
150720,2890,2951
61556,2893,2956
56280,2910,2959
324615,2920,2969
354641,2923,2982
43258,2923,2985
59135,3002,3072
160404,3072,3138
126731,3074,3137
196185,3077,3139
108858,3081,3138
119265,3082,3139
52044,3434,3496
227339,3449,3564
333372,3501,3564
153814,3503,3565
200858,3515,3574
237041,3519,3577
352585,3521,3574
366572,3526,3607
168367,3614,3677
216346,3629,3691
3698,3865,3912
47388,3865,3921
102117,3865,3935
358702,3866,3927
366770,3867,3924
367908,3867,3926
326226,3867,3940
15466,3868,3917
70195,3868,3937
74486,3869,3922
92286,3871,3915
298184,3871,3933
216685,3874,3946
222486,3924,3985
401647,4420,4490
223303,4422,4506
26228,4481,4568
299795,4498,4563
3700,4501,4559
391336,4657,4777
188075,4666,4731
121959,4695,4773
75849,4731,4819
194514,4735,4786
17597,4763,4816
382290,4781,4863
140832,4790,4854
101666,4791,4861
7870,4801,4851
194423,4802,4868
240560,4826,4872
