251417,106,180
341054,110,195
31490,116,189
200027,117,237
56116,120,284
300176,121,279
169875,124,249
322613,126,287
61259,127,275
399508,128,201
137474,129,244
126451,130,261
140727,132,283
297905,134,225
344930,134,251
284453,134,257
65919,134,271
50345,136,191
392959,137,222
359205,138,227
97177,139,206
218511,141,271
252015,142,299
41828,146,253
236582,148,226
133757,148,237
224088,149,296
135187,150,242
39853,150,254
7883,152,233
148670,154,266
63661,155,290
206036,156,220
209316,157,240
203579,157,247
49997,158,236
139828,158,282
94464,159,271
207321,159,276
155930,160,221
52601,161,227
244508,161,230
50228,161,283
3609,161,289
371731,164,220
24485,164,276
361767,164,285
23139,165,228
76750,165,288
245493,166,294
292267,167,233
198165,167,270
25534,167,283
287582,169,233
148407,169,249
86428,169,292
91666,170,232
17652,170,287
167609,171,221
333854,171,231
3142,171,310
279977,173,219
223996,173,264
3338,174,262
123532,174,271
1007,175,285
160461,176,319
362240,177,270
371230,177,283
39854,177,299
14990,179,292
401426,180,241
132851,184,258
192474,185,310
315456,196,306
360183,198,289
68783,202,328
9661,205,343
357681,208,277
368646,212,330
63662,220,336
345418,220,354
361283,221,340
160462,223,386
80295,224,352
273449,226,347
273450,226,369
143599,228,288
9307,232,347
181876,233,340
5833,236,353
224012,237,320
372425,237,323
20525,239,351
193587,241,361
79289,242,354
245943,245,364
89062,248,354
31314,263,397
185417,265,353
94125,265,401
9308,269,374
355719,269,398
185273,272,351
8802,274,377
228508,278,354
254168,278,374
250636,278,400
82838,278,424
219051,279,383
193588,279,396
234720,279,414
8217,280,348
120412,280,371
314515,280,390
4794,281,354
20378,283,364
232975,284,353
311215,285,416
225640,290,407
378084,291,377
47576,293,416
7528,295,441
63663,296,421
112009,297,424
289883,298,437
56115,299,392
101680,302,418
213484,303,392
34496,304,438
309487,305,373
39855,307,436
45421,308,390
67633,309,415
100604,310,460
7529,310,488
108886,313,440
247206,317,472
39856,321,454
169323,322,440
306932,323,399
213483,324,392
284451,324,449
407577,325,436
391275,326,389
50227,326,431
71818,327,399
286472,329,422
194044,329,444
127253,333,443
368647,334,488
42075,336,411
358710,337,419
19467,337,426
137473,337,486
123872,339,422
250851,339,451
112010,340,466
160007,341,411
315455,343,419
393115,344,400
234,344,404
156415,344,413
370306,344,448
402712,345,429
311214,346,472
126452,346,490
82839,348,512
362241,349,468
88559,355,443
210800,356,429
63664,371,480
232974,381,496
191696,387,483
56114,394,489
163502,395,459
164146,396,512
4291,397,463
56840,397,502
203580,399,483
49754,409,511
317771,428,492
274936,438,500
326850,439,498
21544,439,504
84885,549,643
125746,557,672
358669,561,618
24698,569,644
407578,569,671
67254,569,677
402711,574,661
220319,574,673
49753,574,679
172917,574,686
1833,578,637
169324,580,665
191511,581,638
285287,581,722
184254,582,643
97963,583,713
278434,585,647
269848,587,685
86429,588,675
148671,589,684
405163,592,680
325027,593,674
88609,594,665
101681,595,658
50174,600,686
230216,603,675
300175,613,672
200504,615,677
235590,615,688
129674,621,692
174801,621,735
39964,622,686
319710,622,702
252016,623,679
392958,623,682
351658,624,668
242508,624,684
176313,625,685
86427,628,673
231212,650,734
2204,652,748
401659,678,761
160403,679,783
153935,680,749
254167,684,791
363782,687,787
56080,689,745
25205,693,800
12617,697,762
129782,697,780
72444,699,791
288609,702,767
391272,707,798
24158,710,784
25541,711,786
391273,711,798
289884,713,802
21251,714,787
203577,716,802
238798,718,793
175211,720,801
240911,722,779
254422,725,786
390460,725,801
113110,727,792
40117,728,789
194043,729,791
372795,730,794
128317,739,803
97122,740,802
327721,742,800
78563,745,798
388634,771,835
106202,818,879
349632,834,902
219650,1054,1141
283845,1055,1101
352729,1055,1104
61512,1055,1147
225641,1057,1107
233415,1057,1156
45238,1058,1146
405164,1058,1151
216394,1059,1148
149681,1061,1121
162517,1078,1156
224445,1115,1181
313092,1173,1277
223124,1188,1248
31913,1206,1268
130134,1209,1278
22949,1214,1289
404110,1215,1281
269847,1218,1288
65098,1223,1286
196205,1224,1274
219812,1224,1282
169663,1225,1287
86273,1228,1292
86180,1232,1284
179218,1233,1286
64770,1237,1299
86181,1238,1291
328316,1263,1330
191842,1266,1337
6288,1307,1372
296314,1309,1360
138396,1489,1548
265356,1511,1581
161374,1514,1585
3654,1515,1574
200026,1515,1580
330134,1524,1581
258727,1577,1636
265579,1637,1756
55892,1768,1832
284864,1940,1992
305491,1940,1995
17104,1940,1997
234526,1940,2008
9840,1940,2014
233450,1940,2017
182389,1941,2006
235920,1942,1996
27914,1942,2003
176088,1943,2009
119509,1955,2014
99931,2008,2090
251418,2010,2088
43792,2012,2090
305212,2013,2081
13925,2017,2100
121197,2031,2114
300177,2032,2092
114355,2041,2103
285146,2042,2113
399494,2052,2116
199047,2059,2112
369916,2065,2135
18031,2068,2115
160006,2091,2164
393385,2194,2273
166879,2194,2284
43793,2195,2302
50609,2206,2282
150752,2209,2285
170269,2210,2277
376433,2210,2282
1092,2210,2290
149607,2213,2282
159277,2215,2290
327756,2215,2297
72494,2216,2283
266376,2219,2284
247834,2223,2307
349083,2228,2282
159134,2229,2281
265580,2229,2284
352250,2230,2315
389520,2231,2297
79574,2231,2317
12008,2234,2313
64003,2255,2309
246324,2256,2317
30354,2266,2317
226132,2271,2317
302657,2274,2318
383814,2373,2429
3551,2374,2431
48957,2526,2596
27996,2526,2615
352728,2526,2625
103561,2527,2621
289885,2529,2590
112077,2531,2598
54499,2531,2622
286740,2531,2629
128318,2532,2604
121196,2532,2607
359206,2532,2611
238614,2537,2601
242507,2537,2610
14214,2539,2613
352342,2539,2617
200070,2539,2633
128640,2540,2604
200354,2541,2606
192380,2541,2610
17987,2542,2614
74255,2543,2630
185629,2545,2607
143165,2546,2611
170268,2546,2635
37542,2548,2619
351636,2549,2611
66515,2550,2617
317770,2550,2620
363784,2550,2625
266093,2552,2618
208975,2553,2626
15627,2557,2633
363783,2557,2666
158309,2563,2627
209894,2565,2626
236736,2569,2632
383815,2569,2648
16953,2571,2682
77857,2579,2674
175434,2580,2687
291180,2584,2645
303383,2584,2660
26156,2584,2672
383582,2585,2653
10851,2585,2682
264649,2586,2636
288205,2586,2663
26807,2588,2647
296777,2588,2678
315454,2589,2636
175102,2590,2648
302477,2590,2661
191784,2590,2665
115144,2591,2644
330882,2591,2649
57083,2597,2679
184253,2601,2682
233451,2605,2672
392683,2608,2677
286508,2614,2682
259055,2621,2684
346551,2624,2687
350163,2637,2731
308753,2696,2763
369917,2707,2772
352730,2709,2762
119978,2710,2771
313063,2861,2950
32305,2861,2958
181867,2862,2908
189238,2862,2912
95201,2862,2916
50229,2862,2933
149516,2863,2925
139069,2863,2941
320686,2864,2921
72921,2866,2914
81624,2866,2942
251450,2866,2945
41400,2872,2957
230384,2873,2950
389992,2875,2955
56879,2876,2948
94452,2878,2951
37226,2881,2942
405162,2886,2964
167833,2890,2947
204820,2893,2963
208170,2894,2968
191510,2895,2970
133358,2900,2965
72336,2908,2969
208559,2909,2965
157567,2911,2979
328317,3081,3160
273835,3098,3161
13923,3111,3174
51811,3177,3235
231056,3181,3257
375923,3199,3277
155948,3200,3257
193221,3202,3260
364688,3202,3282
117623,3212,3285
172921,3214,3268
149608,3214,3288
206976,3216,3267
160460,3216,3297
152410,3219,3306
11896,3220,3261
352274,3229,3293
99090,3263,3334
181148,3302,3357
398992,3302,3359
232193,3303,3376
164754,3306,3376
13924,3320,3393
126723,3421,3485
362764,3423,3486
305492,3425,3474
344843,3427,3481
16387,3454,3517
8653,3495,3554
235825,3499,3555
65995,3505,3554
220860,3505,3582
86231,3521,3578
9991,3543,3608
273544,3771,3814
367887,3786,3852
362765,3889,4018
116852,3893,3959
282342,3916,3991
139068,3941,3992
46440,3941,3997
48956,4136,4206
203578,4330,4380
299391,4358,4443
155929,4392,4448
133597,4497,4569
241718,4503,4564
120234,4503,4566
285288,4504,4567
49413,4504,4577
265640,4507,4565
293281,4508,4564
335814,4508,4584
371267,4517,4577
122750,4521,4564
391274,4521,4573
60762,4522,4566
333131,4522,4583
156416,4529,4579
160404,4665,4730
100605,4670,4747
134066,4682,4739
182388,4692,4738
225822,4861,4935
198164,4893,4957
92331,4895,4966
370211,4896,4979
364687,4908,4978
130733,4911,4972
49412,4914,4977
21332,4924,4979
198961,4926,4982
36436,4927,4980
86272,5021,5077
72443,5021,5079
68191,5021,5083
289886,5021,5088
139987,5022,5084
85817,5024,5082
4555,5290,5370
132306,5292,5397
319711,5295,5384
224444,5296,5420
374133,5300,5414
122749,5324,5385
16,5444,5530
22490,5445,5526
285286,5461,5525
286667,5483,5578
108887,5504,5599
25719,5515,5582
230064,5536,5598
160391,5545,5599
204821,5575,5639
224444,5583,5705
377677,5626,5699
13195,5628,5703
247555,5630,5710
21546,5632,5683
21545,5634,5705
202142,5646,5721
13741,5960,6063
313399,5982,6066
84384,6017,6079
301038,6032,6130
301039,6055,6130
150093,6096,6154
91918,6105,6155
300070,6107,6151
366695,6109,6160
13926,6110,6173
82466,6111,6159
381991,6112,6160
125441,6114,6163
376449,6115,6160
176327,6118,6171
370413,6123,6168
325923,6340,6409
193586,6344,6408
373716,6369,6427
32681,6382,6436
2201,6385,6436
84824,6586,6660
32680,6586,6664
3704,6587,6652
2203,6587,6657
153936,6597,6658
238797,6692,6753
400342,6729,6791
78562,6733,6798
71490,6751,6815
313093,6759,6842
217377,6761,6826
71491,6764,6816
3705,6769,6844
100606,6801,6859
183593,7270,7327
291797,7270,7331
181875,7270,7334
249778,7270,7344
36435,7271,7332
166584,7271,7357
390529,7273,7315
367045,7273,7327
113010,7274,7316
251449,7276,7342
360315,7277,7325
15884,7279,7347
174800,7289,7356
151454,7411,7456
68192,7429,7527
335978,7441,7526
362766,7453,7527
178182,7681,7745
294976,7683,7761
389468,7693,7760
323051,7711,7772
164013,7730,7796
384773,7734,7796
4090,7735,7804
245405,7737,7798
370134,7756,7827
138592,7888,7950
31188,7905,7978
388749,7932,7987
13974,7997,8064
309459,8000,8065
225782,8001,8075
46325,8007,8076
248766,8010,8068
1925,8014,8076
342204,8014,8081
338131,8014,8091
395674,8030,8081
356708,8084,8151
94789,8086,8142
102070,8134,8191
51665,8451,8507
232194,8557,8625
140677,8560,8608
74333,8562,8617
46411,8568,8631
324331,8703,8765
312533,8748,8828
382354,8749,8852
196282,8801,8854
94463,8810,8883
176149,9189,9257
64759,9189,9271
300072,9190,9276
300071,9190,9297
327722,9191,9246
182387,9191,9266
169280,9192,9250
257240,9192,9257
175435,9248,9322
224443,9329,9399
106975,9342,9397
225642,9345,9405
315584,9428,9506
21331,9431,9482
227809,9451,9509
596,9451,9511
132338,9461,9511
170330,9463,9524
150279,9472,9524
201050,9479,9591
391271,9480,9540
224443,9534,9611
234178,9722,9784
286537,9760,9821
202877,9867,9938
191840,9916,9966
398126,9923,9969
371268,9989,10059
120233,10081,10134
155042,10086,10135
191841,10226,10288
66723,10426,10512
132541,10467,10532
238852,10488,10580
373715,10525,10582
344660,10841,10889
143164,10864,10918
337200,10871,10938
257984,10881,10944
364810,10896,10970
134719,10898,10962
134718,10905,10964
240334,10906,10965
230383,10972,11041
190582,10986,11037
2202,10987,11041
93258,11262,11325
92258,11263,11328
136347,11265,11327
181526,11265,11329
131772,11265,11335
320685,11289,11344
40257,11290,11351
173678,11291,11374
8422,11298,11365
73645,11312,11380
224445,11314,11392
57781,11318,11380
256381,11354,11403
112694,11414,11464
