103167,127,176
32593,128,184
216634,142,238
229821,146,207
63606,147,202
379717,243,300
171655,679,763
337384,679,792
58421,680,753
38253,681,751
350806,683,796
315820,689,751
303777,689,760
6812,692,798
266076,697,746
202207,697,796
25896,698,761
120599,699,795
179409,707,797
388887,709,791
149642,715,796
215083,717,797
25311,721,785
302705,727,791
71613,732,795
331843,923,969
98790,933,1033
317006,939,1045
6697,940,1008
70827,942,1020
38255,942,1025
172935,942,1034
214553,944,1038
296372,945,1034
355163,949,1030
61698,951,1020
224669,955,1033
203974,956,1020
98791,958,1021
117708,958,1038
345691,960,1024
244875,961,1029
231998,976,1039
259834,1074,1140
272177,1107,1164
124106,1109,1160
329999,1128,1193
259525,1130,1175
265682,1130,1192
399441,1130,1205
34541,1134,1217
176956,1140,1196
239204,1149,1235
92065,1156,1245
194194,1157,1247
34542,1160,1254
295612,1162,1256
347800,1163,1236
241022,1165,1259
119190,1166,1246
239203,1167,1248
292217,1167,1254
36768,1168,1229
70664,1168,1241
171656,1170,1262
201355,1171,1260
38427,1172,1229
300644,1193,1234
106749,1193,1242
8346,1194,1257
289720,1486,1538
302138,1512,1575
347825,1514,1566
149389,1529,1595
14916,1530,1582
91252,1530,1592
255447,1530,1598
13961,1531,1587
11041,1536,1599
54509,1572,1625
203844,1579,1636
91886,1738,1810
165124,1746,1833
298555,1751,1830
176330,1753,1827
296250,1757,1833
199004,1757,1837
252715,1862,1934
99601,1900,1979
23752,1911,1968
3768,1911,1971
313452,1915,1978
28479,1921,1981
26108,2054,2104
260403,2079,2149
238331,2095,2174
181288,2099,2172
260043,2102,2177
113313,2105,2187
387738,2117,2175
192125,2132,2201
323895,2178,2244
329770,2199,2268
323894,2249,2320
242256,2402,2465
65578,2411,2478
47307,2448,2528
272179,2459,2530
38254,2460,2537
149644,2462,2546
119191,2464,2530
284091,2465,2538
202206,2469,2540
103815,2470,2550
250160,2480,2527
181287,2527,2589
250163,2824,2900
290555,2825,2890
290399,2840,2900
250165,2852,2917
340429,2857,2944
386386,2859,2923
66261,2862,2918
304835,2863,2943
59671,2871,2946
94713,2872,2942
31555,2873,2926
101040,2877,2943
250162,2912,2967
88888,3057,3118
272178,3059,3114
349670,3061,3135
241023,3071,3139
253781,3072,3120
34110,3072,3133
243484,3082,3138
205741,3093,3138
379559,3326,3379
250164,3520,3579
202582,3627,3676
308933,3629,3687
174468,3717,3791
314481,3722,3821
91422,3729,3791
174469,3773,3846
99602,3774,3844
1850,3783,3843
233389,3789,3842
1849,3790,3847
21876,4096,4162
349669,4098,4159
75072,4101,4161
259081,4102,4167
360113,4102,4191
41799,4108,4158
216896,4108,4173
266051,4109,4159
20301,4109,4174
342214,4112,4183
226652,4113,4174
23735,4113,4203
14542,4122,4173
77517,4124,4200
83933,4133,4190
230771,4133,4192
330625,4133,4194
72643,4136,4195
333596,4149,4190
351719,4186,4247
17836,4187,4261
238987,4209,4262
52708,4210,4273
156857,4645,4700
250161,4650,4700
118101,4650,4702
310072,4653,4698
128560,4654,4699
140364,4654,4703
66343,5191,5258
349671,5645,5709
232796,5715,5758
257009,5716,5767
149177,5855,5907
7355,5884,5940
22846,6077,6133
32142,6211,6261
284418,6248,6328
338236,6255,6321
268500,6262,6330
101560,6266,6323
65589,6268,6322
174466,6283,6348
350163,6288,6390
317345,6315,6382
82098,6337,6400
65031,6341,6410
172199,6350,6401
346903,6355,6417
387735,6358,6410
53609,6362,6414
283274,6418,6491
272180,6426,6516
310855,6427,6491
6813,6427,6509
239066,6427,6519
289200,6429,6497
322414,6430,6510
119412,6433,6492
181786,6434,6515
201618,6441,6519
170650,6463,6521
122583,6463,6527
175972,6515,6584
398327,6516,6578
120600,6534,6589
314060,6535,6578
250,6535,6602
130951,6538,6605
4774,6547,6605
137223,6547,6615
16695,6550,6600
400116,6550,6614
216298,6560,6628
66717,6563,6619
194476,6710,6765
149178,6710,6782
164518,6711,6790
37370,6712,6773
216450,6725,6791
366769,6816,6884
259975,6820,6884
343202,7156,7217
205740,7158,7219
12825,7165,7223
275570,7205,7270
17462,7210,7271
198416,7211,7273
260404,7215,7277
71239,7217,7271
371994,7217,7311
112997,7220,7313
251787,7231,7311
402372,7234,7295
200908,7236,7305
108363,7238,7312
38412,7246,7299
276584,7246,7310
326489,7251,7314
397579,7252,7310
21799,7254,7307
332362,7258,7324
92966,7260,7309
11179,7260,7342
98096,7261,7312
228739,7262,7323
120601,7263,7324
100392,7263,7329
41631,7271,7335
39161,7279,7342
259976,7754,7812
392315,7755,7814
121205,7760,7814
4496,7778,7841
174467,7803,7902
67691,7821,7882
47922,7826,7888
222196,7827,7881
349558,7827,7889
130120,7892,7946
370534,8384,8455
184074,8487,8550
47991,8487,8554
17835,8487,8557
255364,8488,8546
71612,8488,8560
8794,8488,8563
49848,8489,8544
297928,8490,8546
125433,8506,8549
229509,8514,8578
95584,8516,8576
255446,8518,8587
48243,8520,8593
105126,8546,8623
182298,8552,8621
400386,8571,8622
87009,8619,8687
2801,8623,8686
288537,8625,8687
285588,9008,9129
376516,9013,9121
52075,9016,9102
171087,9028,9116
125434,9031,9115
157519,9071,9138
317744,9073,9135
148539,9075,9138
186994,9076,9141
49849,9081,9142
9216,9089,9161
240366,9104,9161
336161,9104,9171
149643,9118,9161
359912,9118,9171
320543,9122,9186
150748,9227,9280
102506,9329,9399
386422,9387,9448
