19387,238,300
139795,238,302
125688,238,308
39805,238,313
111981,238,321
33988,238,329
155396,238,336
20200,238,340
6782,238,345
4461,238,350
837,238,362
48742,238,388
12452,243,353
94998,243,372
114541,246,397
57527,247,367
62411,249,376
204384,251,371
10242,251,380
60148,253,367
67156,256,366
80915,260,377
49218,269,380
127500,271,392
290829,273,383
42610,281,371
39806,282,395
155397,282,403
137728,284,349
111982,287,403
229961,323,403
240452,332,403
58515,552,605
434,560,639
360454,560,649
17525,561,624
263267,562,623
171690,562,633
365470,563,613
31793,563,624
21504,563,638
1190,563,649
131427,563,655
91967,564,630
94948,579,644
281344,651,719
50998,657,727
144464,666,758
224400,667,728
404128,669,730
172218,688,767
302222,705,768
133482,729,806
224538,744,806
27974,744,820
89087,745,804
184045,755,829
155395,789,856
39304,811,893
52187,828,894
110860,831,921
258974,832,891
92753,839,896
169933,842,905
241194,847,908
143902,847,920
129282,855,917
13566,857,908
120444,857,924
134556,864,930
170119,865,926
310530,922,989
271901,926,992
356887,933,993
359193,933,1002
83437,934,996
377442,943,1015
32618,946,987
185316,948,1014
100771,949,991
363158,949,1028
147236,953,1022
250518,957,1046
103828,960,1051
33435,963,1021
386403,971,1050
323999,996,1087
16105,1022,1089
209369,1031,1099
339890,1033,1103
95358,1041,1099
355997,1042,1117
355996,1043,1112
403060,1051,1114
198167,1051,1116
25621,1053,1122
226191,1054,1140
235072,1055,1123
16579,1055,1142
28992,1058,1141
206804,1066,1124
99339,1066,1131
292689,1067,1120
181232,1068,1124
353966,1068,1133
33436,1070,1136
2437,1075,1133
287913,1077,1126
372429,1078,1124
165390,1078,1136
165391,1080,1137
16207,1342,1407
67684,1362,1433
70778,1377,1450
138038,1384,1436
344598,1394,1459
9575,1407,1469
362075,1481,1556
215467,1486,1560
260097,1513,1569
307565,1518,1572
379782,1524,1582
30771,1526,1581
164172,1529,1578
198108,1694,1756
322527,1699,1749
303081,1723,1799
219654,1751,1825
292098,1761,1819
259379,1762,1825
355123,1764,1831
25356,1765,1826
54093,1766,1822
155398,1766,1865
18716,1767,1831
294908,1768,1830
60901,1768,1832
139427,1769,1820
207145,1769,1864
72186,1771,1840
279471,1773,1842
149267,1775,1825
273079,1778,1837
219653,1780,1837
201952,1781,1871
72187,1788,1840
185320,1788,1861
340942,1789,1871
142858,1796,1886
312648,2023,2096
10004,2027,2075
123436,2080,2145
279303,2083,2145
6847,2232,2288
239478,2232,2293
91739,2233,2294
215492,2233,2296
378517,2233,2304
99203,2233,2323
401846,2234,2279
328852,2235,2317
398540,2236,2279
367957,2236,2288
20738,2236,2302
162783,2239,2283
114654,2239,2306
218083,2239,2311
373685,2260,2324
189424,2276,2397
327903,2278,2355
56496,2283,2372
103061,2321,2401
173433,2333,2399
224401,2336,2395
133327,2337,2393
12513,2337,2402
123505,2338,2400
258789,2338,2407
51696,2338,2413
288462,2339,2401
313107,2340,2393
395203,2341,2409
380108,2342,2396
226504,2343,2403
49405,2347,2391
82,2348,2394
277108,2358,2420
224537,2358,2424
219652,2361,2414
137098,2651,2715
102582,2995,3074
272709,2995,3081
52372,2997,3086
319222,2999,3077
9794,3000,3089
188664,3010,3080
145132,3011,3060
1840,3012,3083
145874,3013,3081
5658,3025,3086
292273,3032,3084
294983,3083,3147
5783,3180,3265
72199,3181,3260
96706,3181,3268
106707,3182,3241
106313,3182,3248
59588,3190,3252
132969,3192,3252
144463,3193,3263
90125,3194,3257
139429,3205,3281
368764,3209,3284
288182,3220,3281
383869,3245,3310
18767,3245,3328
18766,3245,3339
307288,3252,3325
65396,3256,3315
111804,3257,3314
212673,3304,3372
280578,3332,3411
61693,3343,3406
20426,3343,3433
193971,3350,3444
316035,3351,3402
52186,3352,3475
143901,3356,3449
229960,3358,3451
41909,3359,3424
351952,3360,3447
68779,3360,3450
255104,3361,3414
122537,3362,3430
226929,3363,3432
20560,3364,3419
58516,3365,3450
74979,3366,3424
2120,3366,3429
313071,3368,3419
238189,3368,3448
16612,3370,3433
147237,3374,3440
98867,3374,3444
170116,3377,3451
319556,3378,3423
170115,3378,3449
253865,3382,3459
406252,3386,3447
20478,3389,3437
5659,3389,3450
314882,3389,3452
138037,3389,3476
157928,3390,3460
19302,3480,3565
253866,3488,3551
287078,3494,3571
72950,3499,3560
173432,3608,3676
215327,3610,3675
215493,3649,3722
163533,3665,3717
111803,3668,3735
229498,3678,3733
256180,3795,3868
273141,3986,4062
145074,3986,4067
114542,3986,4070
273142,3992,4069
270683,4610,4661
100436,4613,4680
113957,4614,4674
176102,4620,4686
52188,4627,4685
143900,4691,4760
6627,4775,4854
52912,4777,4849
117,4778,4826
245706,4787,4851
269700,4852,4927
143899,4872,4956
143901,4872,4961
242303,4877,4937
211623,4878,4950
375563,4885,4936
144465,4952,5029
57730,4960,5029
22786,5064,5136
367103,5070,5133
175277,5077,5138
365403,5079,5135
193228,5086,5134
7051,5087,5133
1963,5087,5136
156178,5089,5133
143900,5159,5233
143899,5265,5346
211622,5272,5346
391973,5608,5712
52026,5611,5681
365551,5614,5690
43583,5615,5677
101850,5622,5686
92645,5628,5714
134690,5635,5709
164171,5648,5711
19301,5648,5715
141097,5649,5718
57126,5651,5724
293581,5652,5717
215466,5654,5724
144811,5658,5724
265317,5665,5726
138413,5670,5731
305,5676,5738
100573,5680,5735
219448,5690,5775
332534,5697,5774
118068,5706,5770
6628,5786,5855
99508,5789,5859
34613,5792,5840
117141,5792,5875
367150,5793,5857
296096,5806,5873
330464,5807,5887
398649,5809,5870
130799,5813,5859
182040,5823,5864
139428,5828,5945
170117,5841,5948
170118,5857,5960
279304,5858,5936
191011,5861,5922
274939,5861,5938
96331,5864,5956
226897,5870,5948
206546,5895,5974
337929,5897,5959
163534,5905,5973
369393,6003,6079
229297,6163,6231
8116,6719,6773
47017,6724,6771
70218,6724,6777
325248,6728,6797
391892,6729,6801
173431,6734,6797
18914,6745,6797
143902,6752,6825
79711,6757,6837
318929,6982,7046
134555,7281,7351
403061,7581,7649
362317,7584,7664
