31977,117,260
264353,118,264
124284,123,264
194781,129,195
96203,129,285
296838,132,260
2477,133,272
76505,139,292
49805,143,284
314140,145,220
378695,149,281
99152,152,254
200923,156,257
34299,158,230
387025,159,220
321310,160,258
23434,160,290
4960,161,282
52148,162,271
33499,162,302
85091,163,236
253850,164,296
182192,165,291
3142,168,294
116419,169,251
275623,170,264
319547,170,281
212621,171,290
338535,172,242
185370,172,263
336696,173,251
262177,173,259
3338,174,256
16176,174,286
173409,176,261
4678,178,297
76529,184,295
406674,185,331
190896,187,304
222996,191,297
120439,193,319
61825,194,298
115337,197,273
262251,198,321
16660,199,287
89708,199,301
202821,200,263
306388,200,279
302364,201,262
109129,201,289
123342,202,263
16956,204,259
192124,205,262
109064,206,305
23054,217,344
107802,218,290
142578,219,296
231812,220,362
107803,224,296
133726,229,350
125184,235,358
346725,242,372
78998,251,373
340910,251,384
98881,252,363
167738,254,375
290738,257,374
132187,262,327
234261,262,383
181717,262,410
2251,267,374
149734,267,387
5229,278,372
125183,282,385
386909,284,418
172688,295,435
275543,302,435
485,305,374
107764,309,370
227415,319,384
263579,326,440
364004,327,403
52113,328,438
354560,328,445
352641,330,398
287599,333,444
173577,339,436
107579,349,424
290681,355,417
80363,355,419
364969,356,443
45904,360,432
212626,361,458
210012,362,422
343751,366,426
215325,370,433
126966,372,434
208441,375,459
369336,375,467
254797,380,447
392822,380,490
130007,381,433
144324,385,453
95381,387,450
364970,387,452
286360,390,453
212114,390,473
389210,391,452
294343,394,456
227721,400,529
343312,401,453
190366,401,459
337791,402,475
264352,403,468
227419,403,512
26555,406,472
291093,418,511
220318,420,501
286361,424,558
33159,425,504
135694,430,517
13454,430,561
280970,434,544
274674,435,505
220319,439,553
187899,442,544
24698,444,511
372880,445,547
62677,448,567
139217,448,571
275635,450,512
136056,451,504
250251,451,545
43649,452,515
149752,452,520
388794,453,580
348270,454,559
125343,459,548
95065,459,569
285748,459,578
196581,459,585
272769,462,548
263378,466,561
377002,467,538
372879,467,549
285749,467,593
179557,468,552
109887,469,543
60685,472,560
140424,473,586
57536,474,561
391041,475,563
49923,477,542
5220,481,543
258343,481,546
262229,481,563
301764,482,580
73367,483,549
190384,483,555
51097,485,549
366059,486,554
312487,489,567
343364,490,565
143112,494,561
397506,494,565
384950,494,603
177901,495,556
44597,495,559
45493,495,575
14743,496,564
372395,499,561
8934,504,568
399869,506,588
168784,509,581
16177,509,597
108507,511,591
193538,512,582
250029,513,603
21572,514,598
294749,519,580
284192,519,582
202537,522,614
356995,523,611
74562,525,589
268389,529,590
285708,531,594
405421,531,600
253566,532,593
75033,535,593
325014,535,615
240429,545,606
599,700,761
71335,713,771
306647,724,800
399004,733,795
351128,733,820
351127,733,824
274793,786,900
384951,820,934
397677,857,927
126100,868,935
209259,871,934
241391,1081,1144
373092,1121,1177
135620,1124,1180
49170,1141,1204
343617,1143,1211
50756,1145,1210
292405,1145,1214
207685,1146,1201
326403,1147,1199
219532,1148,1203
28510,1149,1199
96350,1150,1209
12535,1150,1211
350909,1151,1215
328224,1156,1219
295390,1172,1224
389232,1186,1228
286790,1265,1332
116420,1288,1362
239593,1382,1444
321478,1382,1452
236800,1383,1477
140423,1384,1471
92137,1390,1461
236801,1391,1478
34175,1398,1462
236972,1399,1463
288349,1405,1484
26554,1411,1463
13912,1423,1478
339293,1424,1487
16661,1425,1492
92868,1521,1581
340911,1521,1591
384952,1576,1645
108820,1610,1676
378696,1612,1704
354559,1631,1706
181298,1639,1707
400085,1645,1707
96535,1806,1910
346726,1807,1920
324297,1816,1893
263581,1850,1910
114787,1878,2003
189434,1883,1965
214701,1883,1992
76506,1930,2019
63926,2021,2121
19367,2028,2089
309562,2045,2089
149733,2612,2685
13129,2912,2979
400224,3082,3134
243652,3310,3383
263765,3312,3375
349621,3314,3429
