243099,99,225
71248,104,213
298901,105,225
201833,110,224
94039,111,234
360681,113,216
4583,113,239
21791,115,221
85209,121,225
47067,123,206
342498,130,201
124174,131,185
143026,137,240
253453,139,231
33499,139,249
200667,141,237
58455,144,200
317454,146,187
197072,146,200
281856,146,208
360680,146,218
345363,146,228
154678,146,231
24192,146,240
358663,147,198
133724,147,204
204686,147,234
300878,149,209
319518,149,238
62474,150,225
197073,150,251
89708,162,247
167578,166,237
131003,166,259
40635,167,240
145656,167,270
188821,168,301
353006,169,257
54303,170,241
231812,178,305
1583,186,312
407023,188,301
171736,191,289
197074,193,317
310298,197,309
9283,200,308
343849,205,315
282414,206,324
374021,212,342
386852,213,318
132782,219,319
290309,223,317
323144,226,317
15796,238,318
149630,241,317
113978,245,317
291723,247,316
109491,250,318
129808,261,318
345797,267,321
56520,268,327
52551,269,317
298900,274,401
167577,339,435
369588,356,433
12778,358,429
375427,367,436
154677,383,435
149124,385,431
16267,490,575
292035,490,617
305519,492,589
180364,494,585
16268,496,617
208566,513,592
280809,528,592
20302,529,593
374022,531,621
27906,533,594
181998,533,601
170578,534,613
95222,535,593
45528,746,820
148270,746,828
342235,747,803
16876,747,833
16875,748,821
23049,776,834
63522,781,834
267505,871,943
101213,871,948
174756,871,958
111795,872,946
323145,872,952
144419,891,944
194258,892,942
24190,1005,1068
202206,1007,1079
106547,1008,1074
182769,1029,1082
204802,1115,1156
138140,1175,1248
80055,1199,1265
18112,1261,1341
237681,1404,1479
240271,1404,1486
154679,1411,1488
25210,1414,1486
97430,1605,1656
138141,1616,1680
148271,1619,1680
314835,1636,1732
50181,1640,1699
70688,1641,1700
188819,1714,1776
83584,1738,1800
10593,1748,1800
216622,1753,1810
269040,1779,1843
316145,1809,1864
374020,1811,1872
249063,1818,1867
230294,1820,1881
187132,1822,1878
167768,1835,1896
80207,2062,2120
1800,2288,2339
380723,2331,2401
34218,2354,2429
237788,2354,2438
389622,2355,2412
169651,2358,2428
245924,2359,2437
15946,2362,2429
250362,2383,2464
179555,2397,2464
347302,2517,2580
355220,2519,2592
158902,2524,2592
161825,2609,2675
146148,2610,2680
165594,2616,2688
128683,2617,2679
64191,2630,2691
142393,2630,2703
400756,2636,2704
351392,2640,2702
219812,2663,2736
310773,2697,2755
186904,2703,2759
284423,2709,2767
186382,2710,2774
48196,2715,2776
144762,2715,2781
114361,2719,2802
81627,2720,2766
396855,2723,2778
15811,2747,2851
66265,2772,2840
244268,2779,2840
84703,2780,2839
158221,2780,2862
182201,2782,2843
346933,2938,2990
33709,2940,3002
83851,2945,2996
204550,2949,2992
99385,3085,3156
309239,3107,3188
405420,3110,3163
153468,3110,3190
68325,3122,3185
259263,3123,3188
105187,3125,3183
4901,3131,3207
233358,3133,3203
233359,3134,3201
285659,3134,3213
403883,3140,3210
204691,3140,3216
266772,3144,3187
45696,3144,3212
30089,3145,3203
362865,3145,3214
37376,3145,3219
250361,3147,3200
156593,3147,3209
287591,3147,3217
187134,3148,3206
156592,3148,3214
339531,3157,3206
116430,3164,3212
343106,3164,3215
170491,3164,3218
263882,3166,3219
165262,3350,3450
351005,3352,3399
230293,3353,3443
278893,3354,3439
240270,3354,3446
359365,3359,3425
144542,3363,3425
202207,3367,3460
123308,3369,3436
132255,3372,3425
311418,3372,3429
117848,3384,3464
227063,3574,3626
260410,3574,3629
310572,3575,3651
53275,3576,3633
188822,3577,3730
764,3578,3645
98211,3578,3654
178460,3578,3663
4902,3580,3656
398705,3580,3662
115495,3581,3677
229009,3582,3661
21212,3582,3684
242820,3595,3685
385407,3599,3662
339622,3600,3672
356427,3608,3658
221620,3609,3708
26653,3611,3713
165263,3613,3719
252695,3618,3705
188823,3621,3754
29005,3622,3730
267774,3627,3707
340468,3628,3686
85493,3628,3714
149512,3631,3702
158285,3632,3717
271688,3634,3686
329002,3635,3719
30089,3637,3713
86733,3639,3700
42131,3639,3728
250361,3644,3712
149665,3644,3715
67390,3656,3707
167579,3656,3771
193209,3660,3702
398179,3663,3730
126029,3675,3771
271545,3683,3757
59453,3696,3769
167580,3696,3810
241936,3703,3755
24191,3711,3795
326703,3731,3786
306833,3731,3791
166554,3735,3784
94038,3755,3819
391614,3892,3979
76913,3895,3955
375580,3902,4018
376227,3949,4007
236387,3949,4010
150018,4082,4157
917,4085,4153
150087,4095,4176
83583,4096,4159
101173,4105,4182
98210,4107,4171
58004,4107,4178
61900,4108,4170
169217,4140,4207
132272,4249,4316
167576,4301,4361
167767,4518,4585
314236,4519,4572
133723,4524,4585
167766,4652,4747
253687,4689,4746
133721,4886,4970
160508,4894,4974
223841,4896,4981
70947,4897,4969
133720,4898,4985
199156,4900,4990
359702,4902,4964
55543,4902,4976
218375,4903,4970
309418,4907,4969
53137,4907,4973
275361,4907,5005
157314,4909,4970
107027,4909,4972
253630,4910,4962
252758,4910,4971
98889,4913,4974
389501,4914,4990
389502,4914,4995
102438,4914,4999
284472,4920,4999
193494,4927,4989
87819,4930,5000
158682,4934,5003
76677,5195,5266
12580,5198,5255
235097,5198,5261
66263,5198,5287
66264,5198,5295
150817,5201,5272
383003,5202,5283
329116,5203,5277
61128,5203,5296
96750,5218,5290
396269,5222,5296
765,5226,5296
184134,5243,5296
367372,5347,5398
158903,5349,5390
375925,5438,5501
80056,5557,5627
70836,5564,5619
183501,5569,5638
317455,5570,5624
164528,5570,5626
188820,5577,5652
250362,5581,5652
381884,5711,5786
353352,5713,5764
141721,5715,5771
324967,5716,5770
42130,5717,5777
53523,5717,5779
75406,5718,5771
102439,5718,5776
97957,5719,5774
270815,5719,5781
220099,5721,5769
270814,5721,5774
133722,5856,5945
379251,5860,5954
15810,5864,5950
86893,5866,5947
346787,5871,5952
268832,5872,5939
45017,5879,5951
144684,5881,5967
237680,5883,5952
1236,5884,5967
349648,5920,5993
404117,5955,6014
61899,5988,6052
242654,5998,6090
357319,6015,6112
227961,6016,6071
396678,6016,6084
389621,6019,6094
49623,6023,6064
313650,6023,6077
79066,6023,6079
124536,6024,6093
283984,6025,6089
137916,6026,6082
176753,6026,6091
143530,6036,6092
96000,6038,6106
354542,6044,6106
95551,6052,6107
49637,6055,6112
227599,6056,6104
215627,6056,6107
316341,6057,6102
1582,6057,6111
167765,6204,6253
56519,6204,6262
346459,6279,6346
354514,6280,6342
352269,6282,6345
319631,6284,6336
281613,6285,6345
345796,6286,6343
334451,6288,6345
10073,6290,6354
86734,6293,6353
34749,6296,6348
387853,6300,6349
237357,6303,6347
281614,6303,6351
5422,6303,6359
83850,6306,6349
72540,6313,6375
113303,6313,6393
309709,6321,6365
258329,6343,6428
16877,6351,6425
204073,6360,6422
223840,6363,6425
83849,6363,6427
257275,6370,6455
250464,6373,6436
12623,6373,6448
334194,6376,6439
87969,6378,6440
276009,6381,6440
309417,6382,6439
404803,6388,6447
212421,6417,6493
156594,6423,6487
115500,6426,6493
350643,6430,6490
87408,6471,6540
80057,6471,6568
63102,6488,6592
339637,6489,6602
29976,6494,6581
46304,6494,6587
226838,6495,6563
219807,6495,6590
115499,6495,6608
383004,6496,6568
766,6497,6581
115497,6499,6570
314834,6499,6575
267381,6500,6562
150687,6500,6578
184133,6500,6595
178954,6503,6579
115498,6504,6591
93866,6505,6567
106832,6505,6569
144541,6506,6568
398619,6507,6569
228645,6508,6592
106833,6508,6600
400434,6511,6578
398620,6512,6585
370560,6513,6582
187133,6522,6586
150467,6523,6584
132715,6524,6585
70343,6524,6592
260771,6525,6614
179554,6526,6595
97443,6527,6601
20103,6529,6593
314833,6529,6610
167581,6530,6598
115496,6531,6623
68776,6533,6594
398618,6533,6597
343901,6533,6624
374362,6533,6630
309416,6533,6640
166555,6534,6599
232500,6535,6622
3200,6537,6595
145657,6538,6613
47070,6539,6607
397095,6539,6629
151623,6541,6599
102437,6541,6609
102438,6542,6603
20102,6544,6613
396499,6545,6611
355415,6546,6640
115501,6547,6609
170968,6547,6644
72541,6548,6623
402014,6549,6628
72542,6552,6623
158901,6554,6643
144540,6555,6619
99383,6563,6624
250363,6565,6650
248377,6566,6629
166553,6570,6638
54140,6633,6699
308904,6633,6706
4283,6639,6703
350381,6690,6741
253454,6810,6870
83582,6810,6877
362866,6810,6881
198620,6812,6880
343742,6910,6970
334905,7025,7123
108566,7048,7135
372937,7049,7112
79067,7050,7132
253686,7055,7133
92866,7058,7133
187613,7061,7115
384839,7062,7127
315056,7063,7135
175961,7064,7124
226814,7065,7133
183500,7071,7133
258460,7081,7143
65294,7082,7133
29718,7087,7145
353351,7092,7155
370559,7093,7150
368048,7094,7145
374996,7098,7159
245600,7303,7359
37091,7308,7370
97182,7309,7353
21211,7372,7455
192976,7505,7588
200846,7507,7561
192975,7508,7565
119444,7514,7577
274997,7524,7588
7537,7528,7590
403056,7531,7591
201570,7534,7583
8968,7537,7587
375712,7626,7679
80058,7631,7699
242300,7646,7698
202312,7795,7867
99382,7797,7851
167764,7798,7850
275360,7815,7864
257276,7819,7869
346379,7826,7872
256217,7827,7876
258330,7923,7975
319519,7925,7991
385120,8026,8117
384562,8077,8142
201569,8205,8264
62707,8207,8259
369806,8209,8259
124213,8215,8263
12506,8215,8272
11017,8216,8259
164555,8237,8322
20581,8547,8617
401560,8615,8713
346317,8622,8708
210422,8624,8724
403559,8654,8742
200381,8658,8749
319936,8665,8738
60127,8669,8752
99384,8679,8746
9806,8679,8751
26495,8684,8748
356426,8685,8746
81911,8686,8742
215626,8686,8745
331381,8687,8751
64192,8688,8750
389943,8828,8905
177135,8855,8950
314235,8863,8933
103599,9193,9260
275063,9193,9302
103686,9198,9280
406608,9198,9284
99381,9201,9326
367374,9204,9282
113971,9208,9272
191426,9208,9327
391613,9208,9346
65410,9209,9293
261577,9209,9307
33708,9213,9341
147721,9215,9319
99380,9215,9345
24269,9220,9272
1145,9221,9284
278983,9221,9328
111504,9222,9322
62706,9225,9306
109990,9228,9298
119702,9228,9304
77289,9229,9341
353206,9232,9302
32542,9232,9328
243100,9234,9305
251126,9235,9339
184646,9237,9320
41854,9238,9292
76895,9241,9322
127176,9241,9328
268833,9246,9326
94040,9287,9341
177134,9342,9394
132714,9419,9483
353007,9463,9525
86221,9557,9602
306834,9557,9610
316759,9557,9621
267973,9558,9608
307112,9558,9614
266773,9563,9616
378050,9579,9633
133719,9580,9659
252546,9684,9750
132783,9836,9920
206286,9856,9921
351391,10073,10129
267477,10232,10329
17668,10263,10328
178547,10274,10334
177133,10282,10335
250363,10443,10523
166553,10444,10508
250360,10488,10606
287157,10754,10825
250360,10826,10934
167582,11069,11151
298902,11099,11169
95999,11102,11152
116037,11111,11171
