202562,103,169
282680,109,192
173170,111,188
45241,225,342
78303,226,310
207515,232,304
3132,235,307
332273,236,311
391310,236,384
195773,238,300
77423,240,302
6689,240,343
352685,242,360
284568,246,358
125270,247,328
183745,249,353
55952,254,352
351142,256,337
1544,260,329
101332,260,341
300884,260,344
6243,260,378
18396,262,353
343599,266,328
252642,266,367
244138,268,351
6242,270,405
314459,274,360
243781,276,366
76030,276,374
101639,278,338
70275,278,352
282496,284,449
297541,286,367
337709,293,368
50758,294,366
137440,294,374
194914,294,395
402680,294,409
182479,300,369
235635,304,361
182029,305,365
6244,306,448
32371,307,367
387100,308,366
11751,309,423
48836,310,365
121162,310,383
94514,313,366
128646,313,369
188492,313,371
137439,315,374
241722,315,448
288905,316,367
100387,317,368
115317,319,367
76029,319,399
204361,321,449
179546,326,444
58146,327,387
402679,346,449
255502,350,449
31344,356,449
56284,366,442
84885,372,450
71464,377,445
1833,393,444
314037,396,449
57402,521,618
18377,528,610
256102,528,620
19284,538,627
7722,543,603
145679,548,609
407063,554,632
129979,585,659
265288,625,687
17050,628,678
71005,662,721
148542,666,723
58147,825,888
295953,826,891
163169,826,894
249361,829,890
204518,832,893
349559,833,899
292829,836,899
21647,836,914
35540,837,894
209011,837,898
374058,846,914
175336,846,924
55774,848,907
84252,849,911
292992,852,909
21646,852,914
59587,852,916
241958,857,907
367632,857,955
245153,861,929
288449,877,979
268224,907,982
230869,916,981
90674,918,980
406874,918,1002
352684,919,1007
157800,919,1010
406873,921,1017
90675,923,979
92804,923,981
309563,925,997
7312,926,980
47509,926,1001
303021,927,988
72691,928,980
111343,928,991
236450,931,993
195071,932,1001
236561,933,1005
84251,936,991
110825,936,999
333327,937,978
253789,937,992
29164,937,1000
379068,939,980
334208,939,1005
10879,942,1018
133190,946,1017
147111,948,1012
194476,957,1021
123672,969,1032
389993,1070,1147
64065,1071,1181
117709,1081,1142
324213,1082,1182
139123,1091,1149
240428,1108,1163
89995,1117,1184
28507,1138,1220
358835,1188,1237
101968,1197,1274
320214,1199,1275
183647,1200,1259
209668,1200,1294
368378,1220,1275
324214,1300,1408
101969,1319,1429
150176,1325,1394
209667,1330,1411
1349,1339,1397
101968,1339,1409
96349,1342,1400
392936,1363,1426
111236,1365,1426
157865,1367,1442
112721,1369,1430
183665,1370,1431
124733,1370,1433
189194,1378,1439
175392,1382,1441
404838,1617,1703
248935,1630,1678
300802,1631,1710
130290,1634,1710
219991,1664,1728
346982,1670,1723
101967,1670,1730
193623,1684,1750
356344,1688,1752
47508,1690,1742
171529,1693,1752
356860,1699,1763
74037,1725,1794
377869,1894,1966
130865,1895,1958
36602,1896,2015
70453,1911,1972
359848,1912,1980
85769,1912,1986
148182,1913,1978
53038,1915,1994
53037,1919,2007
301040,1921,2001
265592,1922,1983
351738,1925,1986
98890,1935,1996
62328,1935,2004
264022,1935,2017
43227,1937,1999
287421,1938,2004
24122,1939,2003
174720,1941,2024
155340,1946,2021
21233,1947,2024
331622,1948,2010
64837,1951,2012
114683,1952,2014
214788,1952,2024
360189,1953,2016
20910,1954,2015
303022,1954,2022
64861,1955,2018
351465,1956,2020
332868,1957,2023
213810,1958,2040
48031,1959,2024
141292,1960,2035
167470,1961,2023
402592,1966,2046
82,1969,2017
76244,1969,2037
369619,1969,2048
147057,1970,2043
82399,1971,2052
383759,1972,2019
127094,1973,2038
111389,1975,2036
187472,1975,2046
296736,1980,2054
368377,1981,2035
381937,1982,2051
369618,1983,2036
40763,1986,2069
294628,1992,2053
273864,1997,2067
46318,2007,2077
271550,2013,2086
394125,2013,2098
406875,2013,2125
111235,2033,2086
303404,2033,2112
3133,2033,2116
350119,2165,2243
149941,2368,2478
157717,2381,2474
185852,2390,2490
157718,2390,2513
8521,2392,2523
149940,2398,2527
185851,2399,2507
17867,2422,2503
65870,2422,2515
373708,2462,2514
392489,2462,2520
75249,2536,2607
31249,2683,2803
292827,2704,2793
45204,2705,2763
44952,2706,2771
150175,2706,2789
337708,2713,2831
113248,2751,2860
387796,2769,2870
170518,2772,2876
57168,2775,2894
66660,2780,2847
171971,2780,2884
199247,2782,2893
179545,2802,2867
318950,2802,2881
48747,2812,2888
148183,2835,2893
189999,2836,2894
64064,2844,2895
195772,2845,2892
327101,2966,3028
327102,2966,3033
353959,2967,3030
258727,3012,3075
10007,3166,3227
326631,3166,3240
168161,3197,3301
198059,3215,3305
184900,3515,3569
195070,3551,3616
5356,3551,3629
124732,3552,3620
326898,3604,3658
223931,3818,3876
187471,3918,3974
207315,4124,4220
36838,4134,4240
198059,4148,4240
81304,4154,4240
384021,4165,4246
110824,4172,4244
41437,4234,4295
237969,4256,4318
237968,4256,4331
282155,4438,4515
406777,4439,4500
262786,4441,4508
282154,4441,4522
139122,4445,4506
153261,4448,4533
150424,4449,4510
308492,4451,4512
204519,4452,4513
399848,4456,4519
339965,4456,4525
114083,4460,4529
385837,4461,4535
315604,4465,4533
19257,4466,4527
285273,4466,4557
90959,4468,4542
292828,4470,4561
17868,4476,4541
308491,4484,4551
78321,4488,4572
21856,4492,4558
297542,4492,4571
312846,4512,4578
379940,4516,4581
96817,4524,4579
209472,4527,4607
142180,4528,4612
257360,4530,4596
369574,4530,4601
320025,4530,4611
137199,4530,4614
339966,4533,4597
162550,4534,4663
199559,4535,4600
205354,4536,4598
267767,4537,4600
11109,4538,4607
85640,4538,4619
334266,4539,4602
21857,4539,4623
115705,4540,4601
3864,4540,4631
177319,4540,4636
70605,4541,4607
104489,4541,4682
147061,4542,4619
313467,4545,4609
406793,4550,4618
367023,4551,4616
316462,4552,4630
22577,4552,4634
62720,4553,4622
47351,4554,4615
70574,4554,4678
332272,4556,4617
386113,4558,4619
16482,4558,4636
306769,4560,4633
228180,4561,4631
18397,4565,4647
59381,4570,4636
26415,4582,4646
100303,4583,4660
112058,4588,4654
260676,4588,4661
249394,4590,4658
369620,4593,4661
257359,4593,4666
209839,4600,4671
300542,4601,4690
227014,4604,4673
52795,4609,4706
224616,4612,4673
174296,4613,4679
70606,4616,4681
402599,4620,4684
300543,4628,4694
95169,4636,4700
281543,4637,4699
387795,4643,4726
18398,4647,4726
345303,4773,4828
336026,4955,5016
35174,5081,5134
35049,5222,5313
183746,5238,5312
22038,5241,5298
312769,5243,5304
348645,5262,5316
281542,5413,5469
349359,5488,5578
6296,5490,5566
280899,5494,5566
173284,5503,5565
48835,5505,5591
307521,5510,5559
