1315,347,415
129528,354,414
10431,355,404
113189,356,411
373117,502,567
382722,502,584
1711,504,568
99055,506,572
143227,507,595
275513,520,567
275512,520,586
40989,521,595
137339,524,595
267103,786,843
247157,897,970
82515,915,965
73069,919,976
39662,931,981
267094,1136,1251
267110,1169,1214
84577,1216,1268
52777,1216,1274
267102,1222,1322
382723,1244,1321
267095,1251,1328
22330,1253,1312
188632,1253,1323
86014,1277,1348
366081,1278,1346
34676,1281,1347
267558,1285,1346
163218,1289,1347
282624,1293,1345
267093,1443,1535
267104,1456,1548
267092,1686,1765
322251,1703,1765
267113,1770,1908
267111,1773,1889
267109,1774,1881
267101,1780,1937
267091,1782,1930
46768,1791,1875
123198,1798,1862
336880,1798,1870
1226,1802,1862
267112,1815,1951
30051,1823,1890
264110,1923,1968
267090,2013,2110
267108,2028,2110
10097,2041,2111
129487,2419,2486
356073,2422,2481
89912,2423,2487
8715,2444,2499
110839,2452,2501
15255,2524,2609
31743,2531,2592
1710,2531,2602
61207,2566,2628
228767,2572,2653
92707,2581,2639
47810,2587,2639
192342,2596,2658
232807,2604,2656
31882,2758,2811
175345,2758,2826
369740,2774,2832
404186,2779,2824
215829,2781,2833
269162,2786,2833
190311,3073,3136
177687,3169,3246
367030,3176,3233
367031,3323,3380
267074,3748,3860
267075,3756,3863
267094,3938,4050
232797,4039,4110
27169,4047,4110
267095,4070,4146
267089,4078,4159
280886,4179,4241
267093,4219,4305
258073,4227,4305
267081,4240,4306
267107,4242,4306
346420,4253,4304
78025,4256,4305
318375,4403,4469
267106,4403,4479
290849,4404,4458
267082,4404,4521
267100,4420,4505
267080,4424,4551
267091,4436,4596
267105,4446,4561
267092,4451,4510
295732,4453,4525
267099,4457,4549
277942,4463,4515
188530,4464,4524
275511,4471,4546
267079,4514,4596
327684,4528,4591
267090,4668,4759
267088,4676,4759
267074,5031,5137
267075,5031,5142
267078,5032,5121
267087,5035,5141
267077,5041,5163
267103,5050,5118
267098,5053,5139
267076,5273,5353
43699,5400,5454
267102,5400,5499
24022,5411,5455
276335,5421,5501
159573,5429,5490
340937,5431,5492
178367,5438,5499
267062,5581,5652
267062,5702,5760
267068,5713,5825
218661,5717,5771
267097,5718,5824
267085,5727,5826
267081,5738,5809
267104,5740,5820
200235,5752,5809
267082,5899,6008
267084,5912,6040
267064,5915,6046
267080,5922,6030
267096,5925,6081
267101,5930,6080
267083,5969,6076
267079,5999,6073
100803,6031,6082
267078,6379,6458
267077,6386,6507
267065,6387,6513
309204,6434,6495
208878,6446,6510
179768,6588,6638
40117,6589,6643
277941,6591,6647
267076,6597,6668
267110,6611,6673
267063,6694,6766
267089,6726,6796
267068,6798,6913
267073,6810,6905
267066,6810,6908
267081,6825,6898
267064,6948,7062
267067,6948,7078
267109,6950,7047
267088,7117,7188
267108,7117,7193
267069,7127,7205
267070,7158,7301
267086,7169,7301
267087,7421,7511
267065,7425,7545
330075,7653,7717
267063,7707,7768
267066,7875,7969
267073,7877,7968
267085,7877,7975
267084,8010,8127
267100,8011,8086
267111,8011,8124
267067,8012,8152
267072,8035,8169
267099,8045,8117
267083,8062,8169
148673,8180,8245
267069,8210,8301
267070,8250,8392
267071,8270,8393
113188,8279,8348
35385,8311,8373
142300,8341,8389
267098,8589,8675
30869,8822,8889
150222,8825,8891
267097,9080,9192
267073,9097,9192
267107,9110,9181
267106,9174,9248
267113,9195,9326
267067,9200,9336
267096,9204,9358
267105,9218,9313
267072,9221,9349
23706,9227,9286
211559,9227,9305
241372,9227,9308
389425,9228,9301
267112,9243,9364
132901,9294,9345
259543,9294,9356
321909,9307,9364
267086,9423,9549
267071,9428,9549
163217,9735,9794
368918,9735,9805
129262,9735,9812
128426,9736,9798
58817,9758,9824
33771,9758,9829
357200,9764,9819
101062,9771,9820
83308,10041,10101
275900,10041,10103
13573,10044,10104
14952,10243,10325
132786,10266,10333
25696,10278,10348
216460,10284,10360
36615,10287,10353
38899,10288,10351
251371,10297,10365
121212,10298,10356
202626,10300,10366
15254,10300,10377
22822,10310,10378
369069,10401,10457
304562,10401,10459
332413,10408,10473
293115,10410,10465
373708,10609,10672
