47581,250,358
260992,324,380
43259,325,368
251287,326,374
667,524,584
251414,1302,1371
100851,1487,1529
155654,1647,1699
156979,2389,2441
28692,3104,3177
321761,3277,3351
3914,3280,3353
400502,3281,3337
42795,3281,3341
124273,3281,3346
367748,3281,3349
89633,3285,3350
266681,3287,3346
263499,3287,3350
381735,3292,3357
145655,3293,3356
33766,3298,3362
114576,3302,3367
666,3304,3359
82951,3306,3372
127485,3308,3373
341861,3311,3385
19150,3314,3376
247262,3649,3735
299216,3682,3753
392562,3682,3756
252887,3684,3748
149278,3685,3752
21875,3685,3761
224156,3686,3750
278708,3688,3742
244573,3688,3783
15798,3689,3774
187672,3689,3781
356963,3697,3760
16525,3704,3784
47582,3712,3773
82952,3716,3778
280362,3733,3794
47583,4175,4248
42795,4200,4267
207527,4202,4279
236985,4203,4264
40316,4210,4272
385240,4227,4284
22717,4230,4271
405406,4574,4640
253653,4598,4665
125855,4602,4660
271939,4603,4659
198462,4692,4757
320910,4700,4757
315812,4818,4883
7169,4840,4888
