76177,131,201
25547,150,198
34173,254,324
127412,455,512
254644,481,531
396910,481,563
103071,482,557
232710,483,550
373695,485,548
22352,485,556
364266,487,549
73440,528,577
259767,633,711
242929,639,701
296511,647,706
48670,648,732
120551,652,730
364329,653,735
194634,780,828
243661,780,833
142407,782,835
67434,782,837
149756,1280,1342
209639,1321,1384
146619,1353,1406
239094,1355,1426
3727,1356,1398
208811,1356,1413
33636,1517,1591
53242,1693,1763
396568,1693,1782
337240,1697,1758
38210,1706,1776
237411,1707,1774
374724,1817,1884
11558,1821,1885
195463,1822,1886
193633,1826,1898
343691,1848,1910
368681,1848,1914
297094,1853,1913
40049,1854,1917
140198,1856,1918
165258,2071,2132
211849,2096,2153
370164,2160,2210
166919,2160,2221
35902,2160,2228
41672,2165,2229
42439,2166,2239
64837,2168,2209
229699,2168,2229
327777,2233,2276
68572,2234,2280
184564,2235,2285
190858,2242,2296
285822,2594,2693
222379,2598,2659
314112,2599,2694
158492,2601,2689
392630,2611,2665
106408,2616,2712
340735,2638,2720
290935,3075,3135
16507,3098,3139
383077,3217,3268
265206,3218,3270
139101,3218,3275
306726,3325,3390
54880,3376,3435
255370,3385,3446
318081,3390,3449
226469,3395,3437
255371,3395,3460
28198,3403,3469
49387,3408,3472
124553,3411,3454
207286,3411,3471
272978,3418,3487
18663,3422,3488
274598,3440,3502
285821,3523,3585
238384,3528,3592
242930,3552,3615
126957,3553,3626
89801,3558,3623
229466,3565,3621
21276,3593,3650
168969,3625,3678
290485,3662,3705
340736,3706,3772
126756,3722,3781
265745,3904,3962
