247544,298,363
220516,314,356
174456,316,369
63657,344,406
142666,694,757
289941,1184,1301
124402,1221,1294
141576,1379,1441
320628,1379,1445
401174,1413,1484
397820,1417,1486
348770,1445,1511
299959,2006,2073
52232,2288,2349
405313,2296,2367
26129,2590,2650
405313,2590,2659
333897,2669,2756
364604,2699,2780
113801,2717,2797
130848,2729,2797
132717,2729,2802
387799,2731,2796
74583,2982,3038
26440,3104,3170
247586,3133,3196
386934,3187,3256
386933,3192,3244
50293,3203,3260
11487,3203,3262
273844,3204,3270
21441,3207,3279
129046,3223,3274
36143,3804,3874
9399,3815,3876
187957,3939,4000
158884,3985,4054
227491,4002,4062
177416,4020,4085
