227313,99,162
210140,101,167
303884,123,186
338023,132,191
219481,250,304
79783,260,331
286568,862,936
31458,877,939
7237,880,937
274507,882,935
8223,1192,1245
337309,1269,1362
337310,1292,1368
201931,1617,1700
222345,1638,1709
33319,1647,1691
319668,1656,1719
222668,1660,1720
90093,1743,1803
97446,1851,1917
187009,1856,1917
134573,1971,2019
220700,2721,2769
14445,2835,2887
39929,3011,3103
401158,3020,3084
177055,3025,3096
222343,3026,3102
406986,3067,3112
58360,3205,3272
244680,3220,3273
178693,3221,3297
37386,3222,3287
32473,3318,3384
279755,4532,4592
170732,4533,4593
163023,4545,4605
157664,4564,4620
94522,4565,4626
217180,4565,4638
310151,4567,4626
44578,4743,4812
205082,4759,4829
157663,4760,4835
107923,4762,4878
10172,4914,4977
57705,4943,5008
10689,5050,5138
65104,5051,5118
302190,5054,5131
222344,5056,5123
1925,5059,5117
24208,5060,5118
232603,5174,5258
146374,5177,5241
246008,5208,5262
171139,5480,5536
