205925,191,276
228383,204,276
263757,529,623
153396,535,605
48999,1400,1461
213615,1401,1462
169867,1401,1479
144510,1401,1498
226928,1402,1463
299077,1578,1631
370602,1664,1726
4054,1667,1740
217937,1669,1733
21438,1670,1740
60816,1670,1746
284467,1778,1898
54785,1780,1861
164033,1790,1836
192445,1792,1848
406386,1805,1869
395971,1951,2016
59553,2127,2197
138588,2134,2217
65318,2136,2195
215943,2155,2225
283665,2158,2221
31649,2163,2226
37042,2168,2230
138587,2168,2284
175398,2203,2282
52313,2740,2821
62341,2902,2976
163074,2947,2993
283116,2968,3026
393294,3354,3417
60550,3356,3418
363257,3360,3418
203289,3482,3533
