279679,107,163
347241,120,193
52565,132,198
141688,135,228
118404,271,324
304719,274,324
76130,729,801
288865,1050,1131
236581,1051,1112
6662,1051,1125
118405,1066,1143
359951,1066,1147
118406,1074,1144
242278,1462,1513
298383,1540,1635
227607,2473,2558
152465,2722,2779
188483,3529,3580
39021,3536,3590
81567,3539,3642
366030,3552,3615
193293,3552,3629
160509,3552,3636
84981,3558,3649
108475,3559,3636
319188,3560,3645
322586,3564,3629
111809,3601,3645
41861,3601,3662
45150,3604,3655
124506,3615,3695
148776,3618,3670
384865,3641,3698
209756,3644,3704
343174,3954,4005
237873,3961,4021
329234,4009,4067
131375,4052,4106
250609,4408,4479
177549,4419,4481
148775,4595,4666
181619,4632,4732
261442,4695,4763
18021,4698,4759
165247,4715,4767
332375,4718,4766
287564,4740,4840
323365,4789,4852
275538,4936,5003
372963,5671,5725
286101,5674,5727
229235,5675,5722
123844,6143,6201
322585,6610,6674
125228,6777,6844
70907,6781,6844
230070,6892,6953
366029,7325,7384
373091,7353,7417
259601,7354,7397
103657,7362,7404
298383,7930,8021
308971,7941,8022
13265,8132,8187
258853,8213,8277
264059,8213,8279
325601,8215,8268
350150,8434,8491
308970,8585,8643
379700,8703,8752
123165,8705,8754
275754,8830,8895
100715,8842,8908
232238,8885,8960
272566,8886,8948
315202,8889,8944
267405,8889,8960
51418,9129,9172
322607,9184,9245
298382,9337,9449
298381,9354,9450
298382,9583,9682
298381,9598,9682
36375,9975,10030
