263368,184,276
309965,187,259
179784,201,258
317193,201,275
267114,205,275
239779,207,261
129617,209,275
1315,340,417
392474,349,417
379113,353,408
295553,361,416
303384,365,416
302883,725,786
29032,730,793
103628,764,845
65106,1287,1366
77096,1480,1539
62651,2010,2059
179783,2010,2063
93383,2011,2058
148822,2027,2085
49195,2050,2125
70910,2060,2141
130940,2449,2510
328964,2454,2516
306330,2466,2514
198029,2769,2825
113366,2770,2833
202353,2776,2832
157106,2777,2841
170457,3633,3694
346108,3686,3741
172450,4344,4389
179460,4678,4741
126456,4678,4768
203690,4697,4766
92079,4699,4768
384294,4700,4765
394624,4702,4769
109624,4706,4767
347883,4709,4769
330863,4712,4768
396985,4912,4990
147947,4917,4994
298402,4918,5029
74887,4926,4987
49118,4927,4993
396984,4935,5011
137946,5050,5118
372162,5239,5296
222994,5252,5313
27394,5374,5416
387501,5376,5425
302882,5438,5484
404175,6968,7034
178220,7697,7755
20078,7786,7839
182963,8543,8618
365012,8577,8640
312596,9361,9424
26839,9675,9720
293412,9901,9965
248854,9924,9981
186024,9929,9996
370340,9944,9996
203689,10609,10671
22443,10615,10695
344715,10616,10702
172451,10617,10680
128832,10632,10704
271413,10803,10849
65105,11332,11384
271414,11344,11468
260400,11372,11469
399439,11389,11464
139876,11401,11465
22442,11421,11469
315162,12072,12127
8655,12278,12332
306421,12918,12973
117291,14047,14112
251260,14066,14108
185992,14211,14276
84605,14212,14255
302330,14218,14262
159569,14773,14835
91881,14779,14852
395604,14786,14865
200794,15320,15376
