249605,363,426
271887,387,457
96532,395,474
387848,396,445
315499,396,456
165588,396,478
251159,398,444
217173,399,445
32577,399,463
372207,406,457
371476,413,466
179430,1067,1131
42677,1088,1155
2470,1090,1141
215873,1127,1201
131724,1129,1209
124925,1142,1207
195975,1162,1224
251198,1166,1227
203494,1174,1229
246191,1564,1610
158948,2020,2072
165424,2077,2139
134205,2082,2140
166641,2085,2162
182617,2086,2159
173303,2087,2165
221577,2090,2160
36785,2097,2163
332473,2100,2159
173304,2105,2167
152760,2110,2169
44341,2263,2351
17730,2265,2338
407099,3699,3762
24302,3711,3772
391729,3711,3814
292778,3712,3801
327100,3722,3809
164209,3736,3797
371209,3741,3809
220893,3744,3805
219700,3761,3826
49645,3774,3827
34138,3777,3836
405563,3777,3845
38492,3778,3830
198058,3779,3842
10476,3780,3843
203566,3784,3827
385004,3806,3873
342887,3883,3933
146369,4048,4131
89715,4058,4146
249496,4059,4128
38493,4067,4128
351370,4070,4155
370124,4073,4145
355603,4082,4144
355602,4083,4143
65106,4126,4192
120389,4551,4606
405403,4902,4945
93925,5366,5443
117927,5383,5447
133783,5399,5473
241874,5399,5485
354178,5400,5476
354179,5403,5501
133949,5407,5476
162638,5413,5522
171514,5416,5487
197679,5422,5525
370860,5428,5504
370859,5429,5492
92088,5430,5476
144595,5430,5495
44342,5430,5519
370861,5431,5492
325115,5431,5494
370858,5432,5493
198057,5432,5523
175052,5432,5534
78164,5433,5506
200933,5434,5500
226332,5434,5513
90305,5435,5515
26809,5436,5503
232083,5436,5519
354742,5437,5498
144201,5444,5516
26810,5444,5531
38539,5445,5520
397914,5446,5539
266490,5448,5516
274093,5450,5514
114100,5450,5517
247937,5451,5533
106530,5451,5545
383757,5454,5541
36272,5457,5520
315908,5458,5519
251575,5462,5539
138391,5468,5537
26808,5474,5538
64780,5479,5541
59200,5480,5536
349467,5486,5533
140443,5489,5554
55514,5819,5875
105497,5833,5888
164907,6300,6352
82375,6300,6357
178033,6300,6371
179552,6358,6415
258972,6359,6419
182651,7993,8061
131638,9038,9107
65105,9042,9104
246527,9320,9388
312585,10330,10407
280797,10350,10406
285587,10397,10482
34598,10423,10484
234061,10435,10487
173277,10442,10494
106529,10446,10497
234046,11066,11120
138628,11071,11116
359754,11239,11292
178032,11549,11595
280797,11694,11761
358354,11858,11922
234047,12154,12216
282073,12156,12217
195974,12156,12226
85367,13180,13237
144596,13216,13283
313766,13224,13284
310130,13225,13308
400833,13227,13288
259724,13313,13375
