179042,94,159
184831,110,210
372088,161,223
23172,163,226
190680,175,223
34083,288,359
124493,329,399
247023,742,799
149777,742,807
149776,757,833
157596,766,842
149628,767,830
382905,773,835
275339,963,1028
321027,982,1035
224281,1334,1408
9399,1472,1535
181981,1807,1863
72475,1821,1884
184830,1896,1950
329313,2103,2176
403461,2106,2190
373992,2120,2179
338534,2125,2202
210627,2126,2192
19345,2127,2201
179446,2557,2629
262168,2662,2723
131724,2662,2731
197943,2663,2724
225810,2663,2743
23171,2664,2747
58014,2665,2727
15820,2672,2736
157141,2690,2757
7377,2942,3000
25478,3154,3217
207491,3154,3230
7312,3161,3210
61454,3168,3229
228188,3186,3241
134233,3201,3251
110133,3274,3332
247715,3286,3332
306943,3428,3502
33624,3434,3500
11134,3569,3617
84143,3900,3969
320054,3919,3994
7001,4005,4077
205512,4006,4087
9274,4331,4413
386246,4333,4382
44318,4732,4794
216846,4732,4805
101486,4741,4806
173566,5053,5097
99910,5053,5107
149192,5053,5115
305989,5219,5270
27235,5221,5270
243398,5227,5285
186198,5259,5325
361166,5567,5631
328835,5709,5771
73186,5736,5798
331476,5739,5795
290183,5765,5831
167607,5960,6021
184798,5976,6046
147663,5979,6045
260597,5980,6040
310304,6027,6103
66445,6028,6091
347579,6032,6103
124264,6036,6102
240522,6182,6247
57812,6231,6340
402600,6249,6323
302190,6250,6319
147361,6284,6334
57811,6411,6506
58015,6412,6477
355323,6419,6504
44317,6428,6510
13265,6432,6498
74597,6432,6509
22988,6446,6498
279272,6468,6529
240521,6497,6588
330473,6498,6572
153295,6513,6574
59760,6634,6680
209996,6658,6724
266589,6987,7061
125580,7002,7075
261790,7003,7060
339369,7006,7060
145806,7006,7070
54197,7007,7067
199907,7008,7087
113967,7027,7093
368842,7035,7108
108195,7037,7098
99909,7039,7105
407535,7075,7158
9320,7083,7159
368842,7218,7274
24087,7220,7280
11695,7220,7296
401933,7422,7469
349769,7468,7533
95896,7471,7533
176458,7503,7562
328194,7505,7568
388961,7509,7572
349365,7510,7566
262107,7514,7581
333825,8188,8250
263882,8223,8285
269892,8224,8290
24912,8678,8745
387106,8828,8913
23170,8847,8935
184826,8863,8916
102978,8865,8907
253315,9065,9114
99907,9180,9248
296287,9208,9275
298354,9220,9281
295617,9237,9300
366369,9237,9302
340040,9238,9288
271529,9238,9303
306942,9245,9302
34653,9249,9311
308762,9413,9463
6433,9415,9464
306446,9879,9921
179893,9879,9929
392388,9880,9925
27593,9884,9935
180301,9890,9947
250752,10166,10229
248897,10937,10995
235440,10937,10998
249571,10938,11002
106815,10939,10990
121446,10939,11000
248774,10942,10991
370739,10942,10994
204912,10942,11000
62132,10943,10999
113432,11004,11064
302668,11010,11065
48803,11036,11091
129914,11057,11150
329312,11064,11149
117686,11067,11150
102316,11070,11166
249927,11536,11609
209426,11575,11624
378823,11860,11912
99906,12049,12112
99908,12049,12114
257556,12271,12333
306083,12271,12338
289616,12839,12894
48365,12999,13045
331805,13145,13205
202217,13157,13205
275234,13260,13323
132300,13266,13327
128019,13266,13329
28441,13268,13331
332394,13337,13402
245455,13341,13403
270296,13343,13404
224280,13359,13412
144028,13547,13619
404828,13913,13970
113064,13934,14003
185376,14269,14318
355322,14406,14476
25954,14431,14487
341914,14436,14527
36789,14469,14530
113431,14565,14632
242017,14566,14627
43387,14566,14639
251775,14571,14632
373657,14573,14634
402718,14658,14741
117685,14667,14728
393414,14695,14759
92471,14696,14752
152932,14698,14759
11696,14698,14765
313037,14807,14869
7810,14882,14940
236158,14922,14973
232165,15126,15186
129998,15129,15185
18357,15131,15189
241760,15133,15180
20777,15133,15190
397602,15134,15185
235441,15134,15189
86662,15135,15186
143516,15135,15191
74033,15432,15483
167250,15442,15511
160519,15470,15538
323302,15497,15573
192401,15538,15621
283593,15596,15664
224279,16041,16104
309578,16066,16131
147028,16282,16332
