141343,89,197
355971,90,187
119757,96,178
38520,101,171
345745,101,177
39010,105,176
77454,109,178
162412,111,176
10441,112,175
335423,183,247
132719,522,585
24748,532,607
403068,566,636
160191,683,751
234464,686,742
269106,1237,1293
24868,1314,1391
242101,1632,1682
96187,1802,1863
155221,1805,1870
151275,1810,1866
56821,2230,2309
221883,2237,2308
143081,2239,2301
215618,2239,2309
140599,2240,2302
335018,2241,2303
70373,2241,2313
264024,2242,2304
357275,2243,2308
118489,2244,2309
203063,2244,2318
263232,2245,2305
154517,2247,2314
163130,2250,2314
349288,2251,2313
257103,2252,2306
165198,2252,2316
308125,2252,2318
27554,2255,2320
190199,2256,2318
381612,2268,2322
162238,3378,3441
227491,3624,3695
19240,4515,4608
13122,4516,4574
378898,4518,4634
314795,4541,4620
165380,4542,4597
131953,4543,4618
295419,4544,4615
137509,4548,4617
62986,4549,4612
189972,4551,4622
345622,4567,4624
161478,4580,4626
130624,4642,4706
393491,4777,4833
67631,4777,4847
230565,4777,4858
100663,4777,4880
290959,4780,4876
111862,4781,4855
219463,4785,4866
110021,4786,4871
17730,4787,4875
279008,4804,4871
391605,4826,4879
262585,4840,4903
138588,5053,5125
204815,5074,5168
223514,5078,5135
7716,5079,5137
138587,5083,5183
342958,5087,5143
11622,5112,5183
403857,6355,6403
241817,6356,6407
195515,6360,6410
282967,6793,6854
123259,6793,6882
391133,6795,6859
227819,6799,6851
249474,6807,6867
47169,6808,6883
346894,6987,7059
311762,6999,7051
134432,7000,7072
111366,7001,7051
407810,7037,7107
208207,7400,7468
17003,7418,7527
161454,7535,7612
45278,7536,7634
136912,7538,7613
106663,7539,7607
197696,7543,7622
1175,7544,7589
35814,7546,7608
197695,7565,7627
277630,7566,7636
277631,7576,7642
10945,7688,7753
405131,7689,7762
278380,7693,7763
21438,7699,7762
99411,7931,8016
6303,7935,8014
