29421,653,699
346193,818,896
65687,821,880
312924,840,894
292448,849,908
146199,850,924
204551,863,926
14195,869,929
345224,1043,1095
283807,1043,1105
45321,1598,1647
287420,1598,1691
140036,1600,1686
307960,1602,1694
178538,1603,1661
33739,1606,1676
220050,1607,1671
33738,1607,1679
370003,1611,1663
307887,1615,1668
270216,1617,1678
41572,1620,1684
324247,1933,1983
114356,1939,2015
29922,1945,2013
307961,1945,2032
365217,1948,2016
22661,1948,2024
288732,1956,2028
148200,1958,2019
366604,1959,2022
312709,1960,2021
356671,1960,2045
389334,1962,2029
380188,1964,2025
293969,1974,2045
198638,1976,2040
401736,1977,2038
112849,1982,2052
342980,1985,2052
243783,1987,2047
194049,1990,2046
181487,1990,2053
306837,2001,2069
75805,2138,2196
219906,2145,2213
106807,2345,2416
5947,2360,2421
290331,2777,2846
8557,2786,2844
281618,2787,2875
370278,2811,2900
28520,2824,2886
356670,2830,2899
196460,2972,3033
266926,2973,3039
167852,2979,3026
267460,2987,3064
308456,2990,3045
183050,2993,3066
249387,3007,3055
356826,3007,3068
314000,3071,3138
371511,3088,3136
57773,3090,3136
318191,3772,3832
367331,3925,3976
350323,3940,4002
101385,4417,4485
346108,4752,4813
151275,4764,4828
268686,4766,4830
291726,4767,4828
2262,4767,4833
7960,4773,4828
184405,4956,5015
36141,4993,5048
348770,5051,5109
58959,5100,5180
280965,5106,5179
9215,5129,5181
59734,5137,5202
37260,5988,6054
37261,5989,6053
243782,6003,6065
286961,6568,6668
286962,6572,6673
290328,6590,6666
133425,6591,6654
49192,6597,6664
205760,6599,6663
237424,6599,6669
390282,6605,6669
242538,6611,6661
18070,6611,6664
183606,6612,6662
363620,6612,6665
407768,6613,6667
132644,6621,6684
1648,6640,6683
103223,6733,6787
356669,6886,6950
403688,6894,6943
347122,7220,7262
383231,7220,7267
32536,7307,7356
184404,7461,7540
127970,7701,7767
295213,7707,7776
234232,7713,7765
376133,7714,7784
126359,7718,7794
11515,7726,7788
172943,7728,7810
207977,7728,7814
255513,7730,7802
101162,7734,7808
101163,7734,7813
180370,7744,7805
8102,7744,7811
258317,7747,7808
3430,7759,7814
244007,7760,7812
189377,8126,8180
