287104,79,156
338247,79,173
141343,79,183
176879,84,160
196041,88,158
38520,91,150
114788,91,188
47763,92,162
367550,94,150
333333,105,161
345152,157,224
263757,159,267
143199,160,223
176179,162,214
47086,164,241
134695,166,246
277352,168,255
378220,171,245
390987,173,224
96582,176,260
378219,179,281
251771,180,255
276334,180,262
367661,181,259
134569,182,263
19771,183,248
345982,185,259
209757,191,253
110458,192,259
385831,193,256
242429,209,286
271344,433,493
328357,434,498
78559,450,521
51401,454,512
2146,454,515
72295,456,521
15252,461,534
24424,468,552
335946,469,535
270470,474,529
177818,603,652
211006,605,682
32364,605,695
323336,606,661
323337,606,664
143148,610,681
249080,894,961
370984,896,958
15251,929,984
3216,1094,1158
370090,1112,1176
201495,1113,1175
314722,1149,1241
132428,1161,1231
178243,1904,1961
278399,1925,1977
15253,2314,2369
321796,2314,2375
252932,2314,2378
222900,2316,2392
2271,2318,2393
65993,2320,2385
116282,2336,2398
222899,2341,2424
4530,2344,2421
392063,2347,2431
150086,2347,2441
184539,2359,2423
265170,2392,2465
143147,2393,2459
90171,2397,2465
238275,2691,2752
1402,2718,2794
363623,2849,2910
302336,3456,3519
333358,3456,3521
302217,3456,3534
46233,3471,3538
356828,3479,3590
34261,3484,3536
283956,3484,3588
15250,3485,3551
160514,3496,3570
356829,3504,3597
212286,3575,3654
140690,3717,3780
95387,3843,3894
293588,3971,4028
64682,4237,4293
294127,4238,4291
9331,4245,4293
2147,4367,4411
251772,4367,4432
21438,4368,4431
100532,4369,4432
278400,4370,4427
13059,4370,4435
177485,4370,4444
345099,4564,4636
41436,4573,4666
140577,4578,4660
20047,4581,4655
375784,4582,4663
249079,4585,4697
232368,4590,4651
143146,4591,4696
137443,4598,4674
348109,4599,4660
14023,4599,4698
56593,4600,4665
102173,4600,4683
263242,4601,4697
263871,4604,4668
279869,4650,4698
189659,4759,4825
348108,4778,4844
1141,4874,4950
54286,4881,4943
223825,4883,4945
132860,4886,4947
156822,4890,4951
13060,5088,5153
69920,5089,5144
89107,5090,5140
344361,5096,5154
