256336,102,165
131276,174,244
367686,341,438
78781,343,421
59456,347,449
220922,349,437
146219,349,454
185150,356,427
79812,357,416
185151,367,471
178922,373,460
77977,381,473
64731,390,466
312440,525,595
374790,549,624
183579,606,704
322719,649,706
150086,790,872
17003,804,900
64732,827,920
391669,854,966
12120,855,949
78780,867,940
128741,881,945
22688,884,944
169786,885,967
312439,1015,1081
148459,1171,1228
59028,1173,1246
119297,1429,1494
351288,1442,1502
337976,1451,1514
129522,1491,1552
231324,1927,1972
249294,2896,2947
225999,2917,2969
304102,2917,2978
85160,2918,2980
194439,2921,2977
245354,2923,2977
265329,3043,3119
235513,3046,3108
68284,3063,3135
341020,3073,3171
270620,3078,3135
173665,3078,3145
238332,3079,3132
29739,3080,3154
332190,3080,3161
188543,3081,3140
14059,3084,3170
131639,3090,3159
341019,3091,3172
131640,3093,3164
179552,3094,3160
128742,3095,3158
248400,3096,3157
103296,3097,3160
50293,3097,3171
192874,3098,3162
340610,3103,3158
304103,3117,3169
123633,3195,3257
147070,3314,3375
134063,3321,3380
54615,3730,3792
295550,3735,3797
312439,3908,3989
332189,3921,3989
55230,4210,4280
261846,4361,4417
125060,4373,4425
157169,4378,4425
5221,4689,4762
214582,4691,4759
50292,4697,4763
212898,4699,4768
84179,4700,4752
9003,4711,4757
75669,4712,4780
270621,4724,4793
112033,4734,4806
183580,4737,4787
344129,4742,4800
78019,4745,4789
375706,4961,5049
249545,5224,5294
209756,5231,5295
388363,5235,5290
118431,5941,5997
371613,6321,6405
371614,6329,6405
323922,6353,6423
137544,6371,6427
244618,6374,6440
9498,6375,6437
141783,6378,6429
279745,6380,6440
371601,6393,6455
365051,6619,6685
212483,6767,6842
105807,6772,6839
26656,6925,6988
64730,6978,7065
361501,7654,7703
166446,7660,7703
31976,7842,7897
31975,7845,7906
215286,8677,8733
312440,8678,8741
131638,8910,8979
337509,8914,8982
184885,9027,9081
178126,9031,9109
