98469,390,442
10105,445,502
111626,448,507
70909,449,505
226055,887,953
259724,894,962
117169,897,954
129249,897,971
143992,914,970
328930,915,969
370312,922,970
70909,932,993
350504,943,1004
350505,943,1018
351205,946,1009
379233,953,1014
79068,956,1002
70911,991,1052
299100,993,1055
296719,1156,1218
343290,1270,1336
202353,1271,1333
308410,1274,1334
35765,1274,1342
163021,1275,1340
348311,1579,1644
240034,2113,2168
381769,3086,3150
393428,3091,3152
284083,3398,3459
187140,3779,3855
253560,4572,4641
70911,5037,5097
278995,6338,6392
118859,6457,6520
341454,6459,6548
375743,6490,6544
57882,6613,6695
102316,6613,6705
350677,6614,6679
139305,6614,6686
70910,6614,6691
92229,6615,6680
80776,6617,6681
148596,6648,6706
5863,6650,6728
111627,6660,6739
374299,6664,6740
233311,6680,6741
44868,6697,6741
43257,7300,7348
3520,7300,7359
248048,7300,7373
358586,7300,7385
135814,7301,7375
186741,7301,7388
20296,7302,7381
400581,7313,7388
168000,7316,7391
225251,7319,7384
223496,7329,7404
166153,7608,7673
187073,8005,8083
38650,8577,8650
161321,8581,8648
400585,8585,8652
108323,8816,8871
185320,8860,8923
89778,9071,9128
168108,9963,10015
37799,9974,10033
365925,9981,10036
35413,10078,10140
128673,10078,10146
103238,10082,10153
302934,10087,10154
87621,10088,10152
263905,10091,10149
253139,10091,10152
136357,10093,10154
96494,10096,10145
55029,10096,10150
38703,10096,10152
27622,10096,10157
76823,10098,10148
296376,10098,10159
188096,10101,10144
37433,10101,10157
205610,10104,10152
192722,10244,10307
290087,10250,10305
403377,10401,10456
264573,10402,10457
322575,10410,10455
67949,10620,10716
143993,10622,10733
236568,10624,10714
70910,10636,10706
400580,10655,10723
350676,10659,10732
90365,10671,10724
108323,10672,10733
309945,10674,10734
