354002,628,746
354002,1418,1528
112842,1690,1742
28062,2454,2505
176302,2454,2518
181953,2455,2521
117498,3529,3591
89152,3532,3620
176137,3553,3620
385721,3570,3630
35930,3585,3645
314678,3760,3820
89153,4108,4216
350156,4124,4202
364874,4133,4215
359274,4154,4206
400544,4160,4212
285258,4600,4667
232189,4601,4665
124548,4608,4671
98080,4610,4678
120005,4612,4664
323459,4614,4664
393628,4614,4676
11009,4615,4671
46669,4617,4675
279385,4617,4682
62816,4624,4681
357713,4626,4676
221943,4630,4671
219203,4790,4841
39659,4790,4854
177217,4804,4867
341019,4804,4882
354003,4804,4886
265070,4806,4861
394643,4991,5094
9109,5035,5096
281223,5040,5110
124192,5045,5100
177218,5046,5110
272550,5048,5108
90685,5159,5217
192436,5248,5309
399253,5250,5311
199084,5256,5311
3543,5350,5412
99171,5413,5464
6451,5424,5489
392918,5699,5756
229598,5699,5766
260327,5700,5755
73953,5700,5769
95665,5700,5776
178130,5701,5763
265349,5704,5768
341020,5705,5807
190382,5709,5771
191477,5711,5818
121091,5712,5768
381851,5714,5781
229896,5715,5791
256766,5717,5778
301810,5718,5822
14059,5725,5801
354003,5728,5820
161300,5731,5794
11487,5732,5798
161299,5732,5819
149343,5738,5812
