145285,290,340
207949,333,394
39929,792,876
124431,891,969
49,895,973
128353,913,997
396372,914,975
245023,940,1012
284910,943,1020
136841,1426,1488
31975,1709,1778
186084,1790,1841
261917,1818,1932
261918,1834,1927
110550,1858,1960
263207,1878,1950
353983,1886,1948
261917,1904,2016
261918,1911,2008
28441,2525,2581
330368,3056,3104
17739,3057,3111
142934,3058,3105
229906,3059,3117
48511,3060,3110
1174,3062,3111
171863,3063,3117
147699,3064,3116
59902,3065,3118
68777,3182,3232
281079,3388,3449
31976,4268,4329
31975,4272,4343
12791,4283,4353
151241,4626,4684
367171,4651,4715
234413,4654,4706
21785,4666,4720
351155,4667,4715
84981,5166,5237
287711,5167,5231
235490,5180,5241
48,5678,5742
63552,5916,5965
57603,6195,6272
194268,6371,6420
16052,6372,6421
323941,6380,6427
315134,7083,7148
255567,7083,7156
222373,7085,7207
396371,7109,7206
78327,7162,7265
23588,7173,7240
404534,7449,7511
203328,7453,7524
251891,7454,7522
179668,7461,7529
326872,7465,7531
334680,7469,7531
12663,7476,7522
384975,7730,7804
108126,7731,7792
42275,7731,7813
51218,7734,7782
134626,7734,7789
60169,7734,7802
10941,7734,7808
365110,7734,7811
365109,7734,7815
91921,7735,7820
294606,7737,7802
60839,7739,7811
383178,7744,7818
335834,7745,7821
157795,7746,7802
82581,7749,7814
260594,7751,7814
300323,7755,7823
271761,7757,7831
400828,7772,7832
