119173,111,192
151006,221,295
58253,221,318
367884,222,302
406338,224,291
303266,226,295
25569,226,323
378215,227,291
97827,227,303
383079,229,285
225184,230,291
8432,231,297
32229,231,303
278150,236,297
247537,237,343
86700,239,297
324934,245,327
408658,251,327
317058,252,307
261442,310,363
212022,385,443
342078,1004,1067
39560,1162,1215
188300,1187,1239
309855,1187,1249
98095,1189,1246
366787,1190,1245
183369,1191,1250
245354,1423,1484
52578,1575,1627
198082,2220,2282
237487,2305,2365
276093,2884,2940
177055,2884,2950
262317,2884,2966
164200,2885,2946
