109664,645,713
26407,676,744
348075,765,827
181001,779,822
375437,798,871
127451,799,867
117685,804,865
216913,968,1044
350522,969,1066
358242,970,1073
292011,971,1068
269199,972,1056
303607,972,1062
303608,980,1072
132610,1016,1067
289106,1018,1082
54668,1022,1102
266142,1035,1098
100281,1036,1108
44888,1046,1107
323956,1048,1110
48581,1048,1114
92259,1412,1468
65114,2010,2077
202296,2020,2080
208113,2316,2378
124952,2330,2407
217532,2344,2409
144771,2519,2585
240969,2519,2595
364265,2521,2582
144772,2521,2586
65055,2536,2604
205634,2537,2601
65054,2539,2604
345834,2684,2745
214331,2944,3012
117686,2946,3033
30214,2947,3058
30215,2981,3072
137933,3035,3094
201854,3336,3416
318654,3354,3423
