278199,304,370
151106,304,400
59456,305,402
78991,337,413
78993,532,599
361285,552,609
27977,619,685
109381,709,816
135814,722,801
185242,732,798
109381,1128,1225
170143,1299,1368
109680,1581,1647
78992,1609,1673
177132,1613,1686
36718,1816,1887
218481,2025,2105
304314,2363,2418
258886,2708,2778
48922,2739,2807
23903,2742,2807
90061,2743,2808
217676,2745,2806
149233,2801,2844
109380,2901,2962
89869,2913,2988
109380,3075,3139
239253,3079,3143
68325,3091,3155
397282,3099,3160
315005,3102,3147
246366,3303,3368
113354,3318,3379
308326,3357,3419
293333,3370,3420
83881,3451,3514
253947,3452,3517
230890,3456,3517
82305,3458,3509
156372,3465,3538
313295,3469,3517
165089,3477,3580
64032,3481,3551
165090,3482,3598
218771,3487,3580
126145,3502,3583
358207,3517,3579
358208,3519,3584
124924,3522,3597
256782,3529,3591
228947,3534,3589
296299,3534,3598
254134,3536,3601
122981,3537,3594
10227,3537,3599
9346,3538,3601
83630,3990,4039
55403,4001,4073
161588,4184,4254
388554,4186,4247
72158,4393,4450
235264,4394,4455
404550,5108,5172
331732,5110,5158
143324,5111,5164
308325,5112,5163
