341175,124,169
169675,239,356
25686,247,330
101555,257,342
27376,963,1046
40552,979,1051
135787,1000,1054
376783,1015,1079
314861,1019,1074
35245,1280,1325
24045,1336,1389
112860,1697,1758
253720,1709,1752
79960,2001,2072
376624,2115,2177
256631,2160,2219
336957,2163,2229
121584,2164,2227
169674,2383,2457
164471,3180,3251
305940,3183,3251
197485,3205,3272
230204,3207,3271
175642,3208,3252
167415,3213,3274
343251,3222,3285
302169,3224,3285
99613,3226,3288
102151,3227,3279
123775,3715,3774
14011,3722,3771
242003,3726,3788
108326,3728,3788
51300,3738,3792
41083,3744,3792
169674,3763,3846
40551,4043,4101
169673,4097,4169
385792,4353,4399
169673,4830,4889
96180,5117,5184
269174,5129,5208
230205,5141,5196
269175,5151,5218
269176,5155,5214
27789,5165,5270
169675,5170,5272
276373,5203,5279
40550,5215,5280
299,5358,5430
269691,5358,5440
165588,5359,5433
