85149,153,217
374353,155,211
153130,161,224
365623,197,262
315866,303,365
140007,304,354
285644,306,368
185898,920,976
16426,1432,1494
104685,1434,1495
370048,1548,1593
32821,1548,1603
182577,1548,1605
36511,1645,1704
131724,1646,1720
225810,1647,1738
375638,1648,1707
1878,1675,1738
131725,1678,1737
20866,1691,1737
67161,1984,2070
36145,1987,2103
181427,1992,2067
368872,2004,2058
406412,2006,2069
50956,2014,2119
126749,2032,2107
82804,2038,2115
70717,2048,2108
389361,2056,2109
113659,2059,2108
129864,2074,2151
133811,2078,2132
143767,2084,2149
41306,2085,2147
29354,2085,2150
110960,2086,2144
3741,2087,2134
323697,2088,2151
351988,2090,2151
52609,2104,2165
157880,2399,2452
30955,2590,2666
173434,2872,2956
129006,2874,2936
96018,2874,2946
77975,2874,2967
373095,2889,2949
370096,2893,2960
380507,2894,2966
126547,2897,2949
141689,2905,2978
286049,2905,2984
74509,2905,2994
402385,2906,2969
338855,2907,2968
170478,2907,3000
184231,2909,2970
137669,2910,2959
281096,2910,2971
157096,2911,2975
36903,2913,2993
313556,2917,2988
104533,2925,2986
101483,3041,3092
309052,3899,3969
365623,3900,3958
196585,3903,3974
129487,3925,3972
18144,4005,4052
343342,4365,4418
211834,4541,4598
149803,5750,5808
203206,5750,5822
52313,5751,5833
182578,5799,5869
213371,5820,5887
320228,5824,5889
186002,7319,7390
130750,7328,7391
41981,7331,7390
30576,7545,7606
402386,7558,7621
205321,7568,7621
322749,7992,8073
158745,8023,8088
322460,8140,8196
70551,8194,8280
321090,8205,8287
130565,8215,8290
37754,8217,8282
32442,8218,8275
31747,8219,8286
351615,8220,8275
23486,8228,8289
243993,8234,8288
203441,8331,8389
111321,8332,8387
30954,8360,8413
334254,8371,8428
355029,8433,8502
