143611,312,364
314710,455,525
90171,587,642
202898,718,770
257486,973,1087
19176,1285,1342
37909,1467,1530
15004,2086,2166
360908,2089,2167
9176,2092,2166
184404,2998,3073
32716,3014,3072
322333,3017,3062
79172,3017,3074
269421,3018,3078
250317,3020,3069
264504,3024,3084
337242,3025,3091
368696,3037,3099
118785,3129,3183
225978,3884,3942
57249,4080,4156
361493,4088,4148
17786,4092,4135
184405,4094,4159
215938,4096,4156
72421,4574,4645
144910,4595,4649
17730,4615,4701
57248,4838,4904
338635,5019,5083
193210,5021,5070
199896,5022,5085
288641,5030,5126
259490,5034,5131
288642,5034,5136
115640,5054,5108
300165,5058,5130
359048,5061,5125
348320,5089,5147
152348,5105,5154
344117,5108,5159
53,5630,5700
70848,5660,5718
326130,5684,5736
211834,6061,6125
287720,6067,6134
34342,6312,6399
286548,6314,6379
135708,6340,6401
82401,6561,6612
337041,6563,6608
