290241,335,418
317167,340,397
232601,340,423
352155,350,414
371019,351,413
137727,357,414
30228,358,405
164923,452,504
154658,452,511
71210,453,517
346993,454,515
245986,456,523
14060,458,530
306318,459,513
367361,459,520
14059,459,537
180743,460,524
27258,465,527
36766,465,532
236195,466,534
60416,719,786
319927,883,947
139022,885,944
62620,1041,1151
62622,1061,1148
78752,1075,1171
357630,1108,1196
72216,1269,1331
134980,1286,1359
62620,1286,1389
27569,1293,1352
324312,1300,1384
197334,1302,1351
62623,1304,1375
62621,1305,1393
151067,1314,1386
30661,1370,1439
90706,1472,1520
23976,1966,2029
135358,2228,2290
62622,2500,2583
62621,2503,2584
372153,2507,2583
349490,2633,2699
174539,2636,2708
264107,2649,2711
62623,2747,2820
4051,2749,2817
116950,3303,3393
321426,3428,3547
337509,3430,3486
