340734,1074,1141
71151,1077,1130
310765,1225,1284
323634,1225,1290
60235,1226,1275
346458,1226,1286
31279,1239,1293
164959,1290,1354
287950,1292,1350
319608,1292,1357
304094,1299,1357
9893,1312,1357
28868,1389,1452
398884,1392,1451
117274,1396,1451
94294,1401,1451
270094,1523,1567
86121,1801,1844
86213,1801,1849
85659,2875,2922
81959,3024,3100
240825,3027,3134
228432,3028,3138
108122,3035,3100
101772,3036,3101
280165,3071,3137
397030,3072,3135
296389,3158,3232
262582,3171,3232
365663,3410,3466
12950,3413,3470
356917,3433,3504
356916,3435,3491
355208,3883,3959
355054,3889,3961
198186,4222,4278
245705,4223,4269
21108,4223,4279
3420,4342,4393
173989,4574,4636
59818,4585,4638
17768,4586,4645
381769,4586,4653
179658,4588,4645
155509,4590,4649
198892,4593,4661
216437,4990,5073
34424,5290,5356
31221,5292,5359
75666,5393,5455
346475,5405,5466
284626,5523,5584
366969,5805,5871
226505,5808,5872
146333,5811,5868
234675,5812,5869
283285,5813,5866
176595,5815,5866
338248,5820,5867
189927,5825,5870
1650,6351,6422
71522,6355,6418
7301,6362,6420
355551,6368,6416
56957,6773,6843
5705,6774,6836
94295,6774,6852
194460,6775,6834
28867,6794,6862
235545,6795,6859
