356124,146,209
41892,150,199
92967,154,215
37056,567,631
204722,577,641
201178,591,655
99567,599,661
235252,602,664
187976,681,762
57255,688,767
23457,710,769
334954,1484,1548
232749,1564,1627
393019,1657,1720
15719,1663,1723
363786,2180,2243
161548,2802,2889
364056,2808,2864
392204,2830,2887
9773,2835,2903
169073,2840,2909
214838,2844,2904
401433,2844,2907
372346,2863,2930
144804,2920,2984
286818,2921,2970
28993,3023,3095
165002,3024,3091
341447,3033,3102
118587,3039,3123
107617,3065,3139
253288,3076,3142
250567,3228,3302
69068,3230,3300
245217,3252,3324
214111,3259,3310
159556,3259,3320
380001,3263,3316
18047,3264,3312
402557,3266,3335
171141,3267,3316
110720,3271,3315
171142,3271,3326
354919,3276,3318
112722,3278,3336
188068,3284,3338
393992,3537,3589
220001,3606,3678
332268,4022,4095
211849,4044,4106
15232,4049,4107
199556,4146,4194
241218,4177,4227
332267,4204,4272
222672,4536,4583
324448,4536,4606
104250,4537,4598
31322,4537,4600
227796,4537,4604
397040,4556,4616
22662,4605,4672
402600,4638,4713
42974,4642,4707
163458,4642,4715
211673,4671,4732
400530,4676,4734
203531,4799,4866
234858,5049,5114
34344,5050,5113
224225,5051,5116
213609,5167,5229
149095,5225,5287
324335,5460,5523
324336,5462,5520
332268,5462,5524
324337,5462,5526
332267,5516,5570
199547,6324,6411
391716,6336,6399
125421,6340,6408
165001,6347,6401
353232,6349,6410
