286749,106,174
102568,106,184
338023,108,169
78883,114,189
106966,118,199
322327,124,182
334272,133,199
159251,274,336
170312,286,379
27165,301,383
3046,313,408
356064,317,379
110485,317,384
400580,318,403
400581,318,408
56436,319,373
29423,320,395
375568,320,422
405605,321,413
10436,323,398
153415,323,419
82806,324,433
190803,325,421
289270,330,417
394462,331,415
193084,331,427
204302,337,430
265945,368,429
149803,507,579
379969,928,995
269437,1734,1822
285856,1833,1904
114939,1846,1898
331273,1864,1925
79612,1865,1926
243232,2168,2243
22891,2170,2233
279973,2170,2238
269543,2420,2530
8387,2458,2509
303539,2469,2555
406869,2482,2543
356063,2649,2736
381103,2652,2700
163992,2653,2707
112833,2666,2743
66539,2684,2756
89570,2685,2735
224819,2695,2755
207733,3179,3246
207732,3181,3236
105863,3255,3302
356061,3409,3488
356061,3563,3643
85367,4163,4224
26064,4196,4266
279339,4208,4283
367821,4212,4282
224095,4213,4284
318029,4337,4406
356063,4390,4464
40738,4600,4677
356062,5409,5470
32490,5644,5718
66538,5650,5737
177242,5658,5710
316919,5661,5734
286748,5665,5737
94352,5669,5710
140841,5669,5731
135932,5670,5735
318252,5676,5737
150198,5680,5744
345033,5681,5746
167623,5695,5767
356062,5995,6050
250874,6095,6184
105240,6201,6272
62979,6340,6407
359352,6359,6409
64647,6555,6622
374700,6643,6693
236336,6848,6909
28646,6849,6911
259764,6850,6907
63657,6850,6918
245176,6850,6925
397369,6855,6908
121315,6922,6976
332463,6927,7004
275158,6930,7038
153416,6930,7047
110651,6932,7005
344715,6939,7037
98523,6940,7047
215504,6941,7012
5016,6943,7007
291830,6943,7051
121316,6944,7044
161097,6966,7040
26015,6970,7042
313589,6977,7045
85942,6984,7049
217937,6985,7038
21438,6986,7042
176532,6986,7044
164619,6986,7048
206209,6993,7047
222306,7023,7080
185528,7306,7376
347296,7735,7837
356064,7761,7836
375567,7763,7837
138932,7784,7837
395482,7787,7837
340811,8147,8206
333083,8721,8773
81083,8728,8772
289269,9542,9598
138034,9543,9595
396152,9543,9596
