41272,265,336
38752,490,556
350501,491,578
100296,506,579
394661,507,563
234397,512,578
177696,517,581
29657,542,592
138760,568,644
365790,579,649
212709,583,653
124465,588,676
194558,590,654
18788,592,659
231391,593,654
238540,594,671
276900,594,678
197244,596,668
336052,598,674
71721,598,683
47957,599,660
80075,614,680
237273,615,676
172804,618,683
19511,622,684
330538,622,694
179129,622,704
330537,626,694
209936,626,701
147441,627,696
88463,629,692
205577,630,691
295507,630,699
203582,630,703
362467,631,706
56561,633,711
11939,635,704
44499,641,705
51764,690,754
304373,700,764
231392,704,777
322086,733,793
7728,1205,1278
329634,1209,1288
201281,1241,1286
291038,1443,1509
156239,1568,1625
80389,1756,1817
48822,2204,2250
142560,2659,2733
91760,2672,2733
170649,2683,2741
40396,2791,2841
206353,2892,2956
157229,2893,2959
19810,2919,2977
97233,3226,3288
120019,3383,3459
180085,3781,3842
20425,3782,3838
179460,3999,4053
36637,4062,4140
