236568,72,163
139305,75,154
57882,75,163
365841,107,164
4866,580,632
147122,1030,1092
270007,1063,1134
333864,1605,1660
291397,1617,1666
143138,1621,1704
60940,1645,1709
193462,1680,1751
303097,1724,1775
226901,2066,2117
9791,3107,3169
380380,3195,3257
294428,3438,3479
215037,3931,4013
215038,3931,4020
26655,3952,4006
291653,4205,4281
268300,4223,4276
57843,4410,4469
62776,5161,5220
350727,5321,5376
86488,5594,5663
86575,5595,5658
402744,5619,5695
139799,5624,5674
353969,5633,5702
86487,5804,5859
341351,6032,6101
289650,6083,6149
375008,6087,6153
281802,6097,6144
201429,6113,6175
73861,6117,6204
323274,6133,6209
134328,6142,6203
316723,6144,6210
206743,6145,6212
266368,6148,6209
178960,6153,6203
202598,6179,6244
338970,6434,6499
325067,6434,6509
210347,6436,6498
188097,6439,6500
246705,6441,6506
237546,6442,6505
357675,6443,6506
310279,6455,6518
403712,6631,6698
269733,6632,6715
41294,6669,6737
223151,6676,6743
289905,6703,6764
125363,6812,6861
127017,6821,6880
87527,6825,6878
221821,6840,6911
161321,6850,6911
8504,6859,6912
56011,7245,7333
106169,7275,7336
404125,7280,7342
289452,7287,7339
106240,7289,7335
177089,7340,7405
192710,7364,7432
19866,7536,7606
149524,7542,7605
164128,7668,7719
343579,8057,8132
30147,8066,8118
3216,8067,8141
253824,8320,8389
28077,8404,8451
84414,8421,8479
28114,8456,8526
340811,8472,8534
303567,8504,8566
171139,8506,8573
