126456,657,753
101985,681,740
335948,683,767
57882,690,769
8713,781,843
124282,784,835
118431,785,850
253179,885,994
210966,886,955
407263,889,939
111323,891,938
353525,891,943
280583,891,951
148136,892,980
344246,894,972
185244,952,1038
70682,1096,1140
124283,1096,1168
10695,1263,1356
360455,1271,1335
36475,1288,1350
194508,1785,1848
38051,1791,1856
118404,1794,1856
124713,2445,2503
63037,2446,2512
83852,2449,2510
38051,3125,3196
108871,3127,3190
103458,3129,3188
216235,3132,3192
120464,3132,3201
74442,3134,3196
32805,3135,3199
387248,3136,3187
15661,3143,3204
320185,3238,3290
155929,3363,3430
223642,4045,4117
144622,4053,4116
397271,4219,4275
190693,4266,4309
397270,4363,4412
7377,4647,4712
354897,4848,4914
255558,5164,5222
40015,5169,5222
219463,5511,5573
130859,5511,5577
32777,5531,5573
383918,5709,5750
358051,5710,5751
205993,5710,5771
299643,5711,5778
10185,5717,5778
334383,5719,5764
401296,5924,5986
106509,6133,6195
24936,6142,6203
107172,6150,6212
310424,6160,6223
158803,6160,6236
369386,6166,6236
156050,6169,6230
123870,6172,6233
236875,6176,6232
36991,6177,6236
223643,6590,6664
61796,6607,6673
257486,6622,6733
401627,6709,6773
392826,6712,6793
95287,6714,6776
77586,6729,6797
392103,6730,6824
269603,6730,6830
294882,6733,6777
384221,6734,6796
34662,6734,6810
172392,6735,6799
183339,6737,6801
279678,6737,6830
150616,6738,6800
116259,6741,6790
108563,6749,6829
105469,6750,6817
232836,6752,6819
293881,6757,6829
32806,6758,6823
118405,6763,6851
88561,6769,6844
258771,6774,6836
118406,6781,6851
395971,6821,6891
54605,6864,6914
349006,6865,6926
96556,6867,6943
4043,6870,6926
188280,7130,7183
289247,7131,7177
62452,7131,7194
343633,7131,7200
271473,7135,7196
223641,7136,7199
65885,7137,7201
7011,7138,7196
407692,7138,7207
68212,7140,7201
