303884,114,167
232059,117,167
286749,122,179
407546,254,332
160994,257,376
59503,265,377
220922,266,347
58253,268,360
379546,269,375
235658,275,332
268531,281,374
184999,748,829
343706,751,823
30026,752,829
327731,759,830
122544,760,822
66538,761,840
62124,766,823
120521,770,820
273744,774,828
152543,775,835
137457,777,840
35424,777,842
333006,777,876
286748,779,842
218566,780,840
274306,788,842
3713,793,871
198794,795,872
18477,891,950
115437,896,957
372106,913,986
199786,921,964
306237,934,997
306746,1080,1144
645,1081,1139
192281,1496,1559
361698,1503,1562
105801,1503,1589
400981,1509,1559
363822,1520,1579
121883,1694,1768
163372,1695,1744
174744,1697,1761
28139,1700,1769
184224,1718,1784
282551,1986,2060
375307,2699,2748
233849,2712,2769
236220,2725,2791
12451,3118,3190
401482,3629,3700
229888,3651,3723
185628,3654,3710
312274,3654,3716
355256,3672,3743
291742,3679,3745
343595,3679,3760
227391,3728,3802
120294,3741,3802
297206,4167,4221
281575,4188,4257
318518,4200,4256
336119,4202,4252
370278,4900,4988
204078,4901,4964
294739,4901,4978
34974,4901,4983
254035,4901,4990
59504,4902,4949
197321,4902,4951
223712,4904,4987
3938,4911,4977
55230,4911,4988
102997,4912,4975
118489,4912,4979
77458,4913,4981
201252,4915,4986
347192,4916,4968
262170,4916,4992
220776,4918,4975
294585,4919,4978
240160,4924,4994
227682,4926,4996
238970,4930,4988
70338,5300,5349
70339,5300,5352
160741,5422,5489
52573,5531,5579
51680,5532,5579
