213752,126,188
343533,129,190
265582,134,189
367390,141,188
47763,301,361
205536,309,427
69199,360,422
104346,362,424
237000,362,427
63029,363,437
202694,365,442
87454,366,421
401761,370,432
40996,375,437
17210,376,429
169269,376,438
400530,1031,1100
294435,1082,1151
397865,1657,1725
213705,2250,2299
289132,2275,2328
319869,2684,2759
334254,2702,2764
358947,3580,3641
178220,4552,4615
275266,6479,6540
122038,7031,7077
66445,7318,7384
316139,7320,7384
384432,7419,7492
94994,8089,8131
212185,8267,8313
333335,8602,8670
127813,8605,8666
349001,9997,10053
289131,10006,10068
380275,10399,10461
294436,10444,10511
94993,10452,10499
244780,10557,10630
128409,10560,10625
129693,10565,10634
174438,10575,10623
283956,10615,10720
204815,10782,10879
243276,10988,11044
206217,11522,11576
393446,11524,11568
348972,11524,11584
325630,12178,12229
185498,12293,12345
38929,12535,12594
348955,12610,12672
301367,12698,12785
80751,12699,12774
177974,12708,12787
46288,12709,12796
51846,12714,12793
4522,12714,12798
20705,12719,12794
27050,12724,12790
4155,12729,12792
140402,12730,12793
246231,12735,12799
