395426,260,331
77255,261,348
1416,269,336
318726,272,337
18845,287,353
206395,355,432
93215,359,427
209060,395,460
211816,397,455
200282,403,455
224678,435,517
210457,507,553
111809,641,702
215117,833,894
127127,1136,1216
209059,1141,1214
405621,1375,1449
287729,1376,1432
7164,1377,1423
27230,1377,1439
10825,1377,1458
352689,1379,1441
323646,1380,1423
246813,1380,1442
367306,1380,1474
68219,1381,1440
367105,1384,1472
318177,1388,1441
217350,1390,1452
112614,1390,1483
206556,1391,1461
171032,1391,1468
292604,1391,1475
118874,1392,1473
116666,1393,1456
15362,1394,1468
193489,1394,1492
294771,1395,1474
208886,1396,1478
194205,1398,1465
50316,1398,1474
213286,1402,1464
242302,1404,1469
394294,1405,1466
101309,1413,1471
98994,1414,1475
122818,1415,1484
206270,1447,1513
201815,1577,1647
153395,1582,1653
112615,1584,1652
9455,1739,1819
271966,1741,1864
193490,1746,1829
98523,1748,1862
13059,1793,1863
153397,1794,1854
40398,1976,2021
139101,2491,2555
354417,2497,2568
235461,2504,2567
292797,2505,2562
159284,2523,2584
222337,2970,3020
96532,2970,3053
271539,2971,3033
391676,2971,3036
162425,2971,3041
92143,2971,3044
233074,2971,3063
153396,2974,3052
13060,2977,3062
9456,2990,3077
