47764,101,198
397649,243,326
282909,362,428
127854,364,425
75187,364,434
252312,366,453
128265,367,430
59949,368,427
75186,370,433
294227,398,455
253442,399,449
285070,479,534
293644,488,560
338439,556,616
251060,568,631
10689,574,653
50143,829,895
127112,1006,1087
387571,1448,1498
323942,1448,1511
337185,1719,1814
337186,1737,1828
135409,1749,1803
112095,1754,1816
199084,1776,1845
194504,1783,1844
201116,1788,1847
182963,1790,1847
155451,1890,1953
186071,1890,1955
337185,2208,2314
337186,2231,2336
346769,2235,2316
6099,2269,2324
376755,2271,2317
272676,2273,2334
104245,2274,2331
337268,2277,2323
152932,2292,2353
110539,2477,2549
18329,2486,2528
302931,2486,2554
110538,2500,2576
28720,2508,2574
28721,2516,2577
283260,2531,2580
337188,3216,3287
337184,3219,3286
186070,3417,3467
4258,3526,3590
337184,3551,3634
266109,3560,3623
337189,3564,3652
234621,3729,3784
205957,3866,3926
230697,4028,4082
93009,4137,4184
144510,4138,4228
14496,4139,4230
232718,4141,4192
266108,4141,4198
58257,4278,4343
324519,4539,4599
160358,4541,4597
155452,4541,4619
10809,4543,4594
311219,4543,4610
337183,4557,4653
136562,4586,4648
337188,4587,4654
337183,4874,4978
318054,4875,4926
386618,4875,4936
330164,4875,4938
369753,4893,4965
337188,4908,4976
26440,5085,5136
52018,5209,5260
367821,5210,5265
300709,5420,5475
114893,5522,5590
71210,5578,5635
313180,5580,5637
337189,5624,5696
215409,5952,6040
110833,5952,6056
97856,5953,6043
388446,5959,6020
88944,5972,6039
337187,6602,6713
266735,6871,6932
197485,6887,6954
384713,6933,6992
337187,7172,7278
168580,7181,7242
129897,7185,7266
157321,7438,7489
327387,7438,7512
334977,7441,7494
140208,7462,7516
375286,7472,7538
223075,7474,7538
25686,7542,7611
327290,7542,7622
199547,7551,7645
384712,7571,7676
109295,7595,7679
369173,7602,7677
84015,7604,7679
308927,7605,7669
181037,7616,7679
287324,7620,7679
44449,7623,7677
181036,7627,7680
340311,7910,7967
389112,8045,8087
163725,8067,8108
25687,9325,9388
253290,9389,9434
199572,9731,9782
184539,9789,9851
176066,10459,10508
400347,10459,10512
37019,10459,10528
109295,10459,10546
346770,10460,10522
303807,10461,10523
208586,10467,10527
91576,10467,10529
55230,10468,10546
367875,10469,10530
317375,10475,10523
49574,10475,10528
68788,10481,10529
316614,10619,10679
201953,10620,10663
138688,10620,10675
46406,10620,10684
267656,10799,10867
