91721,75,138
210140,77,137
88994,223,284
246489,2436,2523
214722,2448,2520
162791,2448,2572
344864,2453,2510
388486,2456,2510
150479,2457,2521
399413,2458,2525
305828,2460,2543
125711,2461,2533
111868,2464,2528
96891,2466,2533
309601,2469,2531
137399,2472,2543
55584,2480,2528
111869,2497,2562
280368,2500,2565
252444,2507,2576
335991,2766,2825
227141,3138,3206
164042,3146,3203
179044,4410,4474
58832,4425,4470
281049,4776,4853
395801,4810,4904
191376,4816,4878
18697,5123,5186
257336,5417,5482
257337,5417,5487
24481,5418,5479
33537,5945,5998
388667,5946,6001
118101,5946,6008
12098,5950,6000
335990,5952,6000
153434,6160,6246
153434,6412,6493
171966,6726,6793
268491,6826,6890
117205,6826,6893
190742,6826,6903
30662,6828,6881
389371,6841,6907
366236,8593,8667
4043,8596,8664
326896,8597,8667
304387,8599,8660
316525,8732,8793
68512,8737,8794
153435,8751,8861
218431,8948,9018
190741,8950,9004
347326,8952,9023
269366,9418,9495
395020,9429,9501
239380,9433,9495
12656,9434,9487
121028,9436,9498
232554,9437,9487
26370,9438,9492
121029,9438,9496
94100,9439,9491
101062,9440,9488
183382,9444,9500
334135,9943,10004
216408,9946,10008
55525,10233,10297
196003,10240,10301
153680,10247,10299
388367,10655,10732
386710,10658,10714
290665,10884,10945
200450,10885,10947
223441,10888,10950
178916,11331,11395
232267,11578,11623
327733,11631,11687
319520,11871,11932
166101,11880,11957
31065,11882,11949
210595,11885,11950
270481,12013,12085
40696,12033,12090
408323,12038,12126
150629,12053,12122
94101,12056,12137
205386,12057,12124
153435,12160,12261
306445,12367,12441
246884,12406,12480
130714,12410,12469
284916,12410,12473
403571,12414,12481
281048,12417,12470
48179,12426,12502
367489,12452,12525
