358752,371,436
358764,371,440
358763,640,698
358751,641,701
358759,940,1046
380448,974,1045
97459,982,1044
336838,986,1048
97458,989,1070
284676,995,1060
266555,1019,1072
358765,1646,1710
358747,2125,2226
358750,2135,2215
358756,2139,2233
38916,2200,2261
229871,2201,2267
358747,2387,2493
358758,2400,2484
358751,2411,2485
358755,2411,2492
358752,2413,2481
151908,2433,2492
358762,2652,2716
336589,3745,3806
40076,3776,3842
303530,3788,3846
367266,3816,3874
172321,3832,3899
192103,3836,3897
389099,3852,3912
358754,3861,3946
358757,4245,4322
358759,4496,4593
119700,4538,4611
308872,4540,4614
189236,4543,4607
95740,4758,4801
358750,4814,4888
358761,4820,4887
358756,4821,4901
388467,4824,4885
358755,4824,4898
377008,5475,5537
308873,5594,5651
159915,5635,5698
358753,5850,5937
358750,5858,5942
358748,5859,5939
358763,5866,5940
358758,5866,5943
368826,5875,5940
358760,5875,5943
358754,6165,6258
358748,6166,6246
152347,6166,6251
110960,6170,6243
177319,6171,6249
219840,6172,6223
99538,6173,6233
17467,6175,6249
358764,6190,6248
156310,6204,6249
358757,7640,7708
358762,7814,7868
200940,8117,8169
408453,8118,8167
358753,8122,8191
358748,8126,8191
358765,8144,8191
358749,8899,8970
332372,8971,9033
233733,8973,9044
329269,9291,9345
217737,9296,9357
358761,9509,9560
358760,9512,9563
358749,9593,9663
62657,11103,11148
113562,11407,11476
117890,11961,12017
372325,11968,12032
287518,12115,12177
315253,12603,12673
265170,12611,12683
210081,12815,12867
156045,12959,13010
61056,12959,13020
159020,12967,13031
83588,12971,13036
357855,12975,13036
299579,12980,13030
308111,13428,13503
352292,13546,13616
