42840,347,455
376608,352,469
160994,361,472
48647,364,475
59456,371,455
383984,381,451
77310,401,470
64731,408,469
240895,471,525
263839,473,529
379957,544,606
263623,546,624
278253,547,608
285255,549,673
263624,552,639
222253,562,607
153584,563,609
163434,563,623
289269,563,627
88455,565,611
389787,565,630
228729,574,636
36143,921,1000
161474,1252,1319
143819,1256,1332
221986,1269,1329
331929,1272,1329
75910,1323,1377
68281,1326,1392
189972,1337,1412
192275,1338,1405
205567,1341,1410
322358,1343,1404
376607,1450,1512
159228,1484,1557
213387,1527,1592
68005,1811,1870
255533,1826,1895
263837,1826,1907
52208,1827,1882
72201,1832,1903
70452,1842,1911
289270,1843,1922
307632,1844,1914
109416,1850,1914
90365,1853,1917
94564,1854,1928
259863,1884,1927
20603,2202,2274
53120,2206,2260
384715,2219,2300
390819,2221,2264
352486,2233,2294
326354,2233,2311
121472,2234,2303
60468,2236,2310
146281,2238,2297
145488,2238,2309
1928,2240,2310
13057,2242,2290
158667,2244,2309
27531,2251,2314
88763,2257,2333
8347,2258,2328
392794,2261,2346
357133,2266,2329
111125,2268,2331
23670,2279,2343
384517,2279,2345
13831,2282,2332
53121,2295,2343
300400,2390,2454
365121,2390,2460
124431,2390,2463
263838,2406,2482
246931,3428,3486
271520,3455,3516
244091,3621,3716
