274472,597,660
79881,597,672
316467,602,654
123390,603,669
274473,605,669
92203,607,674
215910,1055,1135
109904,1104,1195
399842,1118,1206
192569,1498,1573
242643,1663,1728
31360,1760,1830
215672,1771,1824
408502,1772,1830
298438,1772,1856
22691,1773,1852
126143,1774,1831
28334,1786,1847
36475,1787,1849
11821,1788,1853
202468,1800,1862
405868,1800,1870
193183,1808,1874
406151,1815,1878
82401,1816,1877
232718,1816,1880
36820,2103,2173
204523,2105,2174
211466,2110,2170
245354,2698,2760
226309,2703,2762
284527,2707,2764
170409,2885,2948
100426,2886,2959
72470,2892,2966
153184,2893,2964
210060,2898,2963
141646,2899,2964
216694,2902,2964
141647,2902,2968
183231,2908,2966
109904,3364,3439
296245,3650,3699
95315,4021,4082
128557,4023,4079
1686,4035,4099
364060,4040,4103
169044,4042,4090
79235,4043,4105
103288,4048,4109
210333,4051,4117
367912,4058,4122
17942,4060,4113
39362,5842,5892
204522,6231,6288
