400163,86,190
334421,87,159
202393,93,217
359686,95,159
75815,96,179
334422,97,216
217760,102,163
205536,109,225
304522,164,221
270620,639,703
145534,698,783
63953,704,793
28115,707,792
380098,708,774
197322,716,762
153243,992,1053
111578,1006,1072
96180,1670,1734
341465,1755,1824
243823,1772,1852
197149,1868,1960
254372,1948,2037
12188,1963,2011
144338,2017,2079
341465,2056,2133
69068,2285,2361
94706,2377,2447
332540,2382,2426
261472,2387,2450
60186,2411,2501
146922,2497,2560
341466,3040,3119
45245,3051,3123
363636,3053,3117
307728,3072,3124
101537,3084,3135
177055,3303,3363
343500,3311,3372
124713,3335,3401
401729,3357,3402
360256,3363,3417
55954,3364,3413
45244,3380,3445
327548,3382,3462
352689,3388,3442
335580,3402,3452
326816,3404,3454
337,3468,3569
378898,3480,3587
242614,3507,3566
292644,3514,3570
345481,3693,3755
330938,3779,3840
202392,3837,3925
260215,3840,3890
171014,3841,3895
269437,3973,4074
371125,4363,4427
143871,4508,4563
270621,4508,4565
368105,4530,4580
69395,4531,4586
165280,4533,4579
394643,4629,4727
327549,4679,4755
121013,4685,4756
341466,4686,4769
287951,4693,4744
148134,4704,4780
123598,4719,4768
261473,4746,4827
