375567,505,568
128359,510,577
136230,523,588
230934,542,604
262080,804,852
278885,1113,1195
356275,1334,1402
275592,1546,1613
1320,1548,1619
175263,1562,1623
165553,1563,1612
199546,2472,2533
232749,2476,2541
189225,2478,2542
107874,2480,2552
270861,2490,2546
121531,2497,2553
250464,2503,2548
256606,2504,2553
353200,2933,3030
353199,2945,3030
361752,2951,3020
36616,2973,3041
232083,2978,3053
394614,2981,3022
328731,2981,3043
65687,3086,3150
286666,3258,3327
256539,3311,3385
319593,3314,3377
261445,3342,3413
51067,3352,3433
258116,3368,3464
207356,3374,3426
45592,3374,3434
407903,3393,3445
34484,3397,3464
302837,3573,3664
16304,3587,3664
159635,3594,3663
176220,3600,3654
369991,3611,3671
401704,3740,3794
31947,4922,4968
203063,5325,5398
107243,5326,5381
100977,5326,5387
66500,5326,5401
55771,5328,5391
257436,5329,5386
274530,5345,5401
357051,5461,5523
328966,6895,6956
114327,7182,7241
128358,7243,7321
130707,7292,7353
21975,7387,7432
353732,7513,7581
327828,7520,7582
13078,9058,9112
237976,9253,9314
41161,9254,9317
14059,9254,9328
63440,9255,9313
105805,9260,9312
107338,9963,10007
375713,10218,10264
310074,10841,10922
128359,10842,10902
65385,10853,10905
25956,10894,10935
189507,11773,11824
248854,11783,11854
389760,11786,11857
252857,11805,11857
128357,12351,12418
371020,12375,12426
206677,12377,12438
43211,13225,13278
35389,13375,13436
114326,13382,13450
3237,13550,13599
63439,13550,13628
318362,13663,13733
38838,13676,13732
274538,13680,13747
247032,13681,13743
202889,13682,13745
84113,13683,13751
4006,13685,13752
48834,13698,13751
128358,15300,15375
239677,16146,16242
96400,16157,16245
179706,16163,16242
318079,16204,16288
403495,16210,16285
155846,16215,16266
91957,16216,16295
47733,16223,16286
392134,16228,16290
389613,16242,16301
175871,16246,16301
81614,16488,16542
7009,16831,16894
263637,16832,16900
1057,16834,16894
212668,16839,16913
397865,16851,16914
45746,16901,16963
128356,17466,17556
128356,17546,17623
8386,17909,17972
280859,17911,17969
375568,18417,18522
202477,18422,18512
183266,18430,18502
57161,18431,18533
115085,18436,18486
28401,18436,18495
325548,18436,18514
128357,18437,18505
171209,18443,18522
147516,18461,18528
147900,18475,18528
99620,18484,18548
378470,18629,18690
170409,18775,18828
208474,18775,18862
6352,18776,18827
43220,18776,18841
11487,18776,18849
128546,18777,18840
105804,18777,18857
265122,18779,18840
64754,18781,18859
71334,18792,18853
122706,18793,18848
30857,18795,18849
331239,18795,18853
35580,19291,19351
256191,19807,19861
272377,19807,19880
42047,19808,19871
128545,19809,19870
333025,19809,19891
214523,19810,19858
251725,19821,19887
135707,20130,20188
403865,20130,20196
198834,20132,20195
285148,20132,20208
266072,20133,20195
1710,20133,20196
