89151,336,433
35913,383,446
35911,390,461
232149,395,474
196426,399,492
6082,401,467
354978,408,469
110059,408,472
210833,455,516
196428,475,557
265156,691,735
196430,703,807
196429,718,807
14392,1003,1063
341777,1003,1066
374439,1008,1058
196427,1127,1208
116599,1290,1370
264068,1298,1364
46625,1301,1370
313877,1302,1367
36211,1305,1372
217115,1306,1367
224362,1307,1366
78551,1307,1373
119722,1310,1372
126383,1312,1389
203925,1313,1366
346181,1314,1395
332934,1316,1388
206098,1318,1367
104516,1321,1390
25282,1325,1391
22362,1326,1378
41073,1327,1390
17545,1328,1395
407432,1332,1402
33300,1333,1396
326264,1468,1531
89150,1469,1513
65594,1474,1519
39032,1474,1536
393867,1475,1533
33309,1645,1707
171576,1657,1745
315962,1659,1725
65900,1659,1730
184649,1659,1735
383342,1660,1727
64793,1662,1730
21967,1664,1729
63085,1665,1748
34191,1684,1748
1870,1687,1749
203445,1869,1919
196424,1966,2052
38456,2067,2138
143286,2068,2129
203446,2071,2129
22505,2073,2136
196423,2257,2324
34866,2506,2574
196422,2645,2720
197858,2748,2830
336157,2762,2821
289862,2774,2835
390166,2776,2837
259278,2776,2839
10847,2782,2859
289766,2788,2862
196426,2788,2877
289854,2791,2863
102979,2795,2861
164558,2796,2867
116598,2798,2874
49100,2799,2882
41301,2810,2879
293374,2810,2882
171577,2833,2905
196428,2985,3051
196425,2992,3058
196423,2992,3065
374725,3032,3114
194204,3036,3080
258113,3042,3095
196422,3095,3162
393866,3149,3216
196424,3163,3251
313882,3164,3217
196430,3282,3366
196429,3288,3366
313880,3455,3517
144507,3456,3527
196427,3545,3618
157037,4014,4078
313881,4016,4115
161925,4017,4080
183513,4019,4090
313879,4020,4114
135235,4021,4083
194828,4022,4090
362428,4022,4107
395672,4026,4091
35912,4027,4102
366555,4030,4091
207636,4031,4101
203444,4038,4125
363326,4040,4101
112141,4040,4114
313878,4040,4127
58738,4043,4131
58739,4045,4109
147835,4046,4117
1417,4057,4127
395671,4058,4129
99542,4060,4112
274291,4363,4416
224502,4366,4416
196425,4490,4543
237838,4674,4725
280165,4735,4784
342128,4748,4809
200973,4749,4807
58948,4755,4818
10658,4760,4801
50742,5295,5356
107839,5426,5488
401853,5644,5697
