106735,476,523
407432,476,536
359708,480,545
109183,481,546
249795,481,551
206798,4295,4347
68693,4295,4371
68687,4303,4374
208593,4311,4376
68690,4366,4440
86221,4561,4623
111586,4564,4629
49171,4566,4624
113033,4572,4627
113032,4572,4635
56482,4876,4927
316574,5137,5208
68691,5278,5352
44886,5285,5345
68689,5566,5669
45940,5586,5642
68688,5590,5676
207021,5602,5673
70157,5612,5672
256449,6408,6474
241376,6695,6750
404569,6711,6772
68687,7153,7216
248888,7160,7217
2747,7169,7218
137012,8157,8218
68690,8387,8442
222952,8470,8538
352655,8475,8528
17143,8477,8542
197840,8479,8538
5361,8481,8546
210773,8491,8541
312287,8507,8595
258714,8702,8752
78237,8703,8761
321296,8724,8768
336996,9115,9180
68692,9196,9312
68689,9198,9293
68688,9224,9309
315618,9448,9504
68691,9577,9646
68693,11287,11356
68687,11292,11356
114623,12905,12956
382389,12908,12962
68692,14891,14993
228089,14929,14994
31619,16547,16661
353585,16556,16666
31618,16560,16665
19906,16561,16658
327497,16566,16659
205359,16566,16692
102509,16572,16661
111585,16577,16711
338584,16581,16668
326121,16622,16706
7571,16643,16720
361105,16645,16709
40543,16645,16728
287945,16666,16730
391311,16667,16732
356965,16670,16731
230637,16685,16729
156179,16766,16831
57255,16766,16841
404568,16766,16871
52721,16766,16896
126145,16767,16836
235169,16784,16835
267049,16820,16881
404567,16919,17013
333716,16920,17004
225321,16947,17012
299328,16952,17007
262730,16953,17005
