55685,89,152
76758,89,161
257959,95,150
187931,104,170
303150,117,190
313924,120,194
151917,123,186
280775,123,191
257672,136,190
386157,139,230
130054,149,225
139399,153,215
256923,157,231
186790,169,308
386158,197,299
386159,223,320
142165,225,293
60492,230,285
378316,231,298
139915,232,292
289452,232,295
392245,233,294
262380,234,290
141267,235,296
211507,235,299
3873,238,293
386160,318,401
139969,351,400
351482,457,598
108362,535,671
351483,543,691
100318,555,669
43623,559,606
38074,562,670
260330,563,705
6206,572,692
117464,572,701
128312,574,675
320232,576,701
187481,577,685
265191,579,712
312817,581,706
21491,594,705
338743,599,688
44423,621,707
120824,622,672
338744,622,713
165903,623,704
120825,625,706
188009,649,713
89442,655,705
43624,655,713
313923,902,980
101166,947,1014
351850,1142,1215
103671,1181,1260
213089,1225,1294
73327,1235,1297
140556,1294,1378
45968,1389,1438
93801,1427,1505
106491,1462,1511
177506,1463,1514
228254,1463,1534
263882,1469,1534
351851,1655,1717
2290,1659,1749
271294,1666,1744
392573,1668,1747
50501,1683,1750
181024,1684,1754
148114,1685,1743
348232,1693,1754
270811,1698,1744
45221,1791,1857
28353,1805,1854
44424,1866,1949
167358,1895,1961
350417,1908,1959
185555,1984,2047
62779,2166,2230
229012,2172,2235
386156,2190,2268
264853,2500,2573
144071,2501,2566
370348,2501,2595
80195,2503,2566
186792,2504,2570
352795,2505,2568
6207,2507,2583
182722,2508,2570
237046,2508,2592
10395,2509,2576
52999,2510,2571
43408,2510,2573
170928,2510,2588
42561,2510,2600
351849,2511,2572
32167,2513,2574
224923,2514,2575
264852,2516,2577
107497,2516,2597
18694,2517,2579
242606,2517,2585
263050,2519,2604
123294,2522,2590
5290,2526,2587
359251,2526,2589
332298,2527,2593
163783,2531,2616
71091,2532,2593
143590,2537,2615
6534,2538,2599
251694,2538,2632
357454,2539,2612
344716,2542,2618
45967,2543,2616
302523,2546,2607
148085,2547,2610
144373,2553,2614
159753,2554,2619
251692,2611,2692
198462,2615,2698
39123,2625,2703
138560,2628,2710
372321,2634,2730
191828,2638,2774
214315,2639,2705
256924,2640,2712
41902,2643,2708
400604,2645,2723
60684,2646,2712
104552,2646,2767
262295,2651,2729
264892,2653,2718
350418,2668,2729
249692,2671,2733
224864,2674,2735
180491,2674,2748
218038,2674,2772
376025,2676,2742
284782,2677,2747
229011,2678,2740
251512,2678,2742
103672,2678,2745
60683,2679,2758
386162,2682,2748
197465,2703,2756
31116,2703,2769
386155,2710,2772
89603,2791,2848
156586,2815,2878
145712,2817,2898
23702,2820,2888
130442,2821,2872
298677,2821,2884
104551,2822,2881
259957,2824,2879
386154,2826,2907
216621,2827,2892
306123,2827,2921
109917,2828,2895
224863,2832,2884
62613,2842,2898
101165,2844,2913
343806,2863,2941
212029,2866,2926
326529,2880,2954
342558,3134,3211
140550,3138,3258
212035,3139,3208
319232,3139,3216
140549,3139,3269
295720,3144,3217
351852,3147,3209
336999,3147,3218
354035,3148,3221
252043,3148,3225
340342,3150,3218
404612,3153,3216
133596,3159,3211
365873,3159,3216
363116,3160,3217
231764,3160,3220
200862,3161,3211
204012,3162,3212
140561,3162,3231
365874,3162,3242
234436,3164,3226
16258,3164,3247
72361,3165,3211
384614,3165,3216
335405,3166,3244
125577,3168,3271
43622,3169,3231
224922,3170,3233
139911,3171,3237
280860,3172,3265
108361,3173,3237
328187,3176,3264
186791,3179,3241
128311,3180,3268
251693,3184,3265
174611,3187,3255
381023,3187,3276
29325,3195,3282
233967,3196,3263
18116,3273,3360
365709,3275,3351
93715,3279,3341
161195,3288,3350
151000,3294,3361
18115,3298,3366
321722,3300,3361
19732,3301,3366
320056,3304,3366
359968,3308,3358
140556,3759,3849
140550,3865,3981
188079,3868,3931
292129,3872,3938
140549,3872,3987
126170,3897,3962
16257,3899,3970
140551,3899,3979
24704,3899,3982
128310,3909,3982
133168,3910,3979
213959,3916,3988
357215,3998,4101
89625,4065,4152
108479,4066,4137
366638,4070,4145
301539,4076,4154
50072,4085,4146
264893,4090,4164
300558,4104,4171
205600,4105,4175
108361,4107,4169
136769,4115,4177
348068,4124,4201
391097,4214,4293
90583,4219,4293
211895,4335,4404
139917,4337,4405
386161,4338,4410
124917,4350,4410
12690,4352,4409
295719,4466,4522
37389,4467,4519
125998,4493,4562
43621,4601,4682
223761,4608,4669
223762,4608,4674
279758,4631,4709
140551,4636,4719
164434,4637,4724
143286,4638,4697
43284,4639,4715
296965,4639,4718
269633,4642,4725
310507,4643,4740
8292,4644,4736
121437,4648,4715
251130,4649,4711
7710,4653,4712
150999,4654,4717
139916,4661,4723
332353,4668,4740
379853,4678,4736
293747,4810,4883
270514,4992,5046
241145,5189,5267
137379,5193,5260
241144,5200,5272
58886,5211,5294
1455,5215,5289
138888,5216,5277
181385,5219,5274
263049,5228,5294
203285,5231,5294
241657,5231,5308
134257,5233,5304
139912,5304,5392
32358,5319,5383
13777,5322,5383
175232,5343,5421
384613,5410,5481
252042,5427,5500
197297,5482,5555
229610,5527,5593
306125,5532,5621
260754,5536,5602
306124,5545,5621
96398,5546,5633
315222,5550,5599
65160,5554,5613
229605,5556,5625
177504,5556,5638
40407,5558,5610
342588,5558,5618
138498,5559,5615
199670,5559,5621
46729,5559,5626
396382,5559,5649
273372,5563,5639
229609,5563,5647
237866,5566,5616
150998,5570,5631
126169,5570,5638
140557,5675,5741
140560,5704,5759
320900,5729,5790
55334,5733,5799
171969,5739,5801
327400,5739,5804
269634,5750,5807
396383,5750,5811
188705,5751,5822
52505,5752,5802
277819,5757,5818
70503,5757,5822
7990,5759,5823
381191,5762,5820
1870,5783,5846
395166,5804,5850
8682,5864,5930
81724,5867,5930
23701,5869,5945
211505,5874,5947
106987,5876,5945
95572,5880,5935
267007,5883,5945
42927,5885,5934
304454,5885,5952
318742,5886,5945
260931,5886,5949
218037,5887,5953
112276,5889,5945
260687,5889,5957
240740,5893,5956
285143,5894,5946
402945,5897,5949
140555,5975,6035
187479,6044,6109
128309,6047,6117
140558,6047,6128
140559,6047,6134
240741,6054,6113
280861,6054,6126
85698,6055,6129
31470,6062,6108
225594,6065,6180
187480,6068,6134
305086,6069,6129
34565,6072,6144
96891,6078,6160
345586,6080,6169
309601,6084,6160
175748,6085,6150
345585,6089,6168
151941,6105,6166
161770,6106,6189
161771,6114,6190
280862,6135,6195
120823,6679,6768
220242,6682,6774
218036,6684,6761
245721,6685,6757
69951,6687,6756
348956,6690,6761
139910,6691,6768
379432,6696,6758
359250,6697,6761
54075,6698,6762
34566,6699,6761
229010,6700,6791
293359,6709,6768
50639,6709,6780
281788,6710,6770
139914,6711,6783
164433,6713,6774
161769,6717,6801
142590,6718,6783
330645,6723,6787
107059,6724,6774
251695,6729,6801
98239,6930,6991
351484,6951,7012
359542,7040,7118
322735,7058,7119
50637,7061,7119
229608,7215,7269
181772,7244,7305
398117,7272,7354
181384,7278,7341
379854,7290,7354
137425,7292,7357
273371,7295,7357
68476,7295,7395
257247,7312,7378
392030,7313,7401
132150,7358,7422
146886,7364,7417
31597,7732,7811
84524,7745,7806
182080,7991,8059
177503,8004,8054
38521,8008,8052
251698,8011,8058
108358,8230,8303
6065,8241,8297
10394,8243,8304
108360,8375,8496
140555,8386,8452
143742,8425,8501
345582,8427,8518
345581,8433,8518
139913,8442,8507
151508,8446,8494
251697,8446,8518
70502,8448,8514
65159,8452,8542
397470,8454,8516
240739,8455,8509
103669,8455,8545
177505,8456,8518
65158,8461,8515
140554,8462,8554
25396,8474,8540
391577,8478,8543
229607,8483,8566
241935,8494,8571
1102,8508,8571
358035,8510,8571
259271,8513,8578
347071,8516,8570
171349,8517,8580
37064,8519,8563
211506,8645,8706
140557,8686,8767
165902,8706,8771
121238,9134,9200
225593,9194,9266
140558,9286,9350
269261,9309,9356
218035,9374,9449
16256,9387,9450
42560,9387,9471
343029,9388,9455
251700,9388,9485
60682,9391,9479
108359,9392,9456
19643,9395,9484
171251,9400,9475
191678,9402,9481
368886,9402,9485
239709,9403,9474
140554,9407,9494
157861,9408,9463
157299,9412,9464
311456,9412,9478
351485,9413,9460
199136,9413,9465
34844,9414,9466
163782,9414,9475
24417,9414,9477
260995,9414,9496
50638,9415,9478
58703,9416,9492
359689,9421,9487
150254,9427,9490
139894,9441,9499
175033,9498,9569
150997,9503,9605
128308,9504,9578
35567,9512,9598
386163,9522,9593
161646,9522,9611
251701,9524,9612
296115,9528,9608
128307,9537,9598
381499,9538,9601
240738,9540,9604
6205,9544,9605
106331,9545,9606
43620,9546,9618
139913,9547,9612
360338,9628,9697
140561,9645,9698
281789,9655,9715
38522,9660,9727
351848,9661,9715
143741,9888,9971
115153,9889,9952
52998,9889,9977
351486,9889,9985
343805,9890,9975
397469,9891,9952
139910,9893,9972
296964,9894,10002
351487,9909,9971
140548,9911,9972
77638,9911,9994
237865,9920,9981
251702,9920,9993
33777,9922,9997
233606,9924,9993
251699,9926,10006
153127,9927,10000
5289,9928,9985
374548,9928,9990
303626,9953,10006
328186,10145,10251
251696,10158,10254
109916,10173,10223
19095,10187,10300
341611,10188,10238
103670,10188,10248
140553,10188,10330
140552,10214,10343
147946,10224,10277
140548,10232,10282
210786,10239,10327
397240,10241,10313
277071,10242,10301
82731,10244,10314
61449,10245,10324
150996,10248,10327
32357,10263,10337
32359,10355,10416
349745,10361,10417
44448,10630,10701
3588,10630,10705
266376,10638,10704
161559,10640,10701
106490,10982,11061
140560,10985,11047
281790,10985,11095
399286,10988,11049
181383,10988,11080
351210,11000,11073
229606,11011,11083
311949,11018,11066
232834,11019,11093
234393,11020,11084
7709,11024,11080
186789,11024,11090
58885,11026,11091
109918,11027,11093
194779,11045,11112
260220,11048,11112
391735,11050,11116
140553,11050,11192
138497,11053,11160
140552,11084,11199
140559,11086,11161
397239,11092,11169
42559,11101,11158
128306,11111,11193
206283,11124,11189
260930,11250,11315
72360,11265,11316
165901,11342,11397
185946,11348,11410
359541,11448,11516
245722,11452,11507
22659,11468,11528
262922,11472,11524
52997,11649,11705
139398,11675,11739
160423,11691,11758
