128259,215,281
7478,215,289
187268,217,288
43085,217,295
77205,218,290
374929,356,399
80969,356,421
240553,356,441
6720,360,422
277925,362,429
140895,365,423
39735,369,433
284401,370,437
1870,371,414
29321,376,438
99999,662,728
51808,667,725
330954,668,731
335572,670,732
358632,671,755
377296,674,744
356707,675,740
666,676,745
43084,677,750
16026,677,753
272519,678,739
119533,678,742
137820,682,743
4246,682,747
370367,684,751
176457,686,748
128260,688,750
47359,691,755
344920,699,754
163211,1191,1240
346275,1378,1426
351574,1379,1437
65936,1384,1475
356156,1387,1482
976,1398,1485
181232,1401,1490
51807,1402,1472
128498,1402,1488
20077,1409,1478
356155,1412,1476
370869,1415,1485
133604,1418,1483
370065,1435,1488
130742,1440,1485
65935,1565,1644
312008,1694,1756
67453,1819,1861
48067,1820,1912
135523,2032,2080
450,2044,2085
214632,2996,3066
171368,2999,3071
366348,3001,3074
165672,3027,3075
251187,3233,3297
383063,3235,3297
366169,3239,3308
238402,3244,3307
162039,3246,3317
334742,3495,3566
284645,3904,3965
67452,3904,3973
248431,3918,3977
80968,3920,3974
44610,4490,4553
327459,4494,4560
403091,4497,4558
12683,4499,4552
224922,4614,4663
51806,4705,4758
17221,5324,5385
80828,5329,5397
260146,5332,5394
317509,5337,5393
242532,5341,5402
370253,5344,5410
32929,5349,5415
263062,5355,5414
370910,5463,5510
260093,5463,5513
307281,5794,5865
125769,5804,5913
174639,5827,5920
92914,5833,5916
11304,5833,5919
248428,5839,5916
263063,5842,5909
210639,5845,5906
102150,5845,5910
75715,5847,5913
76147,5849,5910
29319,5851,5920
343221,6187,6261
115879,6211,6261
282446,6314,6387
213574,6317,6385
39734,6341,6387
65924,6789,6862
265895,6801,6862
20078,6802,6863
29683,7031,7105
65924,7340,7408
87342,7358,7408
339156,7482,7528
350076,7946,8007
297002,7957,8031
127579,7968,8040
82523,7975,8044
163705,7976,8047
248430,7980,8041
273643,7981,8045
156310,7982,8043
151716,8299,8367
274872,8303,8371
201257,8318,8373
247351,8351,8409
45192,8372,8415
323278,8482,8550
142478,8488,8549
51804,8492,8555
91273,8499,8557
176731,8500,8554
339993,8501,8558
250100,8604,8654
65925,8605,8713
209561,8607,8659
344555,8608,8668
176872,8610,8673
98736,9192,9254
163828,9312,9370
31507,9341,9389
65934,9439,9495
344554,9439,9502
65925,9441,9541
362193,9442,9512
169527,9446,9512
159720,9448,9509
102149,9448,9512
75573,9451,9512
303559,9475,9540
374266,10452,10511
353101,10473,10535
147459,11305,11363
404201,11340,11402
330183,11688,11741
238401,11868,11976
220638,11925,11976
190687,11927,11978
266379,12494,12545
89296,12496,12559
65928,12782,12902
339158,12787,12847
192837,12790,12858
29370,12792,12866
352617,12792,12879
321271,12793,12900
29320,12795,12853
11349,12795,12866
33280,12797,12857
142477,12800,12899
65933,12800,12904
204083,12807,12890
65923,12809,12902
393145,12811,12903
189749,12817,12894
180485,12818,12899
320572,12828,12897
49407,12831,12903
257752,12837,12902
39738,12840,12904
131075,12841,12893
37074,12841,12902
186263,12842,12903
7067,12853,12903
151645,12858,12900
128258,12976,13053
223532,12980,13059
344864,12983,13043
54725,12985,13060
91937,12987,13059
239785,12989,13052
211716,12991,13054
360406,12992,13041
77976,12992,13101
141682,12995,13063
280553,12998,13043
65931,12998,13127
323446,13001,13081
119131,13002,13067
215566,13026,13089
65932,13033,13134
65923,13040,13127
65927,13051,13141
37073,13052,13139
77738,13054,13125
339154,13076,13174
128261,13078,13136
8701,13079,13140
151644,13081,13139
29369,13081,13143
403928,13090,13135
177414,13092,13158
271969,13096,13170
244949,13098,13164
339157,13162,13218
65935,13200,13275
246046,13322,13385
250495,13324,13389
396373,13393,13483
152985,13402,13473
97568,13403,13485
133875,13407,13478
97567,13418,13485
370366,13418,13504
370364,13430,13522
241010,13435,13478
225594,13437,13548
329689,13438,13533
51801,13448,13532
134003,13453,13499
78813,13454,13510
163706,13454,13512
225593,13455,13533
170999,13487,13536
183050,13489,13542
229247,13491,13551
7477,13500,13550
40503,13505,13551
65926,13511,13587
95079,13544,13609
319664,13565,13629
34494,13567,13624
209703,13567,13646
173756,13580,13647
343220,13583,13675
124233,13585,13639
226661,13586,13649
208274,13591,13650
22662,13598,13676
146380,13609,13674
345281,13612,13676
7476,13613,13670
29318,13859,13922
46501,13895,13966
326182,13896,13969
95080,13901,13970
284644,13926,13989
359625,13948,13999
213549,13948,14010
135436,13949,13997
41564,13953,14031
212619,14532,14592
37525,14572,14639
383243,14575,14641
339155,14576,14657
164112,14579,14647
75714,14581,14648
37075,14594,14657
65926,14699,14776
65928,14715,14829
65930,14731,14833
65927,14744,14842
17220,14763,14853
58775,14767,14838
265894,14768,14858
356154,14770,14861
391078,14772,14843
39737,14774,14831
130552,14774,14849
65936,14774,14852
15295,14775,14858
51805,14775,14868
95078,14778,14832
472,14779,14828
51803,14783,14878
364863,14785,14865
28494,14787,14852
65934,14789,14853
17119,14793,14856
370365,14797,14859
239784,14798,14866
20156,14799,14861
324157,14821,14889
112449,14867,14928
78181,14868,14918
65929,15180,15227
274384,15197,15284
274385,15216,15306
47358,15221,15284
260092,15236,15300
277279,15238,15300
176171,15257,15330
128811,15487,15540
105522,15501,15566
194828,15504,15570
107617,15516,15579
243925,15517,15577
13112,15517,15596
293906,15519,15581
43524,15519,15584
220702,15522,15571
71400,15530,15571
319953,15532,15592
346785,15534,15584
163210,15534,15587
352628,15534,15611
265893,15536,15591
37198,15539,15611
97566,15543,15589
405922,15543,15595
260835,15548,15623
238958,15549,15615
351081,15558,15639
248429,15620,15674
246047,15710,15785
101751,15721,15788
398940,15731,15787
405649,15985,16050
15416,16001,16042
52064,16108,16167
253461,16109,16183
289621,16123,16187
30266,16125,16186
22106,16186,16248
20076,16189,16252
39736,16222,16284
398941,16224,16299
141681,16332,16398
316418,16522,16586
186684,16534,16586
398942,16544,16642
370911,16550,16653
335571,16551,16646
72277,16563,16629
207061,16564,16628
70951,16566,16630
144378,16567,16631
163703,16567,16647
25828,16586,16662
24616,16610,16662
141680,16910,16996
115878,17120,17194
282627,17147,17210
163704,17148,17203
141679,17151,17225
335570,17164,17228
265892,17167,17243
91423,17171,17233
163209,17172,17242
326300,17173,17225
65929,17176,17242
97565,17177,17230
65931,17237,17355
65933,17258,17362
265890,17260,17344
65932,17261,17363
198866,17268,17345
65930,17269,17368
335569,17271,17343
139762,17273,17354
97245,17289,17355
364802,17300,17364
89837,17304,17370
387925,17305,17369
85156,17311,17369
388257,17676,17739
39733,17685,17738
265888,17827,17926
265889,17833,17928
198865,17836,17903
167792,17844,17932
36736,17847,17925
75572,17849,17914
17219,17851,17917
356152,17851,17924
51802,17852,17928
51805,17852,17933
178238,17853,17919
356153,17861,17923
113104,17864,17916
323555,17864,17927
52613,17865,17928
117860,17866,17930
379121,17869,17931
204865,17870,17934
110054,17878,17932
346974,17887,17930
127578,18550,18605
265891,18654,18709
1226,18863,18924
28259,18863,18929
232640,18863,18950
189025,18865,18929
200733,18867,18918
276908,18881,18950
331265,18893,18954
667,18905,18968
223533,19216,19288
323277,19222,19286
370912,19239,19321
234844,19249,19290
140886,19299,19364
148494,19300,19365
114042,19391,19466
209522,19392,19473
394185,19395,19472
242947,19397,19474
398225,19398,19469
268064,19400,19496
49874,19402,19464
90022,19402,19476
121313,19404,19467
157603,19404,19479
39596,19407,19466
95077,19407,19469
201258,19408,19474
370913,19409,19497
35212,19410,19471
328891,19411,19472
291611,19412,19476
142703,19413,19471
190358,19413,19477
196659,19413,19510
66009,19414,19479
370064,19414,19512
262615,19415,19476
115555,19416,19478
365276,19416,19501
80967,19416,19509
149222,19417,19480
162842,19418,19494
186685,19419,19507
196090,19420,19481
307533,19422,19505
383242,19422,19508
403489,19424,19469
198501,19426,19527
37569,19427,19504
113808,19428,19514
163702,19429,19526
163701,19430,19491
358151,19433,19508
163208,19436,19538
86741,19438,19513
29682,19444,19517
346274,19457,19507
351080,19458,19572
260091,19464,19526
128257,19474,19543
58106,19781,19843
16530,19781,19854
370363,19784,19851
276209,19796,19872
85645,19801,19851
