33218,146,224
91053,147,217
1734,149,227
259856,157,223
59922,157,226
299035,161,226
300225,168,226
124937,287,376
342102,360,474
232524,400,495
122017,403,485
122018,412,499
232525,417,515
83467,886,938
238129,1024,1091
238128,1035,1119
177656,1368,1442
157064,1372,1440
238129,1442,1496
238128,1449,1532
228504,1455,1520
3833,1465,1533
261637,1465,1536
118863,1470,1529
9604,1474,1531
10148,1479,1540
26282,1481,1537
349590,1572,1633
166601,1576,1644
255025,1583,1653
42774,1583,1663
232453,1591,1668
318893,1604,1677
255529,1605,1658
268413,1608,1653
85375,1608,1662
112874,1609,1654
159976,1614,1680
238127,1618,1702
25344,1633,1697
292090,1634,1719
