226167,88,180
150666,89,169
355062,255,325
304126,546,625
220679,583,647
94421,585,658
103735,590,660
103734,590,663
333414,591,665
163833,592,653
67649,593,663
285944,594,687
87600,600,664
406576,611,689
303139,619,694
211563,620,692
32560,621,687
141205,624,674
304125,627,689
44803,633,724
74366,634,695
72910,634,701
93465,642,693
392955,642,728
406577,645,721
16957,654,725
144169,658,730
12683,660,726
342380,662,724
355522,663,737
52782,665,724
78167,667,728
38552,848,917
64854,865,939
370691,867,944
219558,868,938
355849,872,921
220658,872,946
31213,873,934
299317,875,952
69204,880,941
148114,883,946
360486,883,965
85262,902,964
276308,1134,1196
170458,1744,1794
15387,1858,1919
277480,2439,2493
