254192,362,444
356295,363,437
336340,364,425
175734,370,420
339643,881,943
356292,1099,1175
356292,1169,1249
251365,1455,1528
184445,2699,2762
66525,2700,2745
356293,3241,3308
356293,3602,3673
114883,3620,3664
335239,3838,3914
176428,3839,3928
336337,3845,3921
175733,3846,3924
336338,3846,3933
336339,3852,3913
182148,3853,3929
379790,3855,3924
356295,3855,3930
324380,3856,3921
109221,3858,3920
89376,3860,3922
399400,3860,3930
213248,3861,3928
59737,3862,3906
111967,3864,3925
253581,3879,3929
277922,4025,4086
248888,4027,4089
349521,4027,4101
183720,4036,4088
136155,4046,4099
356294,4184,4282
356294,5567,5666
32559,5962,6021
128100,6004,6077
34176,6012,6077
347302,6024,6087
194291,6026,6090
216821,6043,6090
340967,6327,6392
189938,6329,6384
393443,6331,6400
177842,6337,6403
104117,6347,6403
96463,6639,6690
155292,6641,6692
380302,7181,7242
321562,7603,7664
233965,8188,8246
353258,8193,8253
211730,8961,9020
116019,9511,9572
