265125,68,137
116695,68,144
364638,68,149
87888,68,156
116694,68,188
194248,69,129
382167,70,127
87889,76,171
76412,103,194
116693,115,206
128259,134,192
36064,150,198
317433,151,254
168451,170,253
116692,178,254
196778,449,495
193124,449,511
116691,449,529
80252,450,507
116690,652,763
75441,653,728
318194,683,764
250318,691,764
19752,710,763
321217,716,764
128260,721,764
6378,1272,1329
264147,1275,1336
116687,1538,1614
75442,1921,1988
341333,2259,2304
14489,2483,2538
401225,2520,2590
90658,3006,3073
141265,3259,3313
306657,3264,3318
305014,3266,3324
56430,3275,3326
276364,3285,3344
87432,3344,3403
236330,3348,3407
85299,3374,3439
265717,3375,3432
9598,3375,3440
94498,3709,3766
121088,3709,3777
154234,3711,3772
121082,3713,3779
121087,4263,4360
27359,4315,4382
110738,4327,4381
326246,4614,4681
90661,4668,4740
354844,4896,4968
121086,5954,6016
121082,5955,6017
401232,6322,6450
401230,6335,6462
401231,6350,6478
116688,6353,6432
116689,6775,6844
128257,6984,7034
354221,7226,7267
111584,7243,7319
317093,7258,7319
210973,8212,8256
401233,8320,8386
116696,8519,8576
401215,8520,8588
89241,8552,8616
121081,9351,9414
116699,9497,9555
218204,9515,9577
121081,10109,10168
361764,10123,10197
317434,10137,10201
401217,10271,10368
133269,10273,10330
298591,10283,10372
181188,10285,10352
283175,10295,10388
56431,10299,10391
261403,10303,10370
121084,10304,10385
310071,10307,10392
372640,10309,10374
144151,10313,10366
54603,10313,10383
210232,10314,10363
9370,10333,10385
154233,10336,10410
401218,10351,10441
121085,10361,10440
175887,10802,10848
10502,10802,10859
116698,10805,10863
49141,10812,10867
148549,10816,10869
116697,10823,10881
221243,11710,11768
218673,11819,11867
280527,11820,11871
6967,11821,11867
266439,11821,11873
85787,11831,11892
153234,11840,11892
401228,12072,12155
338072,12088,12154
175293,12091,12153
401224,12294,12368
401229,12420,12489
361763,12439,12500
128258,12439,12502
153235,12440,12498
336391,12443,12523
109597,12450,12501
253265,12451,12494
109598,12451,12508
325216,12453,12505
30898,12474,12533
121083,12547,12615
72509,12549,12614
85699,12552,12617
67406,12946,13004
339497,12946,13007
178569,12950,12993
295967,12958,13008
170990,13124,13191
401222,13135,13250
321757,13146,13206
224422,13201,13271
378908,13205,13259
35506,13667,13728
196777,13668,13739
109596,13670,13734
264146,13672,13740
201637,13678,13740
354952,13683,13733
232894,13685,13749
283174,13686,13756
154083,13687,13751
289096,13688,13729
76267,13690,13757
72901,13693,13758
20978,13695,13757
220877,13701,13769
37561,13708,13775
401227,13810,13904
90660,13819,13923
401226,13863,13932
116701,13875,13941
365915,13877,13938
120799,13880,13943
203241,13886,13942
7204,13888,13942
154232,14080,14149
31112,14082,14146
76445,14084,14149
87903,14263,14321
306229,14271,14334
26155,14272,14335
265183,14273,14339
349617,14274,14335
349690,14282,14354
391597,14292,14354
378909,14299,14377
178909,14347,14400
181633,14348,14395
182690,14355,14402
76446,14357,14398
256073,14484,14543
111583,14484,14561
366914,14489,14569
237306,14500,14569
316136,14508,14569
54602,14514,14575
330936,14517,14582
254312,14518,14575
194245,14525,14572
188996,14631,14694
6149,14631,14699
90172,14632,14693
283172,14632,14724
267257,14634,14695
205406,14634,14698
310,14642,14723
267258,14649,14715
150102,14680,14742
116700,14690,14770
194247,14759,14821
403756,14762,14818
37562,14974,15022
265182,15098,15165
245098,15228,15290
401223,15308,15405
37145,15310,15372
54954,15316,15378
64272,15363,15430
149563,15377,15438
24332,15378,15436
122649,15381,15438
364083,15382,15441
335140,15387,15436
354220,15387,15440
260230,15389,15441
224922,15397,15444
317432,15859,15929
194246,15861,15944
401220,15879,15944
90659,15886,15963
264145,15892,15962
210735,15897,15958
401219,15898,15984
12690,16073,16144
262868,16083,16145
105082,16208,16264
17827,16309,16377
325217,16312,16375
93393,16320,16371
261402,16365,16436
28543,16376,16442
54601,16376,16447
37692,16382,16443
325215,16384,16446
258217,16403,16450
224923,16406,16447
298845,16416,16468
302446,16418,16474
26595,16624,16699
377204,16640,16708
365914,16641,16698
298846,16653,16697
64757,16654,16706
31111,16655,16722
302445,16659,16713
177129,16661,16713
83746,16878,16940
379031,17095,17156
294034,17096,17180
30899,17097,17183
355401,17098,17170
121084,17099,17191
326245,17099,17205
370442,17100,17181
49088,17104,17186
226700,17109,17191
13604,17112,17195
325214,17113,17159
312328,17113,17168
15517,17117,17195
52958,17118,17180
24334,17119,17187
35861,17119,17199
24333,17121,17200
355402,17122,17203
210734,17126,17204
56007,17130,17203
302444,17132,17204
213673,17137,17211
93392,17141,17200
41213,17141,17206
283173,17142,17203
401221,17244,17349
30900,17282,17335
346588,17450,17509
316135,17453,17529
408768,17465,17509
62962,17772,17843
287547,17779,17840
265715,17802,17851
121085,18247,18327
72900,18322,18424
238594,18323,18410
175886,18326,18384
77594,18329,18381
343362,18333,18400
203666,18334,18420
401214,18335,18416
238595,18337,18420
206744,18340,18414
85816,18342,18413
150266,18345,18409
169934,18346,18408
188471,18347,18411
67907,18352,18413
118735,18354,18412
69346,18379,18427
121087,18517,18598
283171,18551,18611
203242,18599,18662
83745,18608,18671
267927,18608,18675
160277,18609,18677
2946,18609,18680
64758,18617,18687
121083,18619,18673
401216,18620,18680
44610,18624,18676
273341,18925,18975
236946,19033,19107
334002,19036,19107
224563,19046,19107
369078,19058,19122
37693,19059,19130
145658,19059,19140
184890,19060,19122
144701,19060,19134
19940,19067,19142
328691,19076,19137
13603,19079,19141
207306,19087,19144
178451,19088,19136
49087,19089,19161
13671,19245,19292
19053,19246,19309
160492,19251,19313
399716,19251,19322
173503,19252,19305
181189,19272,19356
33676,19309,19356
128261,19309,19377
296583,19315,19408
46942,19351,19412
160952,19354,19421
196776,19357,19413
365913,19362,19425
265716,19363,19431
13672,19364,19427
121088,19366,19439
226517,19367,19433
114425,19368,19436
98648,19369,19433
121086,19370,19439
312213,19391,19438
376035,19810,19855
60998,19810,19874
77593,19984,20045
363008,20033,20094
288501,20182,20250
315196,20200,20261
379768,20207,20271
371910,20454,20512
210736,20468,20517
224922,20594,20636
