1734,77,163
369535,78,176
376397,82,195
190212,84,162
273014,164,279
383096,166,237
273125,170,273
73225,212,274
118736,217,321
225783,221,273
261520,227,321
300075,228,326
370204,228,348
370264,231,292
300074,232,302
363394,232,325
165903,234,324
366625,234,333
363395,245,315
118493,246,319
273124,249,328
193115,250,330
264407,268,330
47034,301,367
81615,330,411
383095,330,427
273126,335,459
273016,337,483
8955,339,441
38943,339,476
257131,340,420
170904,341,413
198379,341,480
102158,343,412
236697,345,409
387228,349,416
124141,349,424
344889,351,450
54609,376,505
154399,387,508
273841,387,520
344891,411,532
153183,413,554
13970,415,484
102326,426,504
153027,426,518
172209,429,492
195545,429,495
297724,433,497
395141,434,485
324267,434,573
318291,437,492
139727,438,503
91494,445,535
205990,446,537
28553,451,533
76110,451,538
198090,452,528
53257,453,534
5488,455,538
380944,466,542
9044,470,533
397397,473,539
349257,486,542
138938,490,543
273127,490,628
273015,509,574
344890,510,575
50352,1021,1083
196829,1021,1087
249545,1021,1106
78885,1022,1093
165901,1022,1097
63778,1022,1130
249732,1023,1086
72159,1025,1089
101879,1025,1109
132,1026,1092
177721,1027,1096
100443,1028,1108
39444,1029,1095
91292,1029,1112
366001,1031,1103
134901,1036,1113
343173,1037,1109
115079,1039,1100
114209,1039,1129
136031,1041,1107
214718,1042,1102
78234,1043,1110
224777,1044,1107
29796,1046,1112
288489,1048,1102
115494,1056,1122
230965,1058,1101
266261,1060,1135
100630,1063,1133
90461,1119,1197
139080,1358,1422
168586,1365,1415
12862,1375,1421
76192,1478,1522
43699,1530,1591
42765,1531,1603
272517,1535,1597
397152,1536,1605
397151,1541,1605
123669,1543,1602
338005,1544,1609
202140,1547,1599
156632,1547,1622
210676,1550,1613
203407,1552,1613
295598,1557,1610
77690,1558,1614
104020,1561,1613
160845,1564,1620
50350,1645,1707
76109,1708,1806
257244,1972,2035
337833,1985,2034
275895,1997,2075
55023,2092,2177
76108,2093,2154
220841,2102,2197
220840,2109,2202
138658,2112,2210
174042,2122,2188
204890,2125,2224
259937,2126,2206
319955,2129,2222
112336,2130,2202
329192,2136,2197
86741,2152,2234
257705,2156,2264
259936,2160,2226
87636,2162,2231
55024,2163,2225
118421,2207,2263
275425,2283,2367
206006,2401,2447
168587,2403,2459
239956,2815,2878
124455,2819,2883
11306,2827,2887
76109,3208,3300
76108,3368,3424
278462,3424,3490
222295,3443,3502
193182,3706,3773
198378,3708,3783
76110,3708,3787
327762,3717,3779
13851,3736,3805
295062,3751,3836
176750,3759,3827
76107,3796,3932
326607,3803,3858
275893,3809,3889
391615,3819,3884
16480,3824,3900
214008,3848,3906
275894,4124,4182
119166,4187,4250
26128,4189,4255
252757,4199,4255
1416,4215,4293
375630,4216,4285
206100,4223,4281
40467,4226,4284
76107,4227,4361
107880,4228,4289
275893,4233,4319
295293,4303,4379
268702,4318,4390
277195,4328,4391
165902,4586,4656
154317,4689,4769
39599,4702,4767
