129424,156,244
241118,322,452
36753,376,437
80619,461,576
202023,473,559
344421,496,605
285836,682,739
285835,683,744
101993,685,747
285834,690,743
70204,690,746
14982,824,866
4866,825,911
258157,829,897
216215,836,897
197906,838,932
62012,842,911
287913,844,908
45557,844,910
307740,844,916
252932,844,922
156096,846,909
226149,846,918
356003,848,910
128130,848,928
65808,850,917
223351,852,931
18448,856,933
126231,872,933
279591,874,935
273750,890,964
44590,893,964
158511,913,984
167010,916,977
350106,940,990
18261,944,1021
122246,1071,1145
139267,1082,1166
229111,1142,1201
78099,1279,1334
280922,1349,1400
300248,1651,1732
131303,1684,1752
150920,1690,1759
47744,1693,1742
154557,1693,1751
402300,1693,1759
312387,1694,1756
193778,1949,1998
25439,2115,2197
144422,2268,2331
253974,2268,2334
13146,2268,2345
217983,2273,2341
191722,2274,2328
381540,2274,2336
5439,2276,2342
362567,2277,2344
154726,2279,2331
145863,2279,2333
397082,2279,2335
185349,2279,2346
378291,2281,2341
336999,2284,2335
218349,2624,2672
289537,2624,2688
186723,2625,2687
316583,3174,3225
19341,3179,3249
344444,3779,3853
228788,3809,3886
360579,3983,4092
307059,4015,4076
228787,4019,4103
344443,4348,4411
247804,4354,4416
228783,4616,4700
228786,4619,4701
131301,4748,4843
6155,4749,4816
222036,4750,4835
168723,4758,4820
228785,4760,4835
75021,4763,4827
228788,4763,4846
241584,4774,4835
5551,4776,4855
12044,4778,4831
391863,4779,4859
383044,4795,4860
131302,4798,4849
222037,4799,4854
408398,4809,4855
371221,4822,4877
273274,4824,4879
228783,4959,5043
228787,4970,5043
228782,4973,5057
227987,4974,5040
57764,4983,5047
175885,4986,5044
372189,5156,5232
228786,5158,5249
225955,5168,5244
228782,5180,5264
106330,5184,5245
228785,5309,5374
361883,5567,5620
344442,5725,5789
256517,5756,5818
279339,5763,5834
282980,5765,5825
402318,6292,6354
295353,7921,7973
144793,8507,8579
179007,8509,8581
128988,8510,8574
144792,8516,8578
194172,8528,8580
29440,8533,8582
262087,8658,8704
401456,8786,8837
193777,8797,8872
401455,9355,9412
333760,9404,9478
70885,9431,9479
210743,9607,9665
236692,10453,10501
25441,11031,11083
25440,11031,11089
92203,11073,11129
323627,11255,11309
277922,11412,11472
202022,11416,11479
172763,11416,11494
40543,11434,11506
124515,11469,11541
6745,11472,11536
392383,11474,11536
155525,11477,11538
79978,11496,11547
341354,12051,12100
214948,12458,12543
169475,12458,12559
94132,12460,12548
278930,12461,12555
338129,12462,12523
341604,12464,12531
302934,12466,12526
126230,12469,12522
152706,12470,12545
329638,12471,12559
6451,12474,12559
32248,12476,12535
35683,12486,12555
153163,12503,12560
327828,12699,12752
228784,12950,13001
96471,12951,13008
195204,13025,13079
236122,13045,13119
380502,13120,13176
151616,13175,13242
140990,13194,13259
262857,13213,13261
119903,13300,13371
246010,13310,13383
273751,13379,13445
215322,13380,13428
287611,13381,13447
51313,13385,13460
128663,13400,13444
228784,13470,13534
357069,13509,13582
16504,13511,13583
54768,13524,13583
225105,13650,13703
106747,13656,13731
45874,13664,13736
350955,13671,13740
386448,13882,13942
57412,13888,13942
289222,13917,13965
121057,13927,13970
36752,14042,14121
246366,14058,14127
168877,14309,14354
49558,14311,14377
75471,14316,14378
228781,14941,14993
228781,15031,15092
