406581,1543,1617
32321,1596,1657
186740,1844,1907
36758,1996,2071
234047,2061,2114
285656,2068,2135
28670,2365,2411
100284,2551,2613
186740,3273,3342
95597,3394,3444
26372,3415,3478
364310,3653,3705
190104,3655,3706
26336,3667,3720
177595,3690,3741
331363,4259,4322
405286,4273,4333
330856,5232,5295
114854,5245,5302
46402,5780,5864
330535,5799,5865
57326,5807,5864
339985,5898,5981
61913,5912,5968
170920,6124,6191
190103,6470,6552
282082,6506,6548
153126,7033,7094
236027,8897,8956
137310,8903,8982
398014,8918,8985
105733,10018,10099
98875,10032,10091
255792,10035,10098
84787,10036,10106
93332,10037,10100
305205,10037,10109
314764,10040,10107
323689,10041,10105
44497,10042,10106
172703,10048,10109
110594,10056,10103
370805,10056,10110
354276,12025,12089
146676,12035,12082
23705,12035,12086
254531,12047,12088
242885,12049,12123
29220,12141,12194
57561,12560,12623
360553,12564,12625
235936,12569,12613
32834,12926,12988
190176,12927,12978
174027,12962,13019
66694,13072,13133
393415,13736,13822
208976,15314,15383
56477,15327,15384
40274,15332,15398
128931,15333,15395
65606,15333,15400
95597,15335,15398
287748,15337,15399
17624,15341,15383
131333,15341,15396
317001,15343,15398
257960,15350,15411
297612,15794,15851
120059,16031,16073
128930,16032,16083
18040,16032,16106
165018,16033,16085
186739,16370,16474
186739,17099,17216
90041,17375,17447
194021,17850,17917
275434,17974,18021
170490,17974,18033
175033,17974,18035
213417,17978,18034
278291,18041,18113
94247,18047,18098
281107,18065,18129
327820,18070,18131
276043,19837,19895
273254,19869,19920
386677,19889,19943
320120,20003,20075
109653,20005,20067
80628,20006,20062
263323,20013,20079
298025,20014,20078
105391,20015,20058
309769,20027,20090
216016,20037,20087
204470,20037,20092
