76758,66,126
84042,66,134
398238,76,198
148313,92,159
183797,116,194
322180,119,190
176074,121,198
360251,122,192
405958,123,187
275201,125,194
282587,130,202
397642,132,201
142670,138,204
77672,145,229
212591,149,239
155452,158,240
12151,159,252
167010,171,252
260208,173,236
137782,174,248
5326,176,239
207447,177,238
311482,177,240
76638,179,250
221039,198,283
359681,201,282
268492,203,286
217612,203,295
78211,204,267
239399,206,279
182943,206,282
101420,207,268
31947,208,271
206515,208,278
122421,209,272
84041,209,327
357066,212,278
100947,213,276
262179,214,277
199096,214,280
238892,215,326
268212,218,282
151916,218,307
92556,221,293
355190,222,315
102260,224,282
58606,226,287
355189,226,330
141867,228,284
161175,228,289
324159,230,286
2603,231,294
329411,234,282
325467,238,303
50714,239,304
110971,239,337
5707,244,317
397644,247,337
242014,248,309
268751,249,316
69190,249,319
337918,251,314
141866,252,296
240551,253,317
104083,253,320
171147,255,321
152345,255,328
196241,257,360
38594,258,337
225061,259,322
199260,259,340
213959,259,345
347170,264,325
306803,265,327
5708,265,331
327933,267,336
126289,292,357
154977,323,400
203841,328,398
84605,330,391
128048,334,423
105910,337,404
151917,338,400
1120,338,413
151916,338,421
400397,339,408
8239,339,423
297440,342,407
346863,343,404
356500,344,406
38508,347,420
324158,347,425
129352,349,410
113257,350,416
326013,360,428
228512,362,437
345760,363,412
194832,369,431
292428,380,469
336321,519,595
355188,520,629
349599,530,614
385704,532,600
88619,536,651
258968,537,601
51152,539,592
170904,539,596
195637,539,635
218771,539,642
115666,540,618
86691,540,624
138338,540,628
150161,543,637
431,545,625
28084,545,630
292141,548,640
156179,550,627
150162,551,650
266200,563,637
360668,566,623
32786,566,633
100761,571,643
2272,573,644
65621,574,652
210696,575,642
202958,578,640
247876,580,642
131711,581,645
17117,582,651
32697,585,648
218881,588,649
192795,588,654
10119,588,659
356,591,653
6081,593,642
328350,593,659
231561,594,686
138599,595,661
156116,600,664
147637,609,673
21584,785,851
325950,789,853
115664,789,865
72687,831,895
110972,1020,1126
110973,1058,1119
148374,1060,1124
227390,1064,1124
242889,1065,1126
355654,1065,1137
291083,1068,1154
209386,1087,1154
98731,1096,1143
194833,1096,1159
154980,1097,1154
123534,1097,1167
57790,1101,1163
21585,1105,1184
365511,1133,1201
30320,1250,1310
368805,1251,1307
115665,1251,1314
154978,1251,1317
355187,1251,1325
330473,1324,1387
365825,1329,1397
15151,1336,1398
86692,1344,1395
390766,1431,1548
374612,1443,1549
319455,1451,1550
382,1452,1542
265521,1462,1542
30984,1464,1552
135848,1468,1536
204329,1470,1554
78508,1472,1537
187003,1473,1547
28835,1474,1540
393430,1475,1536
402671,1477,1539
276629,1478,1543
393249,1478,1596
216932,1479,1544
146196,1479,1549
245027,1481,1548
284164,1482,1551
89619,1483,1546
82208,1485,1548
76415,1486,1566
54114,1487,1583
120606,1488,1557
260189,1490,1590
77671,1493,1559
253569,1493,1574
298621,1493,1578
154979,1494,1588
267992,1495,1590
265318,1499,1585
368632,1500,1561
183796,1500,1594
391927,1502,1573
54287,1503,1577
167802,1506,1577
230639,1512,1578
84203,1512,1599
289453,1514,1609
289454,1514,1614
353803,1530,1596
66800,1648,1734
325951,1657,1729
325953,1657,1749
374613,1659,1733
85379,1662,1734
38165,1662,1749
28083,1663,1740
405193,1665,1751
143397,1666,1728
365458,1668,1712
190827,1675,1727
133455,1690,1772
1541,1695,1761
9669,1697,1760
311602,1698,1762
248556,1701,1763
143250,1702,1760
388669,1705,1770
66541,1714,1781
53670,1725,1775
2681,1725,1809
90625,1735,1797
29603,1741,1809
300794,1771,1843
51151,1948,2001
293021,1948,2026
325952,1948,2033
97121,1954,2023
180601,1956,2097
16530,1961,2035
31896,1969,2056
46094,1972,2035
362013,1972,2040
82046,1983,2047
72425,1984,2034
158524,1985,2035
230640,1997,2040
312213,1998,2061
107659,2017,2117
115667,2025,2158
353585,2026,2122
256266,2027,2115
397643,2028,2095
19906,2031,2109
157823,2033,2143
84043,2036,2159
326012,2038,2145
171148,2039,2138
117464,2039,2160
19090,2042,2161
147189,2044,2136
1732,2047,2158
223018,2053,2158
142775,2055,2160
106612,2057,2158
349598,2069,2157
171149,2072,2149
259557,2075,2140
112530,2075,2156
151917,2078,2132
261520,2080,2158
259556,2086,2159
19752,2088,2153
294492,2093,2158
385460,2097,2159
271602,2098,2159
