67949,544,640
136787,547,629
272292,547,642
108160,554,640
57882,560,632
255567,562,637
226342,1011,1094
327929,1014,1083
124864,1022,1084
338215,1080,1140
76370,1201,1288
284301,2522,2578
329145,2819,2886
84315,2822,2893
66099,3032,3079
161311,3410,3497
336528,3432,3487
260207,3496,3584
104367,3497,3559
22689,3528,3587
320011,4012,4054
201080,5338,5414
327930,5356,5413
349977,5743,5791
372976,6725,6769
125580,7021,7083
44108,7028,7081
22688,7039,7101
195609,7296,7374
119700,7307,7381
2946,7308,7373
263408,7310,7372
268864,7310,7379
263409,7312,7371
171146,7313,7364
66147,7314,7365
27521,7314,7373
171145,7314,7376
38062,7314,7403
89869,7325,7404
41354,7327,7389
159601,7327,7395
234272,7330,7402
273546,7337,7387
372538,7338,7388
234271,7338,7396
6863,7338,7401
27319,7339,7397
142009,7342,7404
109087,7343,7388
100457,7635,7700
299862,7919,7991
137857,7958,8010
192440,8075,8130
363323,8082,8161
16669,8092,8163
32813,8092,8195
180391,8094,8165
52574,8095,8178
255848,8097,8193
50712,8102,8167
41648,8112,8190
160719,8116,8163
9035,8117,8183
250493,8117,8193
246107,8119,8184
73036,8133,8188
233838,8133,8192
381180,8135,8193
234990,8137,8194
136340,8141,8191
344903,8143,8192
