85088,88,159
191388,512,579
151041,542,616
293527,555,615
170490,768,832
404957,777,844
88683,780,842
344875,786,848
397290,788,850
84673,1072,1133
338965,1074,1133
196585,1199,1262
321398,1295,1360
123008,1423,1500
48085,1517,1570
135304,1532,1640
273825,1574,1682
135303,1585,1670
76900,1586,1662
317950,1587,1648
135302,1587,1695
381608,1590,1659
363961,1617,1678
387404,1665,1722
215302,1674,1754
240930,1680,1779
28670,1682,1724
321399,1685,1777
37449,1687,1758
160716,1696,1761
200680,1703,1767
184226,1710,1768
171569,1711,1770
135303,1888,1966
135302,1893,1992
236012,2250,2317
70000,2378,2429
269058,2408,2481
217099,2412,2476
56007,2421,2479
135304,2650,2763
210684,2701,2764
148323,2859,2923
