18697,105,151
179468,305,408
32000,306,405
14869,307,397
349429,311,404
394645,311,417
67535,314,389
298641,521,597
276869,522,590
401215,526,602
276867,788,911
276866,816,921
24223,973,1042
275035,984,1042
195300,984,1054
60531,987,1050
50539,991,1045
92679,1148,1222
336347,1151,1212
378846,1153,1211
190827,1155,1202
318470,1158,1202
45009,1158,1225
299898,1163,1225
249371,1174,1223
116560,1174,1276
250265,1176,1239
234456,1182,1289
44922,1187,1268
163161,1198,1278
10380,1212,1307
10379,1215,1303
281788,1218,1291
302783,1221,1303
117181,1225,1286
73060,1225,1289
215687,1227,1293
276860,1227,1299
338174,1228,1325
88406,1232,1295
223760,1240,1304
226315,1250,1312
276856,1265,1327
401225,1711,1782
336710,1752,1814
130421,1754,1819
18804,1755,1810
164253,1773,1820
276857,1785,1846
276868,1862,1957
124526,1877,1943
276851,1879,1948
276852,1891,1956
395359,2205,2272
66059,2210,2271
185471,2211,2266
143279,2212,2263
37500,2219,2272
117182,2219,2293
401335,2230,2288
368805,2231,2296
256244,2232,2286
16681,2369,2432
285378,2370,2445
30432,2373,2457
258480,2375,2428
86916,2376,2441
105147,2385,2454
1976,2388,2449
298643,2389,2455
68763,2392,2456
75175,2393,2450
401361,2395,2458
24063,2395,2471
203799,2404,2453
401343,2406,2455
349428,2406,2459
150515,2408,2458
230330,2409,2474
351080,2415,2510
341296,2426,2470
189753,2429,2509
391575,2430,2513
265588,2744,2791
213564,2744,2805
401337,2857,2919
202374,2969,3019
36269,2970,3025
121010,2970,3027
276865,3277,3367
195059,4013,4069
276864,4154,4223
315444,4159,4219
354844,4159,4222
171249,4161,4223
401217,4189,4299
267666,4201,4287
267669,4202,4299
153961,4204,4267
195299,4221,4290
13649,4226,4302
402646,4228,4289
90497,4232,4312
204440,4234,4296
350356,4236,4311
295772,4237,4303
49421,4239,4309
159509,4240,4317
336346,4241,4302
276863,4246,4309
9354,4248,4290
16676,4250,4304
401218,4323,4395
47551,4473,4523
32587,4477,4535
276862,4501,4613
276851,4549,4606
276852,4661,4733
276861,4661,4751
259740,4678,4744
169550,4680,4753
276855,4714,4799
249990,4982,5038
305569,5339,5397
75814,5351,5412
298642,5552,5628
26908,5562,5630
368903,5756,5812
54312,5765,5839
106161,5766,5810
57073,5766,5814
121828,5766,5841
44610,5767,5816
31896,5767,5858
243843,5768,5815
204441,5769,5830
18627,5770,5857
49089,5775,5829
62374,5777,5837
83451,5780,5845
178439,5781,5838
102614,5783,5839
7246,5790,5844
281789,5793,5861
199767,5795,5843
173470,5795,5886
366162,5800,5879
171250,5801,5877
331267,5818,5871
246620,5915,5974
401214,5924,6005
71992,5935,6003
12092,5940,6011
335308,5941,5991
79906,5943,6004
140985,5943,6007
80375,5945,6007
299577,5952,6006
345632,5952,6037
241698,5953,6014
16586,5953,6020
227743,5954,6016
39360,5959,6011
105930,5964,6010
44609,6016,6061
88390,6042,6103
276856,6300,6350
387509,6400,6476
305570,6401,6480
112141,6403,6477
73061,6408,6472
167495,6418,6501
345637,6427,6501
322081,6433,6493
204808,6434,6495
267668,6444,6500
143397,6454,6501
394039,6602,6668
298644,6618,6695
298645,6891,6961
276857,7179,7228
197312,7325,7380
183534,7325,7390
267667,7328,7382
240919,7332,7399
240918,7334,7404
66734,7765,7814
98089,7774,7819
65279,7868,7922
245911,7868,7925
193500,7876,7925
359442,7956,8013
167471,7959,8022
350355,7961,8040
117183,7968,8040
276860,7969,8029
148249,7970,8019
351170,7970,8023
228229,7971,8016
344869,7972,8019
66125,7975,8028
366164,7976,8024
366163,7978,8028
297342,7987,8053
99610,7988,8050
112875,7989,8051
359770,7989,8057
309382,7991,8048
401232,8128,8246
401230,8140,8256
401231,8155,8271
159684,8197,8267
72228,8390,8440
195058,8457,8546
276858,8475,8539
15551,8476,8531
301008,8484,8548
152443,8490,8545
281790,8801,8898
267666,8803,8883
275779,8804,8881
229686,8818,8881
124525,8828,8892
301009,8830,8888
194465,8833,8890
186789,8835,8894
65055,8836,8897
65054,8842,8897
85464,8847,8914
276855,8855,8933
345639,9256,9317
85364,9256,9320
64279,9273,9337
296767,9460,9533
276854,9566,9657
113453,9716,9799
106162,9719,9789
169551,9719,9798
153493,9720,9783
27861,9721,9781
215688,9723,9810
331266,9724,9780
381424,9726,9799
401364,9747,9809
373918,9753,9819
14748,9757,9836
66058,9760,9809
276867,10359,10466
276866,10382,10479
276859,10647,10719
401342,10823,10908
349112,11007,11070
87701,11020,11072
345633,11035,11087
40721,11231,11302
354112,11235,11303
354111,11239,11294
171251,11240,11304
195298,11242,11303
265587,11245,11304
321287,11247,11302
342983,11249,11299
401220,11403,11456
401338,11411,11462
401219,11417,11483
177656,11419,11462
401224,11439,11515
276862,11513,11623
276868,11546,11640
401216,11556,11617
276861,11564,11653
401339,11576,11643
227308,11581,11652
324968,11587,11644
66408,11587,11674
276850,11593,11666
220722,11595,11678
204439,11596,11648
376330,11596,11657
228635,11780,11856
323874,11781,11859
276853,11781,11862
379576,11786,11866
365414,11789,11856
295773,11791,11857
294756,11792,11856
75813,11796,11862
276850,11796,11871
276865,11798,11898
305224,11803,11864
105021,11805,11857
276863,11809,11872
19094,11810,11865
44608,11814,11880
208757,11820,11882
401340,11820,11885
226268,11823,11902
219284,11966,12031
153652,11975,12048
354842,11975,12064
276864,11977,12041
345634,11983,12047
354843,11984,12069
147702,11987,12055
279741,11995,12064
73059,11996,12059
12167,11999,12053
230685,11999,12070
269947,12003,12056
29452,12037,12093
401222,12071,12171
248891,12092,12153
227742,12106,12168
117184,12192,12257
11057,12211,12256
310930,12221,12278
202375,12261,12318
321288,12262,12342
243844,12278,12351
84798,12279,12353
401228,12777,12858
401227,13082,13156
401341,13109,13177
401226,13123,13178
276854,13365,13461
305568,13409,13459
171192,13490,13537
151762,13505,13566
303380,13538,13581
168024,13755,13817
396810,14162,14211
358401,14172,14256
378847,14185,14264
401229,14191,14265
401363,14199,14263
276858,14208,14266
117185,14211,14290
311224,14213,14272
315855,14217,14269
365590,14223,14284
245912,14228,14291
43660,14229,14293
84799,14235,14303
230684,14236,14297
401223,14302,14379
226267,14311,14372
62161,14328,14384
401233,14737,14801
276853,14844,14907
321289,14849,14908
138764,14939,14991
353852,14993,15047
116561,15128,15209
131737,15130,15205
51548,15136,15203
312476,15136,15213
204438,15154,15214
346072,15159,15248
219413,15160,15232
330700,15161,15213
401362,15165,15248
220237,15229,15298
204807,15240,15282
208529,15240,15289
283444,15240,15300
180842,15241,15301
264834,15242,15302
159342,15244,15310
191270,15245,15298
55720,15246,15309
321290,15253,15302
333040,15411,15475
142612,15412,15477
81494,15414,15480
33253,15415,15476
298646,15427,15541
401221,15430,15534
62638,15458,15553
345635,15482,15541
401336,15489,15553
360203,15497,15540
42440,16297,16350
171979,16477,16543
174836,16481,16544
267666,16481,16563
325409,16482,16542
352783,16494,16575
321291,16496,16558
324533,16510,16587
186352,16511,16591
404042,16521,16610
229790,16525,16584
14747,16527,16585
327048,16528,16615
268388,16529,16613
354113,16532,16583
37499,16541,16597
223640,16542,16591
58579,16545,16608
342984,16550,16612
345636,16550,16617
389453,16557,16618
166195,16565,16618
351081,16671,16739
345254,16783,16842
276859,16899,16982
394040,17198,17261
222747,17198,17266
98868,17199,17244
65876,17199,17263
142613,17200,17264
345638,17200,17276
196328,17201,17259
328668,17202,17266
240770,17203,17265
222746,17205,17276
269946,17207,17263
249989,17207,17268
145892,17223,17285
236371,17474,17517
191206,17474,17527
276869,17591,17650
