237234,1878,1925
69442,2360,2423
63388,2372,2441
36032,2523,2591
247801,2676,2722
190621,3002,3069
276692,3021,3075
110744,3250,3328
143652,3304,3361
186564,3336,3391
197749,3430,3492
123760,3777,3833
169470,3829,3876
256265,3980,4058
169469,4217,4279
257372,4233,4279
278212,4338,4402
229107,4480,4559
404970,4751,4820
49412,4815,4866
37764,4850,4905
282929,4901,4968
9258,4926,4971
283460,4927,4992
41184,4927,5001
119005,4932,4993
63390,4934,5015
96988,4940,5007
23000,4940,5019
210261,4944,4987
348662,4944,5006
63389,4944,5031
207712,4945,5008
249816,5263,5337
49413,5287,5361
137817,5288,5350
137818,5308,5360
96716,5383,5431
247662,5454,5525
126065,5813,5884
9019,5835,5897
390314,5849,5923
229107,5869,5937
163381,5990,6057
209840,5990,6061
398834,5996,6061
366354,6114,6178
329863,6114,6180
235009,6117,6179
276768,6121,6183
314143,6132,6198
223604,6134,6183
236644,6167,6237
13118,6196,6267
301204,6202,6267
59759,6210,6271
338693,6215,6270
203352,6224,6271
401830,6858,6965
25212,6870,6933
210307,6875,6938
145147,6889,6943
302683,6896,6961
292836,6917,6964
231917,6917,6979
57071,6926,7003
290845,6940,6996
172780,6942,6999
248791,7129,7199
301203,7130,7216
290805,7161,7216
346194,7165,7214
364627,7251,7315
229109,7255,7336
181807,7266,7307
198867,7268,7324
4837,7321,7391
210105,7348,7391
12886,7380,7445
201534,7393,7471
43258,7422,7485
123608,7423,7475
399669,7423,7488
41185,7433,7503
358713,7433,7514
367742,7437,7515
949,7440,7512
348967,7442,7503
266555,7442,7505
79377,7445,7509
161413,7448,7509
173081,7452,7514
175845,7453,7512
115705,7458,7511
368813,7461,7502
252395,7461,7512
81693,7463,7514
265634,7724,7811
305987,7725,7807
22641,7727,7772
110429,7727,7804
88406,7730,7783
16295,7741,7799
84474,7881,7937
319000,7884,7947
167291,7891,7963
277791,7892,7950
194130,7903,7964
298971,8262,8354
117584,8271,8351
232849,8273,8344
8621,8279,8346
277931,8279,8354
244478,8281,8345
114596,8283,8344
246471,8285,8347
321678,8289,8353
381353,8291,8354
302,8300,8353
297893,8779,8832
284906,8937,8991
228590,9009,9074
195648,9041,9115
277209,9074,9133
271394,9081,9148
187684,9082,9158
320845,9084,9155
350939,9085,9167
223237,9092,9166
388119,9098,9162
42498,9098,9172
57787,9099,9161
327048,9099,9176
327047,9099,9182
3869,9100,9165
263078,9101,9150
110184,9101,9175
82523,9103,9156
335462,9103,9169
125785,9106,9148
259309,9106,9175
1727,9113,9169
171863,9114,9175
378138,9116,9182
404475,9118,9167
309929,9120,9167
12887,9129,9182
31597,9437,9502
208326,9666,9731
176530,9666,9735
64530,9666,9738
104555,9668,9716
178337,9672,9718
310089,9673,9734
220972,9676,9740
385059,9678,9736
339269,9678,9742
122980,9920,9988
260795,10070,10143
214031,10072,10134
244495,10075,10136
9587,10077,10138
163199,10079,10142
270059,10082,10143
306149,10112,10176
168987,10113,10183
303279,10680,10727
264346,10747,10810
29455,10752,10804
85190,11401,11461
252793,12309,12354
229109,13428,13500
229108,13926,13992
190433,15071,15157
19572,16582,16633
357603,17038,17100
118146,17205,17260
404474,18203,18267
357634,18204,18277
155770,18206,18264
327046,18212,18294
213090,18213,18279
209918,18216,18306
381548,18217,18315
54388,18218,18267
136484,18218,18290
154572,18219,18263
281402,18219,18302
233964,18220,18274
6436,18222,18295
375659,18228,18296
49430,18231,18307
193161,18231,18332
375660,18232,18314
183929,18233,18304
19773,18240,18316
37746,18243,18291
88405,18243,18312
337668,18244,18302
389007,18245,18299
405199,18246,18291
89234,18248,18298
313367,18248,18309
232848,18265,18320
225212,18275,18347
357633,18280,18323
9020,18280,18328
54865,18334,18410
229106,18347,18417
331571,18349,18409
126712,18351,18413
229108,18369,18426
169468,18369,18438
288851,18872,18936
368419,18873,18935
61156,18878,18936
229106,18972,19049
399275,18997,19042
49356,20426,20504
229105,20551,20633
229105,20788,20875
272719,21121,21183
350335,21173,21254
353301,22372,22437
192577,22375,22441
353300,22383,22436
4572,22385,22441
27603,22386,22436
84043,22475,22592
14869,22477,22562
337354,22480,22597
376184,22514,22566
91950,22524,22597
61830,22525,22589
161410,22717,22775
6306,22717,22778
175245,22733,22794
212249,22733,22811
371503,22735,22795
57786,22736,22808
167232,22746,22808
82075,22746,22810
143352,22748,22809
150544,22752,22833
105320,22754,22806
176339,22754,22818
64234,22755,22808
374064,22760,22825
150545,22760,22833
335785,22771,22827
