72054,8,70
184250,183,277
296544,216,280
151380,316,388
87662,344,437
355188,384,486
70452,396,472
224584,402,495
150049,418,495
277701,606,680
237765,607,671
209302,615,678
109028,621,702
273625,637,699
195781,639,700
250905,646,698
319901,766,830
49664,766,834
307344,768,832
269779,769,839
132716,770,834
227728,771,858
355190,780,865
170281,780,870
360460,782,831
355189,783,870
31299,783,879
53924,791,857
75175,799,870
70674,799,881
392361,801,864
178439,803,863
195299,804,864
115323,805,884
239469,805,897
94451,807,879
115080,809,866
89214,813,867
150050,814,883
383788,814,901
329316,817,913
91787,818,890
195298,819,885
320215,820,876
19643,821,889
57640,825,888
355187,832,907
54399,835,877
307076,835,899
297681,835,908
57639,836,885
11895,836,891
177506,838,888
195300,839,928
158303,860,942
234630,861,935
329317,981,1055
365381,997,1049
234631,1333,1408
47093,1341,1410
388541,1343,1408
307075,1355,1415
