190212,47,131
348136,48,135
267778,54,138
24013,59,136
96777,66,138
129702,68,160
100039,70,135
42152,70,138
100038,71,136
341432,74,144
127315,75,147
118613,77,154
315528,78,170
301704,80,143
360315,81,144
333933,81,168
339766,86,150
28796,87,158
129788,88,155
53517,92,154
25417,93,165
354948,93,172
124723,95,160
124722,100,163
88217,101,172
6688,102,165
298461,106,171
338597,109,174
129789,109,182
348135,122,171
265511,124,236
19906,130,233
127708,132,249
27104,168,283
18120,174,288
118736,177,292
348134,190,287
401414,201,293
249747,203,309
119533,209,270
177716,210,271
288256,213,271
249748,237,313
134423,239,300
320433,451,534
20849,492,553
66621,502,566
119152,510,553
127709,761,824
199725,858,923
165285,858,930
169339,862,949
406511,873,949
252893,874,935
7545,874,939
210098,880,943
291034,888,958
385261,890,952
355044,899,971
351654,912,974
340523,1419,1486
11158,1436,1503
403890,1443,1504
131247,1445,1509
286079,1459,1525
328862,1459,1540
4623,1462,1524
54629,1482,1535
52143,1610,1675
210499,1610,1693
359984,1610,1701
63531,1613,1666
55708,1615,1680
372615,1616,1702
308208,1631,1702
22009,1633,1699
212464,1640,1702
173317,1654,1710
103380,1837,1891
182876,1840,1907
90041,1846,1907
231582,2028,2095
61934,2030,2097
354616,2031,2095
45552,2308,2363
345313,2311,2359
334954,2311,2365
268585,2432,2481
379825,2918,2978
14020,3013,3058
274932,3406,3473
385520,3415,3495
200018,3416,3482
96748,3423,3485
395181,3423,3494
218961,3425,3490
245767,3426,3484
153833,3426,3495
355043,3429,3490
110252,3443,3495
362970,3502,3563
308209,3505,3567
324375,3627,3679
249749,3870,3927
290704,3870,3934
143990,3871,3936
344817,3892,3953
252604,3902,3969
249231,4313,4374
9643,4327,4387
124551,4340,4433
194526,4348,4431
364357,4353,4425
364909,4375,4425
301746,4392,4447
194648,4478,4543
110388,4481,4564
137827,4509,4565
146343,4746,4818
313412,4746,4829
178529,4746,4847
59372,4747,4809
280257,4749,4841
400751,4751,4825
122977,4751,4836
176773,4761,4843
49416,4762,4828
49282,4763,4845
976,4764,4841
113104,4765,4830
321175,4765,4833
254117,4765,4836
159729,4767,4832
181232,4767,4840
278204,4771,4834
65621,4771,4840
224362,4772,4835
57073,4773,4834
59879,4773,4837
386988,4781,4836
154483,4785,4842
79195,4786,4847
208060,4787,4846
322161,4790,4842
108435,4793,4845
218496,4800,4845
390837,4907,4971
178528,4907,5015
334503,4908,5033
218771,4910,5025
157587,4918,5023
292572,4925,5011
52721,4926,5063
213118,4928,5011
44899,4929,5014
61832,4951,5013
233043,4951,5018
10072,4970,5023
47948,4971,5038
195556,4972,5033
2562,4976,5034
149894,4977,5040
88216,4977,5065
259641,5012,5075
266481,5014,5085
363433,5015,5083
266480,5025,5102
10375,5044,5109
386336,5048,5109
76785,5049,5110
27361,5060,5123
118842,5066,5157
280394,5067,5135
197755,5068,5133
32818,5070,5137
280254,5073,5141
40390,5073,5158
275685,5074,5151
234074,5077,5137
317167,5077,5142
219706,5078,5155
263054,5079,5135
87873,5080,5130
266001,5080,5151
252746,5082,5148
334504,5082,5158
123781,5085,5151
175640,5086,5147
21897,5090,5160
360012,5094,5156
198989,5096,5160
48532,5099,5160
