216713,104,217
216714,120,212
186079,155,218
358211,156,220
104734,157,219
358212,158,221
9178,159,223
27912,167,223
255232,544,598
193441,790,835
216713,792,892
353246,817,878
288565,891,941
402373,1077,1126
216713,1350,1455
216714,1364,1441
353245,1367,1431
36365,1393,1454
393203,1397,1454
120725,1477,1532
5415,3378,3449
191674,3400,3450
343763,6061,6118
216716,6871,6951
286572,7096,7157
221052,7810,7876
336583,7826,7875
327704,7891,7953
154706,7892,7947
406876,7895,7957
373203,7896,7948
9290,8251,8311
258169,9629,9700
216715,10444,10511
216717,11082,11148
44740,12050,12116
110073,12549,12610
51843,12551,12607
167134,12552,12635
49606,12568,12633
316074,12989,13058
5414,12994,13078
119827,12995,13059
208593,15034,15097
204085,15183,15248
167135,15190,15269
188061,15191,15265
318124,15200,15268
209896,15204,15265
200594,15569,15637
319246,15591,15665
345767,15594,15661
388600,15596,15660
180358,15603,15693
39241,15612,15692
331741,15620,15697
112088,15621,15694
67740,15621,15702
330157,15624,15688
179020,15627,15690
95153,15629,15692
4973,15629,15703
8014,15633,15710
240921,15636,15701
145619,15639,15694
287737,15643,15695
8013,15644,15710
80300,15648,15710
177638,15653,15709
179360,15655,15708
363930,17075,17142
94720,17078,17140
255754,17084,17135
33674,17085,17140
271250,17087,17139
366339,18549,18600
159569,19277,19328
45595,21731,21811
175626,21740,21810
366363,21741,21802
5413,21754,21812
203987,21764,21814
133783,21909,21980
339976,21919,21980
340876,21926,21985
290662,22251,22327
216716,22389,22464
216715,22949,23010
202674,24536,24596
141311,24663,24704
43327,26536,26613
376046,26545,26609
237234,27954,28015
318125,27958,28015
176830,27962,28015
341064,27965,28011
21848,28131,28203
208713,28147,28215
214397,28148,28202
216717,28675,28744
34709,29358,29414
1746,29379,29443
201894,29415,29464
129592,29539,29605
53947,29624,29674
406045,29625,29678
