187028,1537,1596
44517,1538,1592
152002,1540,1595
67603,1541,1598
116149,1553,1596
330980,1708,1829
378077,1721,1821
67673,1731,1814
266736,1741,1803
13035,1741,1808
38694,1743,1833
223824,1745,1823
176428,1746,1829
65640,1754,1831
263903,1758,1819
281997,1762,1828
198454,1763,1824
191921,1766,1834
206100,1770,1837
330991,1833,1919
330992,1841,1914
395830,2529,2598
192325,2534,2598
339101,2543,2597
63443,2552,2599
391261,2555,2598
193645,2941,2999
330975,3692,3778
179658,3693,3757
103737,3696,3765
175071,3696,3769
67151,3697,3781
82120,3705,3768
382781,3877,3929
318124,3877,3950
378574,3880,3944
65764,3880,3946
331001,3992,4066
330980,4134,4236
124332,4151,4240
290663,4156,4228
330975,4158,4240
235760,4160,4231
228409,4162,4248
62100,4163,4234
290662,4164,4247
78952,4170,4243
108256,4183,4245
133127,4187,4248
93181,4338,4412
330993,5435,5497
390455,5828,5935
385098,5845,5910
82712,5852,5910
17837,6043,6091
116835,6043,6095
95081,6043,6108
331003,6044,6112
18410,6044,6124
266968,6051,6125
66509,6056,6111
153018,6066,6128
22630,6075,6132
122575,6219,6285
317351,6230,6282
331005,6349,6425
165493,6375,6422
330986,6468,6528
331002,6469,6557
181203,6492,6563
330987,6728,6837
330997,6735,6835
330995,6737,6818
122561,6922,6980
323840,7726,7804
213047,7750,7804
268282,8053,8119
330991,8112,8189
330978,8115,8195
330992,8385,8448
298482,8388,8443
16426,8458,8526
223589,8750,8807
357542,8754,8806
330978,8881,8964
286086,9091,9134
331728,9109,9166
330982,10606,10684
330986,10612,10683
330999,10615,10681
373907,10616,10680
354350,10633,10684
209491,10636,10683
117764,10906,10957
331000,10984,11086
330987,10984,11091
330997,10989,11089
362070,11011,11059
376761,11026,11089
317512,11036,11090
124480,11191,11277
331004,11206,11278
124479,11217,11279
139037,11471,11531
208466,11541,11608
330993,12087,12145
330990,12115,12179
181992,12119,12202
110945,12141,12202
400152,12329,12396
278731,12331,12385
146928,12333,12396
330977,12339,12404
330998,12775,12855
140628,12829,12907
330977,13084,13140
330994,13258,13325
330982,13541,13616
330981,13541,13647
330988,14219,14290
330995,14219,14300
192442,14285,14351
330989,14503,14566
219823,14794,14858
6785,14796,14859
153017,14798,14860
160055,15347,15399
330996,15354,15415
95081,15362,15412
140628,16273,16348
36584,16276,16338
330981,16453,16552
54918,16484,16546
252353,16942,17013
330979,17001,17065
330983,17009,17065
94494,17509,17566
115584,17790,17838
376762,17908,17965
331001,17956,18035
388214,18024,18089
330990,18032,18090
330984,18047,18125
164795,18071,18128
190430,18320,18368
237997,18320,18385
124388,18329,18382
273880,18335,18394
347946,18338,18399
284507,18342,18392
330979,18505,18564
330976,18532,18598
121887,18834,18891
21681,18848,18903
330976,18994,19069
212239,19236,19289
330985,19734,19815
330997,19734,19834
330988,19735,19812
330994,19959,20024
330983,19962,20025
330989,20061,20116
279938,20635,20690
279939,20648,20691
184261,21006,21063
95081,21451,21512
133675,21451,21527
40639,21456,21506
347945,21464,21527
239131,21465,21536
398101,21473,21534
330984,21613,21698
284506,22436,22492
194428,22449,22533
105054,22524,22571
330998,23090,23159
236012,23100,23155
330996,23102,23167
331003,23110,23173
33991,23331,23380
335030,23332,23387
330999,23426,23483
331002,23427,23516
331000,23854,23945
330987,23855,23953
330985,23861,23934
299137,24740,24809
84474,24842,24904
318125,24870,24931
110946,25586,25638
312620,26453,26502
73254,27343,27405
317350,27352,27413
406077,27553,27607
360709,27723,27774
44316,27723,27777
65309,27731,27775
331004,28501,28580
331005,28505,28586
401788,28509,28572
378054,28672,28732
18701,28672,28735
196219,28685,28743
330974,29501,29557
124603,29729,29798
245965,29749,29840
119273,29755,29841
330974,29762,29833
286136,29772,29839
266261,29774,29840
87057,29777,29836
94493,29779,29841
116772,29785,29838
361186,29791,29854
227773,29926,29988
