1734,73,164
255738,73,192
145843,74,157
197776,75,150
76476,76,162
402411,76,196
376397,77,183
255739,85,215
192028,112,162
355441,141,226
260952,158,220
71712,158,222
9975,161,222
321514,161,225
140713,162,226
218537,164,226
326983,165,269
253978,166,265
402412,166,299
235386,167,275
76672,171,248
29565,172,279
44444,183,254
259854,187,303
326984,201,331
235387,210,325
168451,220,323
202023,231,319
328518,232,342
131820,238,344
328519,251,342
18331,252,334
91825,252,339
369267,252,344
92648,256,334
4051,257,329
58519,259,324
50453,260,332
351453,261,324
15092,261,336
199692,263,325
13700,263,327
191935,270,334
202963,272,328
78948,272,332
387870,282,337
235388,476,577
175343,477,546
317246,478,553
365060,478,584
372469,479,575
372467,480,570
131819,483,583
372468,487,585
131818,490,624
145841,499,580
105607,501,607
325036,502,652
379488,525,637
131817,528,646
76475,534,657
1732,542,655
211703,543,604
145842,552,656
235389,560,657
264531,566,647
269092,573,639
19752,578,653
269091,578,656
170925,713,783
155450,736,788
69935,739,785
327054,741,788
363476,910,1016
284601,915,961
369268,915,968
206954,915,994
203876,915,1011
206953,925,1020
206321,945,1022
403984,947,1016
134557,949,1036
120880,950,1011
334620,954,1043
187727,956,1019
12317,964,1030
248660,1132,1194
125232,1138,1218
360720,1144,1204
69316,1148,1216
227470,1149,1228
134739,1152,1208
315327,1152,1222
76477,1152,1228
9229,1155,1222
45940,1155,1229
404227,1157,1226
365059,1158,1239
202022,1159,1242
363477,1162,1256
279938,1164,1239
325035,1169,1239
369128,1171,1271
58818,1174,1254
229288,1175,1238
142517,1175,1243
266209,1175,1246
379489,1176,1237
2747,1176,1239
182015,1177,1266
157064,1178,1238
279939,1189,1251
93049,1189,1255
344888,1193,1263
207037,1196,1265
232723,1200,1270
353156,1330,1382
58712,1335,1385
339633,1340,1405
60981,1341,1404
363476,1561,1650
237171,2197,2246
232157,2199,2245
275894,2421,2480
365061,2524,2586
67531,2570,2631
92643,2573,2643
352425,2590,2644
221737,2591,2653
95044,2800,2884
190551,2892,2965
190550,2892,2987
171086,2947,2998
26812,2963,3029
35854,2972,3031
243962,2974,3029
336438,2980,3026
194797,2983,3029
301746,2994,3063
363477,2997,3076
237975,3526,3591
294433,3574,3632
