119668,137,202
14371,138,188
224761,143,207
205848,148,233
174552,154,223
224768,155,218
106042,157,218
205849,157,234
205850,169,234
93009,174,236
387694,201,248
380011,258,323
380010,258,332
274256,259,328
371300,271,334
74105,276,334
356640,277,335
385546,465,511
323954,471,538
75642,495,625
277972,505,592
67534,507,589
32000,508,639
163644,508,651
67535,509,604
59712,515,639
320232,515,662
348476,517,617
238485,517,629
190142,518,621
382976,520,645
1732,523,652
274993,533,594
182227,534,631
342619,535,655
27104,549,662
238486,551,653
137885,552,656
174553,553,664
94905,556,623
255031,559,658
118736,559,663
352183,560,624
348477,561,627
10449,561,660
382748,565,671
97171,568,630
271547,569,626
161061,570,668
24590,576,647
91639,577,652
350110,578,650
382749,590,680
242594,592,657
231837,593,666
163174,595,671
250565,596,657
21206,596,681
111968,601,662
43624,610,681
142470,611,670
826,769,845
6646,770,832
261060,771,833
144044,771,843
63350,771,846
266340,773,845
113434,775,838
811,776,842
78988,777,847
80511,778,845
45643,782,844
340465,782,850
20866,784,847
16441,788,852
330452,790,852
237813,795,873
258965,796,851
389279,796,876
343291,799,872
38051,816,877
62329,819,867
13416,821,872
224723,877,1019
396983,889,982
224743,897,988
224744,897,993
224757,902,984
224722,926,1044
304594,1186,1271
100443,1206,1276
28082,1210,1274
97329,1220,1282
224765,1335,1416
224741,1335,1428
224729,1335,1433
224764,1335,1445
224723,1335,1460
224733,1341,1424
224722,1374,1484
122572,1653,1714
400012,1659,1715
64162,1660,1712
31783,1662,1712
97329,1781,1852
62206,2136,2192
13415,2136,2195
61665,2600,2650
161062,2609,2689
224760,2621,2727
224735,2641,2731
224729,2644,2735
224727,2648,2718
224728,2648,2728
224731,2650,2737
63182,2759,2822
51891,2779,2855
8785,2783,2844
347837,2786,2867
234393,2787,2849
178470,2788,2842
263665,2788,2848
320231,2788,2850
401335,2804,2869
84635,2805,2864
53466,2806,2859
332936,2920,2976
10396,2925,2994
91243,2926,2991
388177,2935,2988
378620,3057,3114
35384,3271,3329
88839,3273,3332
155613,3274,3335
339962,3275,3359
214097,3499,3567
78409,3505,3563
293683,3512,3573
224727,3710,3788
224759,3710,3798
224728,3710,3802
224754,3715,3801
224732,3813,3870
136544,4012,4068
37730,4014,4066
26314,4140,4224
252580,4173,4226
254083,4177,4244
295913,4190,4231
255515,4791,4855
90345,4792,4868
149821,4798,4888
56244,4801,4866
125061,4802,4869
264832,4802,4887
73165,4804,4870
313154,4808,4899
374353,4818,4886
6899,4826,4891
260522,4838,4908
362662,4843,4906
224733,5132,5210
224730,5132,5215
224731,5132,5220
224755,5132,5231
274514,5472,5533
90658,5698,5778
94570,5992,6112
72544,6012,6078
24280,6015,6117
75711,6017,6088
97949,6020,6105
115917,6026,6105
84327,6029,6102
396389,6029,6105
198969,6032,6117
132167,6033,6136
89249,6034,6113
263826,6035,6105
286616,6035,6108
5414,6035,6119
68284,6036,6103
242593,6036,6122
321923,6036,6133
69082,6038,6108
85375,6046,6117
279307,6048,6111
3917,6048,6113
165239,6049,6117
340413,6050,6113
213453,6050,6140
87639,6053,6121
5413,6055,6122
35319,6055,6133
166412,6060,6122
156031,6060,6129
322156,6062,6123
314422,6062,6135
47077,6063,6105
274497,6063,6143
400011,6064,6128
354975,6073,6136
34448,6075,6140
218959,6075,6148
378071,6078,6139
320230,6078,6144
43067,6093,6158
168306,6093,6184
238487,6097,6181
224750,6516,6609
224735,6516,6614
224741,6518,6601
224730,6524,6611
224743,6532,6614
224744,6532,6619
224739,6546,6641
224732,7166,7230
338950,7208,7260
401337,7452,7518
224738,7506,7596
388176,7789,7853
106425,7793,7868
224770,7820,7932
224769,7821,7913
224771,7844,7927
224752,8305,8366
82768,8392,8463
114027,8407,8487
382312,8411,8478
321866,8418,8488
224767,8419,8498
58083,8421,8488
173470,8421,8511
293488,8423,8485
233293,8424,8499
60877,8438,8504
101160,8439,8483
10899,8439,8501
145606,8439,8511
337028,8442,8510
42860,8869,8922
20088,8871,8924
173004,9074,9138
224748,9077,9172
297281,9078,9191
224762,9079,9142
174823,9082,9144
84326,9084,9147
211888,9085,9169
295968,9086,9159
301689,9087,9148
126160,9087,9153
321865,9087,9156
360401,9093,9170
170022,9097,9177
201215,9100,9174
224740,9104,9230
381655,9106,9176
168305,9110,9171
239186,9116,9170
224763,9162,9229
57610,9276,9342
345499,9457,9523
279306,9458,9529
224766,9462,9523
21207,9470,9525
11982,9472,9534
325280,9478,9535
342336,9711,9784
327696,9714,9775
245258,9715,9785
79148,9720,9785
33849,9728,9783
242344,9997,10058
192941,10167,10231
318192,10168,10230
224756,10274,10358
224737,10288,10361
400487,10486,10538
318738,10487,10539
28081,10608,10655
396982,10622,10687
14370,10630,10685
224753,10631,10697
311205,10634,10704
132499,10639,10704
378050,10666,10727
48221,10678,10741
312008,10787,10841
150187,11131,11200
224739,11418,11524
224738,12074,12178
150813,12121,12188
51892,12130,12187
105065,12139,12187
224757,12265,12342
326143,12849,12900
326144,12849,12907
301688,13085,13146
295911,13085,13158
295912,13085,13164
242345,13101,13160
97965,13121,13183
238488,13125,13203
114898,13135,13197
194980,13136,13215
275622,13141,13213
224742,13151,13213
137886,13153,13230
304593,13155,13219
230696,13180,13238
141182,13184,13240
26315,13384,13450
224761,13401,13453
238489,13818,13894
403575,13821,13897
58883,13840,13901
318737,13841,13893
1247,13843,13903
100144,13843,13906
224754,13980,14063
382750,14188,14240
257858,14213,14279
250397,14215,14271
224740,14232,14363
274594,14243,14284
205852,14289,14401
397124,14310,14389
256105,14310,14411
118631,14317,14394
107892,14320,14393
256104,14329,14416
276879,14344,14414
56829,14345,14416
286482,14345,14419
382781,14346,14411
142509,14348,14419
118633,14348,14425
194205,14351,14417
387062,14354,14458
287754,14356,14417
152509,14358,14419
157355,14362,14422
322654,14366,14419
125060,14366,14455
289014,14367,14422
194339,14373,14441
165280,14376,14439
205858,14376,14447
331050,14382,14461
385547,14387,14466
331049,14387,14479
307545,14420,14473
311204,14422,14486
224747,14545,14623
224737,14552,14627
224736,14555,14638
223096,14784,14854
400222,14795,14858
400221,14797,14849
252329,14799,14855
301687,15291,15389
20090,15313,15363
20089,15313,15365
224751,15313,15385
125239,15325,15388
208757,15329,15387
264461,15329,15414
156290,15357,15406
224760,15672,15771
224750,15681,15774
224765,15685,15757
224764,15685,15775
224759,15689,15766
224755,15693,15785
33848,16383,16432
104885,16383,16441
362663,16383,16455
40672,16388,16449
257801,16389,16453
144699,16391,16436
57698,16396,16460
63351,16493,16548
184724,16598,16653
5415,16638,16704
79089,16750,16804
166990,16750,16812
231838,16750,16819
224745,16750,16829
321864,16755,16832
224758,16762,16847
345498,16764,16839
224748,16773,16865
385548,16774,16829
290507,16774,16836
184717,16775,16839
64989,16781,16835
399676,16782,16836
31501,16784,16835
224726,17042,17157
215252,17061,17154
97948,17070,17147
317768,17072,17158
390976,17074,17138
338756,17075,17158
290387,17078,17139
243312,17087,17155
158421,17090,17152
340464,17093,17157
242437,17094,17146
150186,17094,17158
205851,17098,17142
194081,17108,17159
406726,17109,17158
258964,17203,17260
38583,17204,17263
316549,17205,17265
73335,17207,17273
381653,17209,17295
381654,17213,17291
224749,17233,17294
368549,17392,17433
61664,17552,17595
224734,17556,17612
396981,17565,17609
224746,17596,17656
286481,17613,17660
235805,17750,17805
403578,17753,17796
395251,17763,17826
224752,18057,18112
202383,18096,18156
224726,18098,18200
119922,18114,18187
184721,18116,18199
119638,18129,18191
270708,18129,18193
101234,18138,18190
339652,18138,18194
401336,18151,18199
268894,18328,18390
396600,18328,18393
184715,18335,18419
279694,18338,18398
29594,18338,18413
69023,18340,18396
77068,18344,18407
224742,18353,18406
194978,18353,18411
224749,18353,18420
95844,18365,18420
242173,18366,18418
95711,18368,18417
184716,18614,18714
224736,18703,18781
1742,19039,19101
6897,19062,19135
369204,19073,19119
28881,19075,19122
111464,19075,19132
387435,19075,19134
348478,19077,19135
224768,19090,19134
223095,19090,19140
45642,19215,19278
149820,19216,19271
319142,19218,19261
239185,19219,19278
388175,19226,19288
337027,19418,19492
106040,19435,19497
373302,19437,19494
304176,19443,19492
322491,19443,19503
363606,19448,19500
329394,20525,20584
295909,20635,20696
259964,20637,20679
65653,20637,20700
55899,20638,20680
198209,20645,20699
361970,20646,20702
203265,20647,20695
213519,20650,20704
244897,20651,20700
28080,20651,20706
373303,20652,20701
256420,20655,20708
138873,20698,20751
224719,20709,20779
205853,20712,20787
317767,20716,20787
191764,20722,20774
224720,20722,20783
275260,20722,20790
158701,20724,20784
256419,20729,20791
286142,20738,20786
224753,20886,20934
28724,20983,21055
224719,20984,21062
224720,20999,21058
292428,21008,21101
21208,21127,21178
182228,21129,21198
203504,21130,21189
385549,21132,21198
139459,21148,21197
247692,21189,21266
342620,21205,21262
287782,21208,21275
2404,21208,21278
403577,21220,21288
199495,21222,21273
55898,21240,21304
55900,21315,21385
184719,21318,21390
161063,21326,21385
220703,21328,21379
369203,21339,21385
224734,21339,21405
367445,21343,21387
224756,21613,21689
224747,21616,21689
339651,21667,21732
266177,21672,21735
338755,21672,21737
42437,21673,21726
175920,21675,21731
293505,21676,21733
343285,21678,21736
403375,22323,22389
224745,22419,22487
224762,22441,22488
18300,22649,22731
184720,22649,22738
373507,22653,22732
184723,22664,22741
82767,22676,22757
405004,22681,22743
348479,22688,22741
182229,22688,22747
289768,22689,22736
18354,22698,22761
16513,22699,22771
21209,22700,22754
347038,22703,22761
224763,22951,23009
396987,23247,23310
242885,23249,23322
90659,23502,23569
401338,23503,23567
30135,23507,23569
120534,23510,23571
254031,23512,23569
6898,23512,23578
383006,23513,23567
73336,23513,23570
55901,23514,23595
259568,23515,23569
2917,23515,23576
2918,23516,23563
403576,23516,23566
89133,23516,23598
399970,23521,23596
400220,23524,23586
106041,23527,23601
57709,23528,23589
68365,23542,23604
224724,24137,24201
158138,24138,24197
119637,24142,24224
401339,24161,24216
252330,24163,24253
362290,24165,24216
224766,24167,24223
111518,24167,24246
357187,24171,24218
224767,24178,24246
2747,24181,24225
231839,24183,24228
51893,24183,24245
51895,24187,24246
338134,24197,24241
358877,24293,24346
260916,24356,24405
106783,24413,24474
296582,24413,24478
138086,24417,24471
190144,24421,24471
40844,24422,24472
367444,24425,24480
367443,24429,24489
79088,24548,24625
87529,24553,24626
224746,24564,24643
47076,24575,24634
90661,24584,24661
385550,24587,24665
342621,24589,24676
200688,24594,24657
110668,24601,24661
223094,24604,24673
42885,24614,24668
255295,24615,24676
82766,24617,24667
378883,24619,24669
224751,24623,24686
194979,24625,24672
181396,24626,24674
401340,24639,24689
190143,24641,24697
224724,24800,24873
13118,24805,24871
87530,24826,24914
29001,24834,24917
197022,24858,24923
87638,24877,24924
372748,25080,25144
224802,25103,25167
373728,25107,25165
338595,25111,25172
210080,25115,25194
238717,25124,25193
79409,25124,25221
274498,25126,25219
51894,25129,25202
5239,25129,25207
308613,25130,25191
79408,25130,25238
225584,25131,25214
15626,25131,25225
240497,25131,25229
118632,25133,25195
358667,25135,25196
280150,25139,25200
161683,25139,25235
325279,25145,25230
281178,25149,25217
45107,25151,25236
203943,25154,25240
195461,25155,25224
4559,25172,25235
336272,25174,25228
286615,25176,25253
401343,25178,25240
4558,25182,25239
342622,25186,25239
396919,25191,25266
42886,25199,25293
132857,25200,25262
239184,25203,25264
46263,25205,25267
23666,25222,25268
334986,25225,25293
360400,25296,25364
263245,25303,25369
242137,25304,25361
64280,25306,25354
351605,25306,25367
371129,25307,25371
3916,25308,25363
825,25308,25366
90660,25955,26040
401341,25970,26040
184718,26098,26183
184722,26180,26243
224749,26210,26276
260233,26215,26279
277025,26215,26289
95844,26222,26275
402207,26234,26285
317889,27024,27101
132394,27029,27094
261454,27034,27096
74506,27035,27114
174778,27036,27088
13365,27049,27116
295910,27456,27503
268499,27469,27529
180760,27486,27537
224721,27717,27809
224769,27720,27808
384004,27722,27783
32308,27748,27806
284580,27754,27805
256583,27754,27807
367576,27755,27808
350939,28089,28169
224721,28090,28181
224770,28094,28199
72103,28098,28167
128954,28100,28151
224725,28111,28200
47075,28132,28194
4557,28244,28319
360399,28255,28352
103918,28261,28327
224758,28267,28360
131749,28268,28358
41640,28275,28352
381652,28276,28339
72028,28276,28341
224748,28276,28380
154120,28277,28367
320233,28279,28357
45221,28279,28360
24882,28281,28349
54048,28285,28376
361063,28287,28363
125238,28291,28356
1656,28292,28380
91759,28295,28356
50779,28296,28363
54049,28296,28381
13414,28297,28359
30060,28298,28361
379946,28299,28348
106039,28300,28363
184725,28300,28367
235720,28306,28359
135965,28310,28362
174343,28311,28366
41814,28411,28473
260521,28430,28488
142433,28430,28498
178831,28434,28506
390134,28435,28504
202775,28455,28525
242436,28471,28535
62843,28472,28526
175124,28473,28535
192998,28474,28528
224771,28870,28949
224725,28870,28952
401342,29102,29171
321789,29377,29423
222747,29487,29545
247578,29488,29562
388156,29492,29565
356724,29493,29588
212244,29502,29565
27050,29506,29577
235098,29507,29569
245921,29509,29579
267559,29510,29589
90653,29512,29577
230914,29630,29682
356017,29632,29682
1859,29749,29804
102078,29753,29822
130073,29760,29829
391974,29761,29841
344964,29763,29824
187826,29767,29835
234522,29770,29822
258687,29770,29834
