84876,88,168
140984,90,154
142855,91,173
230926,92,161
89424,98,173
340472,119,174
137502,121,173
21442,121,177
78708,212,267
124282,212,270
58141,213,276
87757,214,272
336812,214,277
127427,513,577
177238,607,668
161769,617,692
204663,928,988
85698,936,1012
191687,940,1014
107059,946,1005
69114,946,1010
133455,949,1020
89620,953,1020
152688,955,1025
73662,1032,1101
6642,1130,1187
219413,1315,1387
234993,1371,1446
24460,1385,1462
381789,1388,1470
362072,1395,1449
161770,1395,1492
168101,1399,1473
220853,1399,1485
6149,1401,1464
80987,1402,1469
343427,1403,1479
293550,1403,1483
247208,1405,1475
161771,1405,1500
330701,1406,1483
347123,1408,1473
128258,1412,1476
11995,1428,1521
286980,1434,1521
152687,1435,1508
355192,1437,1509
101612,1437,1519
378979,1442,1504
248844,1445,1508
186036,1445,1518
358550,1447,1509
159451,1447,1529
1271,1447,1534
159184,1448,1510
202550,1449,1527
221294,1451,1514
185541,1451,1517
338330,1452,1505
89112,1452,1526
179548,1452,1530
245598,1453,1518
391076,1455,1519
181380,1461,1526
151448,1465,1528
347132,1467,1531
242708,1473,1524
403505,1479,1534
243233,1749,1811
67852,1803,1855
168723,1902,1949
