361659,85,145
51980,86,161
1323,942,1000
23325,1029,1081
99163,1032,1092
52942,1034,1094
289138,1036,1085
199260,1037,1105
173741,1040,1092
240740,1051,1109
234098,1098,1158
72520,1223,1309
247995,1224,1304
214239,1238,1332
18717,1244,1306
50560,1247,1300
150479,1255,1339
355593,1256,1320
286343,1257,1319
89620,1258,1339
361618,1259,1324
361658,1271,1334
75019,1379,1445
164542,1383,1444
194460,1383,1447
13909,1384,1445
137486,1384,1449
99165,1418,1472
375793,1420,1472
132857,1775,1824
317141,1775,1829
373599,1775,1846
38054,1830,1932
240738,1832,1898
388561,1832,1922
99166,1834,1903
394615,1834,1925
227074,1835,1911
66059,1837,1900
14649,1839,1932
99164,1841,1917
132499,1842,1922
240739,1845,1909
181385,1846,1903
38055,1858,1938
103582,1860,1917
140529,1861,1911
289303,1864,1920
100429,1868,1927
269252,1868,1944
32620,1869,1930
94995,1872,1934
38056,1875,1942
59903,1892,1958
214327,1895,1950
179138,1902,1972
378800,1949,2010
403941,1949,2019
310359,1951,2020
310358,1951,2024
157433,1959,2027
59904,1961,2024
165074,1961,2032
129298,1964,2030
10447,1967,2026
213966,1969,2014
194721,2015,2084
240741,2029,2090
21208,2030,2091
27378,2030,2096
65013,2054,2116
309735,2138,2197
373370,2149,2196
214238,2308,2397
182111,2312,2387
390980,2522,2579
370542,2816,2931
10406,2832,2933
270118,2895,2954
182955,2897,2959
