86851,390,479
131677,394,478
398991,406,480
238103,408,476
218240,412,479
203783,414,481
37258,415,476
105021,416,478
398868,432,501
239186,435,499
100322,467,561
162420,470,561
203876,473,573
398867,488,562
382412,495,562
404474,496,571
166305,499,579
267270,499,590
58583,500,565
2780,500,570
200733,504,565
400145,504,567
50781,504,569
206124,505,571
94500,507,571
256018,507,584
215364,508,569
55857,511,583
139925,512,576
15775,514,581
220850,516,578
255717,516,590
93369,518,580
337728,521,572
38839,524,614
121449,525,578
311007,526,600
61486,527,612
3557,529,607
113690,532,596
148024,536,577
50792,536,587
150261,541,584
222784,555,632
70451,669,737
84525,672,737
183701,677,748
8144,858,926
275929,861,923
100321,863,923
252651,1179,1244
173740,1209,1250
388930,1334,1400
224976,1335,1399
221950,1335,1416
310823,1338,1403
150999,1338,1420
382199,1339,1404
281893,1339,1413
307516,1340,1405
27686,1343,1408
173741,1343,1418
86447,1344,1405
289138,1345,1406
131975,1346,1409
120638,1349,1412
320215,1355,1431
318603,1357,1415
86448,1361,1437
327000,1363,1447
312960,1365,1446
25338,1366,1442
100546,1369,1432
336954,1370,1431
239184,1372,1435
375707,1374,1451
252110,1375,1437
150996,1378,1469
233552,1379,1447
150998,1383,1455
49141,1387,1450
375708,1389,1483
404475,1391,1458
246740,1394,1458
172393,1522,1583
159977,1536,1611
160243,1539,1615
105313,1548,1615
209598,1552,1645
357032,1553,1627
4808,1563,1623
398869,1567,1638
150997,1570,1659
255716,1571,1631
287368,1575,1640
73849,1595,1662
45361,1614,1700
264401,1632,1702
247032,1636,1700
360021,1636,1717
395958,1638,1719
123100,1641,1704
66571,1641,1732
317364,1644,1708
296400,1644,1739
189809,1645,1727
6340,1646,1724
226191,1646,1735
345355,1648,1702
230721,1648,1729
31528,1649,1699
343466,1650,1712
192230,1652,1722
192702,1653,1725
158224,1657,1725
160719,1660,1727
27246,1661,1722
71547,1662,1723
113691,1662,1746
262988,1663,1737
116534,1664,1725
85544,1664,1742
319515,1666,1729
260971,1666,1737
40302,1668,1730
238945,1669,1756
87096,1670,1747
12089,1672,1750
217373,1673,1720
224975,1673,1736
151000,1679,1734
121685,1679,1756
232016,1681,1757
330324,1681,1783
80476,1692,1753
178577,2056,2131
182148,2065,2136
345429,2067,2121
331322,2072,2140
239185,2078,2142
388931,2215,2275
