278010,146,208
325732,377,449
9178,377,453
189630,378,446
348393,382,458
183783,383,449
103787,385,457
405888,388,465
305287,389,454
227065,389,459
189631,397,463
399490,411,481
170401,416,475
210698,416,481
350292,424,489
3520,588,648
379702,793,860
83961,794,864
173931,802,864
310945,802,882
293468,803,871
73169,808,868
217011,810,872
89254,812,866
83962,813,887
204346,820,881
149065,821,903
294173,822,881
359763,823,888
304102,828,884
380945,829,906
269434,833,905
209333,833,913
103690,843,901
359930,843,904
170920,845,906
258780,848,902
122373,849,903
221523,849,912
372055,855,913
97625,860,939
205229,875,940
301557,877,952
136105,897,975
136095,899,1011
232789,900,981
276268,1197,1259
132697,1197,1267
225389,1200,1263
399569,1206,1292
85247,1215,1292
328012,1219,1289
117151,1226,1282
206217,1228,1292
48201,1229,1290
278457,1323,1396
196618,1366,1448
232770,1370,1421
278005,1420,1498
203273,1573,1629
74358,1847,1913
399567,1865,1934
258435,1870,1932
235604,1874,1934
232790,1878,1962
388299,1883,1926
83706,2263,2348
298162,2478,2550
41730,2479,2540
366962,2482,2556
112612,2483,2569
100890,2484,2550
225877,2484,2553
211802,2484,2557
137927,2486,2539
245862,2487,2538
214617,2509,2555
136098,2510,2607
276272,2523,2613
232763,2530,2615
61065,2534,2604
232760,2539,2625
103480,2540,2608
232780,2542,2606
298726,2615,2682
162372,2642,2710
347552,2647,2698
172401,2662,2770
65395,2667,2724
261010,2667,2729
306623,2669,2730
33316,2671,2732
13646,2672,2766
149064,2683,2766
323191,2685,2747
207378,2685,2756
300844,2693,2765
276266,2696,2770
405532,2699,2771
278006,2700,2758
232760,2703,2797
113930,2704,2767
402426,2706,2769
406765,2728,2799
226998,2733,2807
290375,2735,2804
214654,2743,2825
35163,2753,2804
149546,2773,2843
345930,2782,2850
59726,2805,2880
174427,2806,2886
57564,2812,2865
215817,2819,2883
57488,2832,2916
216073,2833,2895
29109,2836,2905
203045,2841,2916
55239,2848,2917
35782,2852,2923
22476,2853,2927
253310,2854,2922
285923,2856,2918
321354,2856,2924
11063,2857,2914
202494,2857,2916
114279,2857,2927
26525,2857,2939
39867,2859,2907
292309,2861,2934
373100,2862,2928
14787,2867,2933
87095,2868,2931
29270,2868,2948
227143,2869,2938
111803,2869,2943
74357,2874,2940
316505,2877,2939
293467,2877,2954
304686,2880,2941
22382,2880,2943
334217,2881,2937
101559,2894,2959
239116,2897,2950
98782,2897,2965
81399,2901,2984
248554,2902,2968
44949,2905,2967
10309,2937,2997
253490,2940,3002
189629,2944,3002
141271,2951,3002
30328,2955,3002
136098,3132,3229
136112,3142,3205
232763,3142,3241
232773,3145,3224
1391,3147,3233
7526,3170,3232
137926,3183,3251
214655,3325,3389
136094,3328,3390
279725,3336,3413
99108,3444,3517
26537,3449,3504
3195,3454,3524
166905,3472,3533
99107,3476,3543
247252,3522,3590
61065,3547,3630
232771,3555,3670
222990,3561,3611
287436,3564,3625
211801,3581,3647
350682,3582,3640
478,3584,3645
244330,3585,3653
199159,3589,3673
136110,3594,3674
1404,3598,3656
276271,3599,3674
211800,3602,3666
341318,3644,3705
39746,3652,3717
341779,3655,3711
8199,3660,3718
30409,3666,3718
134388,3846,3898
43832,4122,4177
232770,4207,4277
276265,4207,4284
162340,4208,4274
162338,4209,4312
28268,4213,4284
136096,4216,4279
149269,4217,4285
28267,4218,4279
333983,4220,4281
276263,4220,4288
276264,4221,4293
136093,4222,4284
232783,4223,4288
136100,4227,4311
330582,4231,4292
112610,4269,4333
70026,4308,4383
42871,4323,4426
104654,4343,4407
106449,4348,4437
291804,4349,4401
314297,4361,4426
76122,4363,4429
232782,4363,4435
396141,4365,4431
232781,4385,4458
215682,4387,4483
16265,4401,4466
16264,4428,4484
112613,4429,4488
30417,4435,4488
30418,4435,4505
112611,4435,4519
232788,4436,4486
205228,4543,4606
232779,4734,4795
182911,4735,4806
20681,4859,4905
89253,4859,4923
213029,5198,5245
21777,5269,5329
316261,5276,5340
232765,5430,5499
97624,5465,5516
350681,5471,5531
341317,5489,5564
153612,5519,5603
142691,5527,5608
74684,5531,5589
215683,5533,5599
99106,5534,5610
99105,5535,5616
307354,5537,5596
387864,5538,5610
301558,5544,5603
142692,5548,5610
245863,5557,5598
87870,5558,5633
24647,5559,5608
22163,5560,5631
318589,5562,5623
336788,5564,5634
278009,5566,5629
297287,5567,5623
191655,5569,5630
83082,5570,5643
172432,5571,5648
106492,5578,5631
136104,5579,5648
392600,5587,5651
387919,5600,5667
388016,5602,5659
233406,5653,5740
55437,5670,5737
232777,5675,5748
139367,5686,5748
174426,5689,5750
24777,5690,5749
137925,5691,5747
83602,5691,5753
150,5691,5755
232774,5691,5759
132698,5695,5754
399779,5696,5751
399780,5700,5770
30411,5709,5780
64565,5713,5774
155871,5717,5786
29878,5718,5773
9227,5719,5775
189101,5720,5785
121852,5723,5771
245863,5724,5766
83705,5727,5788
342730,5733,5785
243547,5871,5934
276270,6274,6345
130489,6376,6435
20581,6380,6436
83702,6430,6515
232784,6445,6514
297103,6449,6510
16089,6450,6512
117695,6453,6512
131367,6455,6515
3194,6460,6515
266701,6576,6626
136111,6689,6754
393266,6689,6761
232771,6689,6810
232773,6690,6777
61065,6692,6764
113930,6692,6767
91785,6693,6770
276262,6694,6766
162685,6695,6758
382444,6697,6765
305338,6711,6806
279723,6714,6781
249761,6714,6803
48017,6714,6806
29870,6718,6781
211799,6718,6787
272713,6718,6816
136088,6719,6794
199158,6720,6802
171956,6721,6797
296000,6728,6791
349902,6728,6793
136117,6729,6810
208330,6731,6805
393263,6732,6811
157813,6733,6800
276269,6736,6813
396548,6737,6793
157574,6739,6784
226519,6933,6984
253489,7069,7140
30414,7080,7139
304214,7088,7139
301441,7361,7435
169283,7401,7453
136097,7432,7506
232765,7440,7506
30412,7539,7618
136092,7543,7622
217003,7553,7615
151288,7571,7652
367341,7579,7651
307510,7584,7653
292461,7585,7649
29110,7586,7660
214653,7587,7652
349298,7588,7655
110535,7591,7659
166712,7592,7655
349297,7597,7654
200840,7604,7653
248553,7604,7661
343182,7605,7649
48983,7605,7660
359023,7608,7660
220387,7611,7655
39152,7611,7661
319708,7613,7654
280454,7784,7849
70927,7791,7854
318051,7882,7943
75631,7972,8026
401242,8133,8200
405087,8134,8194
232318,8154,8228
259627,8155,8213
276259,8157,8219
122236,8160,8224
11892,8176,8246
182910,8177,8249
34381,8191,8242
11891,8195,8253
396142,8521,8589
151031,8536,8607
342678,8537,8605
347826,8539,8606
276261,8618,8696
258922,8665,8723
94778,8665,8737
380267,8666,8725
3210,8667,8719
137919,8682,8797
160827,8725,8797
85925,8731,8794
30416,8742,8797
235650,8744,8797
249598,8850,8896
349600,8851,8900
64557,8873,8934
330581,8874,8948
57919,8900,8948
134989,8990,9042
298157,9057,9121
232786,9072,9139
210143,9098,9160
196617,9118,9179
312860,9193,9274
141270,9218,9285
345493,9221,9281
116776,9228,9296
189899,9234,9301
162340,9492,9546
136103,9497,9569
28266,9498,9576
298160,9534,9643
323155,9549,9635
298161,9549,9646
232772,9558,9643
205227,9570,9641
206017,9574,9642
318201,9575,9637
279724,9575,9644
304482,9577,9639
190576,9578,9651
301556,9579,9643
209335,9580,9640
232774,9581,9665
83707,9583,9646
325733,9588,9642
118967,9590,9651
160824,9591,9643
243890,9591,9656
122359,9592,9640
664,9599,9669
333920,9610,9675
134238,9611,9676
180650,9615,9679
122237,9656,9717
136102,9658,9774
308920,9660,9714
261660,9707,9770
12446,9714,9767
136108,9720,9787
232766,9740,9827
30415,9747,9809
92417,9754,9809
298420,9774,9836
232768,9790,9879
107974,9804,9887
97622,9807,9905
247484,9811,9873
36726,9815,9893
256138,9816,9880
97623,9820,9913
89034,9824,9896
320369,9832,9915
281713,9834,9929
94779,9840,9905
402424,9844,9896
205225,9844,9915
20418,9847,9913
330580,9847,9967
180612,9850,9915
211798,9859,9928
67577,9936,9996
118966,9942,10001
115222,9942,10019
106457,9957,10019
313692,10099,10164
39220,10099,10171
294026,10115,10170
232769,10243,10312
375011,10246,10312
26791,10248,10304
314298,10253,10306
137918,10270,10335
47839,10286,10358
349314,10303,10371
96536,10326,10412
3839,10338,10393
348392,10394,10456
87456,10396,10462
215842,10625,10695
402364,10662,10744
310937,10664,10735
136091,10713,10778
298159,10778,10836
359929,10848,10938
298671,10868,10931
226830,10872,10930
120293,10997,11050
374118,11251,11313
117369,11252,11306
232780,11252,11317
167430,11253,11312
276267,11253,11316
402425,11254,11320
402423,11257,11319
136089,11293,11425
349313,11317,11375
3856,11334,11398
330577,11353,11415
83699,11355,11427
17804,11407,11460
322334,11492,11548
232785,11568,11631
399570,11576,11636
276193,11580,11635
4977,11703,11755
232777,11703,11766
136114,11704,11765
215680,11704,11772
168034,11707,11769
350291,11707,11772
187117,11708,11771
209334,11710,11755
215678,11787,11869
249481,11798,11840
232766,11821,11889
137917,11831,11913
188703,11846,11904
178044,12019,12075
300876,12021,12079
29113,12022,12102
136107,12030,12091
136106,12031,12086
162339,12085,12156
251442,12153,12212
232768,12158,12240
331720,12162,12234
87455,12162,12242
274593,12164,12228
211797,12166,12246
30193,12175,12245
399568,12183,12241
47071,12191,12276
331204,12194,12264
121309,12196,12270
216304,12205,12273
231374,12213,12279
35925,12214,12271
56866,12215,12277
113474,12216,12280
41384,12217,12279
286937,12217,12282
15960,12219,12281
42591,12240,12323
337450,12242,12307
96605,12249,12328
259837,12264,12341
285922,12273,12336
118965,12279,12342
149,12290,12342
8198,12381,12457
274907,12382,12448
232787,12389,12458
80481,12395,12459
366377,12404,12466
297784,12426,12505
42234,12826,12896
315917,12863,12921
232769,12865,12934
157812,12866,12940
150411,12887,12945
232772,12908,12981
269383,12911,12981
249597,12912,12992
42592,12950,13010
16366,12950,13017
256403,12955,13022
250437,12958,13023
73201,12958,13033
121850,12960,13009
27925,12961,13019
121851,12963,13032
191753,12971,13034
103786,12990,13058
296780,13008,13079
169888,13020,13089
248665,13029,13085
133197,13029,13090
155870,13032,13082
278007,13036,13111
22474,13052,13129
268761,13058,13108
136119,13058,13121
48018,13060,13139
278008,13070,13139
232776,13218,13285
232779,13250,13298
359022,13279,13338
258779,13280,13356
342550,13281,13365
34945,13289,13361
12616,13290,13351
359514,13291,13353
85246,13292,13356
62908,13292,13363
311182,13293,13383
137921,13295,13360
109829,13295,13375
103995,13296,13351
377339,13313,13384
336411,13314,13362
121759,13330,13385
48376,13331,13382
151779,13389,13442
219309,13497,13570
396656,13504,13556
358647,13505,13569
57562,13506,13577
289086,13506,13591
34008,13507,13570
141826,13507,13579
294582,13507,13594
115333,13507,13598
157658,13508,13572
57736,13509,13574
306672,13510,13571
396030,13513,13581
279182,13514,13576
78227,13514,13579
32253,13514,13601
284123,13515,13587
144609,13516,13616
13889,13518,13581
10733,13519,13578
87096,13519,13588
278176,13519,13608
136090,13519,13620
141798,13520,13584
376346,13520,13598
144610,13526,13616
39747,13527,13592
170260,13530,13593
180435,13532,13593
245647,13542,13649
214650,13548,13618
100169,13552,13635
331571,13568,13641
127626,13572,13644
342167,13639,13708
262521,13642,13712
160794,13645,13708
304481,13648,13710
132610,13648,13712
57563,13651,13717
20241,13652,13713
365023,13654,13712
259628,13654,13718
222989,13655,13711
136099,13656,13720
72591,13660,13720
137920,13661,13721
96349,13779,13849
215676,13800,13909
309377,13820,13881
232781,13827,13912
282635,13831,13913
215682,13831,13926
109914,13834,13890
243194,13837,13894
109915,13839,13890
20420,13839,13904
137924,13839,13910
215681,13839,13920
148,13839,13924
55438,13840,13913
29108,13840,13918
26839,13845,13918
66728,13848,13912
195784,13848,13932
115621,13849,13957
321543,13850,13918
205226,13850,13921
392159,13854,13939
277886,13857,13924
392158,13859,13957
388494,13864,13930
139366,13869,13930
215679,13881,13948
104266,13897,13949
335036,13900,13976
83700,13926,13987
169887,13931,13994
287830,13931,13999
29111,13932,14001
99104,13936,13991
273030,13936,14001
112609,13952,14019
298727,13956,14022
105803,13961,14016
147525,13972,14035
14168,13981,14054
28517,14003,14058
208767,14006,14075
112606,14010,14071
330579,14011,14078
392442,14012,14080
133196,14025,14080
99619,14030,14091
293858,14031,14099
12690,14032,14084
182913,14035,14088
345494,14049,14118
180434,14098,14169
326049,14099,14163
327153,14137,14211
29112,14140,14211
373972,14143,14211
139085,14147,14211
11890,14159,14211
393633,14512,14573
258778,14696,14759
136101,14718,14787
144692,14733,14799
253307,14734,14803
33621,14896,14966
301531,14897,14949
202493,14899,14960
134663,14915,14970
345580,14924,14974
322172,14998,15050
30413,15268,15325
382170,15268,15331
132696,15268,15336
211795,15448,15538
243180,15798,15856
181965,15799,15862
276258,15876,15942
232783,15882,15932
232782,15971,16031
55017,15987,16044
182908,16129,16205
276260,16250,16320
83704,16361,16415
30414,16457,16521
287939,16491,16556
253309,16494,16562
316567,16517,16586
70926,16536,16611
380224,16541,16626
285465,16545,16626
167429,16556,16625
276254,16975,17065
276253,16982,17047
157800,16982,17057
29532,17056,17103
211803,17172,17224
44587,17175,17239
200621,17176,17237
286936,17365,17434
168665,17381,17434
226370,17389,17435
22466,17494,17575
90002,17522,17584
214583,17523,17600
5361,17536,17606
214584,17539,17609
90455,17548,17627
314954,17551,17619
240155,17552,17617
126895,17597,17660
316566,17597,17664
104766,17631,17688
227065,17652,17715
276256,17654,17732
54103,17658,17720
304213,17662,17722
293466,17754,17819
355039,17832,17873
180436,17837,17896
293465,17890,17967
284124,17910,17975
143073,17949,18007
307353,17950,18016
88428,17956,18023
4714,17958,18019
278004,17959,18021
89901,17961,18022
281207,17980,18039
232761,17981,18061
42947,17982,18070
390571,17992,18061
308788,18004,18070
281489,18007,18080
28080,18015,18092
2322,18018,18097
92189,18018,18100
46679,18024,18088
137922,18028,18100
134276,18028,18109
132976,18032,18094
186708,18033,18095
249591,18035,18087
207143,18041,18116
29,18042,18104
65739,18045,18096
189700,18045,18119
396879,18060,18119
88429,18313,18372
143074,18314,18402
252399,18325,18415
83701,18347,18423
306622,18349,18408
42946,18349,18415
291803,18349,18442
147524,18350,18404
166686,18350,18418
62286,18361,18437
62357,18363,18424
112604,18363,18453
49658,18368,18418
69539,18375,18421
316258,18377,18446
214649,18383,18448
232761,18403,18497
151,18430,18506
399565,18437,18538
401185,18442,18529
399564,18450,18543
293463,18454,18516
91301,18454,18519
214652,18455,18522
293464,18456,18520
380225,18456,18539
241542,18457,18549
29899,18460,18537
401184,18461,18539
3193,18466,18539
211794,18469,18533
379311,18471,18532
55517,18472,18534
112602,18472,18536
37290,18473,18529
201053,18474,18547
304103,18476,18541
215672,18477,18542
226997,18479,18542
55018,18479,18547
22475,18480,18544
318691,18484,18575
330578,18487,18548
214651,18505,18561
311181,18508,18575
4551,18513,18571
215673,18526,18589
192906,18605,18667
232776,18743,18820
96992,18778,18877
136122,18790,18872
20419,18798,18878
136113,18804,18917
4103,18807,18874
232778,18810,18891
325115,18827,18882
136115,18827,18898
90456,18828,18878
135680,18836,18915
365801,18840,18897
335035,18841,18888
133083,18867,18928
67203,18940,19003
61065,18941,19008
83720,18949,19010
392160,19099,19157
10308,19100,19162
336914,19101,19157
360257,19381,19451
232784,19382,19453
136109,19387,19453
276257,19389,19453
196615,19391,19451
182907,19574,19642
20416,19605,19685
386601,19868,19924
365802,20081,20184
365803,20090,20184
298153,20102,20173
112605,20142,20250
397359,20193,20256
95340,20196,20257
276249,20199,20258
316547,20294,20341
232762,20312,20393
126573,20319,20389
301555,20321,20398
381384,20326,20397
352228,20327,20409
315916,20329,20399
132695,20332,20404
1403,20336,20397
393265,20337,20431
112608,20382,20437
55019,20441,20509
245703,20453,20519
235793,20457,20521
42590,20460,20512
233474,20462,20533
122436,20464,20530
22473,20466,20551
126222,20471,20550
83698,20472,20541
7205,20476,20553
102518,20476,20566
341378,20477,20537
381857,20485,20566
380078,20489,20553
117368,20489,20559
214688,20512,20553
29095,20540,20617
21279,20548,20621
202401,20562,20625
9092,20568,20634
242887,20570,20637
89252,20576,20652
245048,20578,20681
215816,20581,20671
337382,20583,20683
15549,20585,20651
202402,20588,20652
232775,20588,20690
274945,20589,20659
298155,20589,20681
136120,20597,20678
22465,20600,20678
255559,20603,20671
252398,20604,20708
274946,20605,20668
131182,20607,20678
241010,20608,20672
275845,20613,20674
21094,20613,20676
392157,20613,20689
111804,20614,20678
30407,20614,20703
169585,20615,20675
211796,20619,20685
212743,20621,20682
10954,20621,20684
277998,20622,20683
97621,20623,20682
29107,20623,20687
190530,20625,20689
114441,20627,20688
41939,20629,20688
277992,20629,20700
245047,20631,20679
190106,20639,20684
274592,20691,20762
39745,20696,20762
42235,20698,20764
207740,20701,20762
210697,20701,20765
405593,20702,20766
128161,20703,20762
305856,20703,20769
393264,20703,20774
281097,20704,20766
114611,20706,20769
87052,20711,20764
232762,20889,20969
126575,20904,20964
232767,20916,20998
140611,20936,21004
30410,20967,21011
203297,21191,21242
209070,21453,21514
29218,21453,21531
359021,21455,21521
164673,21463,21528
155869,21469,21535
281796,21495,21581
3907,21632,21686
214648,21635,21691
232789,21922,22000
100098,21986,22039
80773,21995,22039
172361,22192,22265
351552,22353,22409
149063,22358,22428
378392,22372,22441
320440,22390,22459
350892,22390,22471
41712,22391,22473
349588,22393,22471
95829,22395,22476
172431,22400,22461
38065,22400,22473
402755,22404,22471
262610,22406,22490
244806,22411,22474
200839,22418,22480
16957,22420,22472
371725,22445,22513
244648,22455,22511
277996,22461,22549
80605,22492,22553
61156,22512,22581
137923,22528,22597
215677,22536,22594
162334,22537,22608
112607,22547,22611
56206,22584,22633
134662,22741,22810
29105,22743,22812
111059,22751,22815
63129,22777,22849
96761,22790,22857
232786,22812,22886
136116,22842,22903
366911,22943,23005
205224,22958,23029
153611,22965,23020
130488,22977,23038
27434,22981,23039
30408,22983,23047
33514,23020,23090
244328,23028,23090
142052,23030,23096
210157,23043,23099
396031,23052,23113
112600,23272,23322
232767,23272,23348
298158,23272,23359
132693,23273,23317
136123,23357,23415
298152,23400,23487
253488,23400,23499
335034,23415,23485
41938,23441,23493
316565,23442,23528
249826,23445,23529
215438,23450,23492
68640,23451,23520
361682,23480,23541
35,23483,23549
8528,23492,23548
316259,23499,23563
214647,23502,23583
73262,23503,23564
219905,23505,23569
107122,23506,23574
22470,23750,23825
22468,23773,23853
287437,23780,23841
22467,23782,23853
22469,23782,23868
57487,23804,23882
210161,23807,23871
388004,23812,23867
268760,23813,23861
307352,23815,23881
277995,23818,23887
85245,23824,23887
259476,23824,23902
232790,23824,23912
292308,23825,23886
245702,23828,23910
66773,23834,23896
74565,23840,23909
16263,23840,23919
235792,24033,24095
301552,24033,24106
399566,24054,24123
298150,24080,24143
396029,24091,24141
147291,24175,24265
379310,24197,24247
243546,24204,24292
209249,24210,24262
43790,24216,24279
180168,24217,24260
39866,24222,24265
149062,24288,24352
168033,24289,24351
250460,24297,24365
119273,24297,24372
196616,24300,24360
155957,24308,24374
224116,24310,24368
4029,24311,24375
243195,24414,24464
288548,24419,24479
112603,24821,24888
112601,24824,24887
142443,24845,24932
82270,24855,24929
276250,24862,24961
330576,24865,24930
30406,24870,24937
232775,24871,24953
253487,24879,24951
261737,24881,24958
22464,24883,24959
316260,24883,24972
232778,24885,24969
25551,24888,24963
196614,24890,24985
148738,24890,25000
253486,24891,24968
301553,24891,24973
29106,24892,24971
182909,24893,24979
335032,24895,24951
232788,24898,24960
99102,24905,24969
20417,24908,24976
245046,24909,24972
335033,24912,24991
276255,24981,25061
232785,25039,25090
110398,25091,25156
215671,25092,25142
84744,25092,25153
160823,25100,25148
105722,25101,25156
215675,25196,25272
207377,25199,25261
244329,25199,25269
84743,25200,25273
162337,25201,25308
106448,25204,25266
269433,25204,25268
28265,25215,25284
108252,25223,25294
215819,25227,25310
162336,25229,25363
136540,25231,25292
166508,25233,25306
276248,25234,25302
305857,25244,25295
223908,25271,25333
304212,25294,25376
376486,25304,25362
244030,25310,25359
330575,25372,25428
162335,25376,25487
167428,25417,25492
304210,25423,25488
278003,25429,25502
287440,25440,25504
281490,25595,25648
213361,25613,25676
191752,25613,25679
210158,25615,25679
1124,25616,25690
133731,25620,25675
147052,25631,25691
110116,25634,25691
330574,25635,25696
336021,25660,25726
215670,25667,25729
28263,25924,26002
28264,25924,26024
150693,25925,25983
316256,25925,25990
27291,25925,25994
259836,25935,25990
136118,25935,26041
90454,25938,25994
22471,25995,26066
51504,26013,26074
232764,26015,26082
346110,26028,26091
24776,26055,26125
39961,26057,26116
298156,26189,26243
317207,26190,26252
406918,26212,26279
59348,26230,26295
34972,26231,26294
210142,26232,26309
162684,26239,26295
335223,26325,26392
304211,26329,26403
168032,26335,26400
318200,26336,26401
214646,26337,26403
28417,26337,26408
265158,26337,26422
301554,26340,26403
30405,26344,26401
296779,26345,26412
277997,26371,26491
149806,26373,26426
44095,26373,26441
132694,26374,26459
278002,26383,26485
277993,26383,26491
62285,26387,26464
278000,26389,26491
304685,26390,26473
62284,26393,26465
77805,26394,26456
277999,26396,26490
278001,26403,26487
277994,26405,26485
40702,26408,26489
59553,26419,26487
27191,26420,26490
124781,26427,26491
50613,26430,26488
284590,26439,26491
182912,26558,26636
182906,26603,26673
182905,26604,26667
105802,26643,26706
193319,26720,26784
216591,26730,26796
99103,26732,26801
310944,26733,26813
125691,26744,26805
341405,26752,26816
118964,26753,26825
329887,26755,26819
224582,26759,26823
361983,26763,26824
232787,26871,26929
393145,27037,27117
182904,27037,27120
72688,27038,27104
133603,27039,27123
73541,27067,27127
210098,27069,27121
250272,27069,27132
276252,27070,27167
300842,27249,27301
276251,27252,27404
59725,27269,27337
189523,27312,27371
232764,27330,27389
365800,27348,27405
327786,27389,27452
298154,27501,27568
74998,27746,27813
300843,27793,27851
134661,27793,27870
83703,27794,27868
393262,27797,27860
361879,27807,27870
247879,27813,27876
19853,27816,27878
352587,27877,27925
280596,27880,27954
243340,28004,28075
91951,28014,28079
213250,28178,28242
209719,28352,28408
196163,28354,28403
130251,28357,28429
242614,28358,28425
287439,28359,28411
316821,28359,28422
287438,28360,28410
117308,28363,28415
136121,28363,28442
225306,28364,28425
316564,28364,28445
34810,28367,28437
335222,28369,28425
113163,28371,28448
136124,28387,28459
54102,28441,28491
215674,28524,28580
2456,28536,28592
130323,28623,28687
89251,28643,28721
142443,28662,28722
16262,28748,28811
16261,28748,28814
144138,28749,28806
393829,28756,28828
196815,28763,28844
125662,28774,28840
49333,28774,28855
117367,28776,28850
36604,28783,28848
102517,28783,28852
316257,28784,28850
205223,28788,28851
87051,28790,28850
59724,28790,28857
12058,28791,28852
113164,28791,28872
230870,28792,28849
41240,28793,28858
260793,28795,28856
192820,28798,28844
113163,28803,28879
162333,28810,28870
90453,28851,28950
22472,28869,28940
22463,28875,28936
298151,28876,28944
225388,28892,28951
245045,28902,28951
245578,28906,28951
