370128,132,187
77197,133,209
77198,133,260
204604,140,261
313207,144,263
56257,146,245
92712,152,280
300866,154,271
105616,159,275
244082,176,264
291399,190,284
55229,193,280
26540,195,301
254012,198,300
304441,203,292
99004,203,302
277960,205,307
234786,208,280
26539,208,304
150441,213,289
236009,216,332
118945,218,287
239597,220,291
378590,220,305
70470,229,302
44845,232,315
23164,235,294
315353,236,299
136633,236,317
110893,240,300
166810,241,313
297646,242,308
143365,242,311
210065,253,314
314284,253,318
220501,268,335
15998,271,336
2844,286,350
104172,286,368
252950,287,332
338146,324,376
75531,326,370
187057,401,462
67179,576,625
208985,580,642
367497,776,826
398634,784,845
160858,791,863
160859,793,864
308619,797,861
204609,797,868
222210,798,865
7771,800,867
92716,801,864
158518,803,869
160860,804,866
153342,805,867
283278,809,867
8039,815,868
372519,830,888
88365,831,877
157036,861,936
67179,874,935
31679,921,1006
188813,941,1017
67194,975,1065
54227,980,1063
63102,985,1086
106007,989,1085
94299,992,1067
285504,995,1058
259009,996,1103
349984,998,1079
349986,1000,1082
26535,1002,1067
16385,1003,1073
296503,1004,1078
275386,1006,1067
208986,1007,1075
197793,1007,1092
157146,1009,1103
367943,1012,1076
197794,1015,1103
72581,1020,1088
106717,1021,1080
289165,1021,1083
186763,1021,1086
405737,1022,1089
382560,1023,1099
197570,1027,1091
8695,1027,1106
349982,1030,1105
19094,1031,1087
64054,1033,1100
349981,1036,1103
97428,1039,1101
44766,1045,1098
206950,1045,1113
111844,1053,1105
274764,1135,1201
383347,1283,1339
167412,1313,1379
279105,1318,1401
104326,1334,1398
1627,1335,1397
296186,1336,1400
214654,1336,1422
234665,1339,1411
279106,1348,1400
49338,1368,1431
214653,1393,1456
221691,1406,1447
394027,1528,1593
295282,1671,1743
390178,1721,1775
38207,1721,1783
398633,1721,1795
158214,1723,1776
48841,1726,1831
67193,1729,1807
236859,1734,1778
93506,1734,1806
30906,1735,1795
108786,1735,1798
141596,1735,1800
125814,1738,1798
64904,1741,1802
62461,1746,1805
253743,1781,1834
283279,1796,1861
214650,1811,1873
80768,1811,1900
130429,1812,1888
55620,1813,1881
321144,1813,1890
387336,1816,1881
237355,1817,1902
77538,1818,1880
260186,1819,1879
68601,1836,1901
207063,1839,1896
58401,1848,1901
340546,1849,1902
83602,1853,1902
2845,1976,2037
71804,1987,2063
381653,2007,2096
370186,2031,2110
370185,2034,2110
273590,2035,2095
50804,2039,2097
92101,2040,2132
71099,2047,2089
314868,2047,2095
373420,2047,2110
295285,2048,2100
132739,2051,2113
88168,2051,2123
251500,2065,2163
54523,2071,2129
99118,2073,2142
126930,2074,2145
77684,2076,2155
923,2077,2141
295208,2077,2147
54226,2079,2142
158218,2087,2149
143964,2094,2147
241547,2100,2161
67190,2103,2216
234670,2121,2176
357725,2127,2235
60600,2175,2235
284675,2184,2234
274762,2282,2345
193343,2282,2358
313709,2283,2351
26638,2283,2361
24648,2284,2336
313710,2286,2356
307074,2286,2378
92100,2290,2372
109743,2293,2354
139736,2294,2356
34775,2296,2365
70377,2296,2374
13646,2298,2376
126929,2303,2380
27274,2311,2382
114680,2319,2377
178237,2320,2386
140532,2323,2382
26533,2331,2401
146486,2339,2413
115092,2341,2411
239076,2344,2405
214647,2345,2418
14094,2354,2403
295286,2362,2425
280941,2406,2494
94306,2417,2483
214787,2420,2483
160415,2425,2491
383438,2427,2488
45875,2427,2491
347569,2428,2486
63343,2430,2494
67189,2435,2494
47227,2441,2493
294936,2447,2525
156690,2590,2656
174192,2602,2650
78172,2602,2653
214648,2749,2817
160834,2751,2812
114143,2758,2814
100383,2758,2823
282769,2767,2829
259177,2769,2815
105125,2805,2899
228308,2817,2878
46668,2827,2930
27018,2828,2898
363946,2832,2901
229010,2854,2925
72244,2855,2914
2137,2858,2921
105127,2858,2963
282368,2861,2912
19386,2861,2928
78953,2861,2932
295207,2892,2993
59274,2901,2994
7172,2916,2983
129933,2932,2996
89420,2946,3017
400406,2947,3011
189687,2951,3016
26542,2967,3030
160410,2998,3064
134014,3042,3116
129441,3046,3118
398632,3047,3111
295288,3057,3134
300257,3060,3121
325646,3086,3143
24656,3088,3156
220274,3090,3166
24655,3163,3236
67187,3176,3238
357631,3176,3240
8011,3177,3258
381652,3185,3233
401122,3188,3252
104409,3191,3272
300043,3192,3264
40368,3193,3257
4662,3195,3241
309236,3197,3257
104171,3200,3270
287047,3201,3283
105126,3202,3289
173620,3204,3262
74455,3204,3264
142157,3204,3278
70565,3205,3257
381655,3205,3260
280940,3205,3276
246369,3212,3262
165998,3212,3278
80618,3213,3271
183660,3213,3287
154464,3214,3276
228294,3214,3290
118754,3216,3258
122293,3216,3275
370127,3216,3285
52914,3217,3263
302280,3217,3278
234664,3217,3283
243306,3217,3287
257137,3219,3283
346473,3219,3286
44498,3220,3290
65704,3224,3285
180315,3233,3290
204605,3350,3404
175034,3351,3417
309250,3355,3412
140898,3378,3436
340620,3398,3450
232800,3634,3690
67182,3691,3798
296185,3744,3837
214510,3750,3857
321243,3752,3804
316280,3752,3812
137350,3753,3847
309235,3754,3832
251358,3755,3804
309189,3756,3824
373798,3758,3827
241981,3766,3839
357724,3776,3843
21951,3777,3853
170064,3777,3867
288948,3820,3881
205308,3907,3958
8352,3907,3969
205326,3927,3976
31005,3930,3980
40290,3943,4011
313441,3955,4019
158209,3967,4047
13430,3977,4028
169684,3987,4037
101229,3990,4042
67178,3992,4087
67183,4017,4125
210219,4018,4080
67181,4022,4105
378104,4024,4096
91907,4025,4080
395300,4026,4087
257878,4026,4127
271543,4030,4096
357727,4033,4096
359260,4041,4095
175035,4046,4095
87811,4047,4096
24659,4048,4095
6616,4049,4100
205132,4049,4110
297321,4050,4114
273793,4062,4113
28947,4062,4128
273792,4063,4119
221584,4064,4125
160408,4072,4133
280197,4086,4133
67178,4177,4254
338145,4181,4252
214646,4194,4257
27858,4205,4254
194831,4208,4275
303574,4214,4288
301360,4224,4288
270425,4267,4334
92715,4271,4333
161566,4388,4455
58756,4391,4454
78875,4408,4453
158212,4699,4781
379863,4704,4768
330503,4705,4767
8696,4706,4769
185601,4706,4772
8694,4707,4776
34589,4709,4771
273235,4710,4774
73300,4741,4787
349978,4742,4795
349980,4876,4966
24652,4891,4955
67187,4894,4960
76600,4901,4977
106008,4904,4956
213495,4906,4962
366398,4907,4975
159757,4912,4964
22644,4912,4976
366399,4920,4977
26836,4921,4969
199899,4924,4995
357961,4936,5003
67182,4985,5086
308044,4990,5071
274761,5016,5084
216458,5047,5121
264331,5051,5146
210221,5055,5126
133550,5066,5120
67181,5072,5145
257877,5080,5145
394247,5080,5149
322657,5089,5153
311077,5092,5153
42446,5093,5155
91329,5097,5172
52276,5269,5331
67183,5441,5554
112971,5445,5508
214786,5449,5525
72580,5455,5525
40289,5457,5539
83861,5461,5528
405291,5464,5528
264033,5465,5545
346931,5466,5532
336657,5466,5547
92103,5469,5535
359260,5471,5522
67191,5478,5547
307336,5478,5555
268096,5480,5531
160966,5480,5544
291398,5480,5548
339273,5480,5552
8038,5480,5574
407073,5483,5548
237391,5483,5563
42688,5489,5549
138317,5489,5551
31187,5491,5575
273793,5493,5542
55621,5494,5559
338567,5495,5556
202883,5495,5570
122033,5496,5565
165997,5496,5591
357726,5498,5568
62465,5503,5576
288949,5508,5572
87819,5508,5577
63064,5510,5579
160330,5513,5580
313205,5514,5591
94297,5516,5588
401944,5519,5588
246197,5522,5583
101681,5530,5591
111120,5535,5577
167467,5670,5731
229012,5671,5732
359261,5676,5731
26529,5688,5751
105124,5749,5822
293966,5761,5830
16545,5761,5846
160857,5769,5841
321239,5773,5836
261369,5774,5838
309825,5779,5844
254011,5782,5845
351549,5783,5846
56425,5789,5843
214655,5789,5869
60500,5792,5871
222464,5794,5883
1408,5800,5864
352185,5800,5866
142461,5800,5884
24925,5801,5887
67188,5803,5871
202125,5804,5894
187943,5805,5905
122294,5806,5871
168301,5807,5900
16427,5809,5881
380970,5809,5885
309975,5809,5890
75668,5809,5894
18563,5810,5878
172780,5813,5888
21948,5816,5905
273592,5818,5915
315092,5820,5918
69854,5821,5885
315093,5821,5938
73714,5823,5884
371991,5824,5886
2554,5827,5914
223843,5827,5931
188130,5828,5911
158210,5829,5936
21947,5830,5941
241052,5832,5920
72410,5832,5930
146855,5832,5938
22172,5834,5927
256353,5836,5899
61726,5837,5903
228293,5837,5910
175676,5838,5902
2641,5838,5923
88938,5839,5901
10323,5839,5911
68562,5844,5936
58667,5846,5906
19361,5847,5955
320481,5849,5900
324148,5849,5943
349223,5851,5916
309237,5852,5915
235138,5853,5914
49337,5853,5948
283080,5855,5916
70376,5855,5920
218728,5856,5918
196863,5857,5922
25603,5857,5942
161565,5860,5939
159263,5861,5932
241802,5864,5925
228929,5864,5955
329126,5865,5931
254840,5865,5967
111793,5868,5940
137349,5868,5947
105617,5870,5974
105215,5871,5947
396714,5872,5933
9203,5872,5961
234669,5875,5948
175867,5876,5938
160412,5877,5957
12711,5878,5966
96072,5879,5963
63342,5887,5956
371427,5898,5960
347704,5898,5964
280937,5900,5965
161336,5900,5968
214649,5900,5975
67189,5901,5963
112972,5902,5977
295281,5909,6003
263303,5910,5996
369222,5911,5959
159818,5912,5975
171010,5912,5988
404058,5916,5972
125710,5918,5988
349867,5920,5996
399510,5921,5985
296510,5922,5988
110000,5923,6020
275387,5924,5999
36257,5926,5988
236858,5927,5999
157405,5930,5998
297320,5931,5986
280944,5932,6002
288924,5939,5998
140900,5956,6009
192308,5958,6009
288946,5961,6024
288945,5963,6037
263212,6003,6058
160413,6016,6082
33058,6080,6143
80765,6081,6150
80766,6082,6153
313206,6083,6144
216459,6083,6182
67192,6085,6160
75945,6086,6153
266135,6088,6146
333171,6088,6149
26534,6089,6172
234663,6090,6144
204606,6090,6155
274758,6090,6160
295287,6090,6163
204607,6091,6179
9830,6092,6150
160416,6094,6157
300042,6097,6168
237267,6098,6141
138575,6108,6178
229011,6109,6174
26773,6111,6171
67190,6145,6254
62464,6146,6218
158211,6308,6371
104539,6421,6475
182031,6422,6482
234666,6423,6477
183828,6424,6481
280903,6430,6494
252949,6487,6540
216345,6502,6566
193342,6524,6619
333169,6559,6626
62467,6563,6659
91325,6578,6677
67186,6581,6692
398638,6585,6658
91326,6588,6694
298216,6591,6666
227842,6596,6665
298935,6603,6662
384853,6605,6673
336578,6608,6672
80762,6610,6681
26536,6634,6701
68766,6682,6744
140863,6686,6751
42566,6705,6766
197836,6758,6851
63436,6761,6864
31945,6765,6868
318310,6766,6844
83616,6766,6853
112433,6767,6875
13241,6771,6854
241053,6771,6864
330115,6772,6884
311079,6776,6872
347321,6777,6857
114495,6783,6844
47969,6783,6868
178104,6783,6890
267870,6784,6845
260315,6784,6847
78952,6784,6872
279104,6784,6897
362168,6786,6849
274291,6787,6850
197835,6787,6852
92144,6787,6869
62469,6788,6875
330116,6788,6904
326581,6789,6854
140896,6789,6898
248391,6791,6853
207426,6791,6880
51817,6794,6857
386180,6797,6886
353765,6798,6860
379862,6800,6864
333172,6802,6858
365488,6803,6865
273236,6804,6893
311080,6805,6903
180527,6809,6883
26541,6809,6927
232758,6811,6878
255509,6811,6881
180108,6814,6876
204200,6814,6899
66209,6816,6881
81896,6816,6900
347703,6818,6892
359494,6818,6907
258110,6820,6889
24649,6821,6877
385792,6821,6884
171009,6821,6900
304357,6821,6907
348791,6824,6889
289770,6824,6898
186761,6827,6897
48401,6830,6922
161564,6831,6899
105163,6836,6900
367498,6841,6919
93505,6844,6909
260316,6846,6909
79707,6847,6919
350531,6849,6911
347705,6853,6916
224148,6856,6917
103357,6858,6919
154900,6868,6919
18787,6882,6933
5096,6882,6938
267559,6884,6959
341168,6898,6978
114266,6903,6980
365489,6913,6975
236857,6923,6980
72894,6937,7000
67193,6941,7014
208992,7120,7185
167411,7141,7185
160411,7225,7274
65862,7226,7279
220376,7226,7289
322026,7244,7327
157402,7273,7349
90720,7304,7364
14592,7313,7356
382475,7404,7459
158216,7408,7457
186367,7462,7522
385426,7476,7527
158217,7575,7635
167410,7580,7675
91327,7600,7668
347420,7610,7673
58666,7615,7676
8425,7620,7670
21657,7624,7677
222463,7627,7681
158213,7870,7926
24651,8000,8066
149362,8011,8093
343100,8014,8079
30354,8025,8086
251097,8025,8088
321240,8029,8088
268223,8044,8106
38965,8046,8129
330185,8049,8142
212199,8050,8103
149229,8055,8127
398636,8055,8131
285777,8056,8115
161567,8057,8116
244600,8057,8121
149230,8061,8131
349985,8070,8141
31680,8070,8144
326344,8108,8184
376559,8111,8185
249689,8114,8187
73713,8131,8184
401121,8201,8248
274763,8218,8265
49335,8225,8267
208984,8278,8356
381654,8279,8361
289166,8282,8365
67186,8289,8408
346861,8295,8360
91324,8296,8391
216156,8299,8382
302872,8304,8366
273587,8304,8375
311081,8304,8379
85460,8305,8371
175258,8306,8376
80764,8306,8381
384852,8307,8384
372080,8309,8364
323885,8309,8400
324149,8309,8413
67188,8310,8360
369221,8310,8371
210224,8315,8379
62463,8337,8405
154263,8394,8479
26537,8412,8493
274765,8416,8497
274760,8418,8483
26538,8420,8497
268276,8425,8497
362582,8428,8489
204608,8434,8497
106330,8446,8495
74454,8535,8598
376055,8537,8597
191807,8539,8600
49334,8565,8614
362338,8568,8635
326865,8625,8681
121150,8630,8701
337010,8644,8702
96759,8645,8696
139809,8645,8727
29915,8649,8709
189243,8653,8709
207425,8654,8716
32114,8654,8722
12792,8654,8734
72995,8656,8729
162839,8663,8716
198872,8663,8721
21046,8665,8730
31946,8669,8732
374439,8671,8732
106009,8750,8815
40633,8875,8942
329602,8976,9039
59957,8976,9043
94103,8976,9050
158208,8977,9029
154901,8980,9051
325522,8982,9041
304440,8982,9043
118752,8982,9057
97847,8983,9046
49336,8994,9045
273589,9032,9093
399118,9034,9097
3243,9042,9103
333170,9054,9105
260840,9151,9206
21950,9173,9261
330186,9175,9244
94298,9175,9247
94305,9176,9250
157404,9198,9261
177389,9205,9262
29046,9369,9460
91154,9370,9436
215042,9371,9465
126826,9372,9438
302837,9375,9465
158215,9378,9459
316981,9379,9463
191972,9381,9465
280943,9383,9445
89291,9389,9465
221585,9391,9460
281669,9394,9463
169746,9396,9464
49333,9396,9470
160143,9399,9460
308479,9400,9464
273593,9403,9455
51577,9404,9465
314316,9407,9466
353433,9407,9478
62466,9410,9470
88167,9413,9458
273310,9413,9470
349866,9417,9509
408389,9422,9488
354485,9423,9487
398637,9423,9509
204199,9428,9495
304301,9430,9520
246370,9436,9503
48400,9436,9518
229050,9436,9521
67185,9437,9497
335014,9438,9520
50392,9444,9508
193341,9460,9520
407072,9460,9558
353434,9467,9558
386137,9468,9530
330004,9468,9545
204603,9472,9540
375137,9473,9536
22171,9477,9572
394026,9478,9536
274759,9478,9541
262505,9482,9534
14916,9483,9538
51785,9483,9546
190354,9483,9550
118290,9486,9556
307913,9486,9559
280939,9486,9574
158207,9487,9545
117549,9487,9566
6110,9489,9563
112920,9491,9547
248393,9491,9554
33604,9491,9564
350678,9492,9546
133786,9492,9558
16386,9492,9580
136514,9493,9565
378589,9494,9574
122289,9496,9566
307914,9500,9562
37022,9500,9588
21949,9501,9564
374936,9502,9563
234661,9502,9571
67194,9505,9575
310733,9508,9585
272058,9509,9570
35856,9510,9604
36587,9515,9579
154898,9522,9605
353436,9527,9601
380245,9532,9596
353435,9532,9607
54272,9533,9601
347320,9545,9607
154899,9562,9623
106010,9563,9639
8693,9564,9622
172001,9566,9620
251098,9566,9640
50763,9573,9655
273591,9577,9631
160414,9579,9651
67184,9580,9659
125237,9609,9700
26532,9622,9698
234662,9624,9692
234668,9625,9700
34332,9626,9712
371426,9627,9691
11192,9627,9694
72245,9627,9706
73199,9628,9698
3420,9632,9695
126444,9632,9697
186762,9632,9703
349864,9633,9700
234667,9634,9698
157403,9636,9716
295284,9640,9753
127065,9643,9737
311076,9646,9712
205681,9651,9737
38590,9653,9727
160409,9653,9735
248392,9654,9721
290144,9654,9750
23162,9655,9760
330021,9656,9711
186228,9656,9718
226334,9656,9743
55272,9657,9733
329601,9658,9712
280934,9658,9722
132471,9658,9724
320868,9660,9723
26525,9660,9737
135705,9661,9734
180446,9662,9723
277437,9662,9727
210836,9664,9736
61469,9665,9720
55195,9665,9733
248394,9669,9735
205131,9671,9736
138697,9674,9737
65861,9675,9721
288923,9675,9734
210000,9677,9741
348790,9680,9760
210223,9681,9737
305572,9682,9756
160407,9683,9749
28542,9683,9766
311078,9686,9748
174765,9686,9755
357723,9690,9766
243346,9691,9763
85427,9691,9768
307337,9691,9781
257842,9692,9760
809,9693,9753
335471,9693,9764
185600,9697,9765
338566,9697,9774
130336,9699,9758
24654,9700,9764
377566,9702,9753
124790,9705,9758
77195,9707,9783
382903,9708,9788
174193,9709,9803
67191,9714,9779
36344,9727,9788
346924,9728,9803
349983,9730,9788
346923,9730,9800
308849,9736,9793
174191,9737,9801
321242,9740,9804
374499,9744,9830
192734,9755,9838
327397,9771,9851
143497,9774,9844
280938,9783,9856
280935,9787,9848
395299,9788,9840
28345,9789,9867
305571,9790,9845
154543,9790,9853
125538,9791,9851
92713,9791,9857
34223,9794,9854
308046,9797,9858
330022,9801,9872
214651,9827,9894
150191,9879,9964
188742,9884,9945
208983,9891,9971
204602,9894,9978
39077,9910,9966
17113,10023,10094
296484,10028,10081
375261,10028,10093
122287,10029,10094
9250,10078,10162
26527,10082,10177
202241,10087,10149
46302,10097,10151
295289,10117,10166
310732,10121,10172
367529,10122,10173
229789,10133,10178
67180,10224,10305
125309,10291,10356
152788,10291,10390
35035,10294,10381
20301,10334,10396
307565,10334,10400
205939,10334,10408
22170,10335,10392
122694,10336,10398
254027,10338,10394
6820,10339,10393
324147,10340,10391
324146,10340,10395
192733,10341,10394
242381,10346,10407
210222,10408,10484
349979,10412,10496
146924,10424,10490
67177,10426,10493
168719,10432,10494
308045,10439,10491
168720,10439,10493
208584,10442,10513
142135,10448,10514
381068,10449,10496
279613,10449,10513
251499,10471,10549
8692,10472,10556
167058,10482,10551
192613,10490,10599
378188,10491,10556
150790,10496,10558
289167,10497,10610
45039,10498,10577
96142,10501,10565
259045,10502,10572
273588,10503,10548
80763,10504,10616
333133,10505,10570
104252,10508,10570
92714,10508,10595
288947,10509,10598
24653,10511,10585
308042,10512,10578
77196,10513,10577
24658,10514,10609
73712,10516,10577
172561,10518,10608
110423,10519,10582
246196,10520,10611
256510,10522,10586
310127,10523,10584
280942,10527,10618
62462,10527,10621
26530,10529,10643
357722,10532,10610
122492,10533,10601
67192,10536,10619
105615,10543,10607
80767,10543,10654
300041,10547,10604
26531,10547,10630
24650,10549,10634
295283,10550,10612
311225,10552,10598
178103,10552,10616
280936,10553,10617
140899,10556,10616
157406,10558,10627
67178,10573,10651
288950,10577,10660
260314,10598,10655
322409,10599,10656
67177,10600,10660
210220,10600,10669
292511,10602,10680
321238,10605,10656
239421,10606,10668
321241,10608,10684
100525,10620,10684
49339,10627,10682
67180,10717,10783
365487,10847,10917
151947,10860,10924
86390,10865,10930
230200,10868,10929
91328,10870,10937
292510,10871,10935
135474,10872,10928
333963,10873,10931
154897,10879,10933
161505,10881,10950
29782,10881,10956
379003,10891,10956
19996,10896,10957
99079,10903,10955
39617,10904,10950
151938,11075,11148
134396,11080,11147
62468,11082,11148
269115,11085,11142
408390,11086,11141
214652,11086,11152
211569,11090,11144
11108,11091,11147
286268,11096,11144
122288,11097,11186
304392,11099,11201
93504,11108,11200
67185,11110,11180
67184,11119,11213
122290,11185,11278
92102,11186,11247
308043,11188,11263
260013,11190,11270
26528,11191,11253
91153,11191,11263
398635,11192,11260
90358,11192,11269
122291,11193,11287
26526,11194,11250
140897,11196,11275
122292,11196,11280
307912,11199,11260
15581,11202,11268
49295,11203,11286
326519,11204,11292
360730,11208,11272
235511,11208,11282
109430,11211,11273
105618,11211,11290
313717,11217,11278
403606,11217,11328
93503,11220,11323
30495,11226,11287
341700,11226,11295
322034,11232,11320
11150,11234,11298
198725,11238,11308
33535,11238,11318
175256,11239,11325
214511,11240,11328
87812,11243,11306
192309,11246,11321
17828,11246,11332
175257,11246,11371
345866,11248,11346
23845,11250,11325
382476,11252,11359
24657,11254,11352
375262,11255,11367
161563,11263,11315
395064,11264,11348
23831,11267,11352
280604,11270,11329
349865,11271,11349
382474,11271,11357
75530,11274,11323
23163,11274,11330
171398,11275,11366
31004,11276,11322
256352,11294,11355
220375,11296,11358
