192220,141,194
370633,141,209
78803,141,249
67009,141,273
78805,143,251
391768,144,220
271442,144,248
26919,145,232
314807,145,242
140344,145,263
228328,145,329
117725,146,202
116788,147,208
220912,147,222
73115,147,227
14218,147,236
324832,147,345
213909,148,245
188257,149,319
19580,150,211
56352,150,236
228332,150,277
318762,150,305
245579,151,212
6623,151,227
35916,151,281
275019,152,238
184247,153,330
285979,158,272
259736,161,271
391305,161,312
342854,165,286
370709,172,274
349535,180,273
145964,186,251
78804,193,273
51212,213,278
128198,214,272
155607,217,273
485,217,280
370708,220,331
332042,223,306
285976,225,386
407174,235,295
11681,247,351
160410,257,319
347795,257,328
347796,258,379
111833,277,431
135368,286,348
174821,288,405
69167,290,348
79778,293,349
158562,293,355
54945,306,373
223725,314,372
180406,316,366
404041,319,384
287682,321,377
170825,322,368
329148,324,378
228329,325,424
196876,332,433
111835,333,446
146957,338,456
322490,349,432
196877,446,530
285977,453,562
285978,459,612
111834,465,596
318761,483,586
11682,525,613
1315,533,613
13969,536,600
233983,541,614
66422,542,604
136725,543,611
133314,545,609
394960,547,608
32931,548,614
284610,549,608
217405,550,614
160408,562,614
248230,652,746
88725,662,738
388901,663,754
66551,678,740
339231,678,766
14076,685,787
347799,714,769
21912,714,782
339245,729,785
199214,730,836
136728,732,800
11683,733,810
330300,734,786
203192,739,816
354628,813,880
300723,821,880
59789,917,991
201591,917,995
318760,924,1011
349472,947,1010
152452,1105,1195
385714,1112,1196
206838,1116,1178
229280,1119,1200
40654,1121,1195
84113,1123,1200
53181,1125,1187
369318,1125,1190
4006,1126,1197
21919,1130,1195
31528,1131,1197
159355,1132,1203
398943,1140,1206
50820,1141,1194
279501,1141,1200
249647,1141,1202
225704,1141,1209
332122,1141,1231
188310,1142,1211
17139,1143,1201
191248,1145,1200
154653,1149,1210
397726,1151,1215
56599,1151,1226
203864,1153,1220
152453,1156,1222
48601,1156,1230
95980,1168,1231
280842,1171,1233
347797,1200,1267
334937,1204,1265
279729,1212,1288
92217,1257,1313
122795,1259,1316
108214,1260,1313
180407,1260,1318
164582,1269,1343
112017,1279,1336
45921,1321,1382
48581,1358,1430
347299,1372,1441
396906,1394,1456
241814,1600,1654
241815,1600,1657
193150,1600,1679
236795,1655,1728
354629,1658,1729
3,1672,1729
107854,1766,1855
39932,1768,1858
267992,1769,1852
78801,1773,1846
115323,1774,1864
350767,1774,1874
178439,1777,1844
258325,1778,1842
203489,1781,1846
201590,1781,1888
188309,1784,1858
337744,1785,1851
150624,1785,1875
245300,1787,1865
312555,1794,1858
314805,1795,1882
259192,1803,1876
188256,1804,1880
150625,1804,1883
322784,1805,1866
97054,1806,1873
201587,1856,1925
88734,1859,1950
215958,1863,1922
228692,1867,1927
2253,1934,1992
259179,2024,2137
376546,2076,2139
198693,2104,2168
380385,2106,2175
258750,2111,2191
244144,2114,2189
88724,2117,2194
14073,2122,2176
259179,2199,2319
150181,2217,2279
238559,2231,2296
179728,2236,2301
19576,2242,2305
385294,2245,2310
88726,2251,2333
353366,2253,2320
394936,2261,2333
254496,2266,2331
120516,2272,2334
173908,2277,2336
188259,2278,2344
96433,2285,2344
315699,2297,2344
348217,2379,2437
307491,2379,2456
228803,2382,2438
43469,2390,2450
385715,2498,2594
385712,2510,2606
228330,2517,2593
160849,2545,2608
25,2545,2610
112413,2545,2615
248231,2559,2615
82569,2564,2618
370631,2565,2628
404657,2775,2839
88735,2884,2951
164303,2924,2979
246779,2934,2994
259182,3013,3088
259189,3147,3278
259190,3190,3350
15934,3230,3282
226893,3252,3326
117905,3258,3329
226892,3263,3327
29155,3265,3320
21927,3285,3345
8563,3286,3353
98072,3295,3358
203782,3296,3361
197296,3368,3456
158333,3425,3496
112581,3441,3496
160407,3447,3498
170421,3466,3518
301902,3500,3561
223728,3528,3601
354021,3529,3593
339236,3530,3596
26016,3565,3619
65965,3586,3637
259188,3667,3731
88732,3668,3742
136738,3669,3738
21914,3816,3894
259187,3825,3899
330593,3861,3916
302079,3871,3923
83301,4064,4111
368420,4065,4133
259456,4066,4111
388902,4115,4195
188261,4119,4189
368792,4165,4225
191661,4185,4247
88728,4256,4352
398430,4265,4323
339243,4268,4397
259182,4271,4359
316962,4274,4389
83129,4279,4363
83127,4280,4379
83130,4281,4353
339246,4281,4411
38690,4296,4378
248235,4296,4417
119472,4303,4408
136736,4306,4413
148121,4318,4421
330302,4324,4396
193152,4329,4391
356200,4332,4394
287681,4335,4430
287680,4340,4432
49695,4345,4412
301315,4349,4418
192644,4399,4460
21911,4408,4491
46963,4420,4484
136726,4423,4484
29159,4425,4482
238443,4425,4488
29164,4426,4491
325693,4428,4471
339251,4428,4489
278226,4430,4492
36878,4438,4510
118067,4439,4516
188255,4493,4596
133382,4603,4697
46127,4604,4690
342855,4619,4699
228331,4623,4699
262622,4627,4691
62964,4629,4703
170212,4630,4688
159913,4632,4699
406402,4635,4698
164079,4645,4703
167652,4653,4715
370628,4748,4814
328261,4762,4810
9288,4869,4932
5037,5021,5101
73930,5022,5099
3216,5024,5094
237991,5027,5090
155416,5027,5110
259191,5164,5255
193156,5167,5252
193157,5170,5270
248233,5170,5306
310456,5172,5258
36516,5174,5245
141642,5178,5258
14072,5180,5261
201589,5184,5253
375126,5187,5250
339235,5192,5288
385717,5193,5266
339244,5195,5260
294658,5195,5263
188258,5197,5294
7906,5200,5262
370621,5201,5272
83491,5201,5283
403923,5202,5263
296543,5202,5270
63418,5207,5268
83490,5209,5271
311447,5212,5274
46962,5212,5287
322628,5213,5275
99111,5215,5282
10018,5217,5281
10017,5217,5295
259184,5218,5297
4053,5219,5290
70641,5222,5288
151219,5225,5294
160411,5240,5308
162720,5272,5324
370629,5299,5381
21909,5345,5420
73989,5354,5417
85058,5361,5420
370410,5393,5458
88730,5440,5540
67517,5452,5524
196801,5461,5524
33166,5465,5535
29160,5466,5537
347798,5470,5525
171986,5475,5535
220004,5491,5570
91430,5754,5815
339234,5863,5911
54630,5868,5911
385713,5954,6024
270162,6055,6126
316963,6063,6127
24551,6069,6143
21918,6075,6145
247403,6079,6128
47985,6192,6304
47984,6226,6304
323654,6232,6318
135951,6235,6326
369561,6236,6305
144543,6245,6303
221668,6254,6325
339230,6255,6328
354020,6259,6326
149448,6269,6326
259169,6291,6355
230195,6291,6357
66014,6340,6406
48590,6340,6409
301763,6346,6404
20301,6383,6442
276513,6384,6444
193153,6389,6445
124689,6454,6518
209957,6458,6512
159028,6460,6526
259186,6608,6677
294660,6620,6677
370632,6625,6678
180405,6709,6765
292737,6709,6770
355215,6709,6777
223726,6709,6786
196800,6711,6789
95318,6713,6787
136124,6714,6801
119020,6715,6781
324833,6718,6804
21926,6731,6794
228804,6750,6836
102479,6752,6817
160412,6752,6825
69136,6764,6830
88723,6765,6827
388907,6765,6835
61565,6766,6828
86416,6880,6932
287261,6882,6931
322421,6893,6990
328585,6894,6958
203194,6894,6964
89309,6894,6967
11678,6894,6972
11679,6896,6976
243451,6896,6985
366470,6899,6963
160409,6899,6989
175395,6900,6992
8088,6901,6966
67381,6911,6987
370625,6915,7006
379041,6918,6999
160415,6920,6989
142157,6922,6993
381879,6923,6986
228805,6924,6997
215957,6925,6990
311448,6926,6988
21913,6928,6991
181971,6933,6992
350651,6934,6988
407622,6934,6993
11666,6937,6993
394270,6940,7015
29161,6955,7017
385716,6959,7037
321348,6962,7015
17014,7008,7074
375330,7018,7077
117904,7018,7085
17015,7020,7099
394268,7020,7137
93609,7024,7088
242269,7025,7082
78799,7025,7120
206837,7027,7078
248232,7027,7141
78800,7027,7148
406076,7028,7128
14074,7030,7102
43434,7032,7085
405003,7032,7127
146956,7032,7140
38686,7032,7144
248229,7032,7160
75458,7033,7114
118587,7036,7121
362152,7036,7136
201588,7036,7151
32930,7042,7107
397383,7043,7115
203488,7043,7132
61564,7044,7137
10358,7045,7141
201586,7045,7161
259185,7047,7121
136735,7047,7155
79263,7048,7135
43284,7052,7128
302951,7053,7120
339250,7055,7148
325563,7058,7136
101484,7058,7146
314869,7061,7129
226887,7063,7152
296765,7068,7155
128923,7068,7161
220575,7068,7165
21907,7074,7159
83487,7077,7138
206751,7079,7146
321591,7079,7158
88729,7080,7136
54913,7081,7160
358649,7083,7166
28949,7084,7125
302952,7086,7148
136737,7086,7163
321594,7221,7282
146361,7284,7328
254173,7503,7546
67516,7503,7562
148616,7506,7565
361588,7509,7575
370622,7751,7811
253645,7761,7852
110998,7769,7854
394267,7776,7852
308832,7778,7844
203193,7779,7854
258201,7780,7841
100691,7784,7846
229087,7788,7854
152448,7789,7849
174516,7791,7855
223727,7794,7854
809,7801,7856
130301,7912,7982
279500,7916,8000
230633,7917,7986
287679,7921,7982
74739,7924,7984
74738,7927,7996
315110,7932,7997
368421,7985,8049
344667,8046,8120
347682,8047,8118
259457,8077,8139
321803,8081,8145
104356,8085,8146
18191,8088,8154
247927,8099,8157
381195,8099,8169
276729,8102,8163
248346,8172,8254
393644,8179,8246
21921,8184,8257
88727,8186,8256
265273,8215,8299
136734,8217,8304
370630,8218,8307
99710,8219,8317
330301,8224,8296
273846,8226,8308
248236,8227,8299
146955,8229,8316
125017,8230,8300
193495,8230,8313
259183,8231,8322
264109,8232,8294
60668,8232,8316
164434,8233,8313
13111,8235,8312
13112,8236,8322
334222,8238,8318
155366,8240,8313
21925,8244,8304
135846,8244,8318
188254,8245,8327
257107,8246,8313
155415,8246,8331
372554,8248,8296
13110,8248,8309
49694,8250,8302
326300,8253,8314
4053,8258,8330
375125,8261,8316
351313,8262,8326
34503,8262,8345
351312,8264,8311
177087,8266,8342
238367,8270,8345
88733,8276,8353
152451,8277,8345
152449,8278,8340
21917,8278,8351
182678,8280,8341
4005,8293,8346
21920,8467,8527
21916,8480,8542
136729,8480,8548
339232,8485,8549
150623,8491,8548
393191,8583,8645
388899,8654,8728
88731,8663,8747
241813,8683,8758
259187,9113,9181
21905,9114,9192
62322,9153,9219
64665,9333,9403
262623,9333,9419
370626,9340,9427
83489,9344,9432
21910,9345,9426
109659,9349,9426
168570,9350,9413
196874,9350,9416
330306,9351,9460
388900,9355,9457
388906,9357,9446
69600,9359,9426
196875,9363,9433
188260,9363,9444
370623,9364,9427
339228,9365,9428
53682,9365,9443
148738,9367,9470
136733,9368,9447
229976,9369,9427
330305,9370,9465
322629,9371,9427
302078,9372,9424
21924,9373,9422
150622,9374,9451
339248,9377,9446
216402,9379,9426
388898,9379,9450
259184,9380,9441
48764,9380,9444
248234,9399,9466
370619,9406,9476
21908,9418,9491
44015,9432,9505
339227,9434,9496
29162,9437,9504
29163,9439,9501
69135,9442,9502
321595,9445,9505
388897,9446,9524
226891,9461,9519
106352,9473,9547
321683,9510,9563
152450,9518,9584
310457,9525,9586
179727,9525,9589
382939,9525,9602
302077,9581,9641
394551,9625,9725
325562,9635,9706
284878,9635,9710
201584,9637,9717
136732,9637,9738
7907,9643,9748
321592,9644,9731
339229,9645,9729
321596,9646,9742
331737,9647,9724
193155,9649,9728
9784,9652,9749
274994,9653,9727
394269,9657,9761
93445,9658,9738
314806,9660,9766
18190,9662,9725
294655,9663,9735
392311,9664,9726
358566,9664,9746
198071,9664,9772
101485,9667,9727
339249,9671,9768
203191,9674,9770
14068,9675,9764
178078,9678,9739
21443,9678,9748
178711,9679,9743
78802,9681,9743
217761,9682,9744
226852,9682,9754
21904,9682,9761
59313,9682,9764
52037,9684,9758
43727,9686,9753
153539,9686,9756
354450,9687,9764
104645,9688,9742
329970,9688,9750
132421,9688,9754
158879,9689,9756
61101,9690,9770
104646,9691,9750
14070,9692,9764
53452,9693,9766
176704,9693,9771
21793,9700,9762
49332,9702,9769
348217,9705,9776
381194,9706,9767
397725,9708,9770
371736,9711,9773
48131,9712,9790
191660,9716,9773
110999,9723,9775
94091,9724,9780
160413,9724,9787
126201,9727,9781
136850,9731,9779
42369,9806,9869
388903,9850,9913
259188,9850,9915
354626,9861,9929
152454,9880,9962
125017,9886,9965
38686,9894,9975
14069,9896,9979
201585,9896,10004
111832,9898,9958
21923,9899,9957
349913,9902,9956
265272,9902,9964
339247,9902,9979
14075,9904,9958
5054,9904,9967
259183,9904,9982
220099,9908,9975
70678,9909,9967
294657,9915,9979
106597,9916,9960
339240,9930,9993
259189,9942,10082
342508,9980,10030
259190,9993,10156
294659,10016,10068
344053,10037,10092
73440,10092,10157
397724,10290,10351
220003,10397,10447
193154,10489,10588
9784,10490,10585
337742,10493,10554
211954,10493,10592
83488,10497,10583
21910,10499,10581
21915,10503,10574
83486,10504,10584
388905,10505,10602
330304,10508,10627
136730,10510,10610
136731,10514,10609
302953,10520,10606
259192,10523,10601
150621,10523,10607
226888,10528,10602
201583,10530,10593
122135,10531,10599
340137,10534,10602
248228,10537,10598
199215,10551,10617
330303,10552,10628
339239,10562,10629
73931,10565,10622
228326,10566,10628
398193,10567,10621
199213,10568,10629
21794,10568,10636
11680,10571,10632
152447,10708,10773
59241,10710,10766
218419,10710,10796
11677,10714,10772
117903,10726,10781
193151,10792,10847
364814,10890,10938
254760,10891,10934
51622,10893,10949
64463,10895,10949
251782,11013,11076
306762,11039,11116
339233,11048,11141
383970,11082,11159
154652,11215,11302
258682,11218,11283
259181,11347,11429
225767,11359,11429
123712,11361,11426
225767,11485,11569
259180,11488,11570
8724,11498,11572
42482,11498,11589
305703,11502,11619
259186,11504,11583
211544,11504,11592
41529,11505,11573
41528,11505,11579
100385,11509,11572
370627,11511,11629
339242,11517,11610
293316,11519,11604
83484,11521,11620
341908,11526,11588
351729,11526,11619
241811,11529,11591
367082,11530,11627
296461,11531,11592
294654,11532,11632
259185,11533,11608
147953,11534,11622
402113,11538,11620
33058,11539,11629
294656,11540,11601
385910,11541,11616
122431,11542,11614
345280,11542,11633
176706,11544,11606
102128,11544,11631
303937,11545,11629
188253,11546,11632
75813,11548,11624
232498,11556,11649
370620,11556,11658
367230,11559,11620
238558,11559,11623
339237,11562,11664
56007,11563,11637
43727,11563,11643
21906,11563,11653
95727,11566,11626
9465,11570,11628
80004,11570,11653
95728,11571,11643
59752,11575,11640
14070,11575,11647
353268,11581,11642
355214,11585,11647
90025,11588,11649
359095,11589,11652
117901,11690,11777
14071,11691,11756
122140,11693,11755
233982,11699,11764
407984,11703,11781
306763,11704,11760
385718,11705,11753
44107,11705,11773
400510,11720,11784
241812,11721,11774
64553,11723,11782
130817,11727,11779
186184,11732,11795
358567,11906,11961
108764,11906,11963
40633,11908,11963
18668,12084,12144
136727,12157,12234
319881,12364,12430
348869,12365,12428
158337,12368,12449
406075,12369,12459
358097,12370,12431
158336,12386,12442
165098,12443,12507
272237,12445,12507
88801,12446,12552
278156,12449,12510
381196,12451,12514
282439,12454,12561
15515,12465,12521
347794,12465,12572
370624,12466,12529
47169,12466,12548
265271,12467,12531
5341,12467,12551
203608,12467,12580
339241,12467,12596
386038,12468,12584
378464,12470,12586
210129,12471,12534
228327,12471,12546
23243,12472,12548
291830,12473,12595
199618,12478,12534
278023,12480,12548
215956,12486,12548
248227,12489,12551
126893,12489,12580
41137,12490,12552
44139,12491,12551
128832,12491,12575
3948,12496,12551
259181,12496,12594
93911,12503,12570
26015,12503,12579
147711,12508,12575
278155,12510,12584
259180,12510,12596
229004,12511,12572
188308,12512,12589
211344,12512,12594
84110,12513,12592
225736,12514,12590
379316,12515,12588
20373,12518,12596
379317,12520,12591
403462,12523,12602
383510,12543,12598
83128,12544,12589
334936,12579,12643
232497,12614,12677
358565,12826,12894
285575,12828,12890
34364,12853,12908
21922,12868,12931
388904,12872,12930
330307,12877,12941
290726,12877,12944
36258,12977,13042
347793,12987,13082
354627,12990,13098
111828,12995,13098
57631,12997,13059
278882,13008,13097
111829,13009,13105
111831,13014,13088
339150,13107,13165
405002,13135,13204
313715,13142,13202
88800,13143,13219
104644,13146,13212
225766,13151,13227
212633,13152,13203
69166,13152,13221
107953,13153,13215
232580,13155,13205
76433,13155,13221
102078,13155,13227
209999,13156,13213
361640,13158,13220
182838,13158,13242
302894,13159,13221
232495,13160,13220
220340,13160,13223
400856,13163,13224
318090,13171,13224
321597,13172,13240
246304,13174,13241
132071,13175,13235
51743,13175,13244
378587,13175,13259
201582,13184,13254
159851,13190,13263
226890,13238,13318
226889,13244,13318
358877,13258,13321
238314,13270,13319
321593,13270,13353
324688,13272,13341
111830,13272,13359
9784,13272,13367
259191,13273,13353
176705,13281,13364
53440,13282,13360
330309,13286,13377
246066,13290,13357
117902,13292,13352
150103,13292,13381
27075,13293,13356
339238,13294,13385
232496,13296,13371
339226,13300,13359
146953,13304,13383
146954,13311,13405
132736,13315,13359
84408,13315,13362
83485,13317,13381
134001,13323,13375
55713,13326,13379
347792,13384,13474
153746,13499,13560
226877,13528,13586
160414,13534,13599
16096,13574,13680
75814,13605,13674
405553,13609,13670
196873,13610,13663
330308,13610,13677
160416,13626,13678
111827,13660,13720
363887,13669,13768
19080,13681,13740
352197,13687,13748
337743,13691,13748
97055,13709,13761
79654,13710,13783
78273,13711,13781
98481,13729,13790
344996,13729,13794
254174,13729,13798
30129,13731,13790
224972,13731,13794
291750,13732,13792
342509,13732,13797
218331,13739,13789
