154746,113,184
126329,114,179
57187,114,195
128278,115,171
51023,115,182
281092,117,199
164090,120,181
78328,127,182
156215,140,205
296955,143,199
100685,143,210
246579,145,199
107479,145,209
132696,145,212
59005,181,244
16095,205,258
37747,206,267
260448,236,320
260447,240,319
246750,253,367
174578,261,323
128943,270,331
340167,271,332
80816,276,354
15107,279,345
130561,282,348
27519,282,375
174579,285,347
119475,286,353
32533,291,358
32534,291,371
291915,292,363
378798,299,361
315243,303,368
112359,304,370
280686,306,363
325526,308,377
134024,312,373
215975,317,370
242427,321,377
222378,328,416
335305,356,420
109131,363,420
92518,609,681
92517,718,782
271386,838,957
301812,840,898
171225,912,977
400992,992,1067
16089,1005,1071
196615,1009,1074
118688,1010,1069
180418,1155,1235
379923,1165,1234
122007,1172,1232
24703,1172,1249
234295,1173,1235
203736,1176,1230
278005,1324,1398
25909,1412,1491
40017,1566,1635
276003,1669,1745
128942,1685,1744
138762,1712,1767
119476,1713,1778
263512,1720,1768
1666,1721,1776
16088,1721,1779
306104,1721,1784
4128,1861,1925
388920,1862,1915
153339,1863,1914
137849,1864,1915
75832,1919,1966
112153,1920,1965
134778,2040,2101
21911,2040,2105
234373,2041,2104
315237,2041,2106
44341,2063,2142
8097,2133,2205
260200,2152,2220
380565,2284,2354
379924,2361,2435
57425,2369,2435
247535,2533,2602
150693,2570,2646
116572,2746,2821
212605,2858,2914
380571,2858,2956
186943,2870,2931
380572,2880,2966
358725,3025,3093
317366,3123,3196
390445,3137,3209
77704,3155,3202
134776,3217,3280
142450,3222,3285
356128,3223,3277
275992,3223,3307
209981,3226,3300
398890,3228,3283
380551,3228,3317
378797,3230,3293
134781,3236,3307
397959,3380,3444
375985,3382,3446
223005,3387,3445
134025,3387,3478
392339,3390,3463
63627,3396,3458
58213,3399,3459
200153,3399,3466
360705,3399,3502
20565,3402,3464
95817,3404,3458
9216,3406,3482
273018,3407,3461
257530,3409,3466
20564,3411,3473
183864,3417,3481
51290,3418,3484
296645,3423,3486
25321,3425,3487
8806,3437,3502
367843,3438,3492
275995,3439,3490
398458,3455,3518
119473,3499,3561
303058,3504,3571
329061,3701,3757
283331,3744,3805
204007,3745,3815
219375,3748,3818
16090,3757,3837
112156,3763,3838
202208,3768,3833
112157,3772,3835
135507,3778,3827
75831,3779,3876
33496,3781,3869
247579,3782,3848
380616,3787,3851
88367,3789,3876
195923,3793,3886
135506,3797,3891
361706,3804,3885
134779,3806,3878
85327,3808,3870
10303,3808,3872
16091,3811,3873
375162,3817,3872
119474,3817,3885
134782,3818,3878
156217,3820,3912
238986,3822,3871
49956,3823,3872
380217,3823,3887
277992,3823,3892
342430,3825,3888
77110,3828,3898
223792,3834,3910
156216,3835,3904
2915,3891,3972
123771,3894,3956
296724,3912,4012
70811,3916,3972
379926,3916,4006
25907,3917,3969
27520,3923,3987
369374,3930,4009
28993,3930,4013
379927,3930,4021
57296,3932,4011
63628,3935,3998
25354,3937,4019
58664,3940,4002
115658,3949,4002
134821,3949,4010
1499,3949,4020
92235,3950,4024
228378,3953,4027
20478,3954,4019
216545,3959,4026
318826,3960,4029
380575,3978,4043
82280,3981,4085
13657,3982,4046
176499,3988,4055
306105,3988,4060
67581,3992,4053
142448,3993,4059
252311,4004,4069
355612,4008,4084
168385,4012,4071
396816,4016,4075
82276,4016,4088
240040,4030,4086
380551,4042,4115
380565,4190,4258
103793,4190,4263
260445,4201,4254
356126,4219,4290
166938,4225,4288
379925,4247,4327
378685,4250,4324
72327,4270,4336
112154,4644,4738
25912,4647,4728
380571,5023,5134
157402,5026,5107
380572,5054,5149
240127,5109,5172
276002,5177,5242
339722,5179,5268
226791,5186,5246
298015,5207,5268
11557,5207,5282
232471,5215,5278
240126,5232,5318
380214,5255,5344
161897,5287,5360
380615,5291,5383
315994,5305,5397
15471,5306,5359
191153,5332,5384
168190,5332,5395
197094,5333,5394
142174,5344,5395
116573,5472,5552
250765,5503,5558
305729,5504,5555
342511,5505,5551
158570,5519,5581
364124,5528,5599
223516,5533,5598
86883,5633,5716
289543,5634,5698
315241,5634,5735
57186,5635,5709
164383,5644,5721
112158,5646,5710
81247,5647,5718
242428,5649,5711
209411,5651,5721
363067,5651,5730
238992,5652,5746
39597,5653,5708
373595,5653,5744
370007,5654,5707
126494,5658,5728
298502,5660,5732
102758,5665,5726
10085,5667,5725
401772,5667,5732
273639,5672,5761
344540,5694,5762
31920,5814,5855
241285,5914,5989
137445,5919,5984
321835,5941,6009
347785,5943,5992
275999,5951,6016
368588,5954,6037
380617,6249,6302
380556,6249,6308
380567,6251,6321
380218,6372,6475
115831,6373,6458
16094,6381,6450
397504,6385,6454
16097,6390,6464
231543,6394,6455
138599,6394,6457
178533,6404,6466
380575,6405,6482
25353,6406,6476
298239,6409,6464
233146,6414,6481
281936,6417,6482
184306,6420,6488
352656,6430,6483
11811,6433,6484
182454,6540,6586
303247,6540,6594
144659,6541,6588
22795,6544,6607
67894,6616,6675
139048,6626,6685
86124,6731,6796
134777,6754,6840
115832,6756,6822
275592,6757,6838
83120,6759,6822
33551,6762,6823
201289,6764,6837
246580,6778,6822
55841,6779,6823
193513,6782,6838
90742,6873,6930
260446,6949,7036
11813,6950,7017
174078,6969,7042
11121,6970,7047
32358,6972,7024
82278,6979,7049
307059,6981,7037
142444,6985,7047
377505,6987,7048
124164,6995,7041
9611,6996,7043
229749,6996,7048
180417,6996,7062
105310,7003,7051
234374,7005,7062
182045,7258,7328
285776,7261,7325
148900,7267,7329
176568,7372,7440
353318,7374,7439
380612,7388,7490
379928,7389,7487
276001,7393,7461
379929,7407,7495
180416,7467,7537
77805,7474,7540
380556,7482,7543
368497,7598,7660
74315,7598,7662
302840,7599,7658
3545,7599,7674
116574,7601,7691
37746,7605,7651
170241,7606,7681
60126,7609,7663
66514,7614,7665
25908,7615,7670
169215,7632,7747
271445,7635,7696
142449,7646,7745
340166,7658,7725
142445,7662,7756
82279,7667,7750
215892,7671,7723
238607,7682,7724
20563,7697,7771
153610,7698,7762
371537,7699,7764
97779,7700,7765
65618,7702,7764
372459,7703,7765
132844,7705,7766
161895,7705,7769
70564,7834,7886
334361,7891,7956
397505,8059,8120
380567,8171,8239
380212,8385,8455
158571,8419,8477
380619,8462,8571
82268,8465,8545
125752,8471,8534
366327,8472,8540
32975,8474,8529
214280,8474,8535
315242,8474,8538
82275,8479,8541
82274,8497,8574
350506,8505,8574
380578,8526,8590
380618,8535,8613
137408,8582,8658
113316,8587,8658
178392,8607,8658
317365,8611,8658
25915,8809,8871
119751,8812,8873
262220,8925,9019
152452,8948,9027
152448,8958,9026
130984,8974,9022
389377,8976,9018
82281,9029,9105
260442,9033,9128
16096,9034,9139
271381,9035,9113
114328,9040,9123
98803,9040,9129
9784,9040,9153
119472,9042,9141
343448,9043,9134
271380,9044,9105
321246,9044,9114
148899,9045,9125
9415,9047,9124
352854,9047,9149
163468,9048,9130
9782,9053,9139
134780,9057,9128
300412,9065,9126
277998,9067,9125
260443,9068,9128
55826,9069,9154
152447,9070,9131
373492,9070,9168
44342,9073,9158
315995,9074,9145
142160,9075,9121
158569,9078,9147
343451,9078,9154
156218,9081,9128
112155,9083,9156
278006,9186,9250
82277,9205,9274
129342,9325,9379
139965,9352,9429
380568,9361,9467
114115,9362,9430
168752,9367,9413
3396,9379,9436
380608,9409,9482
406033,9409,9485
380609,9628,9688
380557,9637,9707
380599,9638,9712
322149,9808,9859
331795,9809,9873
363440,9809,9882
380550,9820,9920
375163,9880,9939
170687,9881,9969
88339,9883,9941
201292,9883,9954
16093,9883,9958
104664,9886,9947
356127,9890,9958
311175,9898,9957
355909,9902,9963
289761,9903,9958
136037,9907,9956
310086,9907,9958
178959,9908,9955
116224,9909,9980
119610,9912,9969
47760,9912,9974
390958,9916,9962
123057,9928,9980
153338,9935,9995
32651,10069,10140
271385,10076,10137
152449,10442,10488
132615,10442,10501
32357,10442,10506
376459,10442,10508
380550,10443,10533
259474,10444,10508
174077,10445,10509
277996,10625,10714
128277,10784,10839
380557,10874,10940
380591,10875,10970
288351,10958,11019
284355,11010,11072
148897,11019,11072
201291,11037,11099
57186,11041,11109
162417,11046,11139
102249,11050,11132
277995,11051,11115
331713,11052,11110
352855,11056,11119
137844,11059,11138
271384,11060,11114
352853,11060,11125
151974,11060,11133
315232,11061,11139
170240,11066,11165
196743,11069,11139
273615,11070,11136
59004,11089,11165
9412,11093,11172
344539,11094,11160
142442,11097,11161
159202,11097,11173
38987,11099,11143
215310,11100,11169
142162,11101,11163
51900,11102,11176
267152,11105,11176
9411,11105,11213
36295,11106,11180
25910,11112,11174
201293,11114,11183
46914,11116,11175
315239,11116,11197
63679,11117,11191
130716,11122,11165
164301,11134,11198
6096,11141,11210
9414,11144,11208
229891,11145,11201
89857,11149,11228
285052,11150,11200
45478,11150,11212
263869,11151,11198
264610,11151,11201
201294,11155,11205
234248,11155,11221
27114,11155,11230
366301,11160,11219
57424,11160,11230
77041,11161,11227
380602,11167,11271
116576,11186,11240
380578,11289,11341
58532,11312,11380
380568,11316,11417
380597,11365,11462
380585,11395,11492
380580,11421,11478
277999,11422,11504
146651,11447,11502
35385,11447,11521
273120,11449,11500
263693,11451,11501
64091,11452,11528
92413,11458,11525
26066,11466,11529
306644,11466,11532
53025,11466,11556
96993,11467,11521
66856,11468,11528
169214,11469,11520
217451,11470,11525
231906,11471,11532
15774,11473,11554
82251,11476,11550
144680,11478,11542
287143,11479,11546
8713,11479,11553
3544,11480,11542
256785,11481,11550
158568,11482,11545
361667,11482,11554
9410,11489,11555
112357,11490,11553
2804,11496,11542
47726,11496,11550
36015,11496,11556
385786,11610,11672
398787,11646,11692
99589,11684,11758
122525,11689,11750
201290,11696,11757
138598,11707,11758
56418,11962,12009
291914,12151,12234
379599,12152,12245
162178,12152,12248
231865,12153,12240
293862,12159,12253
254336,12162,12244
356125,12164,12251
254337,12165,12253
260627,12167,12243
52274,12167,12255
244710,12168,12217
35906,12171,12247
397340,12172,12242
146518,12173,12251
39121,12177,12248
183863,12178,12254
100602,12180,12244
405827,12183,12245
257918,12184,12244
114671,12184,12253
139846,12188,12255
171951,12190,12251
171469,12191,12252
386818,12192,12266
380570,12456,12568
277993,12460,12573
380590,12461,12557
380607,12465,12560
380601,12466,12516
380593,12466,12586
380579,12467,12563
380606,12470,12560
380574,12472,12564
277999,12472,12573
380547,12472,12579
380548,12495,12589
276000,12505,12568
157362,12524,12586
259476,12526,12587
268927,12543,12602
63417,12666,12717
380213,12759,12830
156219,12792,12853
380604,12808,12936
380562,12821,12939
380582,12823,12931
380547,12824,12946
380583,12830,12939
380603,12834,12927
277994,12837,12936
380588,12838,12925
52273,12850,12910
260444,12851,12938
402150,12854,12925
380548,12856,12957
379930,12866,12927
147046,12880,12927
142447,12952,13019
347322,13109,13183
296725,13116,13186
289760,13117,13183
259475,13128,13203
74695,13129,13183
23142,13131,13187
68071,13132,13190
169334,13132,13206
98740,13133,13180
59006,13136,13203
311296,13136,13218
10127,13145,13204
204246,13188,13252
152450,13286,13355
5798,13289,13357
331796,13298,13371
130715,13309,13370
154859,13312,13372
25913,13315,13369
343450,13317,13373
209038,13318,13369
148901,13324,13372
140131,13326,13372
375161,13451,13524
233145,13451,13537
20027,13451,13543
94906,13453,13529
275994,13453,13544
231400,13456,13504
134173,13457,13524
379932,13457,13551
376338,13460,13528
204690,13462,13525
275997,13473,13536
90749,13480,13560
280631,13500,13574
379935,13503,13559
303921,13504,13552
315992,13506,13553
162418,13506,13555
271375,13513,13585
271376,13513,13602
278004,13574,13642
29042,13585,13653
102283,13604,13671
352851,13878,13939
329475,13882,13952
128325,13889,13970
152453,13912,13965
380563,13977,14056
380564,13977,14075
380600,13995,14068
380610,14004,14069
380553,14005,14072
380598,14005,14095
142965,14025,14108
380596,14033,14115
380587,14038,14115
145811,14039,14105
404512,14043,14116
2853,14056,14111
25921,14057,14110
142964,14061,14115
380614,14202,14281
116578,14207,14281
134774,14233,14283
380615,14257,14337
178391,14268,14345
380552,14279,14376
240287,14318,14380
380591,14332,14435
380599,14334,14413
162029,14336,14418
112354,14345,14409
379934,14355,14442
380613,14358,14432
37068,14368,14431
51656,14370,14434
129452,14373,14434
275544,14377,14432
326672,14393,14445
380560,14413,14495
380544,14427,14495
380580,14430,14495
380595,14433,14496
254082,14521,14568
379933,14521,14572
380585,14572,14678
277997,14573,14691
132694,14577,14666
380570,14577,14683
262298,14588,14673
380579,14590,14690
380562,14592,14705
380544,14594,14662
380545,14595,14693
380594,14596,14687
92515,14612,14691
173484,14620,14690
380559,14620,14771
171145,14627,14693
38128,14629,14692
49035,14638,14689
6675,14650,14746
168384,14651,14760
209036,14662,14721
321247,14662,14773
285775,14679,14771
132616,14681,14764
6674,14688,14749
22793,14689,14751
22794,14689,14768
270723,14692,14746
257437,14694,14763
140305,14699,14761
170686,14701,14760
380211,14702,14754
300648,14703,14764
405810,14703,14767
380616,14705,14769
380610,14889,14952
380553,14889,14958
380574,14889,14974
277999,14889,14978
380545,14889,14982
380562,14889,14986
380558,14889,14992
380555,14890,14956
380592,14896,14983
260441,14901,14983
249359,14915,14978
265698,14920,14972
358726,14923,14977
379931,14927,14985
44610,14928,14976
271383,14930,14974
112356,14943,14996
343449,15060,15152
380552,15080,15174
304741,15090,15151
380612,15102,15197
199618,15106,15162
315233,15114,15188
229890,15198,15261
278465,15198,15263
56318,15203,15266
367319,15207,15253
342259,15208,15262
152451,15356,15412
315235,15357,15431
380611,15452,15507
81626,15717,15793
134775,15723,15822
36017,15730,15799
112355,15731,15787
275986,15732,15833
363068,15741,15802
36016,15750,15798
176452,15759,15813
380608,15791,15870
66513,15794,15849
380597,15808,15924
380563,15839,15934
380564,15845,15955
132694,15856,15948
380577,15861,15989
380590,15862,15976
380560,15864,15946
380579,15868,15987
154858,15873,15918
380605,15873,15963
380582,15873,15989
380555,15875,15948
380583,15881,16002
380559,15906,16077
228691,15916,15990
64092,15934,15982
315238,15938,16001
335846,15953,16022
1498,15957,16018
231542,15957,16041
70598,15958,16015
321248,15959,16066
367775,15964,16026
96650,15965,16041
269693,15967,16017
100761,15969,16040
252355,15971,16048
238160,15973,16039
145810,15978,16056
275989,15979,16085
252354,15980,16054
93061,15983,16060
203524,15986,16057
401771,15987,16049
147468,15989,16040
5797,15990,16066
170685,15992,16087
139776,15993,16062
180723,15997,16058
354423,15997,16077
42938,16002,16067
25918,16004,16066
352852,16004,16087
168383,16007,16073
296806,16012,16078
381938,16016,16083
85326,16021,16079
178390,16022,16076
275990,16025,16088
66855,16026,16077
144658,16029,16087
31670,16033,16085
380576,16169,16253
278000,16169,16265
380593,16170,16273
77805,16173,16231
380558,16175,16281
380588,16182,16259
380573,16182,16265
6673,16202,16267
239786,16224,16291
16099,16254,16321
131440,16277,16331
340134,16282,16353
312696,16302,16360
148898,16418,16488
315234,16424,16496
380602,16460,16573
133019,16461,16518
375606,16473,16528
4006,16474,16523
380609,16610,16675
300410,16650,16702
358727,16841,16905
271377,16927,16991
204008,17098,17188
142441,17102,17185
101935,17108,17184
352850,17110,17197
25916,17119,17170
119471,17121,17206
90524,17125,17194
116580,17127,17193
180415,17133,17195
315236,17133,17217
379936,17143,17216
8712,17146,17205
275996,17158,17218
380554,17276,17371
380587,17289,17371
50654,17304,17371
399281,17306,17369
13404,17309,17370
8096,17420,17480
177354,17441,17505
400308,17460,17532
361390,17520,17562
361704,17578,17660
247534,17579,17658
55686,17585,17660
11812,17586,17657
254155,17605,17677
264049,17605,17681
203599,17609,17658
228830,17611,17673
231905,17611,17692
171874,17612,17667
242918,17639,17726
260521,17646,17713
380601,17656,17717
27517,17656,17740
27518,17656,17756
185808,17676,17759
240286,17686,17762
317217,17688,17754
365810,17694,17745
392771,17698,17744
380215,17741,17810
20077,17840,17895
398889,17987,18051
379937,18066,18169
25920,18067,18128
228709,18077,18153
145809,18079,18140
76300,18079,18148
158567,18081,18188
41722,18082,18148
157403,18082,18152
39156,18084,18148
30692,18084,18153
86888,18085,18145
74543,18085,18150
220710,18086,18130
105215,18086,18146
75830,18086,18165
136036,18087,18144
336838,18087,18150
132614,18088,18129
260436,18088,18148
211741,18088,18151
321452,18088,18171
142438,18089,18191
278010,18090,18151
285198,18099,18169
174502,18102,18169
45723,18106,18167
112358,18107,18163
401100,18107,18170
169248,18109,18172
67987,18115,18169
214857,18115,18172
112159,18124,18196
326744,18127,18188
107434,18131,18196
380554,18214,18319
380596,18230,18319
9409,18232,18308
142963,18233,18311
386436,18239,18312
361707,18243,18314
404511,18244,18319
142068,18248,18311
35602,18249,18319
118001,18250,18311
7806,18258,18311
197436,18430,18475
278009,18430,18484
380577,18464,18591
380606,18481,18585
380598,18483,18581
277999,18483,18591
380595,18484,18558
380594,18486,18590
380589,18494,18564
380603,18497,18590
278001,18499,18588
380592,18499,18602
380573,18502,18593
260439,18518,18597
90240,18531,18591
271382,18533,18611
379938,18547,18603
275987,18547,18607
112160,18547,18609
151974,18547,18617
97777,18549,18609
29043,18551,18605
170239,18552,18617
260522,18562,18630
380604,18716,18848
278002,18717,18833
380600,18718,18802
16100,18720,18771
380576,18720,18823
380607,18720,18829
380579,18724,18835
380584,18727,18805
380574,18729,18826
380617,18735,18797
277994,18743,18833
260438,18753,18839
265699,18761,18847
171146,18762,18823
24944,18771,18862
397251,18781,18848
257436,18786,18849
90741,18788,18847
254869,18789,18842
57185,18790,18850
42909,18793,18854
41723,19016,19086
315240,19025,19079
275998,19025,19085
380445,19031,19096
49911,19196,19258
262581,19196,19261
166347,19197,19259
33625,19198,19260
324154,19198,19262
363439,19199,19261
45123,19200,19275
85840,19202,19307
16102,19203,19266
32823,19203,19286
97778,19204,19299
296726,19207,19270
345989,19208,19305
204012,19209,19263
230426,19210,19272
164683,19211,19296
8877,19212,19271
8711,19213,19272
85325,19213,19310
51022,19214,19266
289952,19216,19295
135508,19217,19310
34345,19219,19305
32824,19219,19315
302840,19223,19284
24704,19223,19302
277633,19226,19316
341389,19228,19291
116158,19231,19290
111175,19231,19301
74694,19232,19280
156986,19235,19312
31820,19235,19322
123251,19238,19316
74954,19239,19303
212212,19241,19288
63416,19241,19320
380216,19361,19433
380210,19385,19446
240125,19385,19459
242962,19390,19454
142436,19647,19707
263317,19754,19815
214858,19767,19843
379917,19774,19847
25911,19775,19829
25919,19778,19842
279326,19787,19850
188435,19788,19849
16092,19790,19874
211740,19790,19880
71870,19796,19843
116581,19804,19866
244709,19805,19858
70032,19807,19865
9408,19812,19881
380549,20053,20118
334129,20126,20202
361708,20131,20197
206876,20147,20201
182044,20149,20202
278003,20263,20340
289660,20272,20347
266553,20287,20351
13423,20301,20371
167686,20325,20382
97135,20471,20534
69419,20494,20547
380549,20563,20625
142443,20563,20630
157462,20569,20624
397811,20569,20628
82270,20569,20630
284356,20570,20619
20076,20575,20625
178387,20768,20819
64090,20768,20825
95844,20768,20829
142161,20769,20818
135510,20769,20826
86123,20769,20830
207907,20772,20835
49526,20773,20817
3156,21089,21153
82927,21113,21162
129161,21116,21163
53024,21116,21182
146559,21125,21188
279327,21133,21184
189473,21219,21281
271448,21421,21482
278007,21425,21495
182023,21431,21514
265700,21451,21523
137407,21454,21517
145149,21454,21523
300411,21456,21518
280687,21458,21527
137406,21460,21517
340602,21460,21524
157405,21460,21534
203598,21461,21522
35,21461,21526
80815,21461,21531
262692,21462,21525
197129,21464,21526
258070,21470,21537
274217,21471,21523
68542,21472,21540
301044,21474,21543
283460,21476,21539
93531,21481,21542
286892,21540,21606
116577,21567,21634
380584,21884,21966
77805,21885,21952
380610,21885,21957
380544,21885,21963
380605,21885,21973
380589,21889,21966
24683,21911,21980
271374,21911,21985
116579,21915,21985
355613,21916,22030
9407,21917,21976
169726,21919,21988
200163,21923,21984
195341,21930,22001
167569,21932,21983
355614,21932,22016
195342,21936,22020
102230,21937,21986
60125,21937,22018
300886,21938,21983
38375,21938,21991
75866,21938,22010
400737,21938,22015
10607,21939,21984
385637,21939,22019
206877,21940,22017
76451,21940,22021
390444,21942,22003
120851,21942,22006
25922,21942,22015
116575,21945,22034
254154,21947,22016
390577,21947,22020
23141,21947,22023
254153,21947,22026
311021,21949,22021
344679,21955,22025
219465,21957,22018
271379,21957,22033
201820,21958,22037
315990,21958,22053
120850,21959,22020
390578,21962,22046
312109,21963,22020
315991,21980,22069
139582,21981,22046
200162,21983,22049
89,21983,22053
70543,21985,22046
142446,21987,22053
292072,21987,22077
49702,21989,22050
169213,21994,22081
27113,21996,22058
262219,22104,22175
188586,22145,22231
142962,22146,22203
274210,22146,22227
30365,22148,22221
229889,22150,22208
9413,22150,22230
41724,22154,22230
260440,22155,22219
157404,22158,22219
116582,22159,22221
45377,22160,22224
9408,22160,22229
92516,22168,22231
64056,22181,22238
201297,22182,22278
378509,22204,22255
22846,22211,22278
118964,22283,22341
11156,22283,22348
209037,22285,22348
25917,22286,22345
86122,22300,22371
201296,22333,22418
185807,22347,22416
379888,22348,22414
95816,22353,22412
271447,22358,22417
355908,22367,22410
7029,22446,22536
390959,22468,22514
142440,22476,22562
153337,22477,22555
400590,22478,22538
400591,22483,22538
40924,22489,22564
70031,22491,22536
289759,22491,22556
396815,22494,22556
99171,22495,22562
105718,22496,22556
244054,22503,22571
82269,22505,22572
379939,22827,22891
41725,22856,22921
352848,22856,22936
340164,22867,22921
386103,22871,22923
201295,22883,22964
380614,22918,23011
380546,22926,23009
82218,22949,23021
60430,22994,23058
20199,22994,23060
279201,23022,23077
40046,23026,23078
271362,23027,23109
352849,23029,23121
178388,23036,23109
380611,23043,23105
317624,23054,23107
16101,23054,23109
386919,23055,23131
380613,23063,23132
271378,23073,23153
294051,23074,23131
134771,23075,23147
142437,23087,23152
380546,23258,23340
204005,23279,23344
315993,23399,23459
82225,23400,23540
82233,23443,23552
197000,23445,23518
82231,23449,23534
82260,23454,23525
271365,23457,23528
271371,23649,23768
380581,23659,23764
402752,23660,23715
381335,23678,23740
271446,23679,23749
82217,23689,23804
289758,23699,23748
319850,23700,23776
234116,23706,23784
167704,23713,23779
281935,23715,23780
62456,23715,23835
315512,23720,23828
135509,23722,23785
144551,23722,23817
147467,23722,23822
309496,23725,23788
382974,23725,23819
98194,23725,23823
400589,23725,23845
32331,23726,23805
42730,23728,23826
52698,23729,23795
46264,23731,23814
358,23732,23804
106895,23736,23797
25914,23738,23811
345808,23740,23827
132299,23741,23823
129985,23743,23784
248519,23745,23831
196835,23745,23847
70542,23747,23840
76583,23750,23811
371751,23750,23832
144550,23750,23835
298761,23754,23800
374431,23756,23853
196836,23756,23867
23608,23760,23814
204011,23762,23860
407245,23765,23834
48970,23765,23852
260626,23768,23829
252922,23773,23851
129160,23776,23895
261562,23777,23855
58686,23780,23849
97134,23780,23860
184180,23790,23851
16098,23794,23855
341265,23799,23873
30691,23801,23871
296727,23802,23863
5070,23826,23886
82224,23889,24011
17310,23948,24016
199516,24104,24187
275993,24119,24194
361709,24134,24202
353172,24146,24190
82223,24154,24256
201298,24229,24310
366327,24338,24409
380586,24339,24456
404845,24340,24413
82221,24360,24428
380618,24421,24485
382711,24429,24506
382712,24437,24537
142435,24444,24515
278008,24458,24520
20078,24466,24538
380209,24475,24538
142439,24616,24674
271357,24617,24676
155904,24768,24816
302805,24768,24818
239686,24768,24835
181629,24768,24841
181630,24768,24864
116223,24770,24818
240124,25015,25086
134116,25068,25116
343446,25156,25224
82219,25156,25268
183279,25178,25250
315231,25205,25267
292452,25213,25288
340165,25223,25300
82263,25252,25360
380566,25253,25369
17287,25257,25377
373490,25262,25324
17265,25272,25367
82255,25272,25382
82220,25273,25359
271366,25318,25380
275988,25322,25387
19669,25344,25399
129159,25347,25393
396814,25503,25561
223517,25503,25568
99280,25505,25570
82237,25588,25665
82266,25622,25709
82252,25624,25711
82238,25626,25708
380561,25631,25712
82239,25638,25706
82248,25642,25696
82222,25760,25828
82229,25769,25839
271373,25884,25973
82267,25900,25966
134769,25900,26002
82262,25907,25974
82250,25908,25977
134770,25916,26030
380569,25921,25986
112353,25956,26021
112161,25971,26034
82264,26127,26188
82249,26194,26281
275991,26210,26275
82256,26233,26303
82230,26236,26383
271361,26258,26384
17250,26262,26382
271359,26268,26384
17331,26272,26364
17316,26278,26383
193969,26283,26372
82232,26283,26384
271372,26306,26384
271352,26308,26383
72675,26424,26474
301210,26424,26488
82273,26426,26491
132613,26436,26508
187833,26436,26511
82272,26457,26608
271356,26467,26586
271364,26490,26599
17279,26507,26617
271358,26520,26614
80764,26556,26630
134772,26570,26649
134773,26658,26712
9405,26658,26716
157406,26658,26728
99186,26660,26718
131252,26662,26709
228829,26662,26734
271368,26662,26777
271367,26665,26765
82271,26667,26740
271360,26669,26744
380581,26670,26774
82240,26675,26781
82214,26676,26752
380208,26700,26761
319849,26732,26783
373491,26849,26932
176498,26873,26934
64861,26875,26933
134115,26876,26931
68543,26880,26956
244708,26915,26960
241278,26936,26983
380619,26952,27042
368114,26966,27033
82234,26973,27051
82241,26975,27089
161896,27117,27195
95215,27128,27193
82259,27145,27269
380566,27147,27265
82261,27149,27262
82228,27153,27258
378488,27154,27216
161608,27163,27260
271351,27164,27290
271355,27168,27276
82254,27168,27283
17265,27175,27258
271354,27176,27265
260437,27192,27268
271363,27201,27284
361703,27202,27264
343447,27202,27309
147094,27204,27266
68072,27208,27260
204006,27208,27275
178389,27214,27308
206608,27218,27315
105309,27220,27283
77928,27221,27303
79263,27222,27323
280688,27229,27303
206607,27230,27319
20026,27234,27329
390443,27237,27307
223518,27239,27309
148896,27240,27324
158565,27243,27303
204004,27244,27323
223519,27246,27307
196178,27247,27331
67192,27249,27325
303248,27251,27313
76516,27255,27327
43727,27255,27333
138597,27262,27324
254868,27263,27330
158566,27264,27328
82247,27303,27418
82235,27312,27417
380561,27317,27407
82258,27318,27393
82252,27322,27427
82253,27323,27393
271350,27330,27425
148895,27331,27394
143443,27353,27420
115080,27354,27425
152454,27355,27433
32359,27359,27429
282484,27364,27411
9406,27365,27451
313527,27368,27429
6672,27377,27425
317147,27377,27433
16899,27381,27427
91383,27390,27469
69519,27391,27445
82246,27397,27527
32974,27407,27471
82244,27434,27553
397668,27447,27511
271370,27478,27562
82265,27536,27630
164682,27540,27594
167687,27552,27614
312589,27553,27638
271369,27553,27669
14783,27556,27617
380586,27559,27669
82245,27560,27725
82213,27569,27650
271353,27571,27652
57870,27588,27656
30690,27594,27658
319144,27664,27745
380207,27671,27737
40633,27681,27745
82216,27686,27744
122008,27817,27863
82227,27832,27935
82242,27848,27941
82226,27865,27960
82215,27872,27968
271449,27887,27971
352847,27893,27946
82236,27957,28052
262218,27966,28042
82243,27973,28051
82257,27975,28046
380569,27979,28052
