91854,106,217
260033,106,265
341528,106,280
217683,107,222
897,107,254
1055,117,215
4732,120,197
255029,120,211
1281,120,260
161619,121,314
176495,122,208
73881,126,199
259732,126,245
341527,128,213
259736,129,244
1279,129,255
341529,130,308
182262,131,199
122287,132,210
74049,136,259
187439,142,288
227025,155,225
289025,161,308
287008,162,328
91853,165,266
1280,167,329
74052,170,266
403340,183,308
394339,188,252
48319,190,309
485,191,256
166880,192,276
340666,194,308
313630,197,307
285976,197,362
393412,200,321
74924,201,256
91265,202,268
257804,202,308
117760,202,325
124786,203,312
25317,203,328
260032,203,377
188010,204,288
156292,205,255
92128,207,324
2433,209,331
171707,213,310
367294,215,308
260250,217,302
165103,218,286
146848,219,308
44649,229,294
297854,231,294
326075,236,294
298936,243,303
8750,245,324
113372,247,294
319231,247,308
287007,249,398
153578,255,329
10387,256,306
182264,256,341
254163,257,322
135368,260,323
297168,263,330
43055,267,308
1282,267,317
51202,268,331
30296,271,324
242629,277,327
67330,279,331
163146,280,359
230051,285,386
241577,325,404
161621,330,437
260031,330,450
114957,334,407
185029,334,411
8217,339,409
199029,339,429
55853,340,431
378759,343,408
187437,383,540
242426,386,453
256386,408,519
290434,413,497
377270,429,493
258960,431,496
84652,432,540
81556,433,494
901,455,530
43161,458,533
59036,471,524
117759,472,543
285977,542,660
285978,552,718
209474,595,652
34581,601,658
187438,611,718
161620,623,711
187440,629,717
386976,631,709
1315,633,718
13969,634,701
302622,635,699
66422,639,702
40697,640,701
133314,643,701
120890,644,698
341904,644,700
38318,644,718
9102,646,719
1789,659,717
197323,667,715
256117,669,718
366681,852,908
151902,852,913
380440,860,914
308320,873,914
188858,992,1052
81557,993,1048
407202,993,1054
56858,1019,1068
122289,1019,1070
341522,1062,1180
340082,1064,1188
259730,1068,1189
35916,1072,1188
899,1072,1192
62737,1076,1145
67011,1077,1165
161618,1078,1191
181973,1079,1144
59196,1079,1174
284977,1080,1196
260028,1080,1203
1279,1083,1193
285979,1084,1184
341521,1089,1226
117863,1095,1190
259738,1096,1215
74048,1105,1188
326293,1111,1196
259739,1126,1192
201764,1136,1190
485,1136,1194
386090,1156,1255
310911,1156,1265
258541,1165,1266
14084,1167,1244
98194,1170,1257
215426,1171,1214
76783,1172,1256
230050,1177,1238
186983,1180,1273
318500,1183,1239
408260,1183,1259
289021,1185,1253
5721,1191,1265
23611,1192,1261
4926,1194,1258
271627,1195,1267
235391,1197,1259
51180,1197,1266
232747,1199,1264
387509,1200,1265
146121,1201,1264
140567,1202,1249
332007,1202,1256
117778,1202,1289
23705,1205,1267
13696,1207,1292
43566,1208,1273
332681,1213,1269
74117,1214,1273
382219,1216,1280
9395,1218,1292
318504,1219,1284
122293,1223,1289
223164,1224,1287
14086,1225,1291
23641,1225,1317
211036,1226,1289
407802,1227,1288
153347,1228,1290
207436,1230,1305
193399,1232,1312
365648,1232,1316
98849,1233,1318
151901,1236,1317
349198,1239,1341
39359,1241,1306
352757,1241,1312
188783,1244,1309
67014,1248,1312
318501,1249,1338
95397,1250,1320
299354,1251,1317
102345,1251,1340
332004,1255,1316
43391,1255,1318
133315,1256,1319
277969,1257,1317
151900,1257,1323
133318,1258,1343
316564,1259,1347
188782,1261,1340
332008,1263,1318
66182,1266,1329
254162,1266,1335
110740,1268,1336
115693,1282,1345
116464,1282,1357
352983,1283,1341
311338,1283,1359
47850,1286,1352
118345,1287,1343
348513,1292,1338
405867,1295,1376
66898,1312,1378
304970,1314,1382
160803,1316,1394
110310,1326,1393
230049,1343,1404
357217,1348,1440
131839,1350,1436
70,1356,1435
226538,1359,1439
338731,1359,1446
189468,1371,1437
393411,1389,1450
284979,1393,1482
92792,1400,1454
302815,1406,1476
5387,1409,1473
223,1409,1475
284978,1409,1525
193400,1410,1472
8701,1415,1471
327715,1416,1479
321360,1419,1481
76702,1440,1512
161987,1557,1649
85658,1557,1653
179336,1558,1623
222195,1558,1629
191767,1559,1617
282873,1560,1653
30842,1562,1623
256094,1566,1638
256798,1566,1642
209583,1567,1621
256194,1567,1645
349533,1568,1632
179279,1568,1664
255028,1569,1616
347234,1569,1635
13009,1572,1617
39932,1572,1688
187651,1573,1636
178893,1576,1640
69,1576,1649
110448,1576,1685
341276,1578,1640
306408,1578,1651
408259,1580,1650
407242,1581,1646
178439,1582,1651
365235,1590,1652
289330,1590,1657
349039,1592,1654
158565,1592,1672
97918,1619,1675
179283,1626,1697
317918,1627,1691
195351,1677,1730
30843,1680,1741
321060,1684,1744
23612,1699,1766
280914,1711,1772
289026,1734,1813
258361,1742,1796
280682,2054,2101
38520,2197,2263
68639,2200,2273
28443,2202,2268
216419,2204,2270
98851,2230,2295
318944,2292,2357
398536,2294,2358
32538,2297,2358
291320,2306,2374
406164,2311,2365
74044,2317,2397
74045,2319,2400
122288,2319,2403
327330,2326,2393
276917,2384,2440
179280,2385,2468
179281,2390,2470
151903,2406,2481
119650,2417,2516
249134,2444,2544
177558,2445,2515
72,2447,2540
352957,2449,2517
318499,2453,2532
208272,2454,2551
341525,2462,2534
281830,2493,2550
255835,2501,2579
158570,2502,2572
256780,2504,2616
72017,2506,2560
363655,2506,2593
109129,2520,2607
129484,2521,2579
67012,2523,2652
238043,2524,2607
897,2524,2668
67010,2528,2652
98852,2529,2591
67009,2529,2664
259730,2529,2669
161617,2533,2675
66221,2536,2629
260026,2537,2678
259737,2538,2630
259734,2539,2639
259735,2539,2643
289022,2539,2657
1277,2542,2659
284977,2545,2668
58214,2549,2637
74047,2567,2677
289023,2567,2687
67013,2567,2696
98794,2572,2637
74051,2574,2670
74050,2574,2693
1278,2577,2681
259733,2580,2696
187411,2598,2670
485,2604,2672
308319,2604,2690
395558,2605,2667
209204,2607,2677
36317,2608,2667
222194,2612,2668
154416,2612,2671
232179,2617,2678
244337,2621,2675
110308,2623,2669
189939,2624,2672
313362,2626,2690
28444,2646,2696
316567,2746,2798
316566,2746,2803
284975,2746,2838
260029,2750,2803
284974,2750,2834
258521,2766,2817
220818,2799,2863
406232,2989,3061
76700,2991,3059
150593,3006,3060
133317,3097,3183
188011,3098,3151
98795,3101,3183
326076,3103,3196
27661,3104,3182
8555,3105,3168
74046,3105,3170
302813,3107,3170
232746,3107,3183
158567,3109,3219
326077,3121,3202
98850,3125,3205
74053,3128,3190
13694,3132,3201
399907,3137,3202
289024,3144,3199
353341,3191,3273
284972,3326,3414
320566,3328,3378
199148,3387,3438
134914,3410,3467
284972,3471,3570
318505,3498,3580
189644,3501,3581
302812,3504,3580
23253,3507,3572
9071,3522,3573
123930,3523,3576
260029,3637,3693
284974,3637,3719
284973,3637,3723
10057,3640,3696
135148,3646,3711
80837,3677,3767
125324,3684,3761
285131,3685,3737
298858,3693,3767
234235,3704,3780
301703,3713,3758
121643,3713,3768
330108,3720,3774
279792,3727,3780
133316,3826,3884
297852,3830,3884
158568,3832,3885
284975,3847,3947
284973,3853,3930
60551,3885,3956
190562,3897,3958
260027,3899,3951
337452,3901,3952
223475,3906,3963
282927,3908,3958
390216,3908,3984
282349,3947,4003
246930,3976,4028
251767,4042,4113
13695,4043,4103
377269,4054,4109
362553,4059,4109
219069,4059,4113
222193,4066,4112
158570,4259,4326
78754,4289,4357
378928,4293,4373
242425,4298,4361
173244,4311,4389
91855,4328,4401
259731,4328,4431
210705,4338,4431
189645,4383,4431
310843,4552,4620
260030,4554,4613
90710,4555,4656
304969,4558,4619
317916,4566,4639
110309,4570,4642
327329,4573,4638
295308,4576,4665
323879,4577,4640
396103,4579,4654
177640,4583,4675
28102,4589,4646
152656,4591,4659
282190,4591,4664
250405,4591,4668
209395,4593,4663
297853,4607,4669
370573,4607,4674
370574,4610,4671
329106,4610,4674
183268,4616,4671
400778,4616,4674
224396,4624,4665
237924,4625,4705
276228,4626,4670
353882,4636,4700
338732,4640,4712
336120,4643,4704
289960,4644,4710
284979,4650,4740
284978,4677,4779
358892,4678,4776
349302,4684,4786
74042,4720,4774
126783,4771,4862
368654,4790,4844
288673,4796,4854
260717,4797,4855
403276,4802,4860
198778,4806,4856
161616,5018,5092
289020,5018,5107
341530,5018,5128
187436,5020,5090
404033,5023,5105
284976,5024,5082
23980,5026,5082
122290,5032,5120
166809,5032,5126
210704,5039,5117
291337,5040,5107
14085,5040,5136
135012,5042,5104
5139,5043,5106
162991,5045,5129
332916,5046,5133
78751,5054,5122
136526,5054,5134
37357,5056,5121
223183,5056,5132
97670,5058,5131
378704,5058,5136
341526,5060,5146
375252,5061,5119
70303,5065,5122
277970,5070,5131
183318,5073,5122
8749,5074,5139
129457,5078,5135
386975,5083,5146
105215,5151,5210
117782,5172,5233
359253,5178,5234
202173,5192,5251
318502,5195,5251
189649,5195,5257
159032,5217,5295
195432,5240,5312
323150,5274,5339
193765,5275,5336
369593,5275,5338
3478,5276,5344
83322,5277,5326
131506,5278,5358
122291,5280,5389
67008,5281,5341
15558,5285,5365
211896,5298,5361
35481,5299,5368
122292,5301,5379
386977,5302,5426
270276,5303,5371
353342,5307,5426
240076,5308,5368
78752,5308,5411
95027,5309,5418
279280,5311,5368
326079,5311,5435
122294,5312,5358
276708,5312,5379
225792,5314,5382
310844,5316,5405
305084,5317,5427
189646,5317,5433
78757,5323,5424
189643,5326,5451
317982,5328,5419
78753,5330,5391
6532,5331,5411
332006,5331,5422
143806,5331,5439
317917,5332,5426
287006,5334,5419
189647,5334,5446
317981,5342,5405
320567,5342,5439
74033,5343,5411
24658,5343,5435
188904,5344,5408
76699,5345,5433
332005,5349,5423
189642,5352,5420
302814,5353,5455
76701,5354,5442
78756,5355,5434
179282,5357,5420
386978,5357,5442
78755,5358,5455
274758,5361,5444
316565,5361,5447
115996,5362,5415
158569,5362,5442
76703,5362,5469
6102,5363,5413
5268,5364,5415
267380,5364,5431
359913,5364,5453
89517,5365,5419
348652,5366,5427
132256,5368,5410
154233,5368,5451
10316,5369,5414
52220,5370,5419
318411,5371,5436
98853,5373,5437
68640,5373,5443
23252,5373,5454
158566,5374,5439
23255,5376,5439
180760,5385,5453
289329,5386,5460
133313,5390,5475
109693,5396,5464
320565,5397,5484
326078,5401,5479
154234,5404,5461
304206,5409,5484
1283,5410,5475
359252,5411,5476
304205,5419,5480
255835,5463,5532
221841,5469,5533
76773,5470,5522
250406,5474,5534
272829,5475,5531
207829,5477,5535
319062,5477,5537
85162,5477,5562
67007,5509,5594
341524,5541,5621
162750,5542,5623
189648,5543,5617
113371,5544,5611
74043,5549,5614
74041,5549,5623
362552,5550,5618
27662,5559,5617
277370,5698,5780
304396,5713,5783
235284,5715,5782
68095,5721,5774
23610,5859,5948
97819,5868,5947
399906,5923,6001
189641,5933,6001
250407,6049,6111
341523,6056,6131
289519,6060,6130
90273,6068,6151
297851,6070,6131
59506,6076,6137
209137,6128,6217
154232,6152,6209
307735,6152,6211
97834,6153,6208
115044,6157,6199
210703,6157,6206
284976,6251,6315
246365,6252,6305
394454,6252,6311
1276,6254,6340
260025,6260,6346
27660,6262,6325
23254,6265,6352
260326,6270,6319
356137,6270,6357
158571,6271,6334
179278,6286,6352
318503,6286,6356
48562,6287,6341
173438,6288,6352
67984,6292,6340
27775,6293,6352
210706,6438,6520
201528,6438,6541
210707,6444,6543
210334,6448,6546
