897,105,239
126537,106,216
317276,107,222
216923,107,252
155068,109,203
66219,109,234
77008,111,232
75744,111,261
67009,112,241
86593,114,194
244702,114,207
356311,115,237
80103,116,180
169307,116,208
315595,116,232
27112,118,203
103588,119,255
94738,120,283
402664,122,199
35916,122,225
288276,122,235
284977,123,243
119412,124,193
292047,125,237
60461,127,192
356317,127,269
67569,135,267
18934,136,196
117863,140,240
371743,146,193
264415,146,254
180986,148,325
52234,151,216
44606,154,217
74050,154,252
296303,155,240
258527,157,269
287008,159,305
244704,169,287
244703,173,278
367212,173,287
104456,178,240
330296,184,242
1255,185,237
485,185,240
166880,185,261
107764,188,240
233484,188,243
383208,188,301
271990,188,305
126538,188,309
139771,189,286
325319,202,263
75745,203,328
165103,205,269
23182,205,285
86594,209,274
68056,216,285
121927,220,291
307069,227,292
287007,235,367
74208,250,327
126539,257,376
367213,275,390
367214,279,379
333870,282,326
146957,292,399
161621,307,399
126541,389,485
259826,420,486
87720,635,724
356314,644,703
180987,645,723
64910,651,714
87405,651,723
207596,657,710
25365,660,712
123254,660,723
108363,663,719
24647,664,710
6716,673,751
54397,678,737
24662,705,785
310928,713,802
38904,720,831
139770,721,788
307068,721,805
363238,722,799
347778,722,808
100791,726,795
32680,732,821
224671,735,818
133053,738,800
225299,738,812
180988,740,848
134229,741,835
32478,744,802
47298,758,832
344263,760,836
178808,760,856
220141,766,827
116374,766,834
407443,770,833
118668,774,859
2324,778,852
70506,779,856
71746,779,860
189121,780,863
51662,782,855
178807,782,859
78507,788,869
219258,794,866
77622,799,862
118507,799,878
201235,802,870
1859,803,867
32681,805,872
244705,810,879
31081,816,886
244347,819,885
87721,820,872
99755,822,863
369691,823,886
308530,937,1011
176243,941,1014
96156,971,1026
67314,977,1026
309275,1184,1267
244706,1193,1258
244707,1204,1273
59665,1340,1403
247076,1342,1407
6718,1346,1409
11349,1346,1426
390817,1348,1414
128416,1349,1410
103822,1350,1418
285052,1354,1422
72404,1359,1431
209740,1369,1428
72846,1369,1435
132958,1370,1430
31457,1370,1442
385847,1375,1434
25603,1376,1442
141690,1378,1430
213810,1378,1460
244211,1379,1440
175809,1383,1464
155069,1391,1456
349867,1392,1467
346209,1397,1482
131718,1399,1471
9227,1402,1465
384439,1406,1485
233422,1418,1481
266656,1430,1486
356099,1430,1500
184381,1432,1485
143482,1588,1675
182932,1593,1674
349864,1609,1672
399412,1620,1672
283188,1704,1760
151806,1704,1769
96174,1705,1759
310740,1705,1776
310934,1711,1777
64909,1712,1772
310931,1712,1775
230733,1712,1782
312675,1713,1770
57248,1714,1765
11350,1738,1798
358655,1793,1889
246461,1800,1860
358656,1801,1897
185111,1824,1882
188593,1853,1923
119998,1872,1929
58600,1937,2017
309277,1939,2004
13353,1947,2022
135202,1948,2017
25825,1949,2002
55296,1950,2001
161334,1951,2028
181092,1954,2002
199733,1956,2021
57249,1956,2041
228841,1965,2030
8319,1965,2040
222716,1967,2043
310933,1970,2072
17786,1973,2021
328444,1973,2040
185321,1977,2038
165811,1981,2034
370336,1981,2042
177037,1983,2045
152018,1991,2048
102429,2000,2073
2154,2004,2058
362703,2005,2076
327475,2007,2071
102737,2008,2114
268183,2039,2102
246749,2042,2104
293311,2046,2118
329801,2049,2117
50796,2063,2117
106628,2063,2119
375851,2092,2158
238454,2102,2169
258539,2114,2220
9463,2120,2170
189570,2120,2175
66842,2120,2179
43700,2120,2219
11351,2123,2168
50795,2123,2243
215229,2125,2219
146956,2129,2233
203386,2130,2183
282901,2130,2238
32219,2136,2219
43702,2137,2232
38686,2137,2236
312034,2138,2201
125017,2138,2220
107616,2139,2233
287006,2140,2219
146955,2140,2236
55429,2141,2231
268178,2142,2212
201586,2142,2247
258540,2143,2227
329829,2144,2205
66389,2148,2215
50797,2149,2236
317919,2150,2226
98240,2151,2231
66530,2153,2230
182931,2154,2236
85912,2155,2220
196057,2155,2239
351370,2158,2253
46741,2160,2221
66531,2162,2230
94739,2166,2249
196058,2166,2254
335072,2167,2241
282898,2167,2244
268180,2168,2229
145109,2171,2214
139018,2172,2251
157936,2187,2252
259194,2234,2299
216246,2289,2345
356313,2380,2488
318473,2399,2458
268181,2399,2489
126316,2400,2463
6623,2407,2487
268185,2423,2537
54405,2673,2748
332563,2674,2715
355965,2674,2737
39911,2674,2763
356312,2681,2765
379374,2688,2765
218966,2903,2976
257093,2905,2966
246326,2906,2954
381406,2908,2981
298353,2910,2975
111061,2912,2975
191117,2912,2986
384025,2914,2977
31080,2923,2996
245981,2926,2979
312176,2927,2973
215230,2928,2995
38850,2941,3032
349866,2956,3028
35890,3012,3072
50794,3041,3119
67101,3045,3125
54812,3047,3108
297721,3057,3139
356316,3062,3153
182933,3065,3146
182934,3066,3166
18165,3069,3121
110214,3077,3135
49710,3083,3143
383151,3084,3137
211332,3084,3139
2613,3084,3160
156573,3085,3136
163232,3087,3137
336791,3089,3130
131596,3089,3133
221888,3090,3140
291286,3090,3154
324432,3103,3175
335073,3155,3221
126542,3185,3267
356315,3195,3309
299845,3229,3307
230734,3243,3309
173668,3346,3409
255675,3353,3422
404065,3440,3501
310932,3441,3503
139437,3443,3512
99754,3443,3515
102430,3451,3509
173988,3451,3527
205104,3453,3512
323232,3454,3515
371936,3455,3522
244431,3457,3515
70873,3465,3528
42254,3470,3527
11352,3534,3592
246335,3535,3588
295573,3554,3649
347777,3561,3641
282899,3610,3688
387228,3652,3701
172178,3652,3713
157935,3759,3865
244700,3760,3855
35916,3761,3859
268182,3761,3868
1279,3767,3860
268179,3768,3869
328293,3790,3875
309274,3856,3910
295573,3856,3943
268184,3862,3943
68055,4071,4124
101029,4115,4177
96157,4122,4191
324581,4131,4181
27040,4135,4199
126540,4139,4221
168017,4142,4217
337786,4152,4205
142867,4153,4201
282900,4154,4237
314418,4163,4239
309276,4322,4397
27213,4326,4424
28543,4342,4406
183289,4345,4411
244701,4347,4438
56631,4348,4410
213462,4348,4435
6715,4350,4426
27214,4353,4425
215231,4353,4432
102428,4353,4445
119423,4356,4417
146953,4357,4441
228951,4358,4439
6717,4360,4445
126268,4361,4417
146954,4361,4456
135328,4363,4413
333524,4363,4427
24606,4365,4445
337787,4366,4428
102427,4366,4452
310930,4369,4438
104672,4370,4431
337788,4370,4441
48764,4372,4434
143208,4373,4435
226089,4375,4436
208417,4456,4505
349865,4540,4603
310935,4542,4600
