151949,135,203
196876,216,309
202464,339,411
277560,339,415
277561,343,414
57529,345,410
101999,353,416
7634,354,415
403253,360,422
196877,529,615
293455,543,618
59128,640,708
302149,649,724
374766,679,735
6642,681,756
58818,715,779
266304,754,810
336441,759,815
115473,759,822
304969,760,825
38568,761,813
205071,761,816
312391,761,819
304970,762,824
344605,942,1039
344604,946,1059
153852,952,1035
395067,956,1023
196874,957,1031
124216,959,1034
310134,959,1053
335034,960,1036
239677,961,1052
249090,963,1051
38567,964,1053
136874,964,1056
196873,970,1037
153853,971,1039
196875,972,1061
193049,974,1035
227074,974,1050
124215,975,1037
78164,980,1053
280518,983,1056
339302,991,1036
232743,992,1054
199616,997,1105
199615,1000,1091
18335,1012,1109
255088,1041,1123
373467,1082,1148
205070,1152,1211
325654,1155,1213
100262,1178,1244
45038,1180,1245
267514,1180,1248
13,1182,1244
46702,1252,1305
124186,1274,1322
82965,1314,1381
385970,1337,1408
334267,1358,1451
217613,1368,1473
73436,1404,1486
276204,1409,1469
270040,1412,1474
164064,1414,1475
307564,1613,1675
37032,1621,1680
132744,1839,1889
25619,1847,1891
144460,1923,1984
224287,1927,1981
73853,1927,1998
374422,1928,1984
357149,2025,2128
355879,2036,2100
332569,2040,2113
178070,2041,2108
287872,2042,2141
193152,2043,2113
335032,2048,2116
153854,2057,2139
278550,2063,2138
154202,2065,2129
241320,2065,2134
166816,2067,2127
166817,2069,2127
335035,2071,2137
379393,2072,2120
335033,2072,2171
335036,2105,2179
137944,2124,2172
264019,2146,2208
362623,2152,2221
1266,2197,2276
162000,2473,2553
131749,2475,2547
211382,2476,2535
364614,2478,2554
159801,2479,2535
287873,2486,2553
7058,2487,2541
309473,2493,2547
182123,2500,2570
69374,2501,2547
88705,2501,2560
374767,2502,2564
69375,2503,2552
275776,2508,2558
117158,2510,2571
44638,2511,2555
334268,2515,2568
