47179,147,233
26659,147,237
221545,147,243
324832,147,338
137254,148,211
327300,148,218
1277,148,264
326664,148,285
94738,148,320
331863,149,216
221544,149,254
6623,150,235
326176,150,238
35916,150,270
1281,150,279
249930,151,260
1279,154,272
150420,155,213
184247,155,324
98859,157,218
399438,158,217
58793,160,231
99738,160,342
156781,162,329
58792,164,250
159445,177,231
1278,186,280
83784,187,237
249931,192,310
1280,195,342
9212,211,272
85908,216,269
371781,216,271
377660,217,273
48319,218,325
21400,219,332
327301,222,323
230772,224,332
26660,228,342
327302,229,324
406337,231,291
165103,236,304
1616,241,304
315148,241,329
334915,245,323
121927,254,328
406735,264,325
264136,273,329
1276,273,342
165650,276,342
135368,278,339
70295,284,340
386322,284,342
156782,420,546
326665,421,522
26661,428,558
123136,765,818
147809,1113,1166
137164,1119,1171
328597,1219,1276
312729,1917,1970
8537,1917,1994
14661,1919,1971
299658,1919,1977
407504,1919,1980
46930,1919,1986
321929,1924,1976
76807,1928,1992
24309,1931,1992
194798,1935,1989
53270,1941,1992
219079,1950,1993
162860,2248,2313
203135,2250,2314
129107,2251,2312
152629,2255,2320
221543,2260,2315
22538,2465,2527
235645,2467,2528
142299,2469,2535
398985,2485,2544
201088,2486,2549
182239,2487,2550
14822,2492,2554
369143,2688,2749
246378,2690,2742
371780,2695,2751
213555,2704,2781
312738,2706,2773
312737,2715,2788
229303,2858,2926
229302,2867,2936
169718,2960,3011
312734,3069,3133
233472,3069,3141
101937,3075,3157
319405,3101,3174
40719,3301,3351
312736,3795,3880
103656,4011,4056
223160,4021,4083
328947,4033,4100
152630,4036,4101
263983,4165,4236
388145,4168,4230
289632,4168,4244
27351,4169,4222
76808,4169,4227
11788,4172,4238
5605,4177,4239
233470,4178,4244
313656,4180,4246
20210,4182,4243
303046,4182,4264
80495,4182,4267
182238,4197,4247
59327,4199,4263
305185,4206,4247
215300,4207,4262
1282,4207,4274
58025,4208,4259
36985,4208,4269
246922,4208,4277
277016,4209,4264
278381,4212,4269
19248,4212,4277
331318,4216,4278
210351,4409,4473
328596,4413,4483
200605,4417,4482
239817,4418,4484
101935,4420,4483
195806,4423,4482
74169,4425,4481
374240,4687,4739
205560,4689,4752
81160,4698,4751
365680,4980,5052
62987,4981,5047
226520,4981,5056
365389,4987,5034
137723,4987,5047
204289,5001,5051
205103,5010,5082
118216,5018,5086
157801,5033,5113
83702,5038,5122
249824,5051,5123
188584,5053,5122
131367,5060,5123
177835,5065,5119
299290,5189,5239
151230,5241,5319
327260,5272,5344
307343,5296,5359
67354,5304,5361
88489,5305,5351
323689,5307,5364
155609,5313,5356
83699,5775,5838
395513,5823,5883
320041,5823,5887
374246,5863,5924
188589,5864,5931
151229,5868,5929
301526,5885,5949
312723,5975,6091
312724,5988,6075
312725,6017,6136
374247,6080,6151
152603,6081,6147
328595,6099,6151
206660,6100,6150
351190,6200,6255
151231,6200,6277
25427,6213,6292
405466,6217,6283
152635,6225,6286
159443,6229,6289
31173,6244,6288
172028,6341,6443
312721,6346,6430
143268,6390,6459
396477,6394,6456
152634,6464,6533
119084,6475,6543
101936,6596,6663
178709,6605,6663
312735,6607,6693
329328,6686,6748
233471,6753,6814
131366,6761,6811
193502,6834,6897
66055,6878,6946
109409,6904,6953
302511,7240,7304
188583,7240,7307
233474,7345,7410
248490,7346,7390
248491,7354,7410
124861,7497,7564
312719,7499,7584
303628,7522,7566
377678,7631,7702
312731,7635,7699
5991,7641,7715
364262,7646,7713
95868,7653,7729
280428,7654,7736
249932,7657,7734
312728,7992,8076
61445,8049,8105
83700,8372,8436
119722,8379,8437
119096,8380,8438
37054,8384,8449
196615,8384,8456
301524,8514,8567
156496,8515,8566
188586,8601,8675
188588,8660,8721
121070,8707,8782
312727,9040,9118
375217,9101,9193
312732,9107,9168
298701,9120,9185
394731,9125,9190
293288,9298,9342
277630,9299,9369
312717,9299,9410
312716,9301,9423
172027,9302,9395
312723,9303,9402
312714,9309,9371
312721,9316,9404
178706,9335,9418
312715,9362,9406
62732,9408,9468
142758,9449,9536
9144,9489,9573
406825,9496,9572
178708,9513,9572
20211,9526,9572
41601,9529,9573
312719,9685,9766
152631,9740,9828
314043,9750,9805
269931,9755,9813
312714,9775,9852
312724,9776,9872
312715,9838,9899
356126,10079,10166
83786,10080,10128
232530,10080,10139
353433,10080,10144
172026,10080,10171
312713,10080,10189
348535,10081,10149
277631,10087,10153
312716,10087,10199
406212,10094,10168
312721,10102,10179
312730,10112,10192
312725,10113,10231
319407,10128,10199
301525,10149,10198
312729,10173,10239
396249,10188,10243
170254,10188,10249
171487,10200,10250
386213,10209,10250
87576,10211,10285
84386,10213,10277
63188,10214,10260
299987,10214,10279
261754,10215,10265
45262,10215,10278
156780,10215,10280
131365,10217,10274
340279,10217,10284
71636,10218,10271
17176,10224,10280
18630,10224,10289
383899,10225,10287
181512,10226,10290
150360,10227,10283
207595,10230,10296
325628,10231,10280
101932,10392,10452
397141,10393,10451
312733,10394,10459
252553,10396,10451
52005,10398,10462
209186,10398,10464
99737,10399,10452
312713,10406,10513
312717,10412,10511
312721,10426,10506
105521,10528,10583
182004,10719,10766
82069,10731,10796
53008,11004,11055
14544,11014,11085
1925,11033,11083
178707,11141,11216
374244,11149,11208
22537,11150,11216
375299,11164,11213
232804,11523,11608
336830,11558,11622
30413,11569,11630
273123,11569,11633
111964,11630,11703
269932,11631,11700
353099,11632,11698
188585,11645,11706
232532,11661,11741
152636,11668,11741
61495,11786,11848
301522,11883,11948
183555,12273,12341
82977,12274,12345
124862,12305,12381
312712,12306,12400
137156,12307,12361
251281,12312,12387
189306,12324,12375
232531,12330,12393
58787,12332,12414
106485,12335,12376
58788,12340,12400
195879,12380,12432
159444,12386,12438
241005,12458,12513
379402,12475,12546
312712,12565,12646
246377,12581,12641
58790,12581,12648
37115,12873,12924
346825,13065,13126
373971,13065,13131
188590,13068,13171
152628,13069,13146
337141,13081,13142
61444,13090,13147
58791,13094,13143
302,13098,13154
120274,13104,13155
70294,13144,13206
204080,13147,13209
276403,13149,13212
289805,13150,13213
233473,13215,13303
280878,13258,13307
88196,13313,13372
249822,13318,13371
83698,13322,13371
101934,13412,13477
151232,13412,13490
364261,13413,13472
101929,13414,13509
266707,13416,13484
48174,13417,13496
248422,13425,13503
52004,13425,13514
101933,13428,13480
239133,13429,13497
209185,13440,13509
99736,13441,13506
176555,13522,13600
124860,13545,13605
83701,13545,13611
119351,13546,13602
176265,13546,13613
204290,13546,13636
374241,13549,13613
58789,13555,13603
111920,13557,13612
237374,13558,13630
33375,13569,13629
152632,13569,13637
118116,13579,13644
262215,13754,13814
172025,13757,13807
287750,13757,13815
68848,14052,14101
19940,14053,14099
102960,14058,14100
260149,14185,14246
152632,14196,14267
355135,14212,14262
291226,14215,14264
49886,14216,14274
312726,14291,14369
80900,14297,14371
101931,14303,14368
320040,14376,14443
229301,14470,14512
101928,14608,14660
328628,14990,15071
313655,14994,15055
132902,15005,15078
36802,15008,15070
35472,15008,15075
44537,15012,15058
379403,15012,15072
59203,15012,15075
158742,15012,15078
282378,15013,15055
171835,15014,15078
366519,15015,15076
384915,15016,15073
78042,15017,15080
118348,15018,15077
100792,15260,15332
224982,15260,15344
165503,15263,15344
340917,15263,15351
321928,15266,15356
85487,15267,15334
359203,15268,15329
378114,15268,15358
146189,15268,15362
231306,15269,15344
256268,15270,15371
58011,15271,15367
51146,15272,15335
337488,15274,15355
331255,15280,15342
249820,15289,15342
36438,15289,15354
65759,15294,15383
1964,15297,15347
26386,15297,15374
314042,15298,15388
146188,15299,15381
401273,15299,15384
176942,15302,15368
356125,15302,15380
385962,15302,15388
194421,15303,15383
46831,15304,15369
175337,15305,15388
337489,15309,15373
61441,15309,15388
168086,15311,15392
37000,15313,15383
314197,15313,15394
173690,15314,15396
346572,15316,15378
266708,15319,15380
317075,15319,15384
245019,15321,15382
312711,15348,15435
312728,15350,15427
134542,15399,15468
344948,15409,15475
71549,15414,15473
312711,15439,15507
312727,15460,15530
370811,16091,16140
83785,16225,16273
142443,16228,16298
351809,16263,16316
249826,16268,16332
200007,16269,16331
327299,16695,16744
324833,16844,16929
364430,16847,16908
322654,16848,16892
302782,16848,16918
261753,16852,16915
346312,16855,16923
392314,16861,16930
229300,16862,16924
312718,16887,16966
312720,16912,16976
312731,17165,17237
40717,17497,17562
127897,17768,17823
40718,17771,17852
297107,17787,17876
36120,17792,17850
43524,17792,17855
200008,17801,17865
249825,17802,17848
40716,17802,17852
249827,17803,17877
155581,17804,17864
312902,17805,17859
94739,17805,17872
237366,18217,18277
219684,18218,18275
132334,18224,18277
134299,18233,18289
312718,18247,18313
166114,18502,18561
13169,18507,18560
109599,18512,18559
374245,18649,18700
143426,18649,18707
47664,18650,18702
37019,18650,18719
7822,18656,18723
82070,18664,18718
312726,18713,18794
93253,18787,18849
112770,18803,18873
48477,18806,18878
41916,18817,18879
312730,18820,18909
235622,18821,18885
106285,18821,18887
237365,18822,18863
178706,18822,18910
22044,18823,18886
36296,18825,18888
265564,18830,18883
374242,18838,18887
205350,18851,18908
101930,18959,19019
13647,19045,19102
55640,19049,19116
355808,19050,19119
317426,19070,19135
139642,19072,19127
312732,19359,19415
188587,19400,19462
312720,19567,19630
283050,19610,19671
213584,19678,19780
47768,19682,19741
273122,19687,19779
36119,19692,19769
335791,19694,19765
219869,19699,19760
379093,19700,19763
374243,19706,19781
152637,19708,19787
153918,19713,19781
101926,19744,19825
101927,19744,19830
397140,20231,20293
83705,20343,20396
83706,20388,20476
280983,20459,20554
326663,20469,20553
373970,20779,20830
249929,21016,21078
294420,21026,21088
107345,21029,21094
381212,21038,21102
156495,21055,21100
45682,21056,21111
204292,21060,21125
206952,21061,21103
191317,21063,21112
45409,21572,21621
353098,21572,21626
178705,21572,21629
374238,21611,21674
137722,21628,21700
373967,21634,21699
12711,21644,21708
131748,21661,21735
217903,21662,21715
312734,21768,21824
211071,21804,21876
295576,21834,21896
101924,21843,21914
233474,21851,21913
309381,21857,21911
237367,22000,22084
168746,22011,22081
185169,22014,22076
225543,22015,22096
262768,22027,22090
353434,22027,22130
374077,22035,22119
328627,22053,22127
37401,22069,22130
182935,22072,22127
111588,22075,22139
121017,22080,22144
178704,22080,22160
25328,22088,22137
127457,22088,22141
84186,22088,22145
72981,22097,22138
373966,22366,22433
178778,22496,22558
312722,22497,22615
406734,22498,22604
193397,22501,22563
406288,22502,22594
205074,22503,22567
402281,22503,22609
297874,22504,22572
406211,22505,22590
105285,22508,22566
280329,22511,22560
163141,22511,22566
237368,22511,22614
115814,22512,22569
351071,22515,22571
61443,22515,22581
61442,22515,22587
106758,22515,22594
78308,22517,22560
294349,22517,22586
326659,22519,22614
374239,22519,22647
335963,22521,22615
235621,22523,22585
46830,22526,22627
178700,22527,22590
195805,22527,22596
68313,22529,22594
287627,22532,22609
351635,22532,22621
44837,22536,22598
12088,22536,22615
335962,22536,22646
313548,22538,22609
249821,22538,22635
9143,22539,22623
394927,22539,22640
282377,22541,22597
118275,22541,22626
237371,22543,22620
89610,22544,22605
56699,22546,22641
84180,22548,22609
215437,22552,22610
229299,22552,22646
318045,22553,22619
2185,22562,22654
99735,22581,22642
101923,22715,22781
224981,22734,22781
237376,22736,22788
373969,22754,22807
84421,22758,22823
40715,22763,22823
70125,22765,22817
178702,22864,22942
152639,22865,22913
172024,22866,22954
301523,22872,22980
233480,22876,22962
77154,22880,22948
1283,22888,22938
101925,22895,22984
301520,22930,22997
108481,23203,23256
83787,23220,23289
249828,23240,23290
312737,23478,23534
78044,23478,23548
302211,23479,23541
6918,23530,23578
312736,23539,23626
259216,23902,23965
405465,23905,23970
294855,23905,23973
283097,23911,23975
301521,23915,23965
364468,23990,24056
377304,24174,24234
206659,24190,24241
118347,24195,24241
353436,24197,24269
151233,24198,24242
30316,24206,24264
174015,24206,24269
353435,24207,24279
204081,24208,24267
381817,24211,24256
259215,24219,24282
297109,24247,24312
67353,24268,24338
374401,24273,24332
224978,24283,24361
337142,24300,24362
283096,24301,24361
1878,24303,24354
262171,24303,24362
70416,24304,24352
355809,24304,24361
249928,24513,24559
351489,24856,24904
75875,24856,24909
60753,24856,24913
351490,24857,24935
48320,24891,24946
135185,24902,24968
245018,24929,24989
277947,25076,25140
153352,25422,25486
124574,25422,25493
58785,25428,25493
387355,25432,25493
33669,25432,25501
311055,25434,25486
186812,25435,25506
269418,25438,25508
314664,25442,25508
248897,25448,25509
221541,25496,25578
291599,25501,25573
291600,25512,25574
45276,25513,25579
52344,25517,25573
261423,25518,25571
264597,25530,25579
58786,25614,25674
239596,25650,25704
237369,25671,25730
326661,25681,25744
52003,25682,25746
312738,25686,25759
312722,25692,25794
312735,25693,25791
237370,25702,25780
319406,25707,25794
44535,25709,25792
8095,25711,25775
326662,25712,25785
46829,25713,25795
44536,25718,25793
287626,25721,25785
91183,25722,25793
237375,25729,25785
229911,25732,25788
88195,25734,25793
221840,25748,25790
235962,25891,25938
152633,25924,25982
93435,25929,25980
5992,26300,26348
178703,26385,26447
405338,26499,26541
233481,26499,26575
326658,26501,26563
64567,26502,26569
22849,26503,26595
233476,26505,26571
206658,26506,26583
221542,26509,26571
101922,26510,26599
44414,26515,26583
71175,26517,26579
318359,26517,26588
65991,26519,26580
16669,26519,26595
184246,26519,26618
292522,26531,26597
86802,26531,26600
272351,26533,26598
407589,26535,26593
90543,26536,26601
259782,26536,26612
124573,26536,26618
48097,26539,26616
107780,26540,26618
277369,26541,26611
63187,26543,26617
300849,26544,26594
276181,26544,26600
318920,26545,26607
272352,26546,26598
216567,26546,26600
233478,26546,26602
70477,26548,26609
124858,26549,26612
168085,26552,26600
176245,26552,26616
184245,26554,26618
233477,26556,26613
189831,26557,26608
129106,26557,26620
356128,26558,26621
159653,26559,26620
154148,26561,26621
249829,26562,26619
377867,26564,26613
101921,26567,26621
180368,26986,27050
269964,27171,27224
349754,27176,27239
83788,27205,27315
46828,27207,27307
365607,27214,27303
326660,27215,27278
297108,27221,27274
83790,27221,27307
221540,27225,27307
239355,27226,27276
83791,27227,27316
323350,27228,27306
46827,27230,27307
83703,27232,27295
10637,27234,27300
291598,27236,27293
233479,27238,27307
26658,27239,27302
364862,27257,27331
275904,27258,27324
333696,27308,27372
78043,27516,27595
83704,27518,27583
235646,27617,27676
178701,27667,27741
272350,27671,27734
64566,27681,27730
263264,27684,27746
124859,27685,27753
71099,27688,27730
69632,27697,27759
13223,27706,27759
273610,27801,27843
83789,27804,27869
219683,27814,27868
219078,28017,28079
312733,28023,28081
111963,28149,28212
58784,28214,28292
188591,28218,28292
137347,28612,28673
204291,28616,28676
152638,28618,28676
233475,28846,28940
46826,28847,28954
221539,28850,28966
46827,28852,28926
159446,28852,28935
46824,28853,28946
156779,28853,28970
46823,28853,28985
365608,28854,28922
47727,28859,28954
109720,28868,28943
176192,28875,28939
373968,28878,28939
237372,28887,28978
265271,28888,28940
46825,28893,28942
237373,28897,28984
27350,28911,28982
313654,28942,28997
239595,28948,29002
356127,29050,29120
124983,29059,29132
58783,29063,29124
66115,29368,29434
121018,29370,29433
37726,29375,29436
28222,29392,29435
287785,29607,29676
83707,29624,29687
101920,29624,29709
40714,29626,29708
326657,29645,29703
63186,29651,29704
63185,29651,29706
292385,29654,29703
332155,29654,29707
