77197,104,187
77198,104,228
3543,105,163
322424,105,166
139754,105,182
95243,108,163
229664,113,219
9993,124,228
240750,284,330
188497,285,344
281370,285,352
51513,286,360
22352,286,367
166238,287,343
128650,288,362
128325,288,366
253227,289,351
109968,289,354
267558,290,340
73358,293,363
303785,294,380
296489,297,360
38927,306,367
223542,413,467
115424,488,548
197897,818,877
77819,900,944
229665,1042,1109
54970,1059,1134
119170,1068,1131
68167,1163,1222
230209,1377,1465
281372,1408,1468
225204,1535,1650
54969,1536,1620
190503,1540,1607
144818,1544,1629
112133,1560,1621
12554,2002,2107
12550,2012,2126
145181,2014,2102
344455,2016,2087
5334,2018,2103
198972,2019,2108
46829,2019,2111
292999,2019,2124
46830,2020,2121
70344,2025,2086
12088,2025,2107
234105,2025,2122
316548,2026,2089
309831,2028,2090
199413,2028,2109
12549,2029,2128
25511,2030,2093
240749,2030,2111
312836,2031,2106
5335,2031,2113
324778,2034,2096
258365,2034,2132
321908,2036,2097
88708,2036,2102
293004,2036,2108
28274,2042,2115
46831,2047,2128
13734,2049,2129
215965,2053,2100
114083,2053,2130
329514,2057,2130
93814,2060,2130
28085,2063,2126
114080,2066,2127
145316,2069,2130
181737,2187,2247
233163,2244,2301
144816,2265,2379
54968,2268,2351
144815,2275,2392
222458,2280,2361
46827,2281,2351
46823,2283,2413
71777,2284,2366
379347,2285,2397
47727,2286,2380
176192,2302,2367
7275,2308,2367
76650,2312,2392
217958,2314,2374
144817,2318,2367
217960,2321,2424
222457,2322,2420
199384,2323,2382
144818,2370,2447
232535,2431,2494
292998,2530,2603
343025,2530,2621
155214,2539,2600
311710,2577,2638
130634,2578,2637
144812,2609,2675
144812,2728,2791
400863,2770,2853
186102,2771,2818
164064,2772,2824
12551,2774,2851
296437,2776,2830
363152,2779,2856
46828,2841,2933
144816,2853,2955
144815,2863,2965
215273,2865,2960
311726,2866,2946
222459,2868,2930
46824,2871,2951
311727,2873,2960
293002,3006,3096
352130,3012,3091
47169,3022,3096
240748,3023,3087
144817,3024,3085
229668,3024,3126
374280,3026,3087
46825,3027,3088
8320,3028,3077
223,3028,3089
7972,3042,3096
29369,3045,3097
114520,3045,3118
77195,3046,3129
229667,3053,3107
293003,3054,3126
48719,3071,3142
338415,3071,3149
82737,3076,3137
240205,3078,3151
334170,3086,3147
132728,3103,3157
144815,3150,3267
46826,3153,3261
159446,3158,3241
215272,3159,3247
46827,3160,3232
78401,3163,3259
223225,3170,3248
176193,3175,3255
176192,3178,3247
18495,3191,3254
171887,3191,3264
265271,3193,3247
217958,3193,3256
97329,3201,3253
240751,3273,3330
144819,3278,3327
12553,3454,3517
198971,3459,3534
139753,3480,3587
249090,3493,3583
393268,3495,3558
181738,3500,3583
357198,3507,3550
55826,3507,3587
159505,3529,3620
187258,3532,3598
146509,3534,3595
287849,3534,3602
158579,3535,3600
275924,4275,4344
92774,4276,4339
238381,4279,4354
43261,4284,4350
65302,4361,4424
257830,4378,4458
327,4382,4450
148609,4386,4447
99722,4395,4458
400862,4396,4482
403973,4404,4468
179354,4412,4476
357813,4427,4497
144813,4489,4587
147443,4521,4597
321019,4525,4586
265273,4575,4649
239804,4595,4658
263010,4596,4646
265272,4596,4650
239108,4603,4653
92002,4603,4660
62873,4604,4645
142992,4611,4654
225203,4736,4816
346111,4737,4811
217962,4747,4815
144814,4754,4849
28579,4756,4822
100590,4777,4843
198970,4819,4884
116037,4830,4893
57602,4845,4907
235707,4845,4910
229663,4845,4928
21776,4846,4908
68712,4852,4918
212929,4869,4934
121824,4870,4942
400864,4877,4950
144813,4907,4994
12552,5211,5290
217963,5215,5302
240752,5222,5297
83893,5226,5289
293001,5227,5288
144819,5250,5311
10316,5253,5294
144814,5255,5365
233166,5322,5374
233164,5323,5395
402,5429,5493
233165,5429,5504
295096,5444,5528
281371,5447,5521
341170,5457,5518
391561,5459,5529
378498,5465,5517
287688,5470,5545
77859,5473,5518
43716,5476,5531
235506,5481,5545
375447,5569,5641
29370,5710,5793
189687,5711,5759
289202,5712,5784
323902,5716,5805
357814,5718,5786
105424,5721,5794
390768,5722,5784
258487,5724,5798
296741,5726,5803
210877,5728,5795
109376,5730,5801
327997,5736,5798
269475,5757,5810
356749,5758,5819
321018,5761,5814
254511,5761,5817
254510,5761,5820
12088,5768,5837
154286,5916,5984
301826,5986,6059
217961,5991,6063
267247,6089,6151
225205,6166,6246
293000,6209,6278
77196,6211,6259
188147,6217,6266
369493,6262,6325
124229,6302,6370
229666,6350,6437
148555,6426,6504
21855,6458,6569
77644,6479,6585
94948,6480,6535
70903,6485,6599
5630,6490,6582
217959,6501,6585
223226,6506,6605
294422,6519,6585
160397,6527,6628
135769,6559,6628
256704,6568,6631
304895,6589,6631
