91854,101,199
116163,102,191
286553,102,211
216923,102,242
318883,103,234
77008,105,220
332041,107,212
156207,108,167
326664,110,242
1279,118,232
60669,140,207
235234,146,242
91853,153,242
235235,163,242
399958,175,231
334116,177,232
109426,179,231
216924,285,378
326665,382,474
260867,383,482
189265,392,526
1315,471,535
265065,801,913
183977,810,925
338337,828,918
71024,834,895
259691,835,923
107578,864,925
12513,1150,1219
351494,1201,1255
326658,1478,1530
77009,1528,1594
326659,1557,1645
342783,1599,1676
326657,1752,1815
95438,2330,2385
96073,2333,2382
168759,2429,2513
277356,2472,2521
331346,2490,2555
81874,2491,2571
221467,2496,2557
44713,2496,2583
251411,2499,2594
78459,2501,2573
294681,2505,2597
12088,2511,2596
12549,2514,2612
284856,2522,2595
394474,2530,2592
189407,2537,2599
281099,2540,2601
318102,2542,2617
328360,2591,2674
203192,2759,2824
339108,2759,2827
196044,2859,2937
211735,3284,3332
172973,3286,3330
94788,3577,3632
216168,3577,3635
228965,3581,3635
131215,3613,3692
231650,3638,3693
143342,3641,3698
107335,3642,3713
231832,3732,3790
393087,3995,4060
285535,4003,4050
247687,4253,4325
259474,4288,4351
353078,4336,4399
403495,4339,4405
340610,4342,4405
378302,4349,4415
72847,4350,4395
251164,4365,4417
120504,4759,4818
247684,4765,4814
91855,4788,4851
80865,5169,5235
173598,5169,5241
190178,5208,5281
141627,5210,5266
225075,5406,5461
247685,5406,5463
158795,5407,5511
316585,5673,5729
381770,5676,5729
356368,5906,5969
41136,6144,6189
183071,6145,6187
399942,6274,6322
87331,6283,6329
124583,6392,6464
158798,6394,6477
280831,6395,6452
326660,6476,6544
346742,6495,6586
158882,6516,6597
58711,6542,6611
158881,6548,6603
12550,6594,6709
308377,6596,6647
328650,6603,6680
365977,6603,6683
385230,6605,6668
272748,6607,6670
149233,6610,6673
16901,6611,6678
247683,6611,6686
217454,6614,6728
49225,6616,6678
294680,6616,6693
5545,6616,6697
294682,6618,6696
75654,6619,6680
35978,6619,6682
299422,6623,6697
15827,6625,6690
380394,6627,6703
81873,6631,6709
22692,6632,6706
61580,6633,6703
380393,6635,6692
213717,6642,6729
45576,6643,6704
66657,6644,6709
315842,6645,6692
34021,6646,6726
218156,6647,6736
110275,6649,6700
278654,6649,6724
77175,6650,6730
391480,6651,6723
312391,6652,6727
308376,6655,6729
340729,6658,6722
403997,6665,6726
122336,6738,6788
286552,6874,6980
1223,6877,6933
346741,6886,6956
336876,6886,6960
378930,6897,6991
81875,6902,7011
84898,6907,7009
9784,6908,7017
77007,6911,7029
80864,6914,7018
341001,6916,7030
247682,6920,7006
140008,6923,7026
71620,6927,7022
253486,6932,7018
203191,6933,7029
251135,6938,7004
25458,6938,7024
16898,6939,7042
302918,6944,7052
25459,6947,7009
402996,6947,7012
373590,6997,7057
261796,7000,7056
158795,7019,7110
373589,7112,7187
201431,7124,7185
158797,7134,7219
294679,7159,7237
183072,7159,7243
162334,7169,7233
23686,7178,7241
221200,7210,7285
331435,7247,7309
274234,7247,7313
370423,7249,7297
364843,7249,7311
294686,7250,7320
151932,7253,7298
378194,7254,7310
315843,7429,7482
224390,7430,7480
130013,7514,7577
151866,7515,7576
158796,7520,7586
247686,7692,7756
70030,7697,7758
243062,7896,7946
389517,8031,8090
245844,8037,8095
7721,8040,8091
158880,8202,8250
34020,8215,8272
104252,8228,8273
331729,8512,8574
10776,8513,8580
294685,8515,8581
155478,8525,8580
378932,8525,8586
278706,8527,8582
110446,8837,8898
31180,9023,9072
59984,9568,9630
129885,9571,9634
332039,9571,9676
16900,9589,9657
4481,9593,9659
109421,9596,9657
16899,9605,9661
224389,9850,9935
288751,9856,9928
313709,9857,9926
378303,9859,9913
326661,9864,9926
202223,9866,9927
346740,9866,9936
3642,9866,9950
77006,9869,9956
153258,9871,9932
199441,9872,9935
219266,9882,9928
14536,10005,10064
378931,10009,10071
77174,10016,10067
393629,10025,10084
247679,10068,10126
203193,10404,10480
204562,10410,10475
127073,10419,10483
272389,10423,10501
130014,10431,10492
393088,10431,10501
41137,10433,10497
346739,10433,10503
367590,10436,10497
328361,10512,10564
158790,10625,10729
158791,10639,10738
158790,10803,10918
158791,10823,10930
274719,10828,10885
158797,10853,10938
107577,10855,10916
12551,10922,10992
214437,10985,11054
57071,11007,11084
332040,11009,11082
117029,11024,11089
135621,11032,11093
158796,11051,11131
381097,11993,12064
280830,12135,12199
77005,12166,12234
96418,12176,12238
130012,12177,12241
77173,12180,12241
292464,12289,12339
378283,12376,12436
253829,12383,12448
183070,12684,12785
99644,12693,12785
326663,12695,12784
334361,12727,12784
158794,12859,12916
328359,13290,13358
328358,13290,13362
259475,13317,13389
207309,13320,13367
169449,13342,13403
191538,13420,13480
348804,13438,13492
346215,13690,13753
16902,13690,13785
3641,13716,13833
332038,13762,13832
392662,13984,14055
382909,13986,14038
158794,14010,14073
247681,14024,14097
125674,14032,14086
246461,14032,14096
333404,14033,14092
247680,14033,14097
331730,14137,14210
274720,14506,14578
243737,14515,14570
378929,14525,14580
284719,14818,14890
287213,14821,14884
164100,14838,14893
328362,15182,15261
25460,15193,15262
361942,15193,15288
391460,15201,15264
37199,15201,15268
43181,15204,15263
286551,15204,15269
97732,15208,15279
253938,15223,15275
158792,15366,15423
12552,15471,15536
183069,15494,15541
253573,15494,15553
294683,15494,15570
381772,15495,15536
381771,15496,15538
300165,15497,15553
235233,15497,15555
158793,15629,15692
67374,15715,15769
158792,15718,15783
120635,15719,15776
80866,15720,15763
51577,15827,15875
373588,15827,15891
130011,15828,15908
52192,15953,16000
54717,16103,16186
391577,16106,16157
103350,16112,16173
364844,16119,16188
175150,16122,16196
224388,16138,16197
214958,16140,16200
99292,16148,16205
34127,16153,16202
158793,16195,16266
12553,16219,16300
371447,16239,16306
334460,16244,16299
377437,16244,16334
270703,16244,16339
12554,16246,16345
62799,16247,16341
46878,16249,16314
281685,16249,16317
74421,16252,16323
306992,16253,16320
269750,16253,16331
218155,16255,16330
373587,16255,16348
346216,16256,16317
161826,16256,16320
23222,16256,16325
221466,16257,16335
326662,16257,16345
294684,16257,16349
89407,16259,16331
29061,16262,16324
233206,16262,16343
105026,16264,16325
152659,16266,16327
301502,16270,16334
49223,16271,16332
34706,16273,16334
49224,16279,16339
107983,16280,16341
325703,16517,16583
308620,16518,16565
158798,16524,16598
392433,16525,16575
259476,16530,16582
311673,16531,16589
203194,16595,16656
262264,16945,16991
300875,16947,16995
