379475,182,235
257462,211,302
88725,213,280
267408,228,302
329454,250,302
114265,334,398
327911,335,397
315902,338,400
53970,345,400
228342,349,393
406049,421,474
134895,467,543
127427,490,545
19976,504,553
267409,638,746
329433,641,733
329432,661,757
329431,675,736
369865,692,740
239720,719,780
316729,724,782
62510,914,984
238452,951,1043
114255,952,1067
198460,961,1037
306117,965,1031
250857,965,1037
79071,965,1040
180533,968,1037
33757,973,1036
47508,974,1039
188929,975,1026
27588,979,1048
224388,982,1048
350504,984,1040
55829,984,1044
224101,986,1047
166400,994,1055
102835,996,1050
66135,1009,1092
295140,1046,1104
114033,1061,1127
389806,1089,1163
142436,1098,1163
142444,1206,1257
298129,1206,1286
110553,1207,1265
323037,1208,1271
177109,1219,1287
382232,1224,1282
141978,1232,1280
113015,1232,1288
88724,1232,1316
191948,1238,1283
81611,1241,1310
97280,1253,1315
350505,1258,1329
470,1259,1337
390498,1263,1339
280633,1271,1336
55827,1272,1338
366528,1272,1343
14035,1286,1334
372920,1286,1341
394656,1288,1363
169911,1289,1342
287277,1293,1350
341821,1293,1371
110552,1294,1353
9127,1295,1364
42258,1300,1364
18418,1310,1395
391347,1314,1401
249733,1317,1382
18419,1317,1400
53063,1320,1392
239721,1320,1400
293319,1322,1383
147479,1323,1385
202667,1323,1403
199862,1324,1386
74081,1324,1399
316319,1325,1387
314887,1325,1413
279849,1326,1407
177315,1327,1395
114251,1327,1411
97284,1328,1392
144064,1328,1399
104766,1329,1394
114252,1330,1415
322929,1331,1400
214718,1331,1403
377734,1336,1402
200701,1336,1405
15139,1338,1399
289345,1340,1409
389804,1342,1408
351167,1343,1400
104790,1343,1402
363829,1344,1404
338092,1345,1411
50611,1348,1418
323520,1348,1423
148231,1351,1408
129295,1356,1420
42866,1363,1434
370752,1367,1431
267410,1443,1527
315915,1467,1523
267423,1590,1658
214995,1629,1697
286970,1633,1707
343114,1636,1702
131864,1658,1747
247809,1666,1726
205491,1666,1736
298150,1669,1738
236938,1670,1732
65867,1671,1726
50796,1680,1740
131868,1882,1937
52518,1996,2060
234231,1998,2048
112479,1998,2059
177316,1999,2063
83078,2000,2051
104789,2060,2129
92436,2063,2132
38838,2069,2130
55828,2090,2157
344207,2091,2152
195109,2101,2164
80355,2103,2175
96356,2105,2161
121242,2105,2164
329452,2105,2168
256899,2122,2181
313699,2184,2248
147478,2194,2256
45887,2196,2278
329438,2205,2272
329434,2221,2291
104791,2222,2276
267413,2223,2297
298099,2225,2322
209250,2399,2465
298095,2429,2494
257463,2443,2501
294392,2444,2517
110556,2445,2507
211607,2651,2708
294393,2935,2984
97496,3039,3112
114253,3044,3114
23344,3047,3113
33597,3057,3114
62511,3059,3118
108238,3170,3234
120070,3171,3236
32847,3171,3243
76106,3172,3234
88726,3173,3265
104766,3174,3224
94999,3174,3235
227888,3174,3237
94722,3174,3258
245351,3177,3241
25069,3179,3240
96961,3180,3250
134890,3181,3243
219544,3184,3245
23973,3184,3259
133199,3186,3272
8327,3191,3254
39431,3193,3256
292357,3194,3239
180380,3194,3252
383797,3197,3264
332342,3198,3243
91565,3198,3260
158335,3199,3256
368859,3200,3261
18790,3200,3275
292358,3203,3263
259264,3205,3267
279268,3206,3268
258115,3208,3274
100720,3222,3308
137842,3224,3300
257466,3231,3299
234341,3244,3305
240390,3257,3329
64450,3274,3353
407583,3282,3351
222679,3283,3347
171257,3283,3371
263821,3310,3362
389807,3325,3397
66069,3329,3403
81691,3332,3397
257464,3336,3420
154444,3338,3398
142438,3338,3448
329445,3339,3404
267412,3342,3418
253579,3364,3422
343306,3364,3425
294390,3399,3450
280001,3438,3533
104774,3443,3520
401969,3452,3522
23342,3479,3552
399538,3498,3563
104788,3529,3600
21656,3651,3701
45685,3651,3715
318460,3651,3731
28612,3652,3700
389805,3652,3703
65845,3653,3728
326721,3653,3733
370809,3654,3720
38339,3655,3725
48201,3656,3714
192718,3657,3702
24722,3657,3731
14547,3669,3725
114248,3695,3768
114268,3702,3770
114278,3709,3777
377726,3939,3995
9128,3939,4006
331179,3939,4009
312287,3939,4012
155292,3940,4003
19899,3942,4009
60567,3943,4016
219342,3945,4012
180381,3947,4002
82990,3950,4014
144476,3953,4010
267420,3955,4016
142442,3960,4016
18977,3963,4012
96518,3970,4016
306211,3974,4028
31513,3976,4032
299581,3978,4029
329436,3984,4063
42708,4001,4066
177318,4138,4205
351124,4138,4208
104443,4325,4387
104786,4343,4486
23341,4345,4409
104442,4348,4463
114273,4349,4434
78107,4350,4446
114272,4384,4482
321067,4556,4608
39280,4556,4624
333089,4556,4630
264133,4557,4614
106555,4557,4619
75928,4558,4620
211257,4560,4613
104762,4560,4619
390119,4560,4623
144007,4560,4631
329435,4560,4638
118821,4563,4616
104784,4567,4650
109930,4573,4634
333090,4629,4685
333087,4638,4699
77181,4639,4719
267416,4654,4749
104787,4655,4712
12711,4656,4723
214996,4656,4743
114279,4657,4725
58089,4658,4721
21939,4661,4712
114280,4662,4738
11666,4664,4719
335726,4665,4739
178769,4672,4748
266113,4677,4720
39430,4677,4723
257465,4678,4744
104762,4678,4750
88723,4681,4736
62512,4681,4747
32751,4682,4744
234434,4685,4738
184434,4686,4748
168677,4687,4749
150931,4852,4917
257467,4853,4925
62513,4859,4924
104833,5061,5129
114270,5062,5119
131866,5062,5121
152440,5062,5125
28878,5062,5136
103560,5063,5132
224389,5063,5138
47509,5065,5127
74632,5067,5131
294395,5069,5130
127882,5071,5129
114258,5071,5149
295307,5079,5136
114254,5102,5153
257458,5139,5228
6815,5157,5209
228343,5159,5211
372511,5161,5222
134892,5162,5225
294391,5165,5268
131867,5167,5229
205823,5168,5220
266638,5169,5246
202428,5169,5250
318885,5171,5235
40354,5174,5244
53029,5176,5251
33062,5179,5258
202427,5180,5252
195112,5181,5255
100719,5182,5247
306183,5184,5277
193392,5185,5284
272885,5186,5255
24658,5186,5268
308042,5188,5241
202426,5189,5250
146544,5191,5248
351364,5192,5258
333088,5192,5267
135422,5193,5276
202429,5196,5262
59578,5196,5269
306182,5197,5283
6102,5205,5248
329440,5207,5263
329442,5208,5265
110559,5208,5292
110558,5208,5296
4053,5209,5266
152443,5209,5278
152442,5209,5288
67039,5210,5265
389876,5210,5291
201574,5215,5292
52651,5225,5289
389808,5232,5305
224390,5234,5299
97281,5242,5316
298157,5258,5318
104781,5260,5373
114249,5280,5389
104783,5280,5400
142445,5281,5365
114250,5286,5380
104780,5286,5449
202189,5300,5355
121100,5308,5357
104779,5312,5455
267422,5319,5388
328673,5321,5374
203190,5323,5390
267411,5323,5393
142435,5329,5407
188380,5363,5432
104785,5388,5457
90136,5393,5444
154141,5498,5549
25424,5499,5550
267421,5499,5561
177314,5522,5591
282425,5526,5583
110555,5531,5582
104773,5609,5673
23343,5630,5692
42707,5721,5776
152477,5838,5901
339897,5839,5924
323412,5852,5917
177313,5853,5920
391346,5857,5919
97279,5859,5921
97278,5868,5928
104772,6173,6271
104778,6179,6267
120071,6209,6271
239528,6222,6267
301522,6372,6444
97283,6728,6804
19789,6780,6833
134891,6792,6837
329437,6890,6965
68933,6891,6952
23345,6896,6950
43081,6907,6977
399471,6912,6979
20584,6923,6977
134894,6992,7078
81690,7000,7100
237997,7035,7085
267418,7038,7106
406292,7044,7106
329441,7113,7183
42706,7116,7184
13559,7118,7174
329443,7123,7182
41230,7244,7310
119251,7247,7319
66756,7252,7320
254984,7267,7328
48943,7271,7336
184296,7277,7341
237556,7295,7367
293925,7324,7401
104764,7326,7406
314888,7327,7391
334711,7329,7393
267419,7349,7413
43056,7354,7411
355925,7355,7408
103727,7355,7410
294929,7361,7408
348689,7431,7492
163734,7433,7494
144257,7437,7509
60112,7441,7503
195925,7444,7511
198342,7629,7721
363264,7634,7697
389811,7647,7730
298098,7648,7725
142437,7649,7717
370081,7650,7724
104782,7656,7729
42709,7675,7736
80754,7703,7772
62509,7704,7766
114267,7705,7771
62505,7727,7790
104764,7775,7840
405680,7780,7840
257461,7795,7839
177317,7882,7924
209251,7882,7953
114269,7882,7971
257459,7882,7974
257455,7882,7979
104777,7886,7981
17759,7894,7969
33258,7901,7970
356847,7902,7965
299205,7903,7975
100723,7904,7968
9126,7904,7971
220463,7904,7981
110560,7905,7973
294394,7908,7979
293604,7928,7986
279,8021,8089
219542,8057,8130
75929,8060,8127
273276,8070,8127
135199,8072,8128
114256,8072,8135
389488,8074,8132
257457,8077,8133
62507,8082,8134
178531,8087,8135
64451,8088,8134
351362,8451,8535
242807,8456,8541
26820,8458,8535
142441,8460,8541
199000,8479,8541
257456,8488,8542
246277,8696,8754
104769,8698,8767
173942,8787,8852
267405,9083,9144
228836,9083,9146
11992,9083,9149
11993,9083,9158
109415,9362,9413
237555,9453,9515
88727,9503,9586
301520,9505,9573
100662,9511,9612
1271,9531,9607
84475,9533,9599
50218,9535,9602
107557,9543,9601
331922,9550,9631
10921,9554,9645
246927,9555,9627
246928,9555,9653
36395,9557,9604
26074,9557,9616
145795,9562,9619
388895,9562,9625
233423,9574,9642
252523,9600,9665
312669,9623,9705
114281,9625,9683
305347,9625,9690
352894,9625,9700
331178,9626,9709
32750,9628,9703
104763,9628,9717
348697,9629,9709
124049,9633,9702
351363,9634,9700
188614,9638,9698
2072,9655,9726
379275,9656,9711
173173,9660,9728
336981,9661,9723
114261,9671,9733
267398,9714,9776
104763,9866,9963
198459,9867,9944
309533,9872,9947
109931,9876,9939
381648,9880,9949
391020,9884,9948
77127,9889,9947
203695,9893,9958
170776,9897,9975
84421,9902,9982
302218,9903,9964
97496,9908,9983
9129,9913,9981
96417,9920,9983
14546,9932,9981
353577,10023,10075
100725,10023,10095
88728,10154,10257
340293,10168,10229
329444,10176,10258
141979,10185,10257
142439,10191,10255
104773,10197,10258
332704,10202,10256
353578,10401,10451
104776,10471,10536
104772,10717,10818
292994,10742,10819
118432,10750,10818
104775,10754,10820
104771,10861,10917
195110,11016,11092
298153,11021,11092
298151,11027,11095
106341,11032,11094
147477,11033,11095
146482,11037,11092
265054,11045,11095
138331,11048,11093
247288,11130,11208
209000,11130,11211
343062,11130,11223
329450,11132,11203
270170,11133,11206
141980,11133,11213
150284,11134,11210
363263,11134,11227
203962,11135,11221
199808,11137,11202
144927,11138,11210
114274,11140,11215
28367,11143,11187
115579,11143,11197
6816,11145,11218
304300,11154,11221
114266,11155,11242
59572,11157,11220
138785,11176,11237
59000,11178,11225
141626,11327,11392
351123,11330,11391
134893,11331,11388
114271,11358,11407
298096,11392,11453
76202,11394,11452
54916,11395,11459
341076,11397,11454
469,11399,11452
184297,11407,11473
167147,11411,11482
339898,11418,11483
42710,11664,11722
25427,11804,11879
110554,11816,11879
73284,11818,11879
394544,11834,11880
106915,12167,12229
298097,12214,12289
95464,12240,12295
333607,12243,12313
389809,12262,12314
24911,12266,12346
142440,12267,12341
388635,12269,12334
302920,12270,12333
24910,12272,12346
312879,12276,12337
1693,12276,12342
43128,12277,12346
114263,12278,12334
129662,12278,12340
196691,12280,12346
340979,12284,12347
349384,12286,12341
304340,12292,12334
149763,12293,12350
27587,12441,12506
400862,12446,12519
158334,12448,12527
148575,12449,12507
104774,12451,12528
258535,12451,12535
302919,12455,12507
185514,12459,12518
342991,12459,12534
8515,12464,12535
381245,12466,12528
7063,12466,12536
92844,12468,12521
42283,12469,12529
44953,12470,12535
244879,12471,12528
338379,12478,12541
56081,12485,12555
108249,12830,12881
104769,12872,12934
64423,12960,13017
283116,12968,13035
73166,12974,13035
56330,12975,13022
65844,12975,13032
11487,12975,13046
274446,12976,13027
357621,12977,13039
110561,12989,13043
74046,12991,13046
42711,13020,13125
231958,13022,13076
64796,13023,13079
308043,13045,13106
43080,13051,13112
263872,13055,13112
142448,13057,13110
305995,13057,13113
149154,13362,13417
56159,13589,13651
92384,13606,13672
114277,13651,13734
299206,13687,13750
9238,13692,13760
59577,13706,13766
1026,13725,13827
131873,13750,13819
298152,13754,13853
142443,13755,13840
48668,13767,13849
329439,13769,13863
310134,13771,13885
59575,13775,13839
195058,13777,13882
298155,13778,13860
193393,13780,13852
62508,13784,13877
388561,13786,13888
209252,13787,13857
219095,13788,13850
257453,13790,13908
100726,13792,13916
403898,13798,13881
59576,13798,13885
55826,13801,13898
329446,13802,13860
120865,13805,13893
138086,13806,13867
202430,13806,13870
400863,13806,13890
339868,13806,13922
313766,13809,13871
350343,13810,13873
256898,13812,13881
195113,13813,13875
88729,13814,13879
163025,13815,13867
50216,13818,13885
169725,13819,13898
286766,13820,13928
187672,13820,13932
257452,13821,13887
240321,13822,13884
400543,13822,13889
62504,13822,13903
317879,13823,13901
228341,13823,13924
373377,13825,13898
12776,13827,13909
217055,13829,13927
386868,13831,13910
165376,13836,13897
277430,13840,13962
210625,13842,13890
354651,13848,13990
281267,13853,13960
255475,13857,13972
36527,13863,13972
131437,13863,13986
351177,13877,13979
407670,13884,13982
28713,13889,13988
55579,13892,13985
260586,13897,13998
294397,13898,13985
44871,13900,13986
295242,13901,13998
334402,13902,13980
307596,13903,13965
226254,13905,13967
297328,13905,13973
121237,13907,13972
96355,13909,13970
94721,13910,13971
363704,13910,13973
301609,13911,13988
201359,13921,14003
11512,14091,14153
142931,14091,14160
306116,14190,14236
363706,14259,14335
343310,14567,14623
23346,14703,14759
257394,14721,14807
384811,14722,14773
405090,14722,14784
110107,14726,14790
196567,14734,14822
244084,14758,14821
274603,14765,14817
110557,14773,14824
54915,14775,14826
284981,14777,14828
216419,14858,14915
114260,14971,15039
329451,14984,15039
237484,15176,15245
104771,15179,15252
394654,15194,15263
88730,15194,15298
183500,15211,15281
368828,15213,15288
277395,15217,15269
271692,15217,15284
133499,15220,15296
152441,15223,15293
333093,15223,15305
109850,15225,15282
145729,15226,15280
96209,15228,15281
257460,15228,15287
115580,15233,15307
219543,15236,15313
195111,15242,15307
15616,15245,15315
329455,15248,15309
388146,15610,15659
296882,15629,15683
243170,15658,15723
149415,15810,15863
361926,15870,15931
8597,15872,15947
267407,15873,15944
301521,15877,15939
284657,15885,15948
86863,15887,15931
54006,15892,15950
265670,15983,16035
298102,16240,16303
134898,16241,16304
134897,16241,16315
257454,16242,16301
163054,16243,16307
97282,16244,16305
322549,16246,16311
55825,16253,16314
38057,16270,16323
16697,16503,16568
20603,16503,16578
316728,16504,16575
187429,16504,16586
87819,16505,16554
264023,16505,16564
398733,16506,16571
196575,16508,16562
389813,16508,16571
343307,16509,16579
267390,16510,16562
114282,16510,16568
352760,16522,16582
298103,16529,16604
400864,16532,16608
104778,16881,16958
142300,16895,16956
58513,17013,17085
195359,17014,17098
468,17015,17073
54007,17017,17088
127882,17018,17073
55824,17026,17090
260082,17030,17072
59573,17037,17098
202478,17052,17113
156580,17059,17115
158333,17169,17235
16697,17342,17415
114257,17472,17577
104768,17472,17629
114259,17476,17592
104780,17483,17633
257146,17485,17577
228340,17487,17572
151734,17491,17559
322871,17500,17578
104779,17506,17641
145615,17508,17577
343309,17512,17592
104770,17520,17603
195116,17522,17608
343308,17543,17625
90135,17575,17627
46754,17575,17641
257450,17577,17642
36136,17583,17641
104781,17691,17784
149155,17731,17785
389812,17969,18048
287276,18130,18231
312781,18131,18178
329447,18135,18188
375168,18250,18299
288494,18315,18365
351122,18315,18382
363705,18315,18386
64011,18332,18394
188959,18351,18423
304339,18353,18411
62499,18358,18423
209253,18461,18526
257451,18461,18540
104777,18461,18545
257455,18461,18552
298154,18462,18543
114262,18505,18616
104765,18519,18595
250150,18556,18620
32240,18564,18619
308044,18577,18662
195117,18610,18662
185513,18706,18771
71175,18788,18863
242790,18790,18869
143409,18809,18891
127458,18973,19043
294398,19000,19080
131865,19012,19080
55580,19144,19187
279565,19144,19206
373680,19144,19223
104765,19145,19229
67853,19147,19241
339899,19149,19221
27586,19150,19227
67891,19167,19216
257393,19182,19226
9408,19183,19256
114289,19292,19382
355019,19313,19388
313068,19314,19384
57111,19316,19385
368130,19319,19390
142447,19470,19546
242969,19470,19554
329456,19473,19538
144982,19556,19620
304951,20024,20074
44794,20024,20076
64422,20024,20082
392153,20024,20087
62502,20024,20096
90760,20024,20100
100721,20025,20085
72263,20025,20090
192230,20027,20077
53948,20027,20083
5616,20029,20082
134157,20029,20088
258742,20030,20086
66068,20034,20087
3713,20048,20124
55822,20118,20175
62503,20238,20307
66063,20240,20306
256897,20241,20295
55230,20245,20302
369173,20245,20307
60940,20247,20299
8641,20255,20327
14752,20411,20479
74307,20426,20486
58638,20427,20492
298159,20559,20622
114276,20560,20621
313698,20561,20624
231887,20572,20622
28368,20588,20637
104782,20716,20776
114283,20754,20821
111449,20866,20914
192717,20867,20909
294396,20963,21037
104784,20963,21045
177312,20964,21043
286764,20965,21033
185111,20966,21037
177310,20979,21067
104776,20986,21045
250703,20996,21057
104775,21014,21081
291906,21014,21090
202502,21027,21096
394655,21030,21088
104441,21043,21097
114264,21075,21185
142449,21076,21155
104768,21082,21226
104783,21086,21195
75618,21091,21175
136695,21107,21195
123286,21134,21202
110564,21183,21237
131869,21229,21286
28879,21230,21292
295711,21384,21449
245088,21386,21446
23347,21494,21599
10358,21495,21583
202432,21495,21602
21053,21496,21561
329457,21496,21570
212604,21497,21573
267417,21497,21579
329449,21499,21585
53974,21501,21587
329448,21502,21585
8292,21504,21597
333095,21504,21606
405985,21505,21589
2050,21511,21597
319399,21514,21576
256895,21514,21602
209255,21515,21622
241725,21516,21588
295250,21518,21566
256510,21520,21563
279850,21520,21590
100724,21521,21611
209254,21521,21626
232813,21522,21565
219094,21522,21588
333091,21523,21569
269495,21526,21587
333094,21529,21582
329458,21534,21593
53971,21534,21607
62506,21535,21597
286763,21536,21577
49368,21537,21618
163024,21542,21609
380701,21542,21620
298156,21547,21611
329462,21549,21627
202431,21549,21630
80149,21550,21612
104767,21553,21627
316730,21555,21617
17663,21555,21621
274723,21560,21610
98501,21561,21628
306664,21563,21625
134896,21563,21634
83602,21568,21622
134899,21569,21628
150,21570,21627
332081,21571,21633
232734,21578,21638
340195,21582,21647
141984,21585,21648
177311,21587,21648
174506,21682,21746
156378,21684,21732
81610,21685,21737
54391,21685,21762
228339,21686,21760
37435,21688,21733
282765,21689,21765
32263,21690,21761
9239,21692,21775
228825,21693,21740
230873,21693,21758
210786,21702,21773
202287,21711,21774
45685,21714,21775
323958,21716,21775
328228,21724,21773
376651,21816,21898
53973,21819,21892
104770,21820,21887
88732,21829,21903
295306,21901,21948
114287,21949,22051
104786,21959,22110
114275,21963,22047
78107,21965,22067
24624,21968,22048
104442,21968,22084
88731,21999,22085
246278,22013,22067
114284,22014,22094
114285,22026,22115
101920,22055,22127
104785,22058,22126
329453,22212,22277
88734,22213,22312
114286,22214,22275
120551,22224,22312
343433,22238,22309
138786,22283,22363
466,22291,22355
21655,22406,22466
263356,22643,22698
340462,22643,22703
323519,22644,22693
52895,22644,22705
179011,22645,22700
329459,22645,22703
339869,22649,22704
235776,22651,22703
308449,22789,22864
69347,22789,22873
144006,22795,22864
294399,22801,22864
98071,22824,22873
97288,23039,23092
175156,23073,23152
298100,23075,23138
246170,23075,23149
59574,23078,23142
304625,23078,23149
156579,23083,23142
42713,23084,23150
199807,23087,23149
47490,23087,23152
164942,23096,23153
267415,23109,23205
25499,23131,23208
100722,23282,23380
389814,23288,23355
60111,23290,23370
267414,23360,23442
10486,23364,23443
374510,23366,23438
131871,23368,23441
4485,23372,23442
284980,23375,23443
346771,23380,23444
390118,23384,23436
251376,23638,23712
53972,23639,23689
267406,23645,23728
267387,23855,23930
267396,24037,24122
267395,24039,24108
333098,24073,24127
131876,24074,24144
42712,24076,24224
104767,24119,24187
13423,24123,24187
397193,24127,24202
385135,24162,24219
131875,24170,24250
131870,24183,24249
236987,24199,24279
286969,24200,24262
147573,24203,24274
104789,24216,24281
400385,24225,24292
175616,24471,24549
224916,24475,24552
384986,24482,24547
235295,24483,24549
235296,24485,24549
6967,24487,24550
53885,24490,24553
111799,24490,24560
40438,24491,24562
304952,24493,24567
165358,24496,24562
398711,24499,24565
104790,24501,24563
287334,24504,24589
226697,24506,24567
344206,24512,24574
267535,24512,24586
328879,24513,24566
205617,24514,24560
50217,24514,24589
286704,24519,24578
112065,24519,24595
329460,24524,24588
129294,24526,24598
149156,24529,24599
42714,24533,24596
214268,24533,24599
24264,24540,24595
358535,24556,24630
93630,24706,24747
256896,24711,24771
250856,24713,24764
402151,24713,24770
399268,25004,25066
110563,25123,25180
267403,25141,25204
308045,25224,25285
105288,25227,25338
141981,25228,25292
94365,25232,25291
141983,25232,25320
267402,25233,25305
331177,25235,25300
43078,25236,25291
389810,25236,25299
267388,25236,25318
23351,25239,25325
316731,25240,25338
82505,25244,25307
62501,25245,25344
100661,25246,25332
141982,25247,25340
104788,25248,25330
50575,25249,25316
172961,25250,25309
134688,25250,25312
188598,25250,25332
53892,25251,25329
5904,25252,25324
54005,25252,25327
467,25253,25343
328607,25254,25316
47042,25254,25325
37447,25255,25320
355166,25257,25311
259455,25259,25328
119549,25259,25336
62500,25259,25367
82506,25260,25318
110565,25261,25327
220498,25261,25349
298104,25261,25362
43079,25262,25341
33257,25263,25348
377613,25264,25332
810,25265,25319
221128,25268,25330
225881,25270,25347
136680,25272,25361
64449,25273,25315
179276,25273,25327
151083,25273,25337
90630,25273,25350
97286,25274,25329
255170,25274,25336
294400,25274,25340
330364,25274,25346
290285,25274,25365
23348,25275,25339
392152,25276,25343
183501,25279,25360
8596,25282,25349
58925,25282,25368
155643,25283,25362
66134,25286,25338
52019,25289,25358
157378,25291,25364
391348,25293,25381
163823,25294,25346
301526,25294,25365
134854,25296,25357
333092,25303,25364
33053,25304,25360
287741,25304,25367
114288,25304,25381
77580,25306,25368
203897,25307,25384
91363,25307,25388
346030,25321,25381
401968,25322,25383
187232,25322,25410
289835,25326,25393
64618,25327,25413
4006,25331,25384
171137,25331,25428
195114,25345,25411
298160,25348,25444
208910,25349,25413
202188,25350,25412
361925,25352,25427
187496,25358,25434
64114,25363,25442
298161,25363,25448
94822,25364,25435
236854,25369,25426
396120,25370,25425
398734,25371,25445
94823,25373,25444
142450,25373,25449
139769,25376,25444
18420,25379,25445
257445,25379,25449
351121,25381,25445
406293,25402,25449
267401,25546,25618
115578,25689,25763
287740,25691,25754
301524,25971,26035
298162,25971,26060
9125,25976,26039
23349,25976,26043
104787,25978,26041
139768,25979,26040
189367,25979,26068
236937,25980,26043
161336,25980,26059
263357,25984,26079
55823,25993,26066
82504,25996,26050
296881,25996,26074
401159,25998,26068
138330,25999,26060
398732,26002,26076
161551,26002,26092
177308,26003,26067
53659,26004,26081
138329,26007,26073
239527,26017,26078
59571,26030,26108
318884,26048,26104
274445,26060,26111
133500,26065,26128
267399,26107,26188
236086,26115,26178
110562,26116,26177
97285,26116,26190
59182,26118,26178
18314,26118,26182
267404,26118,26192
286401,26119,26180
48027,26122,26188
400905,26127,26191
340194,26129,26190
267400,26391,26462
267392,26391,26473
131874,26419,26473
358386,26472,26533
103989,26477,26535
170775,26485,26545
267391,26496,26580
88733,26500,26562
308046,26671,26722
29095,26675,26721
344205,26678,26720
389815,26776,26828
23352,26776,26843
55821,26776,26846
106914,26779,26843
304626,26779,26848
301523,26779,26881
209256,26780,26845
298105,26782,26853
77154,26786,26849
151316,26791,26856
1403,26792,26849
298158,26797,26877
267393,26798,26861
257447,26803,26880
267389,26807,26914
267394,26845,26933
257446,26920,27001
271691,26980,27047
204184,26987,27057
112967,27002,27076
100727,27016,27083
379651,27018,27080
355924,27044,27136
295295,27045,27118
131877,27069,27132
358385,27073,27137
257443,27187,27266
257449,27221,27275
19759,27303,27367
275066,27306,27372
104761,27311,27388
104761,27416,27473
257444,27520,27589
402833,27720,27806
214566,27721,27788
82503,27724,27779
23973,27725,27785
244012,27727,27785
206581,27728,27804
217874,27729,27799
119984,27729,27806
200770,27730,27796
71783,27730,27803
405788,27731,27792
328737,27732,27796
128702,27736,27794
153249,27736,27801
117197,27736,27808
77126,27738,27807
79046,27940,28001
301525,27942,28004
304338,27944,28005
143410,27962,28008
233107,27988,28068
150927,28025,28087
69348,28050,28117
276896,28063,28123
268482,28190,28238
62498,28190,28246
142446,28191,28243
348688,28192,28240
202433,28192,28246
88735,28192,28249
220462,28206,28276
97287,28265,28375
267386,28292,28460
195059,28317,28383
77648,28321,28393
304950,28567,28618
96450,28614,28683
257448,28945,29006
195115,28945,29008
177309,28947,29008
329461,29044,29104
343311,29045,29108
13297,29050,29109
77182,29051,29114
267397,29128,29205
312878,29141,29204
63002,29161,29221
146702,29161,29226
104791,29165,29226
203572,29166,29221
164388,29167,29229
37434,29171,29249
131438,29192,29272
131872,29361,29452
333097,29364,29454
286765,29365,29446
333096,29372,29443
401174,29379,29432
298101,29544,29605
23350,29773,29830
90759,29773,29869
396121,29774,29835
165678,29837,29905
171976,29889,29942
