227790,710,788
20790,728,789
113527,849,934
211193,994,1056
109386,998,1064
105524,1009,1070
105525,1009,1073
18103,1010,1068
184095,1012,1076
48469,1024,1087
48476,1024,1100
357264,1037,1106
24605,1049,1117
113527,1090,1185
317066,1115,1176
173362,1118,1184
234166,1120,1172
118336,1167,1221
260707,1179,1269
328596,1192,1269
240392,1198,1263
196099,1200,1264
101935,1201,1269
186968,1202,1265
266822,1204,1269
165795,1205,1270
295585,1206,1268
328595,1207,1269
266826,1208,1268
253254,1211,1264
265555,1465,1548
278406,1484,1566
130012,1486,1546
22473,1489,1555
96417,1616,1681
231501,1618,1681
12650,1625,1680
335121,1626,1679
33597,1628,1681
83034,1746,1802
51685,1869,1921
403190,2007,2080
48471,2014,2079
161343,2018,2099
251089,2024,2114
191405,2030,2094
41852,2038,2105
123702,2108,2173
54865,2138,2220
312993,2141,2206
293090,2157,2221
294273,2166,2220
165794,2343,2427
96433,2377,2427
265561,2731,2801
45545,2775,2831
332031,2787,2832
48480,2888,2949
271160,2906,2970
240394,3039,3118
51075,3049,3119
135334,3049,3130
308177,3052,3127
237240,3055,3130
143039,3062,3126
113519,3073,3128
172691,3084,3130
270097,3085,3128
37998,3187,3249
24604,3286,3365
229745,3287,3355
231500,3294,3342
67314,3297,3365
324185,3309,3359
117615,3543,3606
370647,3544,3617
388835,3554,3616
117725,3555,3617
338360,3558,3617
394139,3560,3617
225039,3561,3615
225235,3913,4003
95656,3920,3983
14681,3922,3993
333617,3923,3970
33531,3925,3987
255889,3926,3972
261646,3926,3990
284861,3927,3998
97690,3928,3996
177662,3929,4034
20907,3930,4001
103283,3931,3991
72031,3933,4011
10953,3936,3997
332666,4146,4228
52203,4161,4219
373996,4263,4312
260703,4263,4331
211192,4274,4341
211208,4313,4384
349833,4317,4378
369461,4319,4389
113547,4320,4411
194450,4329,4377
266343,4330,4389
25327,4330,4409
58337,4339,4412
24615,4652,4716
211797,4680,4742
325203,4680,4744
240431,4890,4954
390316,4893,4952
228092,4897,4959
211207,4937,5001
113543,5121,5184
265562,5182,5274
113542,5183,5264
207967,5211,5268
113546,5285,5349
198239,5288,5349
298056,5291,5348
211795,5511,5592
237296,5553,5619
123701,5559,5620
241477,5563,5622
372735,5596,5666
29299,5601,5651
308178,5626,5688
58345,5628,5689
388180,5629,5693
48470,5651,5741
113531,5659,5751
153925,5677,5754
341663,5679,5751
109385,5682,5754
64616,5684,5752
328597,5686,5754
3216,5691,5753
48328,5701,5752
315171,5815,5871
357073,5880,5950
202275,5884,5948
303136,5885,5955
240936,5886,5948
146563,5887,5945
1533,5887,5959
162220,5889,5948
202276,5891,5959
215795,5894,5970
206139,5901,5955
165986,5901,5970
45180,5902,5973
76178,5908,5969
158433,5911,5968
65514,5924,5970
265563,5967,6022
113544,5968,6034
352271,5973,6036
332038,6019,6099
20776,6179,6234
109388,6322,6386
210345,6368,6440
122178,6373,6440
181668,6390,6452
376395,6392,6455
157127,6411,6475
6292,6514,6571
113545,6541,6602
266825,6646,6715
109387,6652,6726
350143,6659,6721
259665,6663,6726
233110,6702,6763
385778,6735,6806
356645,6736,6799
365523,6741,6790
379278,6750,6820
268534,6764,6819
2885,6766,6814
979,6768,6816
186198,6768,6826
153093,6769,6823
62499,6769,6849
399687,6771,6824
240393,6772,6825
151384,6779,6849
314229,6780,6844
151064,6783,6825
123782,6784,6845
61542,6784,6849
372925,6786,6849
20775,6788,6849
153632,6789,6845
342665,6790,6846
109391,6880,6959
338351,6882,6942
346751,6885,6942
209386,6887,6939
357072,6894,6966
338362,6917,6972
216652,6919,6993
64410,7052,7105
298563,7054,7105
44356,7056,7116
317745,7057,7126
48472,7057,7133
210813,7059,7125
289935,7060,7143
209913,7062,7125
408031,7062,7140
122157,7063,7154
252977,7064,7109
266832,7064,7136
266831,7064,7144
266828,7070,7157
95438,7071,7147
109394,7072,7155
266835,7081,7156
60345,7088,7164
24611,7117,7183
369345,7119,7199
104431,7290,7358
243679,7295,7365
24612,7299,7356
189445,7355,7421
312990,7366,7465
308173,7377,7443
230660,7378,7449
237299,7382,7455
263183,7390,7452
268368,7394,7455
58334,7488,7553
58350,7536,7627
332039,7550,7673
173360,7557,7618
188314,7557,7633
179136,7561,7635
158700,7563,7634
48475,7564,7653
85770,7564,7671
165793,7566,7627
188253,7568,7673
237297,7570,7645
293088,7571,7635
160792,7572,7633
59963,7573,7635
116045,7574,7648
311549,7575,7644
21181,7583,7644
349901,7583,7647
371510,7585,7678
43091,7586,7669
126795,7588,7649
165791,7588,7653
262686,7590,7653
237300,7591,7671
33144,7594,7656
202257,7594,7659
35410,7594,7689
106600,7596,7676
280736,7596,7681
158228,7597,7667
373069,7599,7660
299956,7599,7663
54305,7600,7672
59964,7604,7685
266824,7605,7669
260711,7606,7691
181216,7606,7703
84818,7609,7677
68278,7611,7667
151416,7612,7675
35409,7612,7696
147512,7612,7699
151063,7615,7678
108395,7615,7682
258855,7622,7683
372692,7630,7694
375695,7630,7703
271259,7634,7695
278404,7640,7704
293091,7646,7712
265564,7647,7708
368118,7650,7711
24603,7651,7707
113533,7653,7720
266823,7653,7741
304240,7672,7743
48477,7673,7747
309218,7679,7733
1054,7684,7735
308174,7686,7752
265768,7689,7801
98855,7690,7761
298057,7694,7763
153924,7700,7785
265556,7703,7790
211800,7705,7779
139963,7710,7779
332030,7713,7777
2090,7718,7786
135428,7719,7799
365063,7721,7790
135429,7721,7836
228966,7722,7794
227728,7722,7818
17191,7723,7780
352032,7724,7801
177816,7727,7796
289392,7730,7792
88098,7730,7798
382377,7732,7793
379396,7732,7795
182858,7733,7801
116043,7735,7807
349832,7735,7820
291379,7736,7800
113537,7736,7804
271221,7736,7811
396290,7739,7810
238676,7740,7802
305479,7741,7806
271220,7741,7813
175026,7742,7795
46790,7743,7829
282402,7746,7806
44059,7746,7823
333615,7747,7815
116441,7752,7794
313618,7753,7798
178439,7755,7828
13665,7757,7819
141557,7761,7832
282403,7768,7829
291199,7768,7839
204004,7769,7867
239405,7781,7829
211202,7792,7861
157874,7794,7892
144105,7795,7860
12770,7797,7855
333616,7797,7858
72810,7802,7865
48473,7803,7862
366703,7809,7874
211669,7811,7873
32133,7812,7876
241335,7813,7892
373547,7813,7916
1477,7814,7875
39507,7815,7882
56442,7815,7908
154069,7820,7905
209989,7823,7887
325751,7824,7888
309751,7826,7889
25511,7831,7890
16790,7834,7894
170967,7834,7918
242316,7835,7897
212336,7835,7926
94884,7836,7910
360369,7837,7896
2277,7837,7899
31984,7837,7901
214423,7837,7913
41851,7841,7922
201849,7842,7944
211194,7844,7959
234687,7845,7911
319508,7845,7914
325214,7848,7911
289021,7848,7934
265769,7850,7915
144104,7850,7948
226816,7852,7934
144106,7855,7965
374146,7858,7920
18194,7859,7922
171434,7862,7923
67098,7863,7946
309748,7863,7974
144103,7864,7926
69404,7866,7955
309752,7867,7965
24607,7867,7974
205844,7868,7929
18193,7870,7937
262685,7872,7955
153923,7873,7972
251651,7875,7970
309749,7875,7981
153922,7878,7939
188254,7878,7963
309753,7879,7978
237301,7881,7942
301416,7886,7978
381076,7887,7980
120704,7889,7948
215843,7889,7950
22023,7894,7955
59962,7895,7969
113532,7895,7978
24618,7897,7959
325216,7899,7962
84489,7901,7962
317763,7901,7984
48766,7904,7965
260712,7913,7988
117614,7915,7981
220949,7917,7988
117613,7920,7982
146935,7947,8023
266827,7967,8035
58342,8010,8112
58343,8014,8112
21948,8018,8097
211801,8028,8106
211799,8029,8110
312994,8031,8106
113539,8032,8109
309750,8036,8101
55518,8036,8111
1206,8040,8107
194267,8045,8108
387607,8051,8109
55071,8053,8106
158177,8057,8111
211794,8060,8110
113531,8241,8323
81328,8267,8327
3216,8270,8323
272975,8300,8354
76106,8306,8358
385777,8307,8356
24608,8375,8430
55887,8582,8663
286100,8585,8640
271418,8585,8656
70195,8585,8665
68312,8589,8652
165616,8592,8660
165615,8592,8681
132734,8642,8692
213916,8760,8824
150597,8779,8836
277859,9039,9102
231045,9039,9110
358621,9040,9098
258528,9040,9103
265557,9040,9113
275558,9045,9112
260713,9174,9291
113536,9175,9258
6323,9178,9235
145025,9191,9259
223260,9193,9263
12007,9195,9274
245723,9196,9260
13844,9197,9280
19908,9199,9261
58335,9201,9260
165614,9201,9275
32465,9204,9261
2788,9204,9278
56476,9205,9290
204007,9206,9272
3542,9207,9274
270099,9209,9275
242403,9210,9284
83049,9211,9275
109395,9212,9290
253617,9215,9275
112772,9215,9277
294262,9215,9291
66538,9215,9298
143408,9215,9314
369972,9216,9280
152663,9217,9292
145236,9218,9299
373997,9218,9319
227394,9219,9283
27939,9221,9276
246899,9221,9291
322313,9223,9289
4973,9224,9285
277414,9225,9283
379397,9228,9309
72949,9229,9290
20774,9229,9294
4052,9231,9306
210136,9231,9314
202785,9232,9299
134766,9233,9312
100298,9235,9314
380480,9236,9297
349284,9236,9303
58340,9236,9321
174995,9238,9319
151556,9238,9322
168347,9239,9324
149670,9240,9308
245340,9241,9304
270098,9244,9327
179610,9246,9306
214321,9246,9309
330857,9246,9332
323947,9247,9316
114665,9247,9322
232011,9247,9326
227789,9250,9319
135812,9253,9323
365062,9254,9333
67880,9255,9325
158176,9257,9324
132190,9258,9321
186576,9259,9327
58339,9260,9321
332040,9260,9323
290255,9261,9322
114213,9262,9320
330161,9266,9325
123517,9271,9324
130048,9273,9340
59016,9508,9568
364989,9610,9681
391578,9663,9726
114666,9665,9728
5037,9665,9734
89314,9666,9736
109389,9666,9745
105667,9668,9726
370984,9668,9737
312991,9668,9741
114407,9668,9748
240430,9669,9727
116880,9669,9733
17192,9669,9735
234890,9669,9753
153921,9670,9745
366198,9700,9745
348827,9776,9847
171131,9777,9837
327493,9782,9843
301519,9782,9859
408030,9800,9856
120984,9803,9852
24624,10092,10173
113538,10095,10175
59969,10157,10235
135427,10171,10241
338354,10182,10274
211802,10191,10259
71691,10192,10276
96538,10195,10247
260704,10196,10264
293089,10196,10269
348988,10199,10274
338352,10209,10270
153281,10216,10277
191872,10225,10275
130779,10258,10312
43531,10405,10478
337466,10408,10474
312992,10417,10479
260706,10437,10557
89693,10447,10555
381427,10451,10570
202234,10453,10565
287505,10457,10552
260708,10459,10600
260705,10461,10580
352273,10462,10564
198685,10464,10537
237302,10466,10578
201088,10468,10531
244702,10471,10561
316559,10471,10570
289022,10471,10588
332041,10472,10579
326664,10474,10613
1055,10475,10559
244700,10475,10590
899,10475,10600
260709,10475,10608
62737,10476,10544
188257,10477,10644
284862,10479,10530
6623,10479,10545
161618,10479,10600
58356,10482,10613
299324,10497,10631
289023,10499,10610
316560,10507,10625
338356,10509,10600
260710,10509,10612
146934,10511,10636
289025,10511,10654
258527,10512,10632
244704,10523,10655
153920,10526,10651
244703,10527,10642
319367,10531,10601
358691,10534,10598
256479,10534,10604
404479,10535,10651
333346,10535,10673
80387,10537,10602
370569,10540,10606
371800,10540,10645
20802,10546,10668
255745,10553,10668
221061,10554,10618
228537,10557,10641
116468,10558,10634
171707,10558,10667
13485,10559,10623
22008,10560,10653
304544,10562,10647
211798,10573,10633
179609,10579,10672
61809,10583,10643
289020,10584,10669
312995,10594,10644
206882,10594,10655
265855,10594,10657
337191,10597,10653
379715,10599,10680
168556,10601,10668
4051,10604,10669
128668,10612,10667
120860,10787,10842
70469,10788,10841
132488,10796,10864
194449,10799,10864
26488,10983,11034
59966,11274,11341
62505,11281,11361
264527,11282,11343
130953,11282,11368
286440,11286,11361
139387,11306,11381
83213,11332,11402
265559,11345,11414
344605,11399,11492
370570,11403,11463
344604,11403,11507
258857,11409,11518
338355,11410,11497
325215,11413,11492
181737,11419,11488
357074,11419,11524
313003,11421,11498
266830,11421,11515
266829,11422,11511
135426,11423,11485
59967,11425,11488
59968,11425,11490
54632,11425,11498
266834,11430,11511
211198,11430,11529
288885,11432,11531
21182,11435,11486
270041,11435,11508
211796,11436,11495
83491,11436,11515
371869,11437,11496
371868,11437,11518
10954,11439,11488
211210,11440,11497
177504,11442,11525
378927,11444,11517
108696,11445,11508
5066,11446,11510
24606,11450,11525
135421,11451,11513
188256,11451,11527
278402,11453,11500
240395,11453,11525
54913,11454,11517
113532,11454,11519
33143,11455,11503
35408,11458,11526
245339,11484,11561
260181,11484,11569
311548,11487,11549
324908,11493,11567
237437,11496,11558
319918,11497,11602
32132,11500,11558
269915,11502,11555
338359,11502,11568
317744,11507,11569
253253,11526,11600
39505,11546,11597
39506,11548,11609
113533,11553,11611
5287,11553,11621
394319,11568,11626
225456,11568,11656
195122,11577,11650
73270,11583,11649
76627,11589,11651
289560,11594,11654
151888,11597,11659
32863,11598,11652
237438,11604,11671
308176,11609,11693
266836,11614,11688
335113,11617,11681
62498,11623,11688
188255,11625,11744
266840,11626,11691
352272,11636,11701
165790,11656,11747
198684,11664,11735
227788,11665,11726
332870,11666,11747
34885,11732,11791
265560,11769,11832
376964,12044,12095
215796,12048,12124
58338,12050,12111
396718,12073,12158
313002,12078,12149
396717,12082,12153
135416,12084,12175
250985,12087,12150
153026,12091,12161
235194,12093,12147
160791,12093,12154
72030,12093,12159
146693,12097,12150
145237,12097,12169
236060,12152,12221
228021,12192,12268
268533,12213,12268
189446,12236,12303
24631,12238,12302
55279,12437,12500
113541,12437,12503
112772,12438,12502
199644,12439,12505
24630,12439,12514
316557,12440,12512
84817,12441,12508
367978,12442,12514
122889,12446,12507
47331,12605,12666
186577,12613,12686
211604,12800,12855
93713,12800,12884
359292,12801,12870
92602,12802,12863
121540,12808,12869
263520,12817,12886
161342,12818,12879
15430,12821,12880
179608,12821,12891
281261,12827,12892
329480,12827,12897
217210,12832,12902
313001,12835,12941
367327,12837,12923
180177,12838,12906
55139,12849,12911
385039,12849,12921
343441,12859,12959
295263,12861,12923
7112,12862,12925
348141,12866,12931
312996,12866,12942
320854,12875,12948
72127,12876,12941
322377,12879,12958
24632,12886,12958
28878,12888,12956
135425,12890,12957
58432,12891,12953
165792,12891,12960
24610,12891,12963
313004,12892,12991
27959,12893,12962
342844,12895,12959
138377,12897,12948
220471,12906,12978
177721,12907,12958
5775,12907,12972
59971,12995,13056
158251,13001,13070
193483,13023,13090
373068,13037,13117
15909,13038,13104
314184,13040,13083
59972,13040,13101
35848,13040,13119
211204,13041,13103
363144,13042,13113
289024,13048,13113
214268,13061,13128
1476,13195,13254
189444,13195,13258
265856,13215,13300
45845,13225,13294
189443,13235,13328
230896,13344,13401
186574,13479,13541
210344,13479,13548
100477,13480,13544
182855,13480,13587
173361,13482,13536
196098,13483,13547
182857,13487,13598
198775,13495,13554
310468,13496,13565
256480,13499,13564
285407,13501,13573
273200,13504,13552
381982,13504,13570
117612,13504,13573
182856,13504,13601
205742,13505,13576
175211,13506,13599
109893,13510,13576
194434,13512,13563
74372,13512,13595
366845,13514,13575
20801,13514,13585
161341,13516,13577
19361,13520,13605
233109,13523,13586
30879,13524,13597
397608,13525,13587
230470,13543,13605
316558,13554,13604
76514,13662,13729
94932,13749,13803
266833,13913,13971
266841,13914,13977
113540,14042,14140
270042,14057,14124
25326,14060,14141
266342,14064,14123
357078,14065,14127
72948,14066,14124
225949,14066,14129
374841,14067,14128
233436,14068,14129
114212,14068,14141
192112,14069,14121
292843,14070,14129
299483,14171,14222
377349,14173,14234
54631,14176,14264
241795,14182,14255
325217,14182,14259
273201,14183,14263
225955,14184,14277
35411,14185,14256
67344,14186,14272
211200,14187,14301
135424,14188,14250
241796,14189,14257
85073,14193,14266
207968,14193,14300
114790,14195,14260
97534,14197,14295
293092,14200,14253
338353,14200,14295
371871,14201,14290
282400,14202,14265
385776,14204,14300
45001,14206,14268
308361,14207,14270
322312,14207,14273
52985,14207,14282
24609,14208,14307
97533,14209,14305
310507,14209,14326
381078,14212,14303
43783,14213,14274
56656,14213,14305
48474,14213,14308
342505,14213,14316
48765,14214,14278
237298,14214,14301
280735,14217,14281
329372,14217,14287
244701,14218,14321
159053,14219,14289
84488,14220,14286
309755,14221,14320
332667,14221,14334
231499,14223,14293
388182,14225,14316
388183,14225,14319
116044,14225,14322
354730,14226,14289
218917,14226,14305
128667,14227,14288
1207,14228,14290
153919,14230,14292
211196,14233,14329
291198,14238,14299
309754,14238,14301
308175,14238,14333
211203,14243,14330
87835,14245,14298
132740,14245,14329
4053,14247,14316
211195,14247,14319
55511,14249,14318
373070,14249,14325
24616,14250,14321
350145,14253,14322
86494,14254,14317
28624,14254,14319
260716,14254,14324
9405,14257,14325
274567,14263,14326
58336,14263,14333
384344,14512,14574
132739,14684,14734
3813,14685,14733
365064,14735,14816
17909,14753,14826
24623,14770,14859
372734,14778,14857
373995,14871,14943
285246,14873,14950
58351,14903,14957
188259,15166,15244
362546,15172,15244
308089,15173,15251
298061,15179,15246
1208,15179,15274
263469,15179,15277
298062,15179,15293
172692,15182,15243
78115,15182,15245
294272,15182,15253
266837,15182,15266
9782,15182,15269
313005,15183,15274
54630,15184,15246
398652,15189,15253
299744,15189,15273
313008,15191,15284
381077,15191,15296
312180,15193,15257
69302,15195,15257
211205,15199,15289
42976,15200,15287
237304,15201,15312
299957,15205,15277
42609,15205,15287
332668,15214,15309
170461,15221,15266
172694,15221,15299
365524,15223,15280
62504,15223,15284
387608,15237,15299
401583,15270,15334
113536,15385,15474
58341,15402,15498
172696,15406,15483
287504,15406,15488
84816,15407,15496
296833,15408,15475
324184,15409,15481
2787,15411,15475
280519,15429,15499
24629,15430,15504
296104,15437,15499
237305,15444,15537
231578,15450,15505
203814,15456,15501
147384,15460,15559
48478,15468,15529
316556,15472,15530
195680,15502,15553
312989,15581,15672
316555,15602,15661
312997,15604,15666
223261,15610,15672
58354,15618,15664
243678,15618,15666
383856,15619,15667
18294,15623,15671
6592,15628,15671
240937,15703,15758
167807,15703,15766
170792,15704,15760
260717,15705,15768
319843,15706,15754
292522,15706,15759
116043,15706,15764
113537,15708,15765
1859,15708,15773
52184,15711,15770
173358,15715,15772
189442,15893,15959
169782,15907,15973
176694,15907,15985
160567,15913,15976
255768,15916,15980
70571,15917,15970
352165,15923,15979
58346,15925,15972
321329,15928,15979
211197,16066,16139
65871,16069,16127
62510,16071,16137
235193,16183,16258
143175,16188,16255
85202,16215,16287
283190,16216,16279
260714,16217,16266
327494,16218,16282
278403,16220,16286
99148,16228,16282
3886,16229,16278
188442,16229,16285
4510,16229,16298
215875,16230,16312
258856,16233,16283
66052,16234,16282
245026,16247,16312
212522,16248,16325
282401,16257,16319
135420,16259,16325
66053,16264,16313
135417,16264,16318
156611,16696,16771
367837,16698,16794
60733,16732,16846
67994,16741,16851
35853,16744,16817
62501,16754,16845
266838,16754,16849
54061,16756,16854
218236,16757,16820
266842,16758,16837
50575,16760,16820
245301,16762,16820
298071,16762,16886
151270,16764,16839
62502,16769,16834
62500,16769,16872
361154,16776,16862
113539,16779,16852
162186,16779,16859
172695,16782,16843
265558,16784,16863
93815,16794,16876
345398,16795,16861
395627,16796,16865
19361,16796,16877
211215,16798,16853
203817,16798,16860
388181,16798,16869
154070,16808,16869
136611,16813,16874
79474,16814,16882
62738,16823,16900
195506,16829,16894
308179,16829,16932
162669,16834,16889
338357,16834,16954
278405,16839,16914
61592,16840,16931
359099,16845,16924
343852,16845,16953
291197,16848,16937
33050,16848,16944
313000,16849,16950
141679,16858,16950
181738,16860,16943
59965,16860,16956
313009,16861,16985
381081,16862,16976
172693,16865,16931
211214,16866,16927
188258,16866,16969
371870,16868,16963
270040,16872,16935
251697,16872,16949
396289,16876,16947
24622,16877,16959
33145,16877,16974
67345,16884,16952
202256,16888,16974
270039,16889,16955
24619,16889,16978
24614,16890,16972
327492,16891,16953
170460,16892,16938
373599,16892,16974
155475,16893,16955
48483,16894,16956
33142,16894,16960
278402,16895,16945
26957,16895,16957
164447,16900,16962
113529,16909,16981
24613,16913,16974
237303,16921,16987
114789,16924,16984
246039,16925,16974
113521,16926,16981
304981,16929,16987
183458,16933,16988
338361,16933,17012
227393,16997,17058
204005,17013,17088
28233,17021,17089
284860,17116,17174
403449,17116,17182
394140,17117,17175
211211,17117,17201
165788,17128,17186
141556,17163,17224
228091,17251,17324
380892,17262,17323
2201,17263,17316
244705,17263,17324
203816,17269,17323
132735,17271,17347
373546,17283,17346
234686,17292,17355
222161,17295,17360
136199,17330,17391
298058,17440,17492
122938,17444,17503
186575,17635,17703
48481,17819,17885
289559,17912,17972
342664,17919,17970
58344,17920,17999
239226,17998,18047
237239,17999,18059
227392,18220,18306
113538,18229,18306
4715,18235,18309
270096,18250,18306
252966,18468,18529
62507,18501,18562
257977,18501,18570
237306,18506,18571
58355,18511,18572
211201,18513,18572
62527,18669,18730
275557,18876,18942
353200,18919,19000
353199,18928,19000
211199,18942,19027
153918,18950,19005
251651,18950,19019
132738,18952,19027
381080,18953,19005
381079,18953,19024
132732,18954,19019
135422,18954,19030
332671,18955,19010
135423,18955,19037
245755,18957,19025
21276,18962,19021
332669,18963,19025
132731,18963,19030
165783,18983,19090
165789,18991,19059
62503,18994,19062
322429,19252,19300
300079,19280,19348
25019,19280,19355
137907,19280,19358
76515,19282,19360
101833,19282,19364
154885,19286,19349
323948,19292,19377
199685,19307,19360
60962,19307,19372
228020,19309,19376
159051,19311,19377
134765,19316,19365
298064,19318,19375
308180,19322,19375
211240,19329,19377
68428,19331,19374
165781,19447,19514
137727,19515,19579
71765,19962,20036
338358,19964,20027
269309,19965,20029
135418,19965,20035
173591,19969,20033
298059,19973,20036
51074,19979,20037
211212,20105,20167
113542,20107,20185
62509,20148,20203
113534,20275,20326
124881,20276,20330
124880,20278,20330
180980,20280,20330
390166,20447,20501
244706,20506,20575
113528,20513,20583
58348,20514,20566
343440,20515,20564
304877,20517,20567
312999,20559,20630
265566,20722,20784
298067,20724,20803
24499,20732,20801
24500,20734,20797
31253,20736,20803
214828,20741,20803
125419,20829,20893
62511,20837,20898
311547,20937,20998
157229,20959,21008
159876,21071,21125
218936,21071,21152
123516,21072,21147
265570,21081,21152
24617,21121,21173
244707,21129,21215
113528,21131,21205
58347,21155,21216
357077,21330,21384
165787,21330,21405
132733,21369,21447
135577,21392,21462
353299,21408,21479
173359,21408,21506
367977,21409,21471
184094,21410,21482
147019,21411,21463
21194,21423,21501
107673,21427,21497
314674,21428,21508
217211,21430,21491
206880,21432,21513
376993,21435,21508
203195,21443,21508
349283,21449,21511
222033,21624,21678
273380,21630,21691
58589,21632,21692
305120,21638,21699
84738,21742,21803
114755,21743,21805
212337,21746,21795
348140,21845,21911
372510,21848,21915
224524,21851,21912
265571,21851,21916
8701,21852,21913
315172,21852,21915
62820,21853,21899
400673,21853,21911
236059,21853,21916
31173,21853,21919
367804,21858,21912
349517,21860,21938
69862,21860,21956
58352,21867,21935
385037,21867,21945
49333,21876,21945
389942,21880,21930
37872,21920,21973
141680,21979,22067
265568,22013,22084
357982,22020,22083
206881,22023,22087
319371,22024,22086
174501,22025,22087
103282,22026,22082
134991,22034,22087
214412,22036,22081
113543,22184,22244
114663,22285,22332
323946,22482,22540
21823,22485,22569
346750,22500,22558
239049,22500,22564
113520,22504,22567
72519,22509,22595
369460,22511,22590
319827,22512,22592
144102,22515,22572
268532,22520,22571
103737,22522,22575
87570,22522,22584
195103,22542,22608
167410,22648,22732
193810,22683,22737
174994,22684,22728
185780,22769,22841
185779,22772,22841
211216,22781,22841
165784,22786,22841
24293,22933,22990
345519,22944,22989
113535,23077,23146
94758,23162,23245
197102,23266,23328
323945,23285,23337
292543,23322,23385
117724,23365,23453
372711,23377,23445
4051,23384,23448
369459,23387,23453
125420,23392,23460
193645,23398,23471
404973,23409,23474
260718,23409,23498
193482,23413,23485
204008,23414,23511
154667,23421,23484
372691,23427,23510
235002,23431,23486
260720,23448,23511
132741,23450,23511
210060,23451,23507
229516,23568,23617
100159,23577,23622
113544,23657,23714
42591,23657,23724
113530,23657,23732
266839,23657,23750
135413,23658,23740
72704,23661,23738
58359,23662,23749
273475,23666,23744
245754,23666,23749
109398,23668,23741
211213,23671,23741
109396,23673,23742
159052,23676,23749
24621,23681,23748
165779,23790,23832
312708,23791,23853
24637,23791,23877
146933,23792,23862
146932,23792,23888
267682,23793,23859
147020,23802,23849
345400,23802,23851
39764,23809,23878
319917,23812,23897
298060,23817,23894
357075,23819,23883
241476,23821,23897
116336,23822,23886
187950,23827,23890
39504,23830,23901
161368,23846,23894
280734,23854,23927
4716,23868,23935
407805,23869,23922
29767,24057,24129
312749,24058,24141
2275,24063,24146
17535,24070,24146
60344,24076,24142
157917,24076,24184
360526,24079,24130
123359,24081,24146
144360,24083,24143
24640,24083,24170
45000,24083,24173
317153,24084,24160
321328,24093,24158
211209,24093,24181
46532,24096,24159
167808,24097,24160
182635,24097,24169
60734,24098,24188
64615,24101,24174
52366,24102,24172
289026,24102,24188
345044,24104,24175
59973,24104,24183
58349,24105,24170
125417,24106,24160
214101,24108,24169
66539,24108,24183
266846,24110,24188
186416,24113,24187
292821,24119,24187
349830,24124,24167
249615,24246,24306
363810,24267,24335
198240,24274,24325
113545,24373,24429
165782,24441,24513
228090,24471,24547
147137,24623,24676
319915,24623,24693
47760,24623,24696
381083,24624,24721
24634,24625,24689
60269,24626,24693
338364,24627,24690
113530,24696,24771
383968,24743,24805
24627,24763,24869
309217,24764,24825
319916,24766,24838
322376,24768,24830
24636,24770,24837
24628,24783,24887
95353,24784,24862
24625,24786,24874
24626,24791,24878
357076,24795,24860
1835,24797,24865
105908,24801,24869
136729,24801,24883
113534,24806,24872
33597,24806,24879
144101,24807,24913
211217,24809,24888
179607,24809,24896
266845,24809,24933
22473,24810,24892
332670,24811,24883
266844,24815,24956
5585,24817,24935
115867,24818,24903
67346,24820,24892
58360,24822,24889
165851,24825,24927
120983,24827,24888
236264,24829,24897
110668,24831,24900
141676,24832,24949
165778,24832,24955
294271,24833,24912
260719,24834,24928
167411,24835,24899
291196,24836,24938
120503,24838,24940
317762,24839,24914
203815,24842,24929
179135,24843,24906
195910,24844,24909
59970,24844,24939
31252,24847,24913
55922,24849,24914
381082,24850,24966
187068,24852,24935
308182,24854,24964
165777,24856,24959
312179,24857,24944
62508,24860,24933
132737,24861,24921
188260,24861,24956
299712,24866,24964
299713,24867,24960
132736,24869,24928
313012,24872,24970
308183,24873,24959
211206,24874,24967
96405,24875,24937
165785,24877,24933
260182,24877,24959
282399,24880,24941
135415,24881,24960
309756,24883,24956
295283,24883,24959
48764,24885,24957
226817,24885,24967
24633,24888,24949
144387,24889,24954
67347,24890,24959
84078,24897,24962
58358,24898,24960
113529,24898,24969
109399,24902,24965
309757,24903,24964
293093,24905,24970
109390,24909,24969
332672,24990,25085
376394,25030,25085
205843,25058,25121
204006,25075,25130
188261,25208,25280
239064,25210,25265
298065,25311,25373
58353,25313,25390
313006,25319,25449
313010,25321,25453
151269,25327,25389
345045,25330,25393
135414,25331,25410
348909,25332,25422
313007,25334,25458
107998,25340,25401
167412,25342,25400
197103,25346,25409
275593,25348,25427
385038,25353,25435
54174,25360,25427
29388,25362,25424
5626,25362,25430
109401,25362,25435
80060,25363,25416
172777,25364,25425
124366,25364,25440
124367,25364,25444
125902,25365,25423
365067,25372,25451
92601,25374,25437
257859,25375,25460
235192,25390,25448
278407,25390,25461
360569,25391,25452
141681,25392,25444
3012,25394,25469
212910,25396,25454
59718,25396,25463
326839,25401,25470
165786,25641,25709
313013,25641,25726
109400,25642,25707
113529,25642,25713
338365,25644,25706
17995,25644,25725
51696,25644,25730
162668,25646,25710
763,25649,25713
6121,25651,25714
154668,25651,25718
32336,25654,25727
266341,25655,25716
12439,25655,25719
338363,25658,25712
348139,25658,25714
97535,25658,25720
26956,25658,25729
30515,25659,25721
375265,25659,25727
25513,25660,25724
223499,25661,25719
96984,25662,25724
114750,25663,25729
388184,25665,25730
237308,25667,25731
328223,25668,25724
29462,25669,25710
326305,25670,25720
395972,25670,25728
357080,25671,25729
118617,25672,25725
341433,25673,25715
77484,25779,25839
77378,25780,25831
113541,25992,26047
265777,25992,26049
22022,25995,26047
266843,26279,26334
325750,26414,26465
35412,26761,26825
114939,26763,26825
373545,26765,26837
250346,26785,26846
132487,26856,26939
364990,26870,26942
214422,26877,26948
180420,26878,26929
326373,26878,26953
114664,26879,26937
12769,26881,26939
76513,26884,26939
71764,26884,26949
195102,26885,26940
326766,26885,26950
113546,26885,26953
139388,26887,26937
151415,26888,26943
277413,26891,26953
80388,26904,26965
205842,26912,26963
113526,27068,27149
58357,27124,27182
363811,27133,27207
265275,27147,27208
343167,27164,27245
250984,27206,27292
372430,27208,27296
113526,27209,27278
113540,27212,27306
135419,27213,27296
349831,27218,27293
296473,27226,27280
298069,27230,27343
163874,27233,27290
124368,27233,27294
332455,27233,27306
113547,27233,27326
271219,27234,27296
260715,27234,27303
211218,27236,27315
160566,27237,27302
36778,27237,27338
23917,27238,27291
10955,27238,27329
23916,27239,27288
167637,27239,27296
319775,27239,27301
298063,27240,27320
298066,27241,27324
35362,27245,27321
358690,27252,27327
211803,27257,27320
150,27258,27340
233108,27259,27337
133309,27261,27320
265567,27262,27347
371588,27265,27334
298070,27265,27348
44859,27271,27338
117905,27271,27342
250753,27274,27338
389322,27275,27348
308181,27277,27343
255124,27278,27339
99817,27280,27345
48484,27281,27338
59891,27282,27339
211985,27283,27344
74053,27284,27345
260721,27285,27347
385099,27292,27342
62512,27292,27348
157962,27297,27346
312998,27298,27348
401461,27303,27345
254364,27305,27348
285245,27466,27534
266848,27516,27598
24641,27529,27618
252328,27577,27641
372978,27582,27641
196097,27588,27638
325080,27601,27673
85373,27605,27680
333501,27635,27704
335112,27643,27703
247164,27643,27706
184093,27644,27709
111214,27659,27725
332029,27775,27853
53811,27790,27852
345399,27797,27862
62312,28035,28092
53008,28035,28096
279884,28039,28146
109393,28067,28159
109392,28072,28152
94196,28109,28171
24635,28174,28233
109397,28175,28246
62513,28188,28246
125418,28192,28246
113535,28426,28486
313011,28484,28574
388041,28493,28566
162638,28498,28604
232320,28499,28562
48479,28500,28573
334418,28501,28567
265569,28502,28590
170459,28509,28570
96398,28509,28619
44342,28512,28599
237307,28513,28583
106596,28513,28587
2276,28514,28606
36779,28515,28581
266847,28515,28633
357079,28518,28588
265565,28518,28606
284859,28518,28625
143038,28521,28592
165780,28525,28629
266258,28526,28574
153917,28526,28588
24638,28526,28626
92241,28529,28573
24620,28530,28631
163498,28532,28591
232019,28532,28593
141682,28534,28613
62506,28534,28616
143037,28539,28593
376992,28539,28621
374279,28541,28607
140100,28541,28625
208502,28545,28623
227787,28546,28621
2274,28558,28619
25325,28559,28624
55138,28562,28623
137827,28563,28626
53928,28565,28626
387609,28567,28636
23915,28569,28666
398797,28570,28632
91240,28571,28642
320554,28571,28646
280743,28572,28633
273476,28574,28633
267742,28574,28643
200361,28575,28630
48482,28635,28697
165776,28726,28784
99094,29092,29154
305478,29105,29172
3969,29137,29210
24639,29300,29369
52118,29317,29375
172661,29343,29403
380498,29474,29542
298068,29505,29572
256802,29609,29675
197101,29623,29674
342225,29624,29677
400672,29628,29687
372977,29634,29688
309758,29826,29887
244001,29832,29902
276198,29908,29969
