216923,99,252
156428,102,198
260033,103,251
67009,104,234
116948,105,198
116947,105,223
260026,108,244
125570,109,189
318762,114,265
299187,115,192
312537,115,202
35916,115,241
260028,115,254
17113,118,200
292047,118,238
300527,120,183
60461,121,188
283128,121,240
99738,125,308
275879,127,282
299324,138,266
202328,142,295
391862,143,212
248433,144,249
180986,145,330
37598,150,289
239657,165,314
281635,168,311
16637,179,291
281074,186,274
260032,193,353
353451,201,288
334024,223,295
20277,232,290
321396,238,309
20695,243,291
398012,243,314
90915,245,307
260025,245,313
314705,247,330
174821,247,359
287353,250,313
118917,267,330
172463,274,329
117705,294,373
216924,295,401
202329,309,391
49893,311,379
260031,311,425
272546,314,381
239660,317,399
239658,381,491
318761,408,499
255636,414,462
196255,429,479
239659,429,499
322424,586,658
155772,587,648
182277,697,804
180987,698,775
127229,705,762
28106,705,766
288733,718,819
3174,719,784
112195,726,800
53638,726,804
240627,732,798
403145,733,791
298255,734,788
117500,734,804
115990,734,810
293504,734,819
25589,735,789
107285,735,793
176805,737,799
272597,753,804
292558,753,808
48640,754,819
318760,756,847
155380,759,819
207111,762,819
292557,763,817
281686,946,998
197783,946,1001
219660,947,989
81684,947,996
201572,948,995
168083,948,998
6305,956,1005
19355,1083,1145
224843,1085,1152
70780,1087,1148
39149,1089,1137
19742,1089,1150
165725,1092,1143
303510,1096,1169
147637,1105,1159
18473,1117,1180
181725,1149,1217
262075,1161,1258
266846,1178,1260
29082,1195,1252
202756,1195,1293
323928,1253,1316
202755,1285,1410
328556,1727,1776
237463,1789,1847
240054,2061,2123
31384,2153,2227
141515,2154,2223
321395,2156,2218
150372,2157,2222
284001,2158,2221
260027,2160,2222
248584,2162,2220
318962,2162,2223
121131,2163,2225
248792,2165,2226
21958,2172,2227
202759,2177,2291
303511,2178,2229
64139,2267,2338
327353,2273,2328
235504,2544,2600
202755,2696,2820
186416,2751,2815
202756,2754,2849
290674,3020,3075
179771,3254,3324
202757,3259,3340
91856,3262,3323
8141,3272,3361
399516,3272,3364
75100,3274,3336
124773,3274,3342
52401,3275,3340
361755,3275,3352
75266,3279,3363
138268,3280,3346
263286,3281,3335
365593,3281,3340
11760,3281,3344
20694,3281,3361
239661,3284,3347
6785,3285,3361
325255,3296,3361
72105,3312,3375
202758,3338,3460
62502,3354,3420
260029,3520,3590
8142,3520,3601
5219,3523,3591
355493,3526,3588
274922,3559,3612
298851,3565,3624
196983,3565,3646
45872,3654,3723
41531,3680,3740
248434,3757,3824
281634,3758,3820
59407,3775,3831
175281,3867,3931
129535,3868,3944
35782,3903,3978
248432,3908,3978
394655,3919,3985
84810,3919,4003
239887,3928,3980
394656,3928,4018
99736,3934,4018
311181,3938,4009
179026,3938,4016
290673,3940,4021
289774,3946,4018
405323,3950,4015
290675,3950,4036
99737,3952,4017
196254,3956,4019
201740,3956,4022
407800,3959,4012
275876,3959,4022
91772,3959,4038
314640,3960,4014
12040,3963,4025
72281,3964,4030
136460,3966,4031
223080,3969,4036
80722,3970,4039
94817,3971,4035
188974,3974,4040
233598,3976,4038
323613,3981,4038
185358,3984,4036
275878,3986,4039
99735,3991,4033
275877,3991,4041
344727,3992,4037
390237,4262,4326
60987,4265,4336
273206,4268,4336
292993,4270,4331
266205,4284,4348
52400,4284,4352
155771,4463,4561
260030,4505,4577
91771,4505,4583
16321,4508,4581
407794,4515,4596
365218,4526,4592
91773,4535,4596
362030,4642,4696
8143,4648,4717
59406,4695,4758
80723,4952,4997
117361,4952,5006
334030,4955,5014
19074,4957,5015
185274,4957,5023
180988,4972,5083
151583,4994,5063
311182,4995,5086
168816,4996,5062
95925,5000,5063
116543,5002,5064
241851,5036,5092
202757,5071,5146
141039,5170,5220
389014,5170,5233
5496,5171,5237
202758,5171,5305
265088,5175,5234
353831,5192,5248
186645,5192,5255
72263,5194,5259
90760,5194,5269
141819,5330,5391
202759,5354,5464
365592,6011,6077
182276,6013,6088
401808,6018,6096
290008,6023,6085
355494,6028,6089
141514,6036,6097
