132294,155,216
313288,157,292
192032,161,236
18790,163,213
369954,165,232
372355,168,238
278374,170,252
215730,170,291
101894,171,287
349997,174,276
148705,176,250
391475,176,287
70050,177,273
70051,177,279
62480,179,286
325790,188,290
263163,188,305
303689,190,254
59976,191,286
160963,191,291
90909,192,315
377885,193,243
31414,195,286
149506,195,297
17979,196,266
356664,196,313
354617,197,285
212127,197,318
203006,198,268
284127,202,283
176861,205,341
6509,208,318
209024,232,318
101895,234,343
333957,253,314
2231,253,349
314818,258,369
31856,258,399
362625,258,408
32104,261,377
84256,265,342
287176,266,382
217241,266,386
173481,267,348
165472,272,397
76988,277,423
213159,283,400
283426,284,443
398180,285,405
65697,289,403
64980,294,443
80177,296,448
211123,296,459
65882,298,431
323265,300,419
169853,303,406
31855,314,451
228717,316,411
185644,316,436
313289,317,406
115161,319,411
275551,320,485
83757,321,440
49669,324,452
360193,327,485
2251,329,456
166838,329,469
313290,332,407
170748,333,486
13513,334,440
5433,335,460
84255,335,470
89997,336,421
299212,336,449
257483,337,419
13028,338,442
99421,338,502
4447,339,414
156374,340,439
84254,341,426
101896,341,466
384298,341,478
147723,351,467
201553,356,500
93193,362,449
5229,365,451
171051,367,433
261290,375,474
243996,381,506
485,386,452
398648,386,480
87678,396,492
49672,402,506
356665,404,484
142044,409,494
370994,410,487
198665,411,483
220771,412,474
288811,415,507
49671,416,518
403550,419,483
268627,420,518
11452,423,489
164517,424,487
186082,428,496
131775,429,486
358628,430,492
76989,432,500
215917,435,496
28649,435,501
162486,436,497
189734,436,510
288812,437,506
342031,438,500
88889,438,523
304975,439,502
88407,441,522
45264,444,486
29028,444,504
351481,444,527
277753,445,524
405206,446,506
229,447,522
14034,449,512
405205,451,525
264708,453,538
5434,454,520
52604,454,528
253260,455,510
217692,455,514
217185,455,516
223538,455,537
2740,455,540
253519,456,529
244216,456,547
353181,457,513
79609,458,509
5125,458,519
356221,458,535
396996,459,531
278373,459,537
325797,460,504
292073,460,563
208396,461,503
120846,463,532
98746,463,547
73626,472,564
140822,474,552
120784,476,563
35286,486,564
23741,487,546
228037,488,547
312102,491,561
1137,491,564
164003,492,548
43013,493,558
139791,501,563
114632,502,562
193231,506,563
243716,609,671
21398,762,831
240149,780,837
32350,780,842
165074,783,843
83758,791,863
160964,791,870
156609,792,856
7911,792,867
144136,793,862
142258,797,863
210133,801,864
229163,804,865
160156,809,876
118782,838,902
20918,839,903
120848,865,931
307676,874,949
110676,886,930
277752,1099,1176
242272,1170,1221
179671,1173,1236
31113,1179,1243
325099,1233,1311
292529,1477,1534
146391,1478,1608
346697,1480,1576
360370,1482,1595
342419,1486,1607
22894,1488,1579
22893,1488,1604
178286,1490,1616
235066,1494,1580
142045,1495,1574
45651,1496,1557
73229,1497,1566
91443,1498,1598
146323,1500,1565
47411,1500,1576
235293,1500,1619
273529,1501,1562
332773,1501,1582
235500,1505,1566
393860,1519,1571
283427,1531,1608
371861,1536,1610
396994,1544,1624
328613,1560,1624
14405,1561,1631
365027,1563,1630
33775,1571,1623
330529,1571,1629
211400,1584,1645
379610,1588,1659
49342,1590,1660
98973,1592,1659
16958,1593,1642
164045,1593,1654
11451,1600,1660
17579,1605,1660
183691,1618,1679
228162,1620,1690
180462,1624,1695
360244,1628,1692
49612,1632,1700
156759,1639,1692
208676,1645,1724
20649,1646,1715
126791,1648,1709
274790,1648,1724
51785,1650,1726
140619,1650,1754
192156,1651,1733
13223,1655,1726
217785,1660,1709
274791,1660,1724
112691,1665,1727
223,1667,1725
350685,1669,1724
140621,1750,1820
140812,1766,1847
299211,1771,1851
220105,1772,1837
140620,1772,1845
135195,1793,1856
73230,1931,2057
107198,1934,2000
318598,1952,2064
43014,1957,2042
27806,1973,2059
162559,1974,2028
318599,1977,2074
396995,1980,2067
166666,1980,2078
225202,2025,2087
376424,2025,2089
294206,2132,2207
294205,2134,2199
13319,2135,2187
216636,2138,2207
29975,2138,2211
19196,2155,2239
140808,2245,2309
302210,2249,2303
107199,2369,2462
312100,2378,2450
140808,2418,2495
4225,2442,2504
140812,2445,2508
135196,2464,2509
294197,2477,2543
186380,2486,2552
237833,2487,2551
210303,2488,2545
5203,2492,2569
29870,2504,2560
169709,2504,2570
115058,2527,2576
204888,2537,2601
26959,2549,2604
369727,2550,2602
286350,2722,2803
81212,2729,2802
88435,2733,2803
287484,2741,2800
401713,2755,2804
20222,2948,3010
200899,2948,3016
556,2948,3029
92949,2948,3037
166837,2948,3051
304960,2949,3026
98042,2949,3040
19195,2949,3047
19194,2952,3057
304959,2963,3034
349996,2964,3047
104880,2971,3045
65881,2975,3046
27583,2978,3034
7733,3173,3234
173070,3304,3386
345697,3308,3370
173069,3309,3380
149210,3520,3587
292528,3521,3578
306501,3523,3586
81210,3556,3649
96076,3562,3628
185177,3569,3668
201353,3577,3646
235742,3595,3673
235743,3595,3677
20581,3600,3667
364691,3605,3694
204153,3606,3678
81211,3608,3685
182054,3609,3722
388507,3617,3678
353602,3624,3685
138133,3644,3714
208780,3649,3714
309265,4004,4063
72563,4004,4070
138134,4004,4079
148706,4005,4069
240485,4005,4083
247872,4007,4078
19564,4009,4079
16642,4009,4092
220106,4015,4107
18844,4029,4089
266229,4034,4112
154884,4040,4109
229165,4045,4142
90105,4046,4120
217871,4047,4112
16643,4048,4110
246831,4048,4113
274757,4051,4113
405506,4056,4120
146011,4061,4123
356297,4064,4131
241721,4069,4139
4623,4085,4139
76969,4095,4164
224497,4150,4207
196105,4150,4219
218365,4150,4237
201904,4159,4225
199324,4174,4241
178700,4253,4297
88798,4265,4313
25369,4375,4463
129394,4392,4458
164005,4393,4470
28170,4398,4467
324768,4402,4470
24709,4404,4457
356667,4407,4469
190149,4408,4478
201354,4409,4457
245964,4409,4471
148704,4413,4495
59420,4414,4483
98974,4425,4477
401992,4426,4479
296720,4435,4491
98762,4439,4495
72703,4489,4557
366563,4647,4706
152001,4660,4720
307675,4662,4739
140622,4669,4762
83759,4716,4777
29968,4781,4843
270329,4783,4857
406154,4793,4890
62119,4794,4863
49670,4814,4890
107688,4827,4891
356666,4831,4898
275553,4842,4908
219593,4843,4918
192882,4844,4895
377334,4852,4926
22892,4911,4976
399252,5201,5247
399499,5205,5268
140822,5208,5284
375515,5213,5287
292774,5215,5281
211640,5217,5279
1136,5217,5285
79583,5218,5275
287485,5232,5302
395662,5232,5306
160347,5237,5314
303021,5239,5312
118907,5241,5307
353869,5243,5308
275552,5243,5334
35438,5245,5317
146882,5247,5309
258286,5249,5309
64337,5250,5317
322945,5250,5323
357625,5250,5331
88796,5250,5351
388224,5251,5308
113426,5254,5317
322795,5256,5306
407569,5258,5336
91234,5260,5313
107197,5261,5331
279157,5264,5317
283941,5264,5326
393059,5264,5341
333024,5266,5338
129393,5267,5335
150029,5269,5336
150028,5270,5327
49341,5271,5335
140137,5271,5339
2131,5272,5330
335104,5274,5339
109202,5277,5342
150065,5278,5330
296687,5290,5357
140809,5290,5428
258463,5297,5384
55822,5304,5369
279686,5326,5406
68433,5336,5386
12892,5341,5415
57378,5342,5406
294207,5346,5402
164670,5348,5408
283810,5351,5412
157944,5351,5414
274578,5351,5426
115160,5351,5432
403641,5352,5411
405029,5357,5409
200900,5370,5442
182825,5390,5454
140809,5517,5639
398758,5551,5626
376467,5555,5631
352164,5565,5629
196104,5570,5631
280358,5571,5615
283622,5573,5630
369420,5592,5647
243995,5828,5894
321035,5839,5941
178287,5857,5923
389040,5880,5943
124789,5882,5939
88927,5882,5942
62976,5882,5975
127806,5886,5964
394521,5891,5964
49854,5892,5971
25370,5892,5976
292775,5895,5976
407483,5898,5963
124337,5901,5960
293908,5902,5968
229164,5902,5973
95942,5903,5978
208779,5908,5970
286934,5908,5975
4448,5925,5980
95439,6051,6098
68435,6132,6181
140816,6133,6246
290654,6205,6277
137961,6209,6292
236824,6210,6277
228038,6216,6281
356739,6216,6284
85630,6219,6280
220770,6219,6282
107048,6225,6286
234324,6225,6292
97798,6227,6291
237811,6228,6292
7910,6230,6274
355334,6230,6292
144695,6231,6282
281633,6232,6276
50094,6238,6287
62978,6447,6504
259745,6448,6509
406155,6451,6513
341863,6478,6527
343741,6643,6706
270663,6647,6706
8713,6663,6721
279328,6665,6726
76422,6794,6851
21679,6800,6865
277757,6802,6865
341785,6806,6869
309064,6806,6872
46259,6807,6865
55614,6808,6850
106790,6808,6871
276062,7067,7131
43015,7068,7129
393572,7070,7134
47413,7074,7144
199323,7075,7131
286893,7100,7169
140816,7100,7217
346696,7107,7173
72543,7230,7315
268985,7244,7312
240147,7259,7323
3520,7260,7329
279302,7261,7325
156201,7269,7334
79510,7278,7328
225200,7282,7332
225198,7301,7384
140810,7310,7383
200125,7322,7382
392330,7326,7387
157945,7328,7388
140810,7552,7617
294203,7559,7619
140819,7673,7762
132602,7683,7748
6544,7690,7747
29976,7701,7788
98976,7702,7823
140820,7704,7808
257932,7705,7780
94785,7708,7780
222164,7708,7794
41640,7711,7792
353965,7712,7777
353601,7714,7787
68438,7716,7779
316540,7717,7799
294199,7718,7791
22199,7720,7809
29970,7721,7801
217184,7722,7807
294200,7723,7804
107751,7735,7790
29971,7735,7821
99422,7737,7817
99423,7737,7825
22198,7741,7817
29974,7741,7823
24643,7748,7798
325876,7751,7815
254935,7751,7817
98977,7753,7826
250704,7753,7831
79790,7758,7821
31819,7759,7834
33862,7762,7827
134512,7765,7827
384297,7767,7829
356222,7767,7837
178702,7780,7861
55821,7789,7860
163036,7794,7847
150351,7796,7857
276064,7806,7862
65272,7850,7929
121572,7885,7939
200901,7957,8024
208778,8050,8116
377884,8052,8096
61539,8063,8121
126,8072,8140
328614,8131,8196
40961,8148,8228
364769,8156,8241
219592,8172,8227
194590,8178,8230
157298,8178,8264
286935,8180,8263
378643,8182,8233
160155,8184,8265
54512,8185,8240
62118,8188,8246
375514,8194,8280
20942,8195,8266
356296,8196,8282
293838,8197,8285
287412,8199,8267
260661,8199,8277
12682,8202,8263
39373,8202,8265
169243,8204,8266
403642,8204,8279
23534,8205,8267
372356,8205,8281
121687,8209,8282
403524,8214,8265
375513,8217,8281
163732,8220,8284
22237,8221,8282
157297,8268,8374
330543,8278,8340
113427,8284,8358
381709,8285,8347
351498,8288,8366
382169,8293,8372
284915,8294,8355
223848,8296,8363
285756,8297,8360
160905,8297,8382
383791,8298,8366
211702,8300,8367
6700,8300,8398
47240,8306,8383
47239,8306,8400
171862,8311,8367
286896,8314,8385
348457,8320,8383
333756,8320,8400
379668,8321,8382
26554,8323,8372
282464,8325,8391
157939,8326,8394
276063,8343,8429
217533,8346,8428
200228,8347,8415
405540,8359,8423
277754,8365,8416
237486,8462,8529
62977,8465,8522
104699,8466,8527
93206,8466,8547
105770,8469,8526
228,8471,8525
170742,8477,8539
392947,8484,8549
199819,8484,8561
188529,8489,8556
10041,8490,8562
277755,8501,8563
392326,8563,8642
4446,8575,8640
401122,8576,8631
374070,8577,8629
29973,8578,8640
392328,8585,8652
33861,8585,8655
241816,8587,8653
289761,8590,8656
58769,8591,8648
150026,8591,8650
150027,8591,8653
188626,8594,8644
121686,8594,8647
190615,8595,8660
282905,8595,8664
53935,8600,8652
163684,8602,8654
172876,8607,8653
150331,8616,8657
29972,8700,8765
333757,8714,8770
55827,8717,8799
254454,8721,8771
29973,8724,8794
318054,8729,8790
50527,8732,8786
53785,8733,8783
29027,8734,8782
14035,8734,8788
32137,8736,8781
217182,8736,8791
284086,8736,8794
217183,8740,8795
223847,8740,8801
63912,8743,8797
51716,8829,8887
276466,8829,8898
54511,8829,8903
59934,8830,8873
140821,8871,8952
272493,8871,8956
66549,8884,8951
78289,8896,8953
11804,8985,9031
312833,8988,9047
77879,9036,9140
225199,9049,9119
327582,9059,9133
111657,9069,9134
165473,9081,9143
220800,9082,9145
144693,9142,9194
144694,9142,9210
358773,9153,9213
160961,9160,9221
352712,9299,9362
199236,9385,9445
394520,9386,9449
257259,9448,9511
225197,9470,9514
123993,9476,9532
375918,9593,9660
398181,9642,9729
88797,9665,9738
408339,9671,9734
286892,9811,9877
257078,10000,10128
34391,10027,10134
299620,10030,10149
257077,10037,10159
197998,10090,10156
293837,10090,10166
194589,10095,10166
380387,10096,10160
328137,10331,10421
13318,10332,10394
371860,10335,10428
383419,10339,10423
65880,10343,10416
102147,10345,10428
33859,10346,10410
160154,10346,10430
112992,10349,10445
208190,10350,10421
146390,10350,10469
164004,10353,10425
312101,10353,10428
273531,10356,10412
211255,10356,10418
407480,10357,10419
24708,10360,10427
407481,10365,10428
66791,10366,10423
93957,10368,10430
391700,10405,10487
408599,10443,10493
228036,10474,10579
91442,10475,10576
39614,10488,10555
79637,10489,10535
218995,10489,10553
129,10489,10561
89149,10489,10581
160153,10492,10545
124338,10492,10584
303202,10493,10549
377750,10495,10562
407482,10497,10559
89148,10497,10584
263750,10497,10587
201358,10503,10584
12893,10503,10587
106128,10504,10567
81931,10507,10579
104259,10511,10568
22891,10513,10574
15325,10514,10578
276284,10515,10579
34392,10516,10577
323266,10517,10576
112993,10519,10578
120847,10521,10588
256528,10522,10580
400952,10525,10577
294597,10550,10613
33259,10550,10619
272492,10556,10631
123192,10558,10627
56977,10566,10626
30761,10568,10628
103562,10618,10713
29100,10622,10706
136581,10625,10699
178283,10625,10717
72450,10627,10709
160962,10627,10726
28803,10629,10701
68437,10633,10711
173071,10633,10717
328138,10634,10699
5042,10634,10706
178285,10634,10743
341594,10635,10701
178284,10638,10725
47414,10641,10711
62368,10642,10699
12891,10644,10712
92138,10657,10710
93465,10661,10707
247871,10662,10737
286349,10687,10745
73625,10722,10796
113080,10810,10875
259610,10811,10873
273523,10811,10881
77477,10812,10871
273664,10822,10889
81209,10823,10885
46075,10825,10886
23945,10827,10889
200826,10828,10947
30762,10829,10872
275550,10834,10943
379096,10837,10896
50043,10837,10898
36946,10842,10894
276036,10848,10948
114631,10851,10931
255304,10855,10944
405353,10856,10949
87698,10877,10943
222977,10883,10948
240962,10899,10949
50095,10905,10948
140811,11127,11260
277759,11150,11218
140818,11150,11236
62286,11156,11223
202885,11157,11228
146910,11160,11231
67731,11162,11248
312326,11163,11219
399209,11163,11230
20079,11167,11220
30313,11169,11219
5124,11169,11236
67732,11169,11252
155687,11173,11232
79794,11175,11262
276065,11177,11245
166667,11179,11235
88056,11190,11259
104630,11191,11254
178704,11191,11278
29973,11193,11254
242946,11195,11244
157943,11201,11261
216430,11203,11253
98531,11208,11265
140806,11215,11311
98979,11243,11358
259611,11256,11336
340419,11265,11333
339740,11268,11334
226435,11271,11335
372360,11271,11341
146440,11271,11345
206272,11272,11336
340417,11273,11323
137909,11274,11341
49208,11275,11336
274185,11277,11323
311137,11285,11346
140815,11287,11403
140806,11304,11389
372482,11335,11404
31326,11349,11404
206353,11350,11400
141641,11414,11524
140811,11424,11551
140817,11430,11506
152632,11434,11515
140814,11438,11527
392329,11440,11520
363840,11442,11515
234668,11442,11519
403644,11445,11516
362624,11445,11523
273530,11446,11520
371209,11447,11513
97962,11449,11509
294204,11449,11514
202885,11449,11518
146910,11451,11520
401632,11452,11513
178707,11453,11543
334933,11454,11547
39763,11455,11534
67731,11455,11540
277756,11458,11518
140819,11464,11547
220185,11465,11507
155686,11465,11521
319915,11465,11525
47760,11465,11541
79793,11465,11545
65983,11467,11508
154165,11467,11519
12179,11467,11535
372357,11467,11566
174749,11470,11568
178708,11471,11535
322421,11472,11561
294211,11473,11545
67314,11475,11538
152632,11476,11563
392331,11479,11575
95438,11481,11551
289607,11481,11560
29973,11482,11544
135705,11484,11563
51717,11487,11545
351247,11493,11561
222163,11496,11546
242945,11499,11551
403643,11500,11617
80975,11501,11551
285613,11505,11568
72637,11513,11581
195480,11514,11588
13116,11516,11605
129615,11517,11622
268986,11520,11626
141642,11524,11607
29969,11524,11622
140820,11524,11629
403646,11526,11636
68438,11531,11595
308915,11535,11626
48456,11544,11605
157942,11546,11629
217691,11550,11615
55826,11550,11631
150669,11552,11612
201242,11552,11624
211210,11554,11625
305518,11560,11622
398441,11560,11636
294202,11565,11654
386593,11568,11630
33142,11568,11654
294198,11571,11650
217181,11572,11636
107687,11587,11662
24642,11594,11655
294208,11631,11718
215916,11666,11713
372361,11694,11764
62284,11712,11782
140813,11715,11807
68436,11807,11871
254456,11811,11862
49611,11811,11873
319917,11814,11897
258134,11817,11870
308187,11818,11885
286895,11829,11891
345995,11832,11900
392327,11832,11911
388001,11836,11894
110490,11838,11941
274789,11839,11896
584,11839,11900
180538,11842,11904
180539,11842,11907
88222,11843,11911
379742,11843,11934
17646,11845,11894
27768,11846,11900
339829,11846,11909
318731,11848,11911
157940,11849,11932
319082,11870,11935
105388,11878,11943
304846,11885,11951
120783,12003,12073
319916,12004,12068
225195,12026,12089
403647,12034,12117
133005,12043,12105
85631,12047,12117
304836,12049,12112
49610,12049,12115
141429,12054,12118
239550,12056,12117
299726,12058,12123
96982,12060,12124
279156,12061,12118
98975,12061,12122
220107,12061,12134
274756,12076,12142
167794,12078,12144
15574,12080,12134
327126,12081,12145
88795,12086,12135
140815,12236,12345
107193,12255,12315
178701,12270,12358
62124,12289,12345
201903,12291,12353
335103,12296,12359
55828,12297,12349
211122,12297,12362
316178,12298,12344
13317,12298,12359
178706,12300,12383
319918,12301,12388
81566,12306,12361
100654,12312,12373
55125,12315,12359
372366,12315,12405
31324,12329,12426
234495,12352,12443
140814,12358,12446
246830,12360,12435
140818,12361,12447
234494,12362,12443
33860,12363,12424
326559,12370,12442
372358,12371,12446
81084,12376,12438
65813,12380,12439
178705,12380,12444
55825,12381,12445
247285,12381,12448
382577,12384,12440
55823,12385,12442
113428,12385,12448
356223,12385,12455
403648,12388,12444
161324,12388,12454
191231,12390,12440
67447,12390,12458
33774,12391,12465
369860,12392,12433
264015,12392,12473
61287,12394,12441
189091,12395,12464
399770,12396,12447
227638,12396,12461
17536,12397,12459
201619,12398,12470
168547,12398,12485
124666,12401,12473
107196,12408,12474
107195,12413,12474
20488,12414,12488
62285,12418,12505
140813,12436,12521
140807,12449,12540
140817,12456,12520
124788,12463,12533
98978,12463,12544
139014,12471,12533
55824,12481,12538
62123,12486,12544
225201,12518,12585
388071,12555,12613
140807,12555,12652
260660,12561,12629
277758,12576,12699
277760,12590,12666
62120,12593,12692
294201,12600,12671
62122,12601,12667
218364,12605,12684
62121,12607,12697
286894,12611,12675
401121,12612,12674
294210,12612,12697
262793,12621,12699
178709,12623,12687
303201,12624,12699
164577,12628,12675
369861,12628,12684
386939,12628,12689
337522,12630,12687
399518,12630,12692
372363,12630,12697
345996,12634,12692
372359,12635,12696
372362,12636,12697
357405,12639,12696
107047,12642,12694
234034,12643,12684
110338,12645,12686
147813,12645,12693
212453,12645,12696
139015,12647,12695
64588,12726,12777
178703,12788,12861
256836,12794,12849
55829,12807,12869
44225,12808,12875
68434,12819,12915
220799,12839,12899
403645,12844,12918
174896,12849,12916
246829,12897,12989
165044,12916,12984
147820,12917,12965
140821,12918,12989
81208,12918,12993
66014,12919,12984
127860,12934,13013
315611,12958,13010
31796,12962,13024
324488,12966,13030
157941,12966,13075
19334,12968,13011
39692,12971,13040
44970,12980,13024
88794,13053,13121
326558,13053,13130
389688,13055,13131
150195,13056,13123
333023,13060,13117
194588,13060,13125
377712,13061,13127
376938,13062,13124
303549,13064,13117
225196,13064,13125
96075,13067,13128
356542,13070,13125
62975,13080,13128
88057,13255,13317
202205,13385,13476
174750,13452,13516
327689,13501,13567
394519,13534,13593
340420,13534,13631
129392,13547,13633
285187,13589,13642
218772,13616,13668
146695,13616,13673
110491,13621,13676
329368,13640,13729
67274,13642,13695
235065,13642,13723
166764,13646,13727
88291,13646,13745
98041,13680,13737
205581,13682,13738
292773,13684,13748
310735,13689,13745
166374,13797,13864
139013,13806,13873
82173,13806,13878
287861,13806,13886
113061,13809,13902
2463,13810,13897
309761,13816,13882
81930,13819,13893
365026,13820,13880
249384,13834,13896
220850,13862,13923
148703,13868,13952
53010,13873,13950
405505,13899,13952
334743,13903,13952
340418,14098,14159
253518,14099,14155
167795,14100,14159
41401,14376,14439
150755,14381,14445
273665,14383,14446
43012,14383,14451
147131,14385,14447
32652,14394,14459
383718,14395,14462
193230,14396,14458
303022,14397,14461
31325,14418,14481
232669,14421,14481
131851,14714,14773
96074,14717,14772
220798,14743,14811
372365,14777,14845
194921,14797,14912
208395,14817,14892
257484,14819,14907
146802,14821,14888
200902,14822,14883
146803,14823,14891
117209,14826,14895
383418,14828,14890
136580,14828,14894
253540,14830,14894
382017,14831,14900
403066,14831,14909
244445,14833,14896
285167,14834,14909
144790,14842,14903
248842,14842,14909
287483,14846,14911
114378,14848,14915
201241,14854,14916
271391,14856,14912
30760,14857,14920
216801,15036,15087
225394,15036,15097
206712,15038,15092
375917,15038,15099
229120,15042,15087
169765,15042,15105
239549,15049,15108
52504,15055,15110
18958,15057,15122
347314,15063,15138
284128,15065,15135
328615,15065,15146
254621,15089,15163
246426,15102,15154
150167,15113,15174
250625,15187,15245
128395,15198,15251
65698,15209,15253
201261,15255,15296
172875,15450,15511
82172,15451,15513
48309,15456,15518
113429,15461,15525
96699,15462,15526
372557,15462,15528
212526,15464,15526
237810,15469,15531
123491,15579,15647
304958,15581,15646
375991,15615,15669
42249,15616,15666
107194,15624,15690
118157,15632,15704
52725,15646,15704
200825,15663,15737
240148,15667,15735
347300,15706,15776
294209,16015,16075
47412,16016,16093
372364,16025,16089
201352,16025,16091
338096,16027,16088
101621,16028,16095
234496,16029,16099
280324,16043,16107
162851,16044,16108
31818,16046,16112
46427,16062,16112
355051,16064,16112
196738,16066,16112
233272,16067,16112
