50984,130,195
270400,131,230
194888,149,219
275645,154,217
93255,156,216
9754,156,256
268210,158,219
379617,158,222
165412,158,230
277669,166,220
21775,168,254
209495,170,233
284418,171,263
371912,172,234
342861,178,247
209518,182,243
243797,185,252
371925,188,235
93747,188,250
371911,188,269
76147,364,418
239877,393,451
72952,415,467
401914,699,755
341379,701,793
5097,702,763
122952,703,762
191299,703,765
301565,704,769
72951,707,764
278768,708,769
400137,709,776
274649,716,778
273228,717,770
246565,718,788
301566,753,826
342776,856,944
378828,867,933
378829,870,933
150133,870,937
354293,871,941
3205,875,938
85358,878,934
265269,879,942
157985,879,945
94820,880,934
88261,880,958
354291,883,987
168677,884,946
309569,884,949
239878,884,972
247562,885,931
105501,885,940
155871,885,956
377686,885,968
10297,893,949
325404,894,981
252563,897,942
200449,897,974
300740,898,964
269930,900,1002
336224,901,1023
354292,902,1000
12654,905,972
325403,906,976
34345,908,971
112034,910,972
182195,911,971
135323,912,973
286450,912,987
361956,913,1020
36751,915,971
264449,921,1000
62374,927,1007
221579,930,997
283436,933,998
74694,948,1005
93251,948,1034
374229,949,1013
144051,951,1014
2745,956,1018
408364,957,1037
121468,961,1025
229307,967,1083
229308,969,1068
150134,971,1034
175981,971,1047
228431,972,1043
74374,973,1040
