279340,204,268
396846,893,948
169884,1151,1217
149790,1168,1230
187562,1171,1236
278421,1172,1234
270905,1188,1245
285688,1306,1368
66996,1770,1822
118523,2307,2375
279508,2313,2377
271686,2876,2932
278326,2876,2948
161944,2877,2936
401258,2879,2944
404785,2883,2948
369685,2899,2948
229723,3056,3118
398326,3175,3240
374497,3216,3304
255360,3239,3300
254586,3243,3298
315894,4610,4671
23516,4770,4823
155306,4781,4844
388,4785,4874
54572,4788,4860
319150,4794,4859
172596,4794,4868
384500,4797,4881
208690,4802,4869
161943,4805,4870
205811,4805,4883
286471,4807,4869
167880,4814,4878
27725,4814,4880
152845,4814,4888
349493,4815,4875
254672,4820,4890
278422,4858,4917
176866,5197,5264
185927,5207,5271
200061,5778,5831
174851,5778,5835
169651,5786,5861
367404,5788,5852
258532,5788,5860
223555,6420,6494
223256,6423,6479
185775,6429,6493
80575,6432,6486
277662,6432,6510
307237,6433,6498
150117,6434,6504
281810,6434,6513
305887,6439,6491
136867,6440,6490
103413,6441,6489
142504,6452,6522
285526,6453,6520
331725,6455,6509
263360,6460,6521
361244,7435,7505
83206,7829,7907
347476,7833,7913
278894,7844,7905
5334,7844,7920
12776,7851,7914
304747,7851,7929
136022,7854,7929
214260,7854,7932
233634,7855,7950
336319,7858,7929
174850,7860,7951
114473,7862,7953
314873,7864,7920
338094,7868,7937
253600,7871,7929
143438,7871,7936
177725,7872,7948
18915,7877,7947
126931,7880,7954
174849,7881,7961
390277,7887,7961
32493,7888,7949
316881,7889,7960
7223,7913,7977
361244,7916,7979
130052,8440,8488
264665,8440,8499
257266,9449,9500
196701,9543,9609
190216,9544,9611
110250,9565,9631
208691,9949,10011
337109,9974,10016
346602,9974,10024
400456,10042,10107
258531,10043,10112
349521,10077,10142
367403,10390,10447
220185,10647,10695
75419,10647,10722
51956,10648,10697
162479,10648,10699
157080,10648,10703
293534,10648,10705
196366,10733,10784
389870,11478,11545
34972,11498,11571
86812,11498,11578
369185,11502,11578
162684,11512,11575
395951,11526,11578
319126,11806,11870
72464,11806,11883
375625,11817,11883
312465,12433,12503
6035,12434,12501
256937,12436,12480
374498,12449,12522
41244,12457,12518
41243,12457,12522
250293,12463,12522
41242,12466,12522
264182,12693,12746
247931,12874,12923
296212,13410,13497
7222,13412,13478
388168,13414,13490
46981,13418,13521
43880,13424,13485
303957,13431,13493
247361,13432,13498
172597,13452,13519
305879,14432,14496
208692,14501,14550
300650,15161,15222
400258,15161,15246
231844,15167,15251
199152,15172,15240
13508,15173,15250
26063,15181,15244
19539,15186,15252
37651,15187,15248
347475,15209,15274
351927,15216,15305
142062,15613,15677
22400,15631,15688
387736,15638,15702
351980,15640,15693
404966,15979,16040
266569,15991,16060
58477,15994,16062
110765,16129,16176
246588,16130,16174
320606,16671,16745
377878,16752,16828
134802,16820,16882
239588,16824,16881
161336,16834,16892
167881,16836,16915
291229,17861,17921
82052,18060,18107
306910,18071,18141
42810,18074,18128
394589,18080,18149
42811,18084,18144
80256,18087,18140
93067,18097,18170
335666,18133,18194
155382,18138,18208
268162,18821,18894
375250,19024,19098
188810,19025,19103
320299,19027,19119
343887,19030,19122
146507,19054,19118
155383,19058,19119
254687,19062,19139
64253,19064,19128
241638,19069,19138
264183,19325,19383
331067,19325,19408
391760,19326,19410
266734,19329,19393
91236,19330,19384
335667,19331,19394
401531,19332,19386
351481,19332,19414
153663,19333,19416
248683,19340,19405
140887,19340,19413
110924,19344,19414
186304,19351,19423
113146,19353,19417
255289,20086,20150
324032,20105,20151
72409,21237,21299
109748,21271,21341
362569,21306,21368
116598,21400,21465
110249,23046,23093
162685,23050,23093
279166,23134,23195
361243,23402,23468
361245,23634,23702
361243,23658,23716
304746,24029,24088
52569,24036,24094
48011,24055,24129
241848,24065,24124
134255,24075,24139
335665,24523,24586
260114,25331,25402
301775,25336,25393
33475,26058,26120
204055,26058,26125
356682,26058,26134
30312,26060,26138
66502,26063,26128
2523,26069,26145
23918,26069,26154
134256,26072,26134
120815,26073,26137
184363,26073,26139
382757,26074,26154
198803,26075,26140
79909,26076,26143
189529,26078,26144
345886,26079,26140
93068,26081,26143
119104,26081,26151
305878,26083,26148
395950,26083,26167
390114,26084,26150
21618,26085,26169
353727,26087,26151
310629,26088,26167
304825,26089,26160
219260,26091,26154
93287,26093,26156
273270,26095,26156
395949,26096,26167
173466,26097,26158
107333,26098,26164
141689,26103,26184
310628,26107,26171
123975,26108,26174
164848,26110,26171
150029,26111,26181
230700,26112,26184
150065,26115,26180
304745,26119,26181
171789,27245,27294
7221,27704,27759
333931,28181,28249
254719,28505,28559
361245,28514,28576
122,29778,29825
