203710,218,293
111069,218,324
79910,218,351
133344,219,295
393392,219,304
172869,226,338
124134,235,315
50788,235,344
346753,236,338
257293,240,345
243845,240,350
285512,290,348
21639,291,407
81329,305,419
278181,359,431
16912,392,473
16911,412,474
119719,412,492
124133,413,490
257292,417,493
331620,418,487
395323,725,792
171263,732,793
171264,732,797
392035,927,1001
68512,1535,1611
109655,1537,1598
295249,1552,1604
306578,1552,1610
392032,2204,2279
392035,2367,2430
392031,2371,2453
126056,2430,2482
392032,2706,2790
392031,2798,2882
326154,2815,2861
377345,2830,2885
128398,2831,2875
396279,2831,2890
406172,3049,3125
346752,3050,3135
364418,3052,3137
170494,3065,3144
158404,3076,3141
392033,3233,3347
82602,3236,3291
52325,3380,3464
167805,3389,3455
325322,3527,3595
392034,3902,3983
400301,4149,4271
246615,4244,4308
48520,4252,4298
351463,4252,4321
392033,4254,4379
270220,4257,4320
351464,4257,4322
386831,4549,4605
254518,4875,4937
296299,4960,5018
126055,4962,5018
296295,5187,5257
83312,5209,5273
386635,5219,5284
392034,5241,5316
400300,5478,5540
174125,6776,6832
185596,7107,7153
187992,7592,7653
