2506,358,431
73967,361,440
129331,376,485
70542,814,899
315126,820,900
129982,820,909
307878,820,912
217138,821,898
124218,823,901
349510,825,899
40891,827,903
291568,1159,1229
70543,1390,1445
298840,1391,1457
177887,1392,1440
193135,1392,1448
148844,1749,1848
272046,1762,1873
330529,1763,1837
241545,1763,1845
405555,1763,1848
266189,1765,1842
400964,1768,1832
280693,1776,1849
306032,1780,1846
164156,1780,1860
148845,1786,1873
391821,1791,1863
184984,1800,1869
275036,1802,1916
44221,1805,1867
316526,1805,1953
8568,1806,1854
100478,1806,1864
281969,1810,1929
44525,1814,1922
309877,1815,1919
309878,1819,1913
360122,1823,1910
335436,1827,1920
66127,1833,1939
281519,1839,1918
107304,1839,1949
63778,1845,1939
65256,1845,1949
132,1847,1918
100886,1849,1948
145060,1852,1925
52940,1855,1918
335678,1858,1922
66126,1868,1949
90879,1876,1954
57871,1885,1955
51226,2182,2256
73968,2190,2274
52939,2200,2273
186320,2202,2274
186322,2331,2392
314561,2852,2908
272045,3153,3216
272427,3201,3263
51225,3202,3264
73970,3801,3878
73969,3805,3878
186320,3809,3878
272971,3981,4043
173968,4494,4574
63560,4496,4567
48276,4499,4570
323282,4503,4571
53798,4508,4559
343275,4508,4586
128960,4509,4590
355915,5266,5327
352277,5433,5491
34807,5433,5494
186322,5437,5505
90877,6296,6360
90878,6300,6360
100204,6317,6360
186321,6514,6610
186323,6514,6617
182191,6884,6950
197598,7906,7978
75498,8339,8391
262780,8339,8401
249512,8342,8402
249511,8342,8404
197597,9003,9074
130776,9113,9182
84130,9114,9187
307877,9116,9186
275875,9116,9190
186319,9318,9406
186321,9321,9401
187276,10036,10090
186319,10256,10347
186323,10261,10345
136338,10274,10336
