187992,536,580
364603,612,671
317281,616,662
180385,620,664
376750,837,916
290753,837,942
240509,841,941
240510,858,928
181388,863,935
8972,872,940
200500,877,940
192219,892,945
207496,1729,1842
307923,2314,2397
256644,2320,2387
170492,2321,2392
307924,2322,2395
256643,2330,2395
91260,2544,2600
402465,2545,2599
143509,2553,2603
402660,2811,2913
144571,2866,2942
310406,3423,3543
282018,4069,4142
123972,4077,4138
334420,4077,4155
255582,4080,4162
163735,4082,4143
102111,4085,4152
21082,4086,4149
221546,4086,4171
207495,4086,4206
222365,4087,4161
213490,4091,4154
56305,4091,4165
337264,4098,4160
56304,4099,4175
311301,4101,4160
220963,4104,4157
310406,4174,4293
83357,4393,4457
6,4538,4609
