123683,1989,2050
318571,2111,2201
388599,2136,2219
400410,2138,2212
75273,2140,2201
397964,2140,2217
312421,2140,2238
242835,2143,2217
405790,2144,2226
346431,2146,2210
333514,2147,2208
156406,2148,2211
172528,2148,2223
101358,2152,2214
391038,2156,2236
47899,2158,2222
23197,2158,2233
348459,2162,2221
314819,2169,2232
119842,2171,2234
273580,2172,2235
348460,2173,2237
318572,2373,2435
318573,4699,4744
125754,5477,5532
113010,5758,5815
123396,5759,5829
388598,5762,5845
123395,5767,5830
197358,5768,5836
46051,5773,5837
263298,12148,12211
81249,13309,13370
