130397,6684,6736
100155,6698,6746
357675,8101,8153
345271,11144,11195
71807,11479,11533
277105,12609,12674
77158,12638,12685
256567,13302,13367
218660,13302,13390
306344,13306,13384
36089,13314,13399
280621,13320,13383
147957,13324,13388
407106,13324,13399
39193,13325,13389
103726,13330,13400
186432,13343,13401
308230,13345,13406
307166,16214,16275
178377,16217,16274
169830,16223,16290
302061,17103,17167
319862,17107,17171
19342,17109,17170
338745,18020,18069
214055,18592,18668
277104,20689,20740
164904,20689,20742
165858,20689,20744
404719,20689,20760
363531,20690,20753
81849,20690,20756
7043,20694,20759
332741,20695,20753
25726,20696,20759
291238,26123,26184
307328,26130,26187
229370,26135,26193
186072,26138,26200
244995,26139,26202
177,26140,26211
119573,26144,26207
119574,26145,26217
307327,27932,27986
102832,28144,28186
87339,28385,28453
408150,28392,28455
313861,28393,28454
221622,28796,28850
