172018,326,403
291030,327,396
238776,327,405
42304,328,401
66948,339,401
405135,347,405
336729,549,626
336728,846,909
336731,1132,1243
359198,1163,1260
377643,1190,1240
107088,1195,1267
288755,1653,1706
393635,1678,1748
17504,1678,1762
264807,1682,1745
217268,1683,1748
322778,1716,1778
384548,1753,1814
258409,1924,1986
51225,1937,2003
135013,1949,2005
336730,2355,2466
336728,2678,2739
336729,2678,2756
336727,2681,2794
397362,2717,2778
336726,2887,2984
23566,3246,3316
262057,3250,3328
135015,3251,3318
135014,3252,3320
159572,3255,3324
293959,3256,3320
132451,3257,3327
132540,3263,3326
182535,3267,3318
336724,3452,3551
306969,3489,3550
260680,3489,3554
336725,4033,4110
336727,4033,4147
336724,4049,4134
408501,4090,4132
9119,4115,4198
28136,4116,4194
317070,4118,4197
211932,4129,4210
77437,4138,4199
85574,4139,4208
86572,4139,4231
322857,4144,4205
308601,4153,4227
307457,4156,4201
81353,4160,4212
383507,4169,4234
91786,4171,4227
96193,4174,4239
204264,4177,4233
402014,4177,4238
107684,4179,4241
197624,4181,4248
187909,4182,4246
336726,4187,4284
256884,4300,4361
291031,4306,4360
183140,4500,4572
17503,4523,4572
155839,4629,4687
184879,4729,4775
211366,4732,4810
336725,5235,5319
159571,5291,5365
164348,5685,5755
367194,5697,5761
185314,5704,5759
266440,5706,5769
266441,5710,5769
343,5714,5770
41,5781,5847
42,5782,5859
102950,5790,5852
27686,5792,5847
277275,5792,5865
173331,5800,5845
229101,5802,5863
351978,5815,5859
273422,5825,5893
270111,5831,5894
166470,6005,6078
13209,6006,6072
189108,6007,6070
325159,6020,6072
111369,6023,6071
19531,6024,6072
156986,6241,6312
336730,6416,6526
51226,6791,6862
291032,6805,6861
107087,6807,6879
372322,6820,6879
336731,6938,7038
17502,7277,7327
17503,7281,7326
