181115,127,205
125677,190,298
172927,196,298
232256,222,299
162426,237,298
209783,367,446
110647,368,431
332887,368,448
286342,368,460
235700,383,509
280689,390,495
200554,394,478
11949,412,509
128712,424,510
116268,828,885
185051,829,891
94304,854,942
110648,875,938
29291,963,1048
118819,973,1021
110645,1115,1177
41753,1147,1220
371710,1148,1227
261705,1150,1231
304619,1151,1223
126801,1218,1271
137715,1426,1516
174815,1432,1499
517,1445,1509
370687,1446,1504
240305,1447,1515
178297,1454,1516
372420,1456,1515
216410,1623,1701
139979,1692,1748
260087,1700,1772
311644,1703,1791
260088,1707,1791
165698,1707,1797
35835,1722,1783
128667,1723,1778
57659,1732,1797
177699,1843,1935
200553,2061,2149
301622,2074,2168
19768,2086,2150
42532,2086,2161
132863,2088,2157
255121,2089,2150
78236,2089,2185
13415,2091,2156
215966,2091,2163
78235,2093,2192
392108,2094,2164
402359,2095,2156
382491,2095,2170
104876,2096,2163
8659,2099,2177
171959,2103,2164
47943,2118,2183
393130,2119,2186
169447,2121,2182
213269,2121,2197
59461,2126,2189
130673,2128,2199
304806,2129,2197
118738,2132,2197
155861,2136,2216
111534,2166,2227
314124,2177,2254
42292,2186,2249
213490,2201,2253
382492,2223,2286
172926,2230,2293
408606,2288,2354
78686,2289,2351
288493,2289,2378
306740,2290,2355
306741,2293,2369
61161,2297,2373
61160,2302,2387
20269,2304,2383
147614,2350,2440
242066,2375,2448
41752,2385,2464
198078,2402,2457
322233,2406,2450
331010,3100,3144
216409,3100,3168
56356,3111,3152
48680,3115,3187
100505,3119,3180
16455,3321,3436
19767,3333,3428
296212,3342,3438
128711,3344,3407
233795,3346,3431
271953,3348,3410
177833,3352,3417
101199,3352,3442
180661,3358,3456
228235,3359,3420
13416,3361,3422
59488,3361,3446
165697,3361,3454
105111,3364,3446
371435,3366,3447
154200,3367,3430
214052,3367,3445
180662,3368,3456
214053,3369,3432
13414,3370,3445
173620,3371,3451
298178,3377,3443
83747,3378,3451
69374,3379,3444
194825,3380,3446
226789,3384,3456
61730,3387,3442
69375,3389,3450
277022,3392,3456
277023,3392,3460
235701,3394,3445
128710,3395,3442
122460,3451,3615
238394,3460,3506
196865,3462,3519
76583,3475,3516
258907,3478,3534
43859,3481,3533
7382,3485,3536
139978,3547,3654
365917,3552,3613
139976,3567,3654
75566,3571,3655
231857,3576,3630
8682,3598,3655
391820,3692,3795
203236,3878,3961
100177,3881,3960
362585,3923,3986
199643,4098,4154
172928,4374,4423
128668,4510,4571
277344,4563,4626
166754,4589,4674
107268,4590,4654
185820,4590,4668
324466,4593,4691
105112,4594,4682
337322,4598,4666
113886,4599,4663
324467,4599,4680
290106,4601,4679
290552,4603,4690
131689,4605,4686
139975,4608,4679
393129,4611,4678
47338,4615,4679
393128,4616,4675
213268,4617,4682
351491,4617,4686
345674,4618,4692
214944,4619,4682
407697,4620,4684
166366,4621,4681
59461,4621,4685
345245,4625,4682
336267,4627,4688
262117,4628,4696
405695,4630,4693
277021,4631,4708
122460,4683,4856
139976,4799,4881
281194,4808,4859
349503,4965,5013
5346,5086,5143
122459,5288,5359
280323,5335,5410
147112,5342,5404
241296,5342,5432
230122,5352,5427
116267,5361,5425
264443,5361,5434
256630,5362,5426
174814,5363,5427
401988,5375,5442
79096,5568,5630
406262,5569,5627
122459,5931,5995
157346,6080,6130
174090,6298,6361
346063,6312,6373
255120,6336,6391
283260,6477,6540
127724,6480,6552
139977,6481,6544
156618,6488,6552
158917,6490,6559
110646,6574,6681
148573,6579,6680
290551,6629,6680
