13990,82,140
1287,84,192
368839,86,169
48446,86,183
406400,88,181
273933,93,210
66699,97,210
1287,104,205
167221,143,211
58855,144,203
84435,145,205
273932,224,339
368840,224,353
47254,232,354
234486,245,355
117826,251,366
124109,270,374
66697,452,524
255593,455,518
66698,460,520
117825,690,804
32360,705,796
132,731,811
382920,897,955
51602,1026,1116
64487,1042,1133
217807,1044,1135
9084,1045,1133
256873,1051,1112
43136,1053,1130
295716,1054,1121
297383,1055,1119
43137,1055,1134
86451,1059,1121
335737,1214,1296
66589,1723,1832
66590,1729,1831
335736,1729,1844
179670,1776,1843
66697,1824,1911
368841,1830,1906
117824,1904,1986
84514,1911,1991
66697,2078,2160
368841,2079,2156
132907,2134,2182
68390,2299,2364
198666,2430,2497
145429,2461,2508
368838,2463,2526
49503,2612,2717
255328,2636,2699
90060,2636,2709
104519,2636,2732
95203,2639,2726
217806,2640,2714
19663,2641,2727
42683,2642,2712
269971,2642,2739
152359,2645,2738
204824,2646,2730
132,2649,2729
76935,2651,2725
132,2651,2752
122739,2651,2765
129156,2656,2725
123052,2923,2995
302859,2924,3025
124108,2927,3031
95468,2930,2994
1287,2932,3024
66699,2933,3042
95469,2946,3032
84435,2973,3025
49502,3021,3092
66698,3030,3092
4143,3443,3505
167278,3455,3514
6,3626,3724
