1287,117,232
160196,124,210
168418,128,228
1287,129,251
54546,141,249
160197,162,257
344516,162,281
2283,173,264
16934,174,268
46613,174,279
60587,174,286
178246,185,274
78701,187,294
144427,188,298
280395,195,322
111329,199,302
252531,200,280
37520,203,288
46614,204,331
91634,207,332
280892,208,327
211513,245,363
91635,247,332
46615,288,403
234486,300,398
111330,322,414
167787,736,809
361520,742,819
308535,747,810
227570,756,820
156908,762,821
240159,763,823
392984,765,815
109162,769,817
140019,770,823
86797,771,818
142763,1177,1249
90687,1178,1256
276485,1200,1256
183049,1374,1491
15650,1402,1480
325543,1432,1494
46616,1714,1811
78702,1922,1991
142195,1927,2000
6,2272,2341
