285928,355,426
107303,487,538
105210,681,750
211244,1247,1314
321276,1504,1589
313960,2889,2932
93910,2892,2948
387357,3088,3155
324547,3089,3162
254823,3236,3309
349196,3241,3306
30764,3254,3306
349195,3259,3312
362296,3892,4018
366698,3899,3950
8665,3902,3971
112706,3903,4014
227488,3904,3979
116437,3906,4022
341430,3907,3989
183750,3908,4017
318484,3910,4015
19957,3911,3958
57729,3911,4009
8666,3911,4025
362295,3911,4029
109694,3914,4013
362297,3917,4030
182826,3920,3979
128072,3921,4054
225320,3926,3992
107304,3936,4030
95203,3938,4013
147294,3938,4029
326334,3945,4015
388631,3949,4007
132,3949,4009
132,3949,4025
3606,3949,4033
311099,3950,4039
269515,3957,4030
81648,4020,4081
341431,4021,4095
3891,4022,4100
124133,4030,4101
223630,4206,4275
76218,4208,4261
340791,4209,4274
19956,4219,4270
41031,4306,4368
91585,4396,4456
254287,4490,4566
285383,4492,4588
243732,4501,4562
373488,4504,4568
48019,4506,4580
8501,4507,4586
218474,4512,4593
196847,4514,4588
237668,5290,5358
135995,5304,5370
408257,5306,5370
349197,5306,5377
312460,5309,5370
264525,5313,5375
311373,5314,5365
56960,5521,5576
153230,5521,5583
137829,5523,5575
388632,5523,5588
84805,5524,5576
337817,5528,5583
6,5666,5743
325929,5676,5749
400847,5683,5748
