407930,98,152
58148,99,209
1287,99,225
231700,99,237
50689,105,222
290631,111,250
50688,112,226
194436,113,270
324602,117,158
159488,122,163
344516,144,263
199774,150,251
32486,159,257
32485,159,279
266126,160,254
266125,160,274
199775,176,261
111329,183,280
231699,185,290
30751,186,295
104946,187,251
189015,189,250
104947,189,262
293449,236,365
224704,242,383
47254,264,391
297079,291,405
296661,313,393
285928,488,559
101262,489,555
151896,491,560
263182,782,887
209120,834,882
184544,888,979
184545,888,987
345213,1547,1672
293450,1590,1680
232259,1595,1665
4429,1603,1667
116041,2145,2210
345213,2196,2316
342256,2229,2318
6,2512,2576
