167396,807,869
393156,848,924
37962,1091,1152
247400,1091,1166
266385,1097,1158
105495,1244,1313
286540,1246,1302
243033,1246,1317
294276,1246,1326
174629,1247,1319
54067,1253,1315
14675,1253,1323
39975,1254,1318
366110,1260,1345
124832,1261,1322
110304,1261,1331
2241,1262,1325
294922,1269,1324
128941,1269,1336
142644,1269,1350
70609,1271,1351
58578,1277,1339
14969,1282,1348
38251,1286,1335
91356,1289,1352
96787,1525,1586
48019,1525,1599
399656,1526,1601
314006,1529,1593
189428,1529,1608
58602,1530,1592
303260,1535,1603
145598,1835,1884
45941,2049,2151
203236,3486,3558
140072,3529,3595
386279,3535,3594
277239,3540,3594
6,3760,3828
386280,3767,3838
