117676,115,209
55668,116,200
353545,287,392
117677,288,347
390805,288,366
252895,288,370
70266,288,385
386841,288,411
237092,289,396
353544,298,430
280218,303,430
70268,324,458
70267,330,455
257985,340,437
335436,343,423
46140,350,427
262502,353,446
152359,356,430
107710,358,438
308327,359,451
132,361,428
55299,361,464
157305,681,754
115494,700,754
40225,810,869
221300,820,875
341132,833,890
274120,960,1006
393415,1163,1241
249780,1166,1240
7729,1188,1240
87214,1353,1415
181635,1583,1663
237043,1652,1725
63243,1765,1823
250415,1863,1926
167255,2056,2139
123173,2107,2178
346455,2165,2250
360368,2186,2263
393530,2186,2278
108234,2192,2254
42326,2221,2286
144477,2250,2319
115280,2262,2321
34028,2267,2311
141546,2287,2372
328925,2293,2373
94987,2309,2366
94986,2309,2371
237042,2316,2372
383072,2325,2393
74865,2326,2386
353770,2326,2395
6,2347,2439
6,2358,2454
277271,2377,2457
18700,2380,2457
