388076,256,318
332121,269,321
248286,274,318
212074,373,444
281802,412,474
235516,418,481
76706,418,493
247911,430,493
73894,433,495
78806,823,906
128890,826,892
25634,829,903
405846,829,906
56234,833,900
15466,838,899
148078,839,898
154771,839,903
3143,839,914
134848,845,905
270344,1114,1166
92288,1200,1269
387404,1203,1267
185820,1203,1269
350842,1203,1288
368535,1206,1273
39135,1211,1266
1175,1221,1270
63600,1224,1274
149570,1224,1290
65662,1414,1496
143672,1422,1496
237813,1957,2024
153876,1961,2024
