144632,147,238
201546,304,364
57773,304,368
98420,307,371
349507,309,375
212289,320,378
247612,580,636
57401,580,656
281430,581,660
280765,582,658
58406,584,646
382965,591,652
96992,592,695
3833,596,662
91109,597,687
25312,597,694
347157,598,651
107742,601,694
110186,611,662
396796,611,682
111557,613,680
254855,623,697
303489,627,689
98444,699,761
150281,699,764
51722,700,792
330522,701,765
37237,711,764
151104,712,762
391232,717,783
107480,719,774
44787,726,782
111152,733,776
100811,735,783
168962,735,800
174775,737,825
6272,740,801
171778,757,822
213847,903,964
71288,930,1022
104286,937,1004
239239,938,1023
341083,938,1049
326402,941,1007
84242,943,1012
399792,948,1035
225385,962,1019
204480,964,1012
352068,964,1064
88437,965,1024
263243,977,1049
212344,985,1039
231017,987,1037
300005,987,1048
219411,988,1044
162419,995,1067
320205,1037,1085
234742,1044,1089
165162,1211,1273
40841,1229,1315
302336,1360,1418
292817,1361,1436
57096,1367,1441
230222,1380,1441
171132,1386,1442
230224,1388,1453
397704,1407,1467
174069,1414,1474
203406,1466,1552
399901,1484,1552
165161,1594,1665
210213,1618,1684
382199,1641,1689
281430,1920,2000
208777,1921,1976
358918,1941,2000
382507,1948,1997
111557,1953,1999
231214,2074,2126
32830,2469,2544
172143,2473,2556
73904,2473,2575
206121,2475,2536
32809,2475,2543
326992,2478,2542
202945,2481,2550
242660,2481,2553
381499,2485,2545
26893,2485,2547
372535,2485,2556
220320,2487,2548
314775,2490,2551
310280,2505,2566
311830,2517,2581
120366,2582,2649
129892,2595,2663
248785,2601,2663
214715,2654,2705
212498,2673,2735
6,2879,2958
222056,2894,2957
165109,2908,2956
