71692,152,200
399295,152,229
161110,152,242
53573,152,254
281865,153,208
176505,153,234
186218,153,239
12687,153,309
323944,154,216
398264,155,215
97324,157,216
45563,166,222
307438,170,316
195190,173,305
53572,182,316
350205,185,276
95849,190,309
399296,191,280
231272,199,330
352379,212,335
212644,214,317
352378,222,324
2283,223,314
161345,224,291
86431,235,348
352380,240,321
348793,319,446
364625,328,462
354540,339,450
126200,341,457
339573,341,464
31923,351,462
231273,373,487
195191,376,462
53574,381,497
396304,382,481
161344,384,496
364626,1482,1546
4635,2271,2336
248518,2277,2343
70522,2327,2391
147342,2331,2400
303182,2849,2906
151880,3550,3598
64253,3551,3604
245791,3619,3694
195189,3864,3939
365307,4031,4096
282018,4032,4094
97831,4032,4099
165277,4032,4134
36027,4033,4148
347980,4039,4113
182584,4039,4156
89694,4041,4116
94382,4041,4164
318484,4042,4161
275036,4043,4158
200103,4044,4146
402213,4045,4124
35037,4048,4120
353010,4049,4164
165278,4053,4165
184452,4053,4175
289304,4063,4154
51765,4070,4147
46140,4075,4161
356177,4076,4169
269089,4078,4167
132,4085,4175
79508,4097,4168
51766,4097,4173
6,4847,4908
