176847,124,213
12687,124,241
369310,126,185
251315,127,274
53573,128,223
213809,129,243
242476,134,249
235453,137,222
370645,138,237
195658,146,278
219017,162,281
226498,163,276
269609,163,302
217118,167,293
268316,170,275
231272,177,296
332633,194,306
16934,195,279
131414,214,279
251316,214,330
314006,221,275
28745,222,278
10036,224,282
314713,227,279
231273,361,471
269608,548,671
251317,552,651
155103,663,770
242477,677,773
155104,682,782
293102,715,776
273998,731,783
273999,734,789
308562,828,877
381626,1043,1106
381627,1046,1117
338323,1258,1324
179704,1513,1573
71841,1513,1592
344644,1516,1590
399623,1517,1573
303963,1545,1607
251313,1968,2026
39388,1968,2041
217117,1969,2048
172542,1973,2038
91375,2723,2776
174417,2731,2812
226497,3213,3265
6,3214,3279
87643,3214,3289
6,3214,3296
251314,3216,3277
404850,3221,3283
