120003,123,177
122381,125,178
2386,126,208
12687,127,261
122428,129,237
266797,133,269
260536,137,250
280392,138,246
408202,151,268
269609,163,298
111926,174,281
197443,190,310
78371,193,254
202101,195,269
32486,195,291
32485,195,309
2283,196,281
59064,198,270
238718,203,335
92671,208,324
118200,216,287
81560,219,281
288474,221,356
25161,223,277
42459,223,302
167805,225,278
187780,225,295
82071,227,292
336062,228,296
280892,230,337
31369,246,355
177458,249,375
120004,260,374
266798,267,371
177457,279,402
364625,299,435
166015,326,447
111927,340,447
238719,359,449
269608,511,633
238720,514,605
217461,1292,1368
215501,1450,1518
126373,1612,1661
217461,1624,1699
364626,1629,1699
244764,1632,1707
122427,1638,1706
271718,1639,1710
92672,1660,1722
289313,2648,2714
6,3018,3080
