344945,135,186
322763,135,210
120300,146,221
247622,297,390
293600,298,382
111058,315,407
259162,325,410
299312,331,456
52969,357,449
50029,365,453
195251,503,573
29291,736,819
154026,742,805
322762,768,867
220253,999,1090
301471,1010,1071
322763,1135,1214
322762,1555,1655
331262,1849,1907
320624,1854,1910
13864,2408,2477
13863,2413,2477
75407,2578,2632
85498,2579,2634
361257,2761,2856
151201,2789,2890
195760,2808,2894
350063,2811,2875
293843,2817,2879
19489,2820,2913
162930,2824,2894
8392,2849,2915
107886,2849,2936
72135,2855,2906
103807,2870,2946
364972,3134,3209
369573,3135,3212
35277,3148,3211
204480,3149,3210
309814,3153,3214
406130,3158,3219
253099,3167,3236
253100,3173,3238
284281,3411,3469
375441,3411,3474
213604,3415,3476
6,3585,3650
