285928,102,187
119866,102,190
151896,109,190
275359,336,400
386309,338,419
240837,342,417
173889,351,416
173890,353,424
263969,354,429
156457,354,450
23266,355,458
101387,360,418
14120,360,476
177842,368,454
21025,371,420
349204,372,433
75581,380,445
22778,382,453
357518,574,626
8301,574,648
64642,574,653
25149,577,644
64641,872,966
297804,883,962
297805,883,966
90038,884,991
246396,888,961
343150,895,993
252875,897,988
73754,899,957
211260,912,986
285231,913,982
116855,933,994
112194,1232,1294
387723,1232,1299
128686,1232,1304
