30772,169,297
204015,170,292
92581,171,236
307472,173,291
228200,174,310
331733,177,293
213706,190,244
232256,222,310
293600,343,429
83990,359,434
104837,361,429
248516,687,776
401331,699,795
250052,702,774
24036,702,796
248515,706,764
387983,706,778
327426,707,780
271144,707,793
234514,857,928
202840,935,1013
362772,939,1013
283257,963,1032
54031,1021,1109
401435,1045,1103
125906,1062,1111
54032,1250,1312
80404,1255,1304
308549,1258,1306
204017,1340,1423
85698,1521,1578
187987,1524,1578
241371,1547,1624
222957,1728,1784
378621,1835,1924
204016,1848,1907
351572,1848,1933
351573,1853,1932
90758,2066,2120
97847,2068,2128
283397,2088,2150
6,2261,2336
