82825,268,326
290523,428,491
281777,431,484
142790,431,493
90075,432,509
319951,436,497
191843,707,783
191846,709,775
200474,1147,1265
360409,1203,1305
331191,1211,1289
357511,1215,1280
39613,1219,1287
33286,1222,1291
294920,1222,1316
367354,1224,1302
304558,1224,1309
216107,1231,1312
16558,1233,1295
394183,1235,1298
101622,1242,1294
299440,1243,1308
21276,1244,1311
47748,1245,1306
326429,1250,1311
191844,1290,1415
329332,1370,1436
267758,1521,1582
346555,1529,1594
282036,1548,1601
268499,1553,1631
224493,1554,1627
266353,1555,1618
95727,1556,1607
154994,1556,1623
18054,1556,1633
348750,1563,1639
346738,1564,1626
297976,1572,1634
87291,1574,1640
10876,1575,1637
112124,1576,1642
23975,1577,1640
273610,1581,1642
191845,1669,1773
191843,1685,1766
83854,1696,1766
153732,1720,1772
83214,2026,2118
353698,2033,2104
223529,2034,2110
72217,2034,2118
375311,2036,2135
120465,2039,2121
106923,2039,2137
196320,2041,2134
387611,2043,2107
387610,2043,2118
407875,2045,2107
360408,2045,2126
344099,2046,2112
296865,2049,2118
377251,2054,2119
123606,2064,2141
88437,2066,2128
104610,2066,2131
333593,2069,2130
223072,2070,2135
234250,2071,2133
26045,2073,2151
13774,2073,2154
91173,2077,2152
315615,2078,2140
16676,2079,2129
2594,2079,2135
245850,2080,2133
199136,2080,2143
157530,2080,2152
118546,2082,2158
362191,2083,2153
200160,2092,2154
191844,2374,2499
191845,2795,2895
191846,2808,2871
117602,2867,2923
145602,2873,2966
156329,2878,2976
200184,2893,2957
