279069,261,360
28605,262,365
106717,1348,1393
321467,1465,1515
259104,2075,2151
61246,2076,2126
377792,2116,2202
246811,3248,3358
148847,3515,3576
148847,3793,3858
184619,3820,3877
296743,4160,4232
246615,4165,4233
357327,4445,4500
4143,4445,4504
138305,4445,4506
294127,4446,4508
344126,4460,4511
309073,5632,5705
261011,5644,5722
394160,5652,5715
12525,5652,5745
343341,5655,5747
99355,5657,5737
388194,5658,5721
159649,5659,5725
295907,5660,5722
8699,5665,5748
68137,5666,5730
72179,5667,5745
90799,5667,5749
258344,5668,5730
312394,5670,5734
16699,5671,5740
138011,5673,5735
100766,5675,5739
