323873,541,592
378577,910,988
199543,1495,1573
369633,1495,1595
199540,1498,1645
199542,1502,1644
199539,1521,1657
199541,1538,1671
347277,1841,1906
45464,1889,1966
242180,1893,1968
129584,1894,1978
313961,1899,1963
13167,1903,1968
13168,1903,1972
338816,1908,1981
10036,1909,1975
376508,1914,1963
108525,1915,1964
218984,1919,1983
338065,2151,2237
85298,2165,2227
244839,2166,2244
263010,2168,2230
15705,2168,2237
35672,2174,2243
224697,2178,2239
8015,2179,2237
108544,2180,2231
301997,2181,2238
120615,2184,2230
134304,2197,2244
340489,2248,2315
