210104,189,296
234514,364,421
358499,501,589
189410,530,583
404033,533,596
199858,538,603
223865,547,596
244550,582,637
126047,657,720
126051,833,885
126052,833,914
241127,833,927
126050,835,885
126048,836,887
126046,836,892
217862,850,927
69040,856,927
71180,864,927
267758,880,928
338666,973,1017
70292,973,1019
210103,975,1037
40722,996,1037
169949,1138,1226
59386,1140,1206
24216,1161,1213
192003,1223,1280
59386,1338,1413
217864,1641,1743
172800,1645,1699
217861,1673,1742
217860,1677,1750
217863,1683,1750
5647,1795,1887
284621,1797,1858
153969,1846,1916
153968,1849,1916
105358,2030,2104
213706,2076,2152
176188,2082,2145
176187,2090,2155
241126,2098,2160
259117,2098,2174
45157,2099,2191
278119,2106,2160
396415,2107,2172
215030,2109,2193
208757,2112,2174
126049,2119,2173
117616,2122,2224
232533,2130,2194
250149,2141,2202
217564,2150,2224
284622,2152,2217
111362,2160,2220
408080,2170,2222
59387,2385,2473
177699,2389,2473
157431,2549,2603
56550,2702,2748
75549,2704,2758
1615,2714,2788
138906,2822,2897
269248,2831,2888
328523,2903,2971
59387,3014,3100
289947,3026,3091
311518,3257,3321
272971,3314,3376
149658,3578,3623
85550,4216,4284
221441,4221,4306
76427,4229,4293
241657,4255,4323
16042,4358,4424
154317,4364,4433
