98471,371,451
272078,441,503
25410,1587,1642
272079,3642,3749
119343,4134,4195
151968,4142,4197
371127,4162,4220
371128,4165,4220
111129,4352,4425
155395,4357,4424
315451,4363,4433
319642,4370,4430
400283,4384,4436
407938,6020,6101
75264,6048,6140
96176,6063,6152
116437,6063,6164
11581,6065,6158
152547,6067,6153
182819,6086,6154
122693,6086,6158
217806,6093,6152
20052,6094,6169
22452,6097,6152
132,6100,6159
315346,6101,6152
299235,7082,7140
151969,7652,7718
53119,7656,7744
100467,7698,7761
321467,8344,8405
400282,8745,8800
113403,10387,10448
333129,11007,11076
196865,11008,11086
217807,11009,11093
9084,11010,11089
311457,11011,11104
48235,11018,11079
48520,11018,11081
151967,11018,11100
201804,11024,11087
142182,11024,11091
371610,11024,11104
105256,11025,11075
181848,11029,11098
45680,11792,11877
45680,12167,12246
379105,13709,13772
60538,13711,13769
379104,13711,13792
347,13764,13810
283085,13766,13827
6,14079,14148
