63325,570,695
63569,603,692
63454,1004,1063
169771,1064,1113
393530,1067,1166
368211,1068,1138
68589,1106,1167
356433,1178,1243
109207,1183,1255
207839,1187,1256
89247,1994,2070
264525,2715,2766
304729,2886,2968
51392,2909,2967
184272,3310,3371
399857,3312,3367
230801,3316,3377
218474,3317,3396
212361,3324,3366
294135,3420,3482
187933,3697,3754
408415,3698,3769
236833,4844,4911
217285,5205,5277
115628,5236,5299
223938,5236,5306
115629,5237,5303
10326,5245,5305
249195,5475,5592
249195,6249,6371
58995,6890,6954
284816,7106,7163
1943,7132,7182
150742,7773,7838
