59842,281,376
251149,292,389
406007,429,489
406006,429,494
28903,429,508
79508,430,495
90244,430,511
56269,431,492
354737,431,497
108051,432,495
139355,434,498
119363,444,491
138312,1046,1148
90243,1068,1137
99258,1068,1152
13137,1069,1142
251150,1073,1144
352384,1075,1146
92805,1088,1151
379661,1458,1502
109324,2673,2735
251148,2708,2787
401003,2710,2808
341174,2718,2784
274304,2718,2792
132,2724,2789
406008,2725,2790
138311,2731,2794
401001,2732,2795
209573,2734,2796
102915,2736,2791
165573,2748,2808
106381,3057,3107
170105,3058,3110
132,3150,3201
401002,3151,3205
209573,3151,3207
139355,3154,3207
245293,3641,3717
145816,3658,3719
92497,3672,3726
278737,3672,3735
313895,4138,4191
102916,4139,4195
87084,4139,4195
