80198,282,377
166832,283,359
390805,288,376
262381,290,372
16186,307,371
175538,314,378
319363,314,386
19144,320,384
349046,322,385
325774,384,475
265691,866,979
385177,898,971
198022,968,1049
45326,978,1063
258240,982,1044
245413,1000,1063
344218,1003,1063
370427,1007,1075
385176,1213,1336
46953,1253,1330
330389,1257,1336
299650,1259,1330
265691,1267,1374
152465,1579,1640
382900,1581,1643
142038,1583,1648
123724,1584,1639
301312,1601,1666
397192,1993,2060
77510,1993,2064
341120,1995,2069
289689,1996,2052
229206,1996,2059
323461,1996,2089
200618,1996,2096
365112,1997,2082
365783,1999,2068
336832,2000,2065
338451,2000,2094
107848,2001,2049
168655,2001,2059
233578,2005,2067
165994,2008,2102
132,2028,2119
315346,2031,2093
77509,2031,2105
276291,2031,2123
102915,2035,2098
386865,2036,2120
150859,2416,2469
382899,2623,2686
178834,2625,2703
120520,2625,2706
117966,2628,2697
212334,2738,2866
327711,2869,2968
212321,3036,3089
110195,3132,3187
369386,3401,3460
1330,3417,3519
328391,3418,3511
6,3426,3503
102916,3428,3494
340153,3428,3507
87643,3428,3520
