124893,125,195
112797,128,194
279069,262,351
177237,290,407
124893,536,608
112797,540,607
124894,545,608
328167,870,931
17438,1093,1155
235933,1190,1234
390988,1333,1405
282983,1505,1584
301463,1506,1589
70522,1523,1594
346285,1524,1585
315451,1526,1596
252531,1532,1597
49884,1538,1581
170677,1538,1588
304695,1538,1595
262000,1646,1726
193487,1791,1861
170036,1982,2063
149046,1990,2041
377749,1995,2044
42683,2381,2432
124894,2662,2732
203620,3486,3541
239488,3488,3551
190305,3826,3888
6,3827,3895
