239398,133,217
5703,437,497
149728,630,703
283121,634,703
304492,640,703
25947,912,991
282421,914,977
230462,923,982
221261,923,1025
237586,929,995
336397,933,997
392916,935,1035
354277,938,1014
230037,939,1004
388393,942,1040
217138,944,1028
23000,948,1040
228031,951,1030
384266,957,1018
31925,957,1025
233269,959,1053
307389,960,1043
306205,964,1041
223274,989,1053
389376,1041,1118
339128,1056,1117
250415,1062,1118
191979,1563,1630
173490,2261,2332
83854,2263,2329
157680,2347,2400
38980,3162,3252
116879,3171,3257
172143,3172,3261
38981,3177,3252
221262,3178,3244
218713,3181,3249
158917,3181,3261
351025,3182,3263
222470,3184,3253
284526,3186,3252
116533,3189,3252
394769,3192,3253
255700,3194,3267
200989,3204,3265
18354,3206,3268
311399,3206,3271
228557,3207,3256
358905,3208,3265
