373998,279,336
335755,279,412
27396,280,358
105986,281,368
367359,298,398
392323,302,380
261663,303,405
240955,303,436
208842,306,420
240509,312,410
299755,313,430
70266,321,426
31611,321,433
12942,323,430
275916,329,434
226338,336,412
17166,337,405
209773,337,418
127774,338,401
164935,340,416
254408,340,420
234962,341,406
17167,342,429
364816,343,439
160130,345,404
340313,345,421
335756,346,465
249879,348,431
364817,349,450
248538,351,436
297383,354,404
80790,354,428
408060,355,433
351505,358,433
122693,374,457
211876,393,454
364856,608,693
151301,626,704
347008,628,689
128556,644,690
398207,1016,1072
408399,1343,1407
90854,1911,1974
58835,1916,1981
240510,1938,2007
400101,1953,2014
35050,1953,2029
38258,1954,2004
40478,1956,2028
335462,1965,2042
6,2706,2784
