111091,100,222
117712,104,225
71799,124,247
185997,134,261
386823,144,214
55310,145,224
71798,151,282
385703,172,235
42459,172,253
280395,172,291
30751,173,277
223063,176,242
237888,201,328
235738,227,347
9459,273,393
223064,273,398
21068,273,405
237889,275,389
71797,295,408
355414,306,419
61800,314,406
66587,485,550
66589,720,835
66590,723,834
310840,770,853
379104,775,848
283520,775,854
142843,776,846
217417,780,842
355413,787,874
245365,792,853
31791,796,858
290947,797,857
149046,1270,1334
211656,1306,1352
367566,1334,1397
334852,1443,1509
66587,1736,1801
145060,1809,1862
244764,2123,2170
122427,2123,2172
334858,2123,2184
334857,2123,2260
355411,2174,2291
196865,2211,2277
288129,2212,2270
355412,2213,2348
334855,2214,2276
340549,2218,2279
353646,2218,2302
139688,2224,2291
9460,2226,2276
145654,2229,2277
59731,2230,2272
334856,2236,2321
145653,2252,2324
358500,2253,2318
334853,2269,2358
31792,2931,2992
14096,2943,2993
331155,3094,3152
186661,3694,3771
176341,3718,3774
335736,4699,4813
66588,4708,4810
379105,4752,4808
21113,4765,4877
343133,4770,4877
172405,4772,4841
335737,5016,5080
331157,5533,5591
180935,6389,6499
92352,6451,6524
161526,6458,6547
26420,6468,6535
331156,6472,6544
355409,6476,6537
148452,6478,6540
175254,6491,6548
53590,6505,6554
21069,7342,7405
105314,7422,7506
355410,7440,7511
334853,7440,7515
223065,7566,7637
334854,7822,7911
176505,8003,8081
355408,8003,8095
117713,8004,8093
122428,8004,8103
398145,8005,8055
194193,8005,8088
12687,8005,8125
334851,8006,8058
388846,8009,8094
295615,8037,8124
156193,8063,8125
385702,8067,8125
279976,8098,8150
334849,8116,8196
66586,8124,8229
334850,8126,8226
66589,8127,8234
21070,8131,8195
330076,8133,8234
178759,8158,8213
102890,8264,8370
330078,8613,8698
92351,8613,8706
66586,8614,8721
330077,8617,8723
66590,8621,8723
66588,8624,8724
101774,8647,8723
302494,8669,8724
388847,8800,8876
186662,8831,8887
