24068,73,184
168842,73,208
186218,74,152
122428,74,177
12687,75,192
148275,308,405
111330,308,418
305357,308,431
124109,309,413
331543,309,423
161661,312,425
168843,314,430
334852,1045,1111
372760,1111,1173
15397,1331,1409
15398,1331,1420
198024,1333,1399
110618,1346,1405
161662,1569,1623
334849,2505,2570
259996,2787,2856
334855,2789,2839
97831,2791,2844
37887,2827,2883
385176,3077,3195
201851,3091,3173
168841,3108,3196
334856,3116,3197
386838,3118,3192
51403,3120,3177
54276,3125,3191
7639,3126,3194
323098,3129,3190
69727,3361,3423
136589,3901,3978
331157,4140,4206
69725,4256,4321
224945,4466,4532
309192,5128,5179
69725,5914,5995
343023,6348,6457
8367,6914,7002
287066,6931,6994
334851,6947,7009
287067,7028,7130
334850,7032,7131
351572,7210,7288
327495,7212,7279
334857,7452,7579
168838,7493,7579
69726,7503,7573
168839,7616,7683
334853,7618,7691
385177,7629,7682
168840,7966,8082
387405,8226,8284
348660,8227,8286
348661,8228,8282
334854,8342,8434
323099,8632,8715
351573,8638,8723
308844,8641,8719
346601,9072,9138
69727,9294,9350
116268,9299,9350
271718,9388,9443
244764,9389,9439
334858,9389,9460
168837,9448,9522
168836,9461,9549
69726,9469,9548
