131292,182,286
370645,190,286
260536,191,288
327854,194,282
174479,195,285
393213,200,287
350205,215,286
61418,351,466
383223,386,480
196611,573,639
80871,632,688
302365,851,917
302681,852,914
311196,904,974
190692,906,971
81379,1216,1307
54644,1218,1290
398622,1237,1317
81378,1246,1349
293722,1258,1331
339354,1258,1337
103650,1265,1327
178571,1268,1338
174480,1274,1343
367924,1299,1412
145507,1353,1430
366535,1357,1443
80872,1362,1446
121952,1960,2032
68479,2685,2754
121952,3402,3466
217695,3703,3748
357562,3703,3771
121953,3998,4062
357561,4151,4223
104026,4172,4224
326525,4259,4350
220073,4277,4349
275875,4284,4346
220074,4288,4350
150275,4292,4349
344759,4307,4349
219760,4592,4654
325833,4810,4859
325832,4812,4859
112101,5106,5158
146111,5221,5267
320365,5232,5278
42230,5232,5292
359102,5232,5297
112100,6071,6126
111360,6072,6135
80873,6772,6857
325990,6774,6829
323461,6789,6879
81377,6790,6899
234946,6794,6848
311197,6794,6910
42584,6795,6879
347991,6797,6860
13737,6798,6859
302366,6800,6880
302682,6801,6885
235538,6826,6881
132,6828,6882
330114,6828,6887
121953,7060,7133
403560,7125,7225
197895,7149,7223
193739,7326,7376
152036,7327,7380
264891,7988,8076
