56498,115,181
363155,341,392
169811,348,389
252524,349,399
57533,352,437
209337,354,415
20181,355,424
320624,372,439
172165,712,818
54031,716,822
50965,743,821
67337,750,822
188384,864,925
303634,864,927
289773,864,929
27329,907,1016
112736,975,1037
275922,1092,1140
1615,1092,1161
17839,1284,1366
160349,1287,1349
403830,1297,1354
17840,1299,1362
298838,1300,1375
367464,1301,1370
272882,1906,1979
311373,3036,3107
376308,3059,3113
41199,3245,3306
255700,3256,3315
53446,3274,3325
3928,3277,3352
54032,3412,3468
17838,3956,4007
374149,3999,4059
27329,4264,4369
277140,4329,4391
200500,4354,4405
379834,4356,4419
222949,4362,4416
91077,4366,4438
91078,4366,4457
195691,4369,4430
50964,4369,4438
228568,4370,4429
244898,4374,4437
402908,4397,4461
27328,4699,4829
27327,4946,5015
326445,5066,5119
168370,5069,5138
27328,5417,5535
27327,5536,5590
