56410,138,262
270069,178,262
202631,181,262
307584,187,263
232256,190,262
48104,199,263
83990,322,398
197921,322,409
359868,322,416
94109,324,405
96249,327,455
52969,359,452
233042,441,503
237689,444,517
354601,445,506
70231,445,508
311193,474,534
70000,528,599
4450,549,618
231520,553,615
231107,587,670
109072,593,667
60430,759,833
111448,806,869
94163,853,919
62479,1150,1200
247296,1167,1252
358574,1175,1245
297893,1204,1272
6534,1210,1251
307524,1391,1464
56411,1430,1516
140062,1483,1553
236102,1484,1556
214284,1485,1563
302792,1488,1550
226688,1494,1570
226687,1494,1574
299467,1496,1560
19809,1497,1579
90681,1499,1552
325925,1499,1556
48706,1501,1562
401510,1504,1557
201063,1505,1564
148605,1510,1553
313937,1510,1581
167394,1512,1562
167393,1513,1559
107059,1517,1566
86797,1523,1569
254468,1574,1633
273963,1576,1628
269235,1587,1648
35906,1589,1641
134713,1592,1639
363323,1593,1681
237690,1607,1681
6228,1618,1695
181619,1693,1775
102856,1891,1952
72484,1899,1987
389738,1903,1979
374148,1914,1986
127841,1915,1988
394535,1917,1980
126352,1918,1988
51481,1919,1985
113149,1921,1980
127840,1931,1989
200184,1956,2029
270070,2072,2124
373798,2118,2173
10459,2126,2191
32283,2132,2188
20410,2138,2199
206761,2138,2205
50454,2174,2234
370990,2271,2325
338257,2363,2425
353195,2550,2622
