305121,114,207
307472,145,262
80693,153,255
371378,154,271
308755,163,267
308756,170,221
272628,176,257
312566,327,416
57119,527,584
329128,670,728
263345,713,809
297203,720,798
373043,729,803
35617,733,800
113145,735,825
293469,736,801
308961,737,802
207214,739,803
101574,741,831
294889,743,805
157145,744,830
69586,746,810
255582,747,835
397466,751,847
278387,754,845
195984,757,832
170617,758,822
28670,759,824
28669,760,822
157144,762,824
217966,764,826
42144,765,830
285409,766,828
56583,768,829
130362,768,849
207215,768,852
162796,772,845
316620,773,839
200294,775,845
89818,782,845
399126,782,862
254591,798,870
39375,931,1001
232370,933,1019
43152,934,1007
62335,940,1016
398137,944,1005
66759,945,1006
259740,945,1014
290629,948,1032
301624,949,1019
133151,952,1026
50947,953,1012
327452,953,1018
178678,953,1032
308374,954,1019
23169,954,1038
53760,955,1020
69587,955,1030
383072,958,1033
284448,958,1053
97056,959,1029
56584,959,1048
230512,960,1046
362730,960,1072
197845,962,1032
29484,963,1026
91998,963,1028
300244,964,1036
248367,965,1027
59681,965,1030
162795,965,1040
236696,966,1029
85960,967,1047
180400,968,1039
23658,969,1049
58903,970,1037
241572,970,1053
207774,971,1039
281566,972,1055
21276,973,1040
144467,973,1059
69171,976,1032
89207,977,1045
304162,977,1055
9869,978,1062
107684,981,1057
289890,992,1058
342045,994,1059
2525,1020,1082
133931,1042,1111
131766,1044,1118
42143,1085,1137
85465,1407,1493
120821,1431,1514
312567,1435,1515
313132,1441,1501
197800,1638,1701
23657,1870,1931
250627,1885,1951
