4143,106,164
362483,106,186
1286,106,196
1287,106,234
357413,107,240
302859,110,217
262903,113,165
183670,115,252
352227,122,185
75828,159,252
75829,159,255
60587,162,263
183669,165,279
179176,179,246
161604,261,387
176853,266,375
111612,270,386
357412,297,414
161661,308,418
61800,311,409
168843,312,424
214977,625,723
140979,629,760
116583,645,749
262073,653,740
31611,657,769
285512,660,741
37962,683,750
107112,1951,2037
224298,2625,2681
161605,3092,3163
153139,3117,3169
23495,3121,3173
153140,3163,3253
174336,3163,3274
107109,3167,3233
17839,3172,3257
399283,3178,3271
173949,3180,3257
3637,3182,3258
17838,3183,3251
78236,3183,3268
161168,3184,3255
78235,3186,3269
219921,3188,3254
61856,3191,3257
161167,3194,3263
247787,3195,3258
262963,3196,3277
150502,3214,3278
386201,3214,3285
253163,3215,3282
337585,3216,3280
217798,3216,3284
299405,3217,3286
67373,3218,3291
214978,3321,3425
107110,3348,3429
107109,3433,3485
17840,3451,3494
107112,3455,3526
49463,3937,3998
299404,3937,4008
295424,3939,3998
107110,4088,4163
201214,4379,4450
107111,4439,4548
6033,4613,4667
225949,4615,4670
107111,5313,5411
232952,5446,5501
6,5667,5721
241413,5671,5723
