204626,87,168
160196,87,182
386289,87,195
348148,87,202
1287,87,211
278714,88,156
278715,88,172
353242,90,141
73923,90,176
318908,90,182
95468,91,166
26390,95,162
54546,107,211
73924,108,207
95469,110,205
160197,126,211
54547,344,456
26222,559,625
178834,898,977
329128,905,975
229627,976,1018
101359,1180,1232
245270,1410,1458
108985,1536,1613
249780,1826,1899
352277,1977,2040
50965,1979,2051
20034,2002,2052
198022,2535,2599
400711,2537,2595
30764,2538,2590
72666,2544,2595
173128,2545,2592
179199,2547,2607
42023,2699,2777
50964,2832,2889
12317,3301,3357
102111,4070,4135
245271,4932,4983
