269696,163,227
316011,378,439
231107,407,488
71450,772,832
259711,778,839
131451,844,912
281732,849,923
19286,854,930
4668,1076,1149
145507,1079,1144
232370,1158,1246
189764,1162,1241
124592,1171,1247
398578,1175,1288
290281,1181,1281
188950,1184,1266
8015,1186,1248
27642,1186,1269
248096,1187,1255
22080,1189,1275
22081,1189,1279
318319,1194,1308
304947,1201,1281
182788,1205,1273
306888,1207,1270
317930,1208,1288
97767,1220,1285
362296,1237,1355
316526,1246,1388
37029,1247,1353
49463,1248,1306
96176,1248,1341
362295,1248,1367
378304,1249,1325
24880,1249,1373
184449,1250,1343
184452,1250,1356
184451,1251,1299
362297,1251,1375
72532,1253,1362
203981,1266,1354
370444,1266,1377
51765,1267,1337
221764,1267,1347
347768,1268,1349
142782,1269,1362
49545,1270,1386
262413,1271,1375
68937,1272,1369
147266,1275,1351
63778,1276,1370
132,1277,1357
3606,1277,1363
95212,1280,1354
17775,1281,1352
99258,1282,1357
189134,1283,1346
282376,1283,1387
56269,1285,1346
249609,1285,1379
290919,1293,1403
250227,1295,1389
349378,1296,1360
366513,1297,1358
88602,1297,1374
338092,1300,1347
19940,1300,1390
121624,1305,1371
15397,1306,1394
15398,1306,1404
153251,1308,1386
48738,1308,1395
293341,1309,1370
201387,1309,1375
306887,1311,1372
140949,1311,1416
403710,1312,1381
107328,1312,1395
370443,1312,1408
82765,1313,1376
95058,1315,1381
133634,1316,1378
232267,1319,1383
407834,1326,1390
247912,1328,1389
279010,1328,1391
174551,1328,1413
174550,1333,1396
150019,1354,1417
379468,1703,1806
239321,1705,1800
239591,1706,1780
318217,1707,1767
124011,1715,1776
111058,1719,1821
280689,1725,1833
248815,1756,1806
306889,2194,2274
306890,2209,2270
61665,2232,2282
249610,2238,2293
184450,2355,2415
56296,2375,2418
95088,2629,2687
1749,2933,3018
147234,3113,3165
272362,3122,3165
63899,3458,3528
162642,3459,3534
84770,3582,3640
25914,3586,3640
178317,3602,3678
205728,3604,3647
277824,3604,3668
76770,3604,3670
32774,3606,3671
184959,3607,3669
111787,3620,3683
1749,3733,3815
314477,3751,3800
52250,3759,3816
53141,3762,3813
53142,3762,3815
4667,3771,3815
15314,3845,3921
93984,3847,3907
175467,3848,3927
120564,3849,3922
264611,3852,3923
224228,3966,4033
406794,4002,4063
367351,4002,4066
159225,4243,4295
