121768,109,158
291425,109,193
382167,110,177
191769,115,179
155977,122,190
56007,131,196
23955,141,218
29683,141,223
235327,141,236
368466,143,204
281503,144,208
218926,144,222
260212,145,214
127378,146,210
127377,146,229
260214,147,257
396007,148,236
250663,150,215
8232,152,238
271499,153,234
296121,154,216
125602,155,218
385541,155,223
214206,155,230
297320,156,228
125791,157,246
62243,159,222
339559,159,230
201844,159,237
222789,164,237
396008,164,252
122,165,228
298755,165,247
236818,167,239
54349,168,229
298754,170,260
131614,171,233
247812,171,270
357710,171,306
11690,172,235
298756,172,237
331423,173,263
54348,175,237
94669,175,259
164051,177,238
172016,178,253
80771,180,244
286868,180,277
82527,181,242
260213,184,294
201841,185,308
247811,186,304
156062,188,280
355268,189,317
9755,192,253
257507,193,255
40426,195,280
294775,197,275
237286,199,302
210731,200,263
183873,201,284
263505,201,314
307176,208,272
287499,209,270
298757,209,289
90707,213,293
194031,215,276
105930,217,283
290269,217,302
320558,219,284
237285,222,305
211545,224,286
41443,230,318
293291,232,294
171241,236,298
67963,239,306
43259,241,303
391317,245,327
1345,266,378
6955,287,383
201842,310,378
201840,310,383
320557,314,381
9917,322,383
34956,484,599
28454,485,583
271500,485,603
50147,488,619
298699,491,563
401916,491,592
392412,491,630
130896,495,605
125601,496,595
279893,498,597
145356,499,592
173403,499,626
247511,504,633
1345,506,590
252504,507,601
114206,507,609
24832,511,623
260255,513,627
267,518,630
381277,519,625
355119,520,605
155978,524,645
301806,525,653
271495,533,646
384687,544,637
267,548,638
394395,549,623
99944,558,640
153939,578,682
266133,579,625
161682,579,642
173792,585,636
73582,587,671
127422,589,654
153938,589,672
220455,589,677
213739,590,656
19132,592,657
405783,593,667
20766,596,652
128562,597,671
392411,602,748
379758,603,669
291642,606,671
82331,626,715
194624,631,710
198391,633,727
117629,635,711
300032,636,722
293198,640,761
384688,650,754
198390,650,774
182628,653,727
10282,671,741
401917,671,776
52719,672,745
303635,674,775
368829,681,751
109159,683,745
153940,689,758
257508,691,764
92636,694,745
172489,694,761
37929,700,767
7885,717,775
376653,722,777
22876,1242,1288
207489,1242,1291
85354,1242,1318
49213,1242,1325
85349,1242,1330
153937,1242,1344
172492,1242,1349
260259,1249,1375
85352,1250,1382
19732,1251,1300
286867,1263,1384
269264,1275,1381
267,1278,1404
1345,1289,1365
391319,1289,1388
392409,1289,1410
391318,1292,1366
5653,1292,1378
220454,1317,1412
392410,1322,1414
40120,1449,1509
172489,1449,1511
384689,1751,1847
109158,1752,1816
21088,1754,1848
85351,1757,1818
147982,1765,1826
380382,1768,1838
194030,1772,1836
241644,1773,1855
221578,1796,1854
29682,1796,1859
183845,1814,1878
172495,1881,1942
20055,1883,1941
103699,1902,1967
31063,1905,1968
291426,1927,1985
98783,1937,2018
128564,1995,2059
67960,2030,2162
5418,2053,2167
300030,2062,2143
271497,2063,2153
4917,2063,2162
402578,2063,2184
14100,2064,2157
886,2065,2177
212848,2065,2187
342584,2067,2181
342098,2067,2185
218799,2068,2155
218794,2072,2190
886,2073,2148
5819,2075,2152
321978,2096,2176
255759,2120,2198
263504,2121,2190
300031,2126,2189
221274,2128,2190
260258,2414,2511
22875,2415,2470
263507,2415,2501
260257,2416,2558
49212,2417,2511
85348,2417,2520
85350,2417,2533
194032,2418,2490
172492,2420,2536
292907,2421,2485
25187,2421,2553
24831,2422,2522
286866,2422,2544
3214,2423,2484
255760,2424,2471
201794,2426,2478
300034,2426,2516
293080,2427,2495
389053,2429,2492
405955,2432,2491
326928,2432,2556
242582,2436,2575
308419,2437,2480
85353,2437,2559
149772,2439,2522
242584,2439,2565
156706,2440,2546
252505,2444,2537
114048,2444,2568
388968,2446,2513
379754,2449,2520
1345,2451,2562
6955,2463,2577
55786,2464,2574
50146,2469,2559
331424,2469,2585
162092,2470,2569
267898,2472,2559
1345,2474,2560
1930,2474,2567
385542,2475,2585
205140,2477,2587
117632,2481,2582
6955,2486,2575
389958,2584,2649
402579,2585,2646
121767,2588,2655
156707,2610,2685
168463,2620,2740
291324,2631,2736
385538,2646,2744
168466,2651,2759
24830,2672,2750
214905,2681,2739
83367,2893,2956
22877,3029,3091
91296,3039,3137
171238,3053,3126
171239,3053,3153
91295,3059,3175
24865,3062,3137
13157,3062,3170
392414,3065,3194
321977,3067,3184
117628,3068,3175
91297,3079,3180
278164,3080,3184
180752,3081,3162
51719,3081,3191
267899,3082,3186
218793,3082,3195
387636,3083,3166
168432,3085,3147
230409,3086,3188
172493,3089,3225
180751,3090,3152
168473,3090,3182
168467,3090,3189
128561,3090,3211
218797,3091,3186
77471,3091,3217
221673,3095,3190
405780,3104,3221
168469,3112,3216
2483,3112,3222
218792,3114,3224
52720,3121,3227
392413,3142,3230
40119,3158,3225
106881,3244,3321
129875,3247,3294
31824,3249,3310
5462,3251,3324
190882,3254,3322
118261,3257,3323
323377,3260,3323
297321,3261,3336
148249,3270,3324
334757,3270,3335
181223,3271,3318
399778,3283,3338
394635,3295,3427
147983,3300,3400
205139,3302,3422
241643,3305,3418
205138,3309,3443
393260,3313,3386
399422,3313,3416
73581,3315,3407
293287,3315,3422
255621,3320,3399
108046,3322,3397
405782,3325,3409
352137,3326,3385
8064,3326,3407
297463,3326,3426
72080,3326,3452
61501,3327,3421
73580,3327,3448
61502,3328,3423
182429,3329,3425
58958,3334,3417
262434,3337,3392
339680,3337,3399
151810,3337,3419
343399,3338,3411
92457,3339,3400
299907,3339,3403
405781,3341,3401
148267,3342,3393
301805,3342,3449
109157,3342,3459
244820,3344,3394
327626,3344,3398
235370,3346,3404
20765,3348,3456
130205,3353,3404
318940,3354,3402
334756,3355,3417
379753,3355,3460
265500,3356,3411
246683,3356,3451
330681,3362,3423
144321,3364,3426
122710,3365,3455
148268,3366,3443
73579,3368,3449
102695,3659,3711
247814,3664,3729
384686,3665,3713
172488,3684,3766
168465,3685,3759
241642,3690,3765
174831,3699,3770
301804,3701,3764
172494,3772,3859
67961,3789,3859
391664,3965,4027
10528,3965,4033
1764,3965,4058
291322,3965,4066
168471,3966,4049
156061,3967,4017
36055,3968,4043
320304,3969,4033
74839,3973,4034
168470,3973,4060
24954,3975,4037
39238,3977,4046
291323,3978,4057
321975,3980,4042
218791,3984,4045
172488,3984,4069
291321,3990,4053
381276,4040,4110
263506,4067,4133
387118,4070,4135
121531,4074,4135
140206,4078,4133
20641,4079,4135
291644,4083,4129
102324,4096,4177
385539,4102,4164
382718,4102,4184
28453,4112,4181
26706,4222,4283
204595,4224,4287
323940,4230,4297
171240,4471,4524
360244,4471,4527
55279,4471,4543
5818,4471,4549
48077,4475,4541
171237,4476,4524
260256,4476,4529
183872,4476,4537
40427,4476,4544
376654,4481,4544
2155,4482,4532
80777,4482,4543
385540,4487,4546
194029,4488,4542
77246,4489,4561
218795,4553,4687
168462,4598,4698
172491,4599,4681
92634,4836,4896
200719,4836,4903
303638,4838,4936
41894,4839,4900
222597,4843,4896
357709,4847,4955
278165,4858,4946
349110,4886,4997
271496,4898,4955
168460,4898,4963
26429,4899,4960
886,4899,4969
403331,4899,4974
193522,4900,4963
36058,4900,4980
306669,4914,5033
247502,4956,5019
350333,4956,5021
175786,4957,5002
62256,4966,5016
120662,4967,5030
212437,4969,5033
264360,4971,5035
274162,4973,5043
362846,4974,5022
6846,4975,5049
278163,4977,5042
379752,4979,5043
9810,4980,5041
271498,4982,5116
337550,4983,5070
4720,4985,5056
50966,5056,5117
290986,5061,5122
356711,5062,5125
115041,5096,5158
80778,5154,5220
252503,5309,5388
224324,5309,5408
128559,5309,5446
36057,5310,5435
269265,5315,5414
168464,5315,5430
405779,5324,5450
218790,5325,5441
172493,5325,5459
303637,5328,5425
77471,5328,5447
30275,5334,5456
58155,5340,5429
168468,5341,5446
24101,5349,5430
886,5350,5459
172490,5356,5434
291643,5358,5464
886,5364,5441
92635,5372,5465
198388,5392,5458
210198,5412,5461
218796,5413,5467
384272,5416,5533
36056,5424,5513
186259,5428,5520
1917,5428,5561
5820,5430,5524
338588,5431,5493
100577,5433,5518
31431,5435,5539
85347,5437,5534
252502,5438,5568
221839,5439,5544
317668,5439,5561
231471,5440,5511
291639,5441,5518
20764,5442,5560
389957,5447,5538
51667,5449,5539
40882,5452,5534
242583,5453,5570
58078,5456,5526
71438,5456,5563
247813,5456,5568
13029,5460,5519
220275,5461,5526
220504,5465,5528
391663,5469,5530
104557,5472,5520
321976,5472,5526
147981,5472,5534
321817,5534,5611
181804,5704,5765
168461,5714,5812
172491,5725,5812
218798,5728,5793
73583,5728,5805
140204,5735,5809
172494,6075,6167
51577,6078,6148
366900,6081,6142
200342,6084,6148
223344,6085,6151
152038,6095,6152
56541,6095,6160
105381,6096,6150
201634,6096,6155
294745,6096,6164
300029,6327,6394
886,6327,6399
172490,6327,6405
20053,6327,6409
886,6327,6422
246681,6327,6428
140205,6420,6511
280827,6428,6506
33946,6435,6511
168472,6532,6647
319977,6543,6602
172495,6543,6615
73584,6543,6651
59975,6544,6599
104799,6545,6619
201843,6551,6672
115413,6561,6624
223723,6565,6634
118260,6565,6640
291641,6566,6618
50145,6566,6628
246682,6567,6648
117631,6567,6672
151907,6570,6633
151906,6570,6643
298698,6574,6643
157672,6579,6644
148266,6581,6640
357287,6604,6666
293197,6607,6670
135571,6612,6669
168459,6709,6786
260666,6712,6811
15479,6717,6776
291640,6721,6835
128563,6723,6787
29529,6730,6782
379751,6735,6808
40425,6736,6792
117630,6736,6851
36059,6738,6876
141940,6739,6805
302493,6740,6803
150513,6741,6809
133829,6741,6819
389956,6741,6833
67962,6741,6858
193523,6742,6863
5817,6742,6874
198392,6743,6816
293810,6744,6846
12305,6745,6870
65145,6746,6851
283595,6746,6865
135959,6748,6809
36061,6748,6843
319875,6748,6860
140207,6758,6809
355267,6758,6814
31778,6758,6831
36060,6758,6861
188506,6759,6842
241640,6760,6859
59003,6760,6882
252680,6762,6884
331425,6763,6854
85346,6772,6830
111625,6772,6847
258493,6772,6856
20763,6772,6886
204596,6773,6879
257076,6776,6851
349109,6776,6888
218270,6782,6846
280703,6786,6857
180934,6788,6849
301943,6789,6850
351208,6791,6852
392408,6793,6858
57565,6806,6881
183870,6939,7000
274161,6939,7026
241641,6940,6992
30802,6940,6999
221838,6940,7008
83933,6941,6990
184307,6942,7005
59541,6942,7021
277081,6943,6990
93582,6943,7000
136662,6943,7004
13079,6943,7016
50664,6943,7026
277080,6945,7010
24763,6946,7008
102694,6949,7023
22089,6951,7015
40424,6951,7026
82622,6952,7006
128560,6953,7007
73496,6956,7024
18456,6957,7016
20054,6959,7007
198389,6959,7016
8675,6962,7023
249789,6963,7024
232143,6966,7015
4246,6967,7009
22496,6967,7026
40167,6970,7011
86803,6975,7026
300033,7166,7253
153941,7173,7275
86804,7186,7281
223722,7188,7255
183871,7190,7249
125600,7191,7285
66302,7210,7259
