269181,143,191
197699,143,224
301160,143,228
12943,143,264
333,143,274
167118,144,197
46787,144,247
4022,145,236
336520,146,225
400276,146,254
60066,149,213
22245,149,219
18905,149,232
167522,151,214
339035,151,245
366155,154,223
315534,155,248
318564,156,212
383261,156,239
20947,157,236
323587,161,223
21664,163,238
40686,164,245
241892,166,234
50423,167,236
139780,168,255
293420,169,216
320572,170,259
333,171,272
51877,177,278
214877,181,259
168875,183,274
399763,184,331
54979,185,261
318563,185,292
44472,192,267
68920,193,258
265817,193,293
27759,195,261
21687,198,259
223510,199,265
4012,201,262
472,202,268
400277,206,268
117112,211,274
32985,213,281
10551,217,278
105643,222,283
245740,223,299
194100,231,294
215982,231,296
319204,232,298
258929,233,310
402169,236,320
132297,241,308
392602,241,312
288860,242,314
70518,243,301
113258,246,308
337076,248,338
188674,248,362
368384,252,365
154787,254,332
193683,262,374
340106,262,394
2653,265,335
194967,265,397
113983,267,378
336521,268,348
53650,269,401
22450,270,373
149967,271,348
1406,271,411
231351,272,345
308541,272,382
124012,272,419
228697,273,332
270466,274,338
1569,274,387
12738,275,381
171594,276,404
357433,277,370
3403,277,377
20832,278,410
179326,279,388
256591,281,377
227732,281,441
135671,282,381
3816,282,417
82311,283,343
138680,286,367
3428,286,395
338561,288,388
233045,288,399
153070,288,419
2486,289,415
233891,294,375
46769,294,414
94924,294,422
348756,296,425
188673,297,418
142072,300,437
328016,301,410
321847,305,420
40687,306,433
76870,310,423
278795,310,438
142733,311,412
266234,316,452
886,318,415
214180,318,433
886,320,397
206695,321,401
249462,326,429
23730,327,404
142074,327,452
149968,328,433
166445,328,448
233304,347,454
49229,349,459
402297,371,468
175415,378,458
485,379,454
39986,388,465
117467,397,486
153359,419,472
167429,425,479
374187,445,512
199804,457,526
138684,458,532
399499,458,536
125672,459,522
235828,459,524
243923,460,551
342582,462,525
243924,462,528
202464,468,554
404177,469,549
92677,470,537
353160,471,525
1266,471,550
239955,472,598
36540,473,529
50422,473,537
185573,474,526
57529,474,555
167121,474,567
131403,475,538
129585,475,557
156527,483,550
184028,484,564
263178,488,551
218383,489,584
307910,491,619
2163,492,599
357434,492,604
269185,493,551
171882,494,570
5532,494,597
19549,517,592
269182,531,651
213883,532,646
213884,538,641
82984,544,671
218382,550,685
32982,555,685
76871,556,705
167119,557,700
209095,557,717
2652,558,631
32788,558,678
138681,558,686
266235,559,694
76154,559,703
235986,562,672
194099,565,686
317742,566,616
197563,566,628
103713,569,625
56973,570,720
338562,572,733
10751,578,686
327043,582,735
263177,593,748
306618,594,684
292466,597,735
161865,599,681
19287,602,757
124013,604,740
322745,605,692
45957,605,770
179157,606,719
242655,608,737
308542,609,767
40688,610,758
12945,614,734
197562,614,739
7636,614,766
26133,616,732
340107,617,747
386227,618,741
239954,619,790
175327,635,768
218381,635,779
215973,637,794
94265,637,801
249240,641,692
154600,644,769
58129,645,808
373673,647,797
13158,652,799
71659,656,800
403134,657,782
49647,664,780
158445,666,754
10294,666,797
29307,671,765
8760,675,797
12555,679,777
88546,689,815
168264,693,760
89671,694,834
4613,695,804
12911,695,808
12944,723,833
5559,742,830
4231,742,839
1244,759,838
9048,948,1041
40691,1009,1097
338564,1009,1105
24960,1024,1081
288859,1025,1080
292696,1025,1097
136262,1057,1104
148394,1120,1188
76155,1121,1184
404301,1122,1187
292468,1124,1185
307403,1125,1218
31065,1126,1186
340108,1126,1193
363204,1126,1235
194886,1128,1237
79456,1130,1194
40690,1133,1219
327045,1136,1194
96359,1136,1197
80751,1136,1206
175949,1137,1218
253052,1144,1231
194885,1144,1248
368921,1145,1209
338317,1145,1237
58558,1146,1243
32790,1150,1212
234830,1152,1203
205421,1153,1225
207165,1153,1229
397407,1155,1219
284799,1161,1244
299851,1162,1242
278799,1168,1239
302635,1170,1231
284798,1170,1251
12075,1188,1250
400500,1189,1244
29258,1193,1248
214181,1285,1341
175947,1287,1370
175948,1289,1376
21688,1293,1364
237275,1293,1376
321848,1298,1363
238077,1305,1375
236187,1322,1374
264283,1405,1468
214182,1406,1462
249229,1410,1464
403135,1410,1471
86440,1410,1476
401837,1414,1474
135672,1420,1477
246924,1422,1474
105644,1422,1480
341720,1424,1475
3817,1426,1479
247096,1428,1480
213323,1584,1646
168876,1584,1650
56974,1584,1667
299018,1585,1641
123735,1594,1672
199805,1594,1706
179158,1598,1693
337077,1600,1691
32789,1605,1672
266237,1608,1670
267,1612,1675
94925,1613,1672
270555,1616,1690
112911,1620,1692
359831,1620,1697
175946,1622,1666
333607,1627,1712
329058,1628,1682
90823,1628,1696
298189,1629,1693
154786,1629,1700
225423,1629,1703
27175,1629,1706
17011,1629,1730
49648,1630,1717
150727,1631,1695
71660,1631,1710
376824,1631,1715
26988,1632,1705
40692,1637,1692
273617,1637,1700
372754,1637,1715
245897,1638,1699
352589,1638,1729
138683,1639,1710
317640,1639,1713
96345,1639,1721
202357,1641,1699
112910,1641,1703
264048,1641,1716
165451,1644,1708
199040,1645,1720
132434,1647,1739
214179,1649,1710
384283,1649,1713
269184,1649,1718
57333,1652,1709
352588,1654,1729
132433,1664,1764
167430,1668,1738
3818,1669,1732
15751,1673,1739
41567,1673,1742
243922,1677,1738
45969,1684,1745
190220,1684,1748
307911,1685,1776
405984,1703,1785
194101,1705,1779
243076,1790,1869
52772,1824,1872
373920,1958,2008
194102,1958,2013
45959,1958,2021
179159,1959,2003
379974,1959,2012
378347,1961,2013
150725,1962,2014
305213,1962,2016
222326,2044,2107
311344,2057,2164
243073,2161,2272
186465,2208,2267
23209,2209,2266
146729,2214,2293
218495,2228,2286
136900,2233,2286
243077,2265,2321
94926,2272,2318
405580,2401,2473
264282,2416,2474
113259,2521,2604
243073,2568,2672
53042,2795,2853
465,2796,2860
238076,2796,2884
373675,2806,2851
366156,2807,2869
319207,2843,2894
212459,3002,3063
45139,3003,3049
249348,3005,3061
211719,3007,3062
19824,3007,3069
203833,3010,3109
23987,3013,3102
301161,3014,3114
376821,3016,3080
55298,3016,3084
82414,3016,3110
51545,3018,3074
3975,3019,3084
124570,3020,3085
259607,3020,3096
342234,3021,3094
145559,3022,3120
261108,3023,3107
357174,3024,3086
159204,3026,3103
35670,3027,3084
278796,3028,3107
297194,3029,3086
73535,3029,3096
159098,3031,3084
73536,3031,3102
26132,3031,3106
126162,3031,3119
376825,3033,3115
352176,3036,3110
318565,3039,3100
247095,3039,3103
168877,3042,3106
127742,3044,3105
140782,3045,3109
65000,3045,3112
93457,3046,3107
199806,3048,3113
334948,3048,3119
392603,3049,3130
71658,3053,3118
272478,3089,3160
365994,3183,3247
318291,3185,3248
325498,3186,3250
368091,3187,3247
4716,3188,3258
125855,3188,3263
45958,3190,3270
157654,3191,3252
200870,3191,3265
51876,3192,3254
321176,3195,3247
384496,3202,3265
206053,3202,3285
3664,3203,3259
150726,3205,3280
14798,3206,3261
319209,3207,3277
211034,3207,3306
292467,3207,3312
271529,3208,3268
233044,3208,3285
249347,3209,3280
175945,3209,3302
288215,3210,3255
11487,3210,3297
389078,3210,3315
293419,3211,3268
322747,3212,3304
136899,3212,3312
186163,3213,3285
107423,3213,3301
138682,3214,3307
301162,3215,3297
140627,3217,3285
266236,3217,3323
94012,3221,3285
2654,3224,3289
372326,3225,3286
209555,3227,3290
325499,3227,3299
6630,3230,3295
174259,3230,3345
204107,3241,3317
281948,3249,3316
329336,3255,3316
271978,3255,3319
101125,3274,3367
234828,3276,3379
231352,3286,3378
72076,3299,3362
76872,3301,3365
19951,3301,3376
404818,3301,3379
243075,3373,3455
155148,3647,3703
61476,3647,3720
358004,3647,3731
40693,3647,3735
338563,3660,3722
150740,3699,3756
207729,3728,3795
322746,3735,3796
136260,3735,3798
264285,3736,3820
319205,3739,3801
228699,3750,3887
233869,3769,3835
368090,3770,3872
76619,3770,3889
32787,3772,3835
21396,3773,3842
8043,3778,3842
86765,3778,3846
187498,3778,3892
47121,3779,3834
16053,3780,3841
74567,3780,3858
282513,3787,3881
405983,3788,3872
124014,3799,3862
52305,3801,3862
251271,3801,3885
180636,3803,3886
278797,3804,3870
40689,3806,3885
146241,3807,3873
213885,3807,3901
69344,3809,3881
167120,3809,3908
142073,3810,3878
32733,3815,3878
405358,3817,3886
39583,3821,3882
12539,3853,3910
402171,3856,3920
216537,3860,3920
63826,3862,3921
376822,3996,4063
319206,3996,4087
243072,3999,4049
334947,3999,4067
218380,4023,4079
218494,4025,4099
392384,4026,4087
183029,4027,4116
353748,4037,4087
65480,4037,4100
313221,4038,4121
273917,4040,4088
60334,4051,4121
400950,4056,4117
99997,4058,4139
407632,4059,4116
84681,4062,4122
112912,4064,4132
327044,4065,4135
88930,4067,4132
133443,4067,4139
238225,4069,4121
155149,4069,4124
405359,4070,4133
203754,4072,4139
307402,4090,4174
136265,4166,4253
258992,4367,4417
264284,4369,4417
243072,4369,4432
58807,4369,4436
209615,4370,4443
159203,4374,4456
386228,4376,4435
26134,4383,4447
376823,4385,4449
307401,4422,4505
243075,4481,4563
66639,4497,4563
143763,4505,4567
13783,4624,4683
386759,4627,4684
176665,4652,4715
192027,4679,4756
203718,4687,4742
265447,4690,4750
238075,4707,4775
392668,4714,4768
39988,4726,4806
136263,4727,4826
297192,4728,4810
243076,4739,4808
124015,4759,4826
312837,4772,4828
69476,4774,4830
214183,4775,4829
123317,4781,4823
301159,4786,4829
32786,4908,4960
269183,4908,4964
265366,4908,4994
369986,4909,4963
372753,4911,4989
301728,4912,4978
372751,4912,4985
333184,4913,4977
45956,4913,4996
26136,4915,4978
306657,4918,4968
336522,4918,4977
191748,4929,4999
167428,4930,5005
27176,4938,5003
41566,4945,5034
400499,4946,5059
65955,4969,5037
339034,4970,5032
317416,4970,5072
317414,4975,5032
243074,5022,5098
136261,5029,5084
136259,5448,5559
1371,5449,5541
312153,5462,5540
374732,5477,5537
269180,5485,5568
58130,5486,5533
243074,5580,5671
213882,5830,5878
181772,5831,5882
6783,5834,5881
201647,6080,6138
194101,6080,6150
397374,6080,6205
136264,6101,6216
154785,6102,6223
321849,6116,6183
402170,6134,6260
32983,6183,6242
194883,6193,6260
404817,6218,6285
150724,6219,6281
269179,6220,6279
317415,6222,6288
233892,6224,6285
228698,6227,6303
146728,6228,6312
188672,6230,6290
324156,6230,6307
404816,6231,6301
71657,6232,6312
284292,6243,6319
297193,6287,6364
363202,6289,6362
214184,6289,6368
406208,6297,6367
76026,6398,6488
135673,6399,6491
161120,6404,6454
5893,6407,6467
249346,6413,6490
66640,6434,6499
363203,6437,6495
161648,6441,6515
337075,6466,6529
112909,6466,6593
21395,6469,6523
21689,6477,6529
238195,6480,6567
282512,6495,6571
53649,6527,6574
69327,6550,6614
338560,6553,6614
112908,6617,6700
106895,6618,6680
249345,6619,6683
405012,6697,6764
202356,6703,6764
253051,6713,6766
81489,7035,7125
5392,7046,7117
41565,7047,7130
299016,7050,7125
271977,7056,7119
90820,7056,7136
68861,7065,7146
13784,7067,7126
30183,7067,7151
133443,7068,7136
218464,7101,7159
307908,7218,7284
372752,7433,7518
406609,7434,7503
299017,7441,7503
47479,7456,7518
373672,7462,7559
39987,7470,7534
308164,7472,7560
90560,7473,7533
243077,7474,7539
392601,7474,7556
53079,7493,7537
107395,7493,7560
142071,7499,7551
373674,7505,7590
22571,7509,7588
38776,7518,7590
278798,7526,7626
236301,7593,7661
99661,7751,7842
14729,7751,7862
183875,7752,7874
235827,7753,7808
325497,7755,7809
293418,7756,7811
230836,7757,7828
32984,7759,7855
140924,7761,7884
47456,7762,7827
53651,7763,7910
26135,7766,7810
293417,7767,7864
10735,7768,7876
216731,7775,7893
354922,7779,7828
75160,7784,7860
75159,7784,7876
307909,7788,7855
17616,7792,7910
234829,7801,7910
318924,7803,7865
1667,7804,7873
319208,7819,7913
231981,7830,7901
293416,7839,7903
380843,7840,7911
385693,7841,7897
161002,7843,7898
357432,7845,7937
25784,7848,7904
138679,7853,7933
283991,7860,7938
102070,7862,7937
192858,7866,7968
313220,7868,7936
179237,7873,7931
349475,7873,7936
348887,7877,7930
401838,7877,7936
206048,7878,7938
166444,7878,7951
177754,7879,7944
352175,7880,7967
276197,7881,7937
194884,7886,7937
60711,7886,7967
240450,7886,7976
17010,7887,7950
23741,7892,7968
56655,7894,7975
173544,7895,7958
75158,7900,7953
266233,7900,7966
60710,7901,7961
202915,7902,7966
1266,7903,7967
36129,7911,7969
49086,7911,7975
213774,7912,7977
90821,7915,7973
90822,7915,7977
131320,7920,7977
404495,7921,7975
