390447,84,212
362481,91,171
298648,98,159
96884,99,252
40487,100,168
302876,104,168
68882,109,239
220697,115,168
107095,116,233
191881,119,220
230335,119,289
191880,120,196
248414,121,265
68883,121,270
186967,123,228
267858,126,178
108063,126,202
12631,126,287
326090,127,195
264018,127,243
345327,130,198
74205,130,256
70270,130,271
96882,131,279
72352,134,209
93291,134,252
64002,135,196
364834,136,284
280123,137,261
1619,137,290
222078,139,219
28946,140,271
285683,143,235
29025,143,275
368870,143,284
45423,144,215
199702,145,220
1034,145,264
29034,145,268
36805,145,273
10851,146,286
256949,147,281
360241,148,217
1007,149,258
285681,149,278
394576,150,265
33527,150,300
79826,154,279
352240,158,278
223576,164,309
308250,165,303
191882,166,280
27832,169,253
63998,169,264
228899,172,284
83403,173,305
123424,174,243
268016,174,252
310171,174,256
246997,174,313
97620,178,245
407160,180,276
221075,182,253
224592,195,275
132169,203,265
33447,217,287
83404,231,313
285705,238,312
268518,242,312
352243,248,312
146459,249,313
37079,358,424
107096,381,442
317445,472,562
229189,473,540
362379,476,588
124274,487,596
94166,492,606
57408,493,599
227489,498,551
345427,501,611
298709,506,600
127730,507,609
107097,508,590
141358,508,593
79825,511,680
164532,515,598
250917,516,640
204338,521,610
250916,522,685
317443,526,595
308217,526,598
319512,526,601
368162,527,704
318179,528,589
94930,528,594
319513,534,596
119146,535,641
248342,536,611
123425,537,657
285684,538,621
191883,540,642
48392,540,656
6080,540,717
86426,541,605
12106,541,626
112,542,597
11246,542,639
204897,542,664
150591,543,688
282964,545,615
175816,549,690
99794,551,645
63997,555,637
63996,555,679
68892,557,635
191898,557,655
268015,558,696
184566,559,683
84752,560,703
83405,561,707
82145,563,687
364835,563,717
285682,565,708
45424,567,658
9746,567,711
69744,569,666
36182,569,676
248415,570,670
249728,570,679
400319,571,717
349501,572,646
45425,575,669
22899,580,716
96883,585,700
82144,587,723
21714,595,677
309499,610,737
248416,614,755
360263,615,721
204898,622,728
68884,624,720
97292,627,737
191884,630,750
208183,645,745
119233,646,809
248417,676,806
57407,681,742
29026,683,808
204899,694,787
113775,694,798
175200,694,809
79824,703,809
309500,731,791
396904,734,808
112364,737,809
356307,746,807
171055,982,1049
166191,983,1045
44795,983,1052
132561,984,1042
29024,984,1046
402438,985,1047
191733,985,1051
157886,988,1087
128665,990,1052
157174,990,1084
373998,991,1059
360029,992,1072
252461,992,1081
209015,993,1046
402439,994,1047
360032,995,1048
362477,995,1099
248757,999,1084
362476,1008,1098
9923,1009,1095
111152,1010,1052
11799,1010,1102
157884,1011,1083
258270,1013,1090
140849,1016,1081
353788,1016,1090
268516,1017,1097
199997,1026,1090
277222,1030,1097
160317,1032,1090
97648,1033,1087
96885,1033,1105
129981,1059,1120
327234,1065,1132
165452,1077,1140
205889,1078,1134
390450,1080,1143
151898,1084,1145
84738,1088,1131
393058,1089,1150
292206,1090,1154
2951,1108,1183
248418,1113,1185
246998,1117,1187
390449,1120,1187
158479,1124,1190
364837,1128,1190
190184,1134,1196
233264,1135,1212
233265,1143,1221
207628,1151,1249
110168,1152,1214
188966,1153,1220
93060,1159,1220
333041,1160,1221
110191,1161,1242
191885,1163,1218
320923,1169,1224
302640,1182,1246
21675,1185,1297
265595,1188,1293
55758,1189,1262
33336,1190,1297
124276,1191,1291
302008,1192,1266
101134,1194,1280
9325,1194,1292
90150,1198,1293
362475,1219,1296
301007,1223,1283
206174,1224,1303
113959,1225,1278
63999,1230,1322
231780,1237,1308
330554,1237,1330
183477,1244,1305
141357,1251,1325
110192,1261,1328
206173,1261,1338
230264,1262,1316
302009,1265,1330
107098,1266,1329
17583,1267,1325
278063,1268,1317
63468,1269,1338
325617,1269,1341
302010,1274,1340
265846,1282,1347
2697,1292,1352
79827,1319,1425
317442,1321,1391
265596,1342,1426
184274,1343,1432
302643,1350,1416
157746,1350,1421
123428,1350,1431
230338,1351,1414
407162,1352,1420
59178,1360,1424
221076,1364,1428
229187,1376,1479
61271,1380,1429
94931,1392,1443
34406,1414,1487
101142,1446,1521
400323,1506,1559
101139,1582,1680
122407,1998,2053
268515,1998,2058
82146,1998,2060
21812,1998,2075
123087,1999,2072
40484,2001,2065
250560,2001,2078
352247,2001,2086
33530,2002,2076
40485,2002,2080
319997,2003,2059
319999,2005,2078
74204,2013,2085
229188,2018,2085
69743,2029,2110
333285,2034,2113
208142,2038,2114
101141,2055,2132
101135,2067,2134
65366,2162,2231
268361,2168,2229
83406,2510,2623
95231,2512,2608
29220,2514,2583
207629,2520,2581
351698,2524,2615
3406,2532,2632
312520,2537,2643
121717,2585,2649
160318,2612,2706
23979,2627,2690
270878,2630,2684
42427,2640,2697
101136,2661,2730
317661,2662,2728
285993,2665,2733
118891,2666,2753
59179,2682,2746
343922,2685,2764
124277,2706,2773
78972,2707,2791
207630,2713,2769
2165,2714,2768
400320,2714,2775
96804,2876,2937
64001,2876,2944
181660,2877,2965
140649,2878,2969
95234,2878,2975
247526,2880,2989
392058,2881,2942
3392,2881,2995
360031,2882,2938
114494,2882,2954
90149,2883,2970
344894,2883,2973
234086,2884,2968
404628,2885,2996
373814,2888,2941
38228,2888,2968
338993,2889,2953
4246,2890,2939
192761,2890,2967
57187,2891,2980
157885,2900,2971
11197,2901,2982
176,2903,2968
247527,2905,2981
220699,2906,2987
18553,2907,2965
270080,2907,2982
360083,2908,2979
312517,2909,2966
60154,2923,2969
45428,2926,2988
101131,2990,3085
265105,3026,3112
341981,3027,3091
400322,3036,3102
400321,3036,3110
220698,3040,3102
2946,3041,3112
12068,3073,3139
232426,3075,3134
223575,3075,3136
60040,3075,3151
394577,3076,3166
352244,3077,3148
68881,3079,3134
45394,3080,3146
119144,3081,3161
311340,3081,3169
147283,3083,3166
2947,3088,3150
79829,3088,3152
407159,3091,3153
24333,3092,3152
130349,3093,3175
119145,3094,3184
239757,3097,3152
155546,3100,3165
390270,3104,3203
326091,3111,3153
101137,3115,3174
60022,3116,3180
68891,3117,3225
362480,3118,3184
58435,3120,3167
124275,3120,3180
123426,3123,3187
89737,3124,3241
95235,3128,3239
9977,3134,3216
199998,3153,3253
309503,3154,3226
124279,3167,3278
55759,3179,3283
400318,3181,3262
338929,3188,3287
302644,3189,3269
68887,3190,3255
59180,3190,3262
222080,3191,3257
352248,3191,3281
123423,3191,3286
175817,3199,3269
265594,3199,3307
390448,3200,3273
302875,3209,3274
352242,3209,3292
277620,3214,3275
352249,3218,3298
198277,3219,3273
101134,3219,3303
407161,3221,3301
29748,3224,3304
2950,3231,3302
214226,3236,3308
239024,3238,3305
20455,3252,3302
110193,3421,3523
308251,3431,3512
270140,3436,3502
101140,3448,3535
119148,3450,3513
22321,3453,3522
223577,3456,3511
340289,3456,3517
21868,3457,3523
143749,3457,3534
74203,3459,3554
138402,3461,3525
38842,3462,3523
63995,3466,3542
283146,3476,3535
93290,3517,3603
308252,3533,3600
362479,3535,3598
239919,3537,3599
12069,3542,3604
14393,3655,3727
95232,3655,3733
3392,3655,3739
228902,3655,3749
404628,3655,3757
57187,3656,3736
154332,3657,3719
179646,3657,3726
23465,3673,3745
142014,3690,3770
247528,3716,3806
59176,3717,3791
364836,3720,3810
332236,3721,3812
195952,3722,3801
138283,3728,3809
401810,3730,3798
96887,3732,3795
96886,3739,3800
88337,3746,3811
194278,3748,3817
46581,3748,3824
69742,3750,3815
246999,3750,3823
101130,3752,3810
33528,3754,3819
144209,3755,3814
374721,3757,3833
222077,3758,3821
189957,3760,3823
71517,3763,3825
101131,3814,3905
338992,4000,4056
81766,4000,4071
368161,4000,4077
11198,4000,4085
79823,4001,4083
118890,4001,4088
61588,4002,4091
61587,4002,4097
101130,4005,4067
186151,4005,4090
124085,4008,4084
345428,4013,4090
305788,4015,4084
387009,4018,4084
360028,4021,4083
352241,4022,4089
319998,4025,4089
16456,4029,4090
404629,4034,4125
246812,4035,4098
160316,4036,4099
66797,4038,4099
79073,4040,4101
345426,4041,4139
160315,4045,4125
396880,4047,4117
92731,4047,4133
175181,4049,4120
361688,4052,4131
215419,4053,4116
379578,4057,4140
292965,4058,4128
191600,4059,4131
325547,4061,4125
17144,4061,4130
64000,4063,4138
302641,4088,4151
352245,4107,4172
400325,4154,4216
16019,4166,4251
400324,4166,4254
164422,4174,4223
212649,4176,4220
119147,4178,4246
195383,4178,4255
353787,4185,4247
356309,4185,4261
46821,4187,4246
285706,4189,4247
11798,4201,4253
311339,4202,4247
27163,4259,4313
240629,4270,4342
101138,4280,4363
199996,4283,4367
216462,4285,4343
361455,4287,4351
113400,4287,4360
208182,4289,4363
389458,4292,4359
343924,4293,4363
343923,4295,4365
124278,4299,4391
101132,4461,4561
180345,4463,4527
101135,4561,4637
394578,4727,4807
36425,4733,4810
68880,4751,4811
40488,5045,5114
390493,5050,5133
340022,5051,5122
123421,5057,5121
221209,5058,5123
349500,5062,5153
119440,5064,5135
376763,5076,5140
214227,5077,5171
268517,5132,5205
379267,5182,5240
128666,5256,5326
173643,5281,5336
204900,5284,5355
28891,5287,5353
173646,5363,5433
302642,5364,5439
214225,5365,5419
312519,5370,5477
114495,5371,5424
40486,5389,5454
362478,5390,5451
360033,5390,5476
332704,5394,5464
164533,5437,5522
14428,5446,5520
221074,5452,5514
173640,5454,5518
95233,5679,5736
101136,5846,5902
173642,5848,5914
58098,5849,5922
101132,5869,5964
101139,5877,5966
243681,5884,5938
150590,5885,5953
101133,6028,6124
239992,6037,6114
63994,6038,6127
180164,6046,6095
368429,6055,6131
223186,6057,6128
364838,6076,6131
68879,6167,6221
59177,6167,6238
349761,6168,6243
90148,6186,6238
83402,6220,6282
65076,6226,6278
2949,6241,6306
123427,6274,6350
230339,6296,6354
144044,6310,6356
228901,6419,6526
61269,6420,6518
228900,6420,6539
204901,6448,6517
94929,6522,6574
59838,6522,6583
45428,6523,6579
25341,6526,6637
402956,6530,6580
268450,6567,6658
173641,6576,6658
18032,6581,6646
30206,6585,6655
84190,6588,6660
192297,6588,6676
2948,6589,6658
356308,6591,6657
312518,6592,6668
325685,6593,6655
312650,6597,6655
311364,6598,6680
101137,6599,6660
50444,6601,6659
55302,6601,6669
68889,6601,6676
68888,6613,6686
360082,6630,6715
96880,6632,6704
7836,6632,6713
349763,6632,6734
349762,6653,6759
282963,6676,6772
302874,6680,6743
115296,6684,6748
311365,6684,6753
157883,6684,6765
116464,6688,6770
141821,6701,6769
311363,6716,6767
229190,6719,6775
315381,6719,6783
317444,6723,6778
282962,6896,6942
13524,7098,7177
226134,7114,7185
316498,7119,7181
79822,7121,7182
88097,7132,7186
95043,7138,7186
407158,7505,7569
230340,7514,7578
173644,7515,7597
400822,7534,7605
126241,7538,7579
231779,7539,7606
205711,7546,7612
229186,7554,7612
220694,7556,7620
307727,7557,7617
101141,7558,7655
237758,7563,7649
214581,7569,7633
300182,7571,7632
101142,7571,7637
21120,7577,7638
234457,7594,7657
116329,7595,7658
309502,7783,7861
53940,7783,7879
95230,7783,7890
95228,7786,7884
130174,7793,7858
36709,7801,7878
123422,7804,7883
101133,7805,7886
57406,7808,7901
83407,7809,7888
182041,7812,7884
104422,7812,7894
112266,7813,7874
101140,7814,7904
120413,7829,7893
379266,7830,7896
38842,7832,7893
357057,7832,7902
63993,7835,7904
123429,7837,7903
283812,7843,7904
45427,8087,8185
285680,8087,8194
10964,8097,8167
24874,8099,8164
33529,8100,8211
68886,8120,8226
71518,8121,8194
183929,8124,8208
353326,8132,8214
319009,8140,8203
59001,8141,8202
143371,8145,8201
191315,8145,8211
379187,8173,8221
220695,8199,8279
40513,8218,8271
352239,8225,8276
270139,8226,8280
220696,8228,8279
214228,8312,8407
1761,8322,8406
101138,8325,8404
398772,8332,8405
227254,8334,8402
36806,8337,8398
36807,8337,8401
353789,8339,8407
324670,8899,8971
160314,8901,8970
15225,8911,8959
79828,8915,8971
137379,9125,9181
334434,9128,9186
30956,9136,9195
42426,9139,9199
123086,9144,9209
207627,9198,9269
364833,9201,9265
360027,9209,9271
282965,9231,9326
393905,9235,9321
209016,9240,9338
126,9246,9368
94928,9270,9378
126,9274,9354
352246,9274,9365
126,9278,9381
68890,9316,9381
309501,9427,9522
345425,9428,9485
319511,9428,9497
95229,9428,9506
16075,9444,9506
96881,9453,9505
300313,9457,9506
223574,9460,9506
275733,9460,9527
68885,9531,9633
59837,9540,9622
173639,9543,9622
226357,9545,9616
345326,9584,9656
222079,9594,9655
209137,9863,9964
197192,9868,9966
158478,9882,9950
154232,9894,9951
376764,9894,9964
175815,9895,9966
199995,9898,10002
240135,9918,10002
28945,9919,9979
109191,9919,9992
30479,9920,9976
93175,9920,9997
36808,9921,10000
263232,9923,9994
175681,9925,9986
40130,9925,9993
181659,9929,9991
94927,9930,9994
90151,9931,9992
360030,9933,9997
45426,9949,10006
72377,10139,10245
250915,10146,10239
68878,10148,10244
390269,10165,10294
230336,10170,10285
230337,10203,10326
173645,10233,10341
190361,10276,10338
