122412,139,194
225001,293,334
145891,299,363
185175,362,412
256775,776,842
268440,911,965
113852,916,961
56893,1056,1120
323627,1057,1118
245301,1159,1228
255433,1162,1223
61993,1164,1228
369801,1185,1265
369800,1307,1411
286218,1352,1413
369800,1522,1630
163836,1539,1626
87307,1548,1639
330208,1561,1632
31851,1564,1626
74033,1565,1631
178874,1567,1651
149459,1568,1631
207104,1569,1636
271453,1570,1631
307375,1575,1637
149779,1577,1642
24368,1577,1652
304611,1581,1671
304610,1587,1656
338175,1603,1663
209788,1608,1655
73689,1609,1660
285594,1609,1663
37754,1612,1682
113998,1612,1687
392161,1613,1678
67893,1613,1684
211375,1619,1683
141267,1630,1690
56892,1635,1685
214395,1635,1687
301888,1635,1691
27118,1637,1690
286217,2081,2141
108075,2082,2152
369801,2085,2164
392058,2088,2139
398322,2090,2159
249679,2095,2157
207071,2126,2186
384866,2127,2185
144604,2490,2563
116375,2492,2538
85883,2492,2568
337052,2528,2589
44541,2531,2578
44362,2620,2694
23968,2652,2715
45842,2659,2710
94290,3001,3053
174358,3004,3058
