119809,209,293
64488,215,292
215554,226,289
68531,227,286
227871,230,284
254182,230,286
64489,425,487
266720,425,493
58098,428,487
314631,428,494
384383,432,480
320026,586,664
10678,597,658
118107,602,665
158905,610,664
131285,616,666
335959,747,799
358631,1000,1070
239339,1215,1277
384382,1563,1634
239338,1564,1628
310353,1564,1632
74150,1565,1620
119803,1668,1740
105131,1676,1740
239110,1694,1760
371738,2048,2094
398337,2051,2118
305635,2052,2107
58244,2078,2129
155944,2096,2162
289389,2532,2584
253113,2533,2587
348900,2679,2720
93588,2680,2737
195279,2684,2746
4645,2733,2803
234340,2755,2827
14372,2763,2831
136431,2764,2833
159821,2852,2919
4648,2902,2998
99205,2903,2968
156325,2913,2977
113616,2923,2979
4644,2964,3033
154784,2974,3033
167164,3122,3202
330608,3134,3207
138211,3140,3214
406899,3140,3219
382803,3141,3208
350374,3142,3203
327577,3143,3210
157539,3143,3219
90681,3144,3205
92772,3146,3211
63732,3149,3212
271698,3155,3207
4488,3155,3216
207593,3156,3217
297386,3156,3219
183371,3174,3235
4649,3174,3252
356450,3220,3301
231856,3232,3299
49637,3707,3773
47923,3708,3758
346769,3712,3782
261125,3712,3786
345547,3715,3787
7038,3717,3776
361640,3724,3787
269652,3725,3774
222132,3732,3785
164122,4032,4085
357533,4091,4175
207638,4142,4224
119802,4168,4234
11494,4233,4301
50845,4242,4304
345546,4513,4574
143441,4514,4585
186884,4518,4581
220997,4773,4828
153810,4774,4833
111557,4775,4829
61017,4777,4854
384378,4856,4918
33333,4896,4966
105132,4898,4971
251776,4900,4963
15887,4913,4977
105133,4917,5000
4647,4924,5023
62150,4926,5001
185036,4928,4999
343992,4930,4998
142305,4931,5019
135864,4935,4999
361744,4941,5024
93115,4950,5018
307673,4950,5032
361745,4954,5034
119801,4976,5037
269919,4977,5049
119810,4979,5033
207433,5004,5072
287947,5152,5210
269875,5153,5215
122388,5155,5229
348694,5167,5228
29730,5174,5245
49167,5175,5236
108352,5798,5861
109663,5799,5858
149945,5871,5924
8167,5963,6020
260134,5997,6051
307015,6235,6288
237834,6273,6326
295405,6281,6322
193749,6400,6460
23379,6401,6453
281574,6764,6833
23095,6776,6846
283299,6808,6869
1052,7013,7065
391242,7013,7083
98644,7015,7068
210062,7016,7082
350366,7019,7079
251225,7020,7082
45685,7021,7073
322301,7022,7070
251408,7023,7100
119793,7050,7113
322300,7163,7230
162090,7167,7208
98986,7169,7231
119781,7383,7455
99437,7435,7499
260385,7464,7543
392138,7471,7549
288377,7477,7540
188928,7485,7538
268313,7487,7559
143709,7518,7587
238835,7527,7580
350364,7561,7665
229432,7563,7642
102160,7597,7664
77543,7605,7686
323395,7640,7735
102324,7694,7758
300724,7694,7779
126366,7695,7766
296736,7695,7769
18332,7699,7776
279206,7702,7796
4646,7704,7776
253008,7705,7768
98669,7710,7779
297455,7711,7783
388046,7716,7778
168458,7717,7779
376690,7718,7778
297454,7720,7784
60929,7721,7779
51504,7722,7777
197436,7723,7771
20627,7723,7778
305910,7732,7793
4642,7739,7794
119784,7889,7969
119795,7902,7971
157536,7931,7979
278022,7935,7979
119796,8254,8328
119781,8256,8324
119779,8305,8388
251260,8339,8381
102325,8340,8392
119797,8661,8749
119775,8668,8765
119808,8753,8825
119775,8829,8920
119779,8883,8953
241836,8971,9036
338476,8986,9050
375635,9365,9434
197275,9387,9461
15153,9387,9464
10337,9409,9483
254552,9413,9479
207429,9414,9477
345084,9419,9485
355269,9419,9489
380981,9421,9465
119784,9643,9723
119807,9706,9775
5963,9983,10038
362545,9983,10045
398934,9984,10047
7771,9986,10042
145116,9988,10045
59788,9990,10036
160036,9991,10046
51776,10177,10238
397468,10178,10241
299984,10179,10236
384381,10180,10254
268098,10604,10668
164312,10604,10670
50702,10608,10691
167915,10610,10700
401515,10612,10695
384379,10613,10674
7905,10615,10677
401514,10615,10694
338289,10617,10679
54624,10617,10681
309623,10617,10691
76076,10621,10686
119805,10627,10699
350361,10635,10718
224690,10636,10720
119786,10710,10813
350377,10712,10774
193748,10713,10797
131491,10762,10812
371512,10857,10919
105130,10887,10948
391241,10909,11009
407901,10929,10995
191735,10948,11001
232982,10948,11009
254181,10948,11011
121015,10948,11016
396309,10951,11006
1892,10951,11040
207430,10966,11034
4640,10981,11042
119782,11412,11528
302872,11414,11464
214568,11417,11477
386075,11467,11555
884,11468,11519
235094,11469,11542
197274,11469,11554
176492,11474,11538
239340,11486,11560
39620,11494,11558
251300,11548,11627
119793,11592,11654
348899,11904,11953
154361,11904,11958
407902,11904,11967
264275,11904,11972
290797,11905,11964
5042,11905,11996
350362,11909,11988
356041,11910,11953
241727,11912,11973
277385,11925,11994
269978,11933,11997
60681,11937,12003
119804,11945,12059
330387,11958,12010
119792,11990,12096
119798,11996,12067
119806,12017,12090
199686,12070,12139
200260,12073,12137
297453,12073,12160
310352,12079,12140
350371,12087,12164
325186,12094,12168
385328,12094,12174
93587,12122,12167
113140,12126,12174
119782,12377,12475
197229,12536,12598
276785,12611,12677
313469,12615,12682
200467,12633,12696
207432,12656,12721
214465,12822,12872
88941,12822,12891
375634,12824,12893
350376,12893,12962
119786,12894,13000
350375,12928,13001
394278,12940,13003
305203,13150,13228
391240,13152,13219
168941,13349,13393
29921,13377,13441
119803,13414,13484
307404,13419,13484
336901,13429,13485
119795,13559,13617
119788,13969,14080
222620,14345,14391
17540,14631,14685
170858,14646,14714
159820,14981,15044
208936,14986,15047
323393,15004,15064
327468,15004,15081
162089,15006,15083
323394,15010,15079
375633,15013,15081
102323,15013,15099
84253,15020,15080
258683,15021,15085
158709,15030,15099
384380,15032,15097
268312,15032,15100
215553,15034,15101
202956,15053,15095
31143,15103,15159
119796,15280,15350
81840,15315,15382
151280,15333,15385
350360,15360,15449
168942,15386,15443
119802,15386,15448
214665,15393,15437
123148,15478,15534
280465,15479,15540
119792,15736,15846
119799,15748,15839
119800,15752,15842
119801,15786,15851
191541,15972,16036
4641,16010,16091
80149,16013,16074
99206,16015,16080
350372,16016,16081
207431,16019,16081
103276,16019,16106
388268,16020,16094
119778,16174,16243
119797,16195,16269
119778,16557,16631
119788,16579,16696
119789,16648,16711
368124,16656,16703
388047,16814,16873
98670,17060,17108
305202,17060,17111
29639,17061,17120
312065,17062,17114
167437,17066,17119
100764,17833,17879
187816,18137,18198
9611,18238,18290
167749,18239,18293
85547,18288,18343
119783,19280,19329
225775,19284,19379
32055,19285,19347
29852,19286,19348
149718,19296,19343
4643,19308,19387
103277,19315,19379
314630,19510,19580
54249,19512,19570
281573,19530,19591
323392,19532,19587
322246,19538,19605
403187,19621,19692
338431,19627,19698
391717,19628,19696
207637,19632,19696
93947,19635,19685
29851,19635,19696
214464,19636,19703
119789,19636,19709
305901,19748,19802
119790,19749,19807
346770,19817,19884
47058,19820,19883
195339,19821,19882
230312,19821,19893
19341,19827,19892
119791,19828,19916
350369,19829,19891
75310,19830,19897
325185,20276,20333
305201,20339,20420
341538,20359,20419
98672,20569,20637
54250,20571,20624
25278,20578,20628
277384,20579,20640
119783,20608,20669
350370,20609,20682
4551,20657,20702
119798,20757,20825
350368,20757,20842
119794,20763,20832
119809,21140,21220
64488,21146,21220
120565,21162,21224
119787,21713,21787
183761,21747,21821
305200,21759,21816
350373,21760,21838
331674,22245,22312
95506,22251,22307
98963,22259,22325
263478,22267,22332
4638,22273,22350
290694,22274,22348
189223,22280,22345
347172,22284,22334
189224,22286,22345
60602,22286,22350
295507,22289,22345
121456,22290,22354
117914,22292,22349
119780,22785,22848
152541,22786,22834
119790,22786,22852
68923,22789,22851
284130,22976,23037
273473,22983,23053
229056,23138,23206
108689,23155,23217
19951,23168,23230
14245,23181,23240
404328,23187,23248
348898,23188,23246
54251,23382,23451
288674,23397,23464
350359,23398,23481
350363,23410,23484
119780,23421,23478
54252,23434,23526
50387,23438,23505
119785,23468,23532
119791,23474,23552
254180,23723,23772
311053,23725,23778
119776,24016,24131
119808,24092,24159
317195,24097,24160
119787,24097,24178
21646,24099,24167
209550,24109,24175
237885,24114,24187
237884,24115,24192
6922,24118,24182
268097,24118,24185
264936,24127,24188
338432,24128,24190
119804,24130,24236
388267,24132,24197
53094,24132,24204
47057,24132,24217
264937,24134,24201
180038,24138,24199
234609,24139,24208
334565,24140,24202
290695,24141,24203
239109,24146,24205
15635,24146,24217
253007,24181,24240
119776,24188,24303
150693,24281,24357
119777,24281,24362
361801,24283,24345
139707,24286,24348
144949,24290,24360
384377,24295,24364
193746,24296,24377
165379,24305,24364
64734,24306,24370
387813,24306,24375
332913,24311,24386
119805,24314,24376
281572,24315,24369
284129,24317,24378
235093,24318,24382
98671,24318,24386
165882,24319,24380
177723,24320,24382
188920,24321,24371
158708,24322,24383
304541,24341,24393
285043,24623,24697
80791,24626,24692
167163,24626,24710
165378,24627,24699
119777,24630,24699
275466,24637,24714
113135,24899,24969
158904,24900,24961
119807,25020,25086
252399,25471,25569
395190,25485,25553
135705,25486,25559
285043,25487,25555
25328,25488,25545
10336,25488,25547
145115,25488,25549
4637,25489,25569
119785,25599,25666
119794,25604,25663
19341,25604,25665
350365,25605,25670
347173,25610,25667
285042,25622,25674
350367,25938,25995
119799,26115,26213
119800,26116,26223
119806,26127,26220
119810,26156,26229
108177,26159,26224
406459,26161,26223
193747,26161,26228
223485,26161,26231
61592,26184,26261
298687,26188,26249
333783,26192,26257
252398,26201,26292
4639,26313,26372
