9712,106,212
50836,115,223
184472,116,237
333,116,271
119939,120,228
12943,120,253
171420,124,241
18905,127,218
169391,128,205
226815,130,194
314903,135,262
201785,139,260
333,141,262
136998,142,203
10904,142,211
73112,145,205
4626,146,265
129997,147,203
324299,149,226
333,157,273
106496,163,269
341866,174,255
97124,184,257
334700,195,266
230466,211,263
376494,378,501
58059,382,501
288284,430,497
382234,430,554
246165,436,566
246166,438,581
290619,449,502
105861,472,573
406216,474,540
334701,485,592
267237,501,590
240302,502,594
75236,506,581
363403,506,603
105859,507,601
58058,511,609
370446,512,591
209457,517,582
16742,517,601
105857,517,606
404769,517,626
404412,521,583
199484,522,594
364950,524,581
245760,531,588
322453,542,595
404770,544,631
42568,565,609
407081,569,631
151546,596,650
372400,598,709
334702,600,699
119938,602,693
15709,603,673
56131,622,736
329816,636,752
112510,655,800
886,657,730
224568,660,748
362427,661,778
886,662,757
119937,674,810
320635,675,792
181618,678,818
91551,680,790
224567,681,795
327134,684,813
18906,687,803
75281,689,824
220346,691,813
334377,704,819
485,717,786
357243,887,961
17904,1049,1117
208733,1049,1171
37095,1049,1180
220345,1049,1189
383925,1064,1141
326768,1067,1221
27947,1068,1124
292750,1070,1136
112970,1073,1223
278142,1078,1171
51730,1083,1159
329815,1085,1217
159331,1087,1193
69293,1088,1178
364703,1099,1241
390239,1105,1167
6835,1106,1179
119935,1107,1184
370243,1107,1189
356097,1115,1179
364842,1118,1179
79137,1121,1185
201786,1121,1215
201787,1130,1238
308031,1142,1252
75280,1143,1249
278497,1149,1256
329137,1149,1276
46611,1150,1245
27575,1150,1271
184052,1152,1261
387431,1154,1267
363400,1162,1296
9713,1169,1254
74697,1170,1295
136946,1172,1248
7810,1172,1254
200530,1172,1269
327358,1173,1273
81670,1173,1294
72966,1175,1297
224382,1178,1296
13949,1181,1322
406217,1185,1252
388831,1191,1246
35455,1195,1262
199483,1204,1302
12944,1206,1324
58057,1209,1340
364702,1216,1341
220344,1221,1344
179910,1227,1332
4231,1228,1343
220343,1256,1344
61678,1281,1343
119211,1432,1488
110039,1432,1491
364455,1436,1501
329198,1436,1510
9975,1437,1500
199488,1437,1512
4889,1437,1523
357242,1440,1552
195888,1459,1548
370244,1462,1519
161755,1471,1539
190908,1471,1542
273160,1475,1538
15708,1479,1542
74219,1480,1546
288653,1481,1544
17645,1482,1543
61940,1505,1562
137363,1628,1689
19552,1628,1696
152571,1636,1698
244533,1641,1704
149783,1652,1733
383924,1656,1714
402,1658,1726
386971,1658,1731
65143,1662,1741
114821,1663,1731
40140,1668,1730
40141,1669,1739
88883,1687,1745
61682,1687,1756
276654,1689,1741
119483,1693,1746
364840,1700,1742
217777,1707,1771
88287,1731,1821
364457,1738,1814
55704,1741,1822
40137,1746,1811
119940,1747,1823
79075,1748,1831
23064,1748,1838
350405,1751,1811
322045,1751,1831
112512,1752,1816
62031,1753,1819
89699,1756,1827
357245,1756,1845
165412,1764,1825
28566,1770,1839
160071,1771,1824
193425,1771,1836
78244,1773,1840
148986,1815,1873
79136,1836,1918
288654,1837,1922
288655,1838,1897
229900,1840,1897
398783,1843,1898
246164,1854,1916
239691,1856,1914
262124,1875,1983
5796,1883,1994
79139,1884,1981
136999,1890,1966
28977,1893,1989
395435,1901,1984
31430,1953,2015
160796,1957,2069
149784,1961,2022
302533,1979,2084
40139,1980,2051
302532,1980,2064
102781,1986,2082
344408,1994,2060
329199,1998,2055
76011,1998,2072
108600,1999,2057
93371,1999,2082
260430,2004,2063
255682,2040,2160
120202,2064,2164
17939,2072,2141
150120,2111,2164
7160,2266,2350
292959,2278,2351
40138,2282,2346
194089,2287,2344
123402,2292,2345
115455,2403,2456
350402,2403,2508
6836,2404,2459
74515,2404,2482
5894,2404,2491
292958,2405,2527
14417,2411,2492
290618,2414,2508
308032,2414,2538
290621,2417,2523
21935,2419,2496
104103,2419,2512
302535,2419,2525
267845,2421,2500
157193,2422,2540
186724,2423,2509
83810,2424,2485
324102,2424,2491
302537,2424,2572
81469,2428,2490
208734,2428,2499
32288,2429,2494
129996,2432,2532
81673,2434,2534
40136,2436,2532
218405,2438,2565
34005,2439,2538
237528,2449,2601
395766,2453,2535
205601,2454,2572
10573,2457,2556
78050,2458,2570
127601,2459,2584
886,2463,2570
886,2465,2544
179911,2466,2600
53830,2473,2551
292956,2474,2570
358867,2475,2558
112969,2475,2587
341867,2484,2591
364949,2485,2584
8186,2502,2587
218404,2512,2593
226691,2513,2586
26559,2513,2591
92453,2514,2583
220342,2546,2614
41707,2556,2626
41708,2556,2629
164425,2557,2621
41709,2557,2640
217776,2559,2616
81671,2559,2629
5794,2559,2636
267238,2562,2621
392551,2636,2755
41188,2650,2729
214692,2655,2718
44166,2655,2739
219518,2658,2754
392795,2676,2731
173238,2676,2747
370495,2678,2791
25575,2683,2796
209826,2694,2756
146989,2695,2762
320634,2699,2770
88882,2700,2749
376496,2700,2760
302536,2700,2809
335254,2710,2804
61683,2731,2794
180096,2733,2806
7146,2744,2808
246168,2746,2808
205603,2754,2845
277885,2755,2805
302534,2756,2828
377453,2774,2844
292955,2783,2843
222045,2795,2856
194432,2810,2880
370497,2812,2866
370496,2814,2866
162068,2872,2927
322451,2892,2973
115456,2893,2981
320815,2901,2972
41706,2932,2979
34003,2956,3020
10427,2972,3021
404766,2975,3040
42734,2989,3062
304885,2998,3067
294923,3047,3108
284007,3078,3152
35457,3091,3154
322452,3101,3151
352024,3101,3165
9467,3116,3177
127785,3119,3203
172054,3121,3191
363402,3123,3190
98440,3127,3173
376497,3131,3192
35439,3150,3202
15707,3154,3215
127602,3227,3300
316291,3252,3301
180097,3392,3463
21322,3530,3589
115457,3531,3592
228227,3531,3594
123403,3603,3685
37372,3605,3681
129357,3969,4032
211627,3985,4092
288651,3991,4055
164426,3994,4072
209079,3995,4079
257404,4000,4078
257406,4001,4063
40135,4001,4081
350404,4002,4091
79076,4010,4098
257405,4014,4097
38126,4035,4116
260431,4043,4096
246934,4058,4119
323021,4151,4215
318783,4187,4232
288652,4187,4259
127786,4215,4297
191209,4238,4309
85366,4240,4346
209456,4245,4340
166429,4245,4344
404767,4246,4356
200529,4247,4352
352533,4249,4354
226692,4252,4317
160070,4252,4344
209455,4252,4347
35456,4252,4352
60022,4253,4321
376492,4253,4341
95098,4254,4329
125158,4260,4321
1199,4262,4348
75237,4263,4354
160932,4267,4375
63266,4268,4357
146340,4270,4333
292953,4270,4356
327359,4270,4361
176355,4276,4340
54476,4276,4343
321420,4279,4345
41705,4280,4379
250347,4281,4350
205602,4281,4384
31321,4283,4342
379164,4283,4356
17938,4283,4393
240996,4283,4407
224383,4284,4348
362364,4285,4346
191210,4286,4372
316290,4292,4373
46817,4293,4357
276807,4295,4349
292954,4297,4378
398782,4299,4362
32023,4299,4384
383923,4299,4415
376495,4300,4352
101386,4304,4400
128562,4308,4382
21934,4308,4418
23014,4311,4380
5793,4314,4377
14577,4314,4383
12542,4314,4396
12541,4314,4405
219517,4317,4418
375019,4323,4412
208732,4326,4417
362365,4332,4416
335256,4335,4418
59782,4351,4414
105858,4353,4411
169390,4355,4413
75877,4362,4414
399751,4366,4415
50837,4539,4612
376491,4543,4635
220347,4546,4645
193424,4547,4627
209081,4549,4641
261287,4553,4625
290650,4554,4644
15710,4559,4626
260429,4560,4650
211626,4561,4630
127107,4563,4642
119936,4564,4627
52649,4566,4625
327133,4567,4641
392550,4570,4644
304002,4579,4642
160069,4579,4644
174156,4586,4647
378674,4728,4789
224384,4753,4818
357240,4756,4829
292745,4758,4807
364456,4758,4821
117769,4760,4842
63048,4760,4850
42569,4762,4818
17905,4762,4821
25574,4762,4846
93370,4765,4816
97589,4765,4819
143440,4773,4822
5795,4775,4855
6834,4784,4853
37096,4860,4936
357241,4868,4931
149785,4870,4936
364841,4873,4934
157192,4874,4936
324298,4877,4936
404768,4974,5037
72967,4990,5055
105860,4991,5059
264026,4992,5076
160082,4996,5097
137000,4997,5055
292746,4998,5061
31484,5020,5099
95096,5020,5112
299938,5024,5092
123401,5024,5109
129353,5025,5099
357244,5026,5083
226690,5026,5122
226689,5026,5148
359160,5038,5105
322249,5038,5151
276479,5059,5124
69576,5059,5165
228228,5060,5145
399847,5061,5154
388830,5062,5157
176240,5064,5127
148985,5076,5160
273159,5080,5159
112448,5083,5159
78245,5083,5166
106626,5084,5146
293983,5084,5149
222044,5087,5161
192945,5089,5153
376493,5089,5171
78243,5096,5160
35454,5099,5169
181363,5113,5177
406556,5116,5177
97983,5164,5251
78381,5170,5257
228798,5172,5275
10390,5175,5283
37097,5184,5245
91315,5204,5271
149782,5204,5287
95097,5211,5287
160072,5216,5336
350401,5218,5323
34004,5224,5310
165224,5228,5320
199485,5228,5343
209078,5239,5320
209454,5244,5323
363401,5245,5335
28377,5247,5315
31483,5253,5323
288283,5253,5332
335255,5253,5338
115454,5257,5343
273921,5260,5339
115156,5262,5337
250494,5264,5340
69575,5264,5343
358866,5267,5328
3778,5270,5322
306441,5275,5344
5894,5280,5375
16655,5282,5364
360793,5284,5375
331330,5287,5348
152123,5287,5356
17937,5288,5371
16654,5289,5375
79138,5292,5372
14250,5293,5341
81669,5299,5363
14417,5299,5376
377887,5300,5342
177244,5301,5368
292957,5303,5377
203938,5324,5377
81672,5327,5376
42076,5538,5600
159510,5547,5618
83255,5811,5874
37570,5812,5875
209080,5819,5879
119933,5866,5978
75081,5882,5991
377452,5886,5977
5443,5886,5987
32783,5887,5951
350403,5890,5984
372399,5918,5992
129354,5926,5991
41704,5928,5997
54475,5930,5993
22535,5932,5998
43095,5933,5992
267516,5937,5998
51945,6050,6112
11095,6050,6115
112511,6050,6135
129355,6050,6138
337180,6051,6111
294443,6051,6126
64195,6051,6144
57507,6055,6138
37098,6146,6231
199487,6149,6271
37099,6154,6249
105856,6155,6279
395765,6165,6230
396636,6167,6261
389403,6169,6272
85365,6175,6309
12945,6178,6290
37095,6183,6300
63780,6184,6293
112513,6199,6321
31695,6205,6310
403884,6210,6277
92919,6211,6260
246167,6218,6313
226056,6221,6284
293049,6223,6289
23015,6231,6300
95095,6235,6298
164066,6244,6315
318031,6246,6313
191382,6250,6325
327135,6257,6318
21896,6264,6317
37635,6264,6337
46315,6267,6353
76143,6268,6323
46313,6268,6357
137936,6268,6383
185499,6273,6354
119934,6286,6403
339150,6289,6352
54477,6333,6452
47803,6360,6466
293982,6400,6465
220372,6401,6466
79324,6530,6590
119941,6746,6860
72377,6749,6866
240301,6750,6869
171085,6751,6848
180928,6753,6839
292748,6753,6843
395767,6753,6873
91231,6754,6889
193426,6756,6892
42645,6758,6839
91230,6758,6843
171084,6762,6851
292747,6777,6842
119210,6777,6884
54478,6792,6894
277074,6810,6898
228641,6810,6913
352532,6820,6889
157268,6820,6896
57506,6820,6901
224569,6820,6933
209942,6823,6896
9468,6839,6900
84155,6839,6913
290620,6840,6915
292749,6840,6923
78150,6841,6890
34002,6850,6909
113566,6873,6934
199486,6891,7006
218403,6908,7012
165397,6917,7033
629,6920,6987
81668,6930,7052
362363,6935,7049
74242,6943,7039
200527,6954,7084
200528,6955,7066
35458,6959,7027
115453,6965,7035
66025,6966,7041
21933,6966,7049
129358,6968,7037
290542,6972,7030
369840,6979,7035
129365,6982,7048
236634,6991,7060
113257,7003,7050
190907,7012,7074
197080,7013,7075
262125,7027,7094
