54424,147,206
333,148,278
212580,149,222
10610,149,249
35075,150,270
103056,158,273
203939,161,294
29490,175,280
287697,185,280
42061,217,322
128660,222,288
264776,230,307
324891,239,283
30166,274,323
137790,285,352
350358,287,348
264775,288,360
353201,318,427
210542,324,408
123661,345,428
38347,628,690
140378,628,696
301730,628,701
354094,628,723
137789,628,740
6825,629,699
185825,631,684
67670,637,689
10690,637,699
307536,637,715
211448,637,746
151267,638,702
395056,638,704
372400,651,753
34839,654,715
328969,656,719
74524,660,738
99593,660,751
309163,660,757
99438,660,777
365313,663,739
73716,665,715
88761,666,775
90582,667,781
335510,670,757
22518,670,792
295093,675,747
94924,680,800
385747,701,821
39095,711,804
221995,720,816
193096,736,842
319510,736,850
12714,737,867
24024,740,868
326032,748,859
2932,750,803
169249,751,856
103057,759,879
146585,777,892
341230,795,895
202119,803,875
335467,804,893
123186,805,884
180553,814,888
91017,822,884
126175,825,910
175749,829,952
387454,836,921
182967,837,926
329649,838,914
329648,840,925
288316,840,928
72614,860,923
117136,862,910
375026,862,927
171070,863,912
343435,863,924
170081,866,924
377901,1032,1091
304361,1033,1087
10507,1034,1092
290120,1197,1284
147277,1197,1291
40827,1197,1297
128659,1197,1304
47285,1197,1309
153530,1199,1255
104902,1199,1293
57095,1200,1331
11246,1202,1295
6080,1204,1357
40826,1207,1335
123660,1209,1294
19027,1212,1305
115471,1212,1324
79560,1217,1288
79561,1217,1297
224416,1220,1343
46056,1223,1353
151256,1223,1378
57724,1227,1338
82145,1229,1344
37316,1232,1343
23231,1232,1385
224356,1235,1297
89359,1235,1365
147276,1238,1373
324806,1245,1390
59487,1246,1358
206514,1249,1368
59367,1251,1362
149833,1251,1388
400264,1252,1370
272036,1265,1336
290846,1266,1330
629,1267,1335
7636,1271,1390
275620,1279,1360
114692,1284,1344
103055,1295,1359
70197,1297,1390
78274,1429,1491
30473,1430,1496
200151,1431,1495
335511,1606,1687
361625,1619,1695
6639,1620,1722
57725,1623,1721
265250,1650,1749
291601,1655,1726
95978,1660,1723
330897,1666,1727
5310,1864,1930
166089,1865,1961
131935,1879,1991
17507,1880,1983
252935,1882,1946
163823,1886,1947
1706,1892,1963
73400,1894,1974
305529,1895,1950
29582,1895,1963
79181,1897,1976
67071,1899,1990
137788,1904,1979
291603,1910,1988
329003,1948,1992
398104,2038,2120
275621,2038,2125
273643,2055,2114
353473,2067,2123
15933,2070,2144
221996,2231,2304
208235,2238,2351
53452,2496,2565
354646,2496,2579
94925,2497,2569
307079,2509,2571
59486,2509,2578
231915,2511,2575
128658,2512,2588
190249,2512,2607
253706,2521,2583
294279,2521,2623
377899,2522,2586
107874,2523,2590
951,2530,2630
252657,2531,2593
220040,2533,2578
40879,2534,2610
320553,2535,2597
207804,2537,2589
301731,2539,2610
290121,2542,2632
60360,2542,2640
141224,2547,2645
89362,2548,2618
386991,2552,2632
60573,2552,2646
18036,2557,2635
197859,2558,2629
335,2560,2652
54898,2561,2630
61768,2569,2629
295094,2572,2653
307078,2581,2633
407435,2591,2666
324807,2605,2669
355887,2628,2707
279007,2629,2696
224417,2690,2790
70755,2697,2785
40524,2712,2809
61769,2717,2805
163822,2717,2813
8700,2742,2803
210543,2743,2809
92318,2747,2815
235400,2749,2821
261640,2752,2818
188770,2754,2840
291251,2788,2839
194132,2917,2967
136974,3099,3167
79231,3265,3373
79233,3412,3475
25,3412,3477
25,3424,3479
28287,3656,3705
290848,3788,3859
343461,3789,3862
5308,3818,3898
208235,3848,3963
215018,3900,3977
212581,3992,4084
194626,4014,4075
203940,4024,4086
103054,4050,4095
133130,4087,4155
51968,4093,4193
5313,4095,4165
164124,4099,4165
181154,4110,4196
193282,4213,4298
264777,4217,4281
284007,4217,4299
355886,4218,4292
155019,4224,4274
367261,4225,4286
99594,4226,4298
185929,4234,4300
243866,4236,4290
47334,4239,4300
288314,4245,4299
224791,4245,4317
353202,4367,4435
198793,4377,4441
186023,4378,4460
89376,4381,4454
294278,4381,4471
107933,4382,4442
354093,4383,4444
243454,4384,4450
354643,4385,4478
195501,4388,4452
352504,4388,4456
120125,4390,4467
194069,4392,4459
352503,4399,4470
186022,4415,4459
239109,4415,4477
365723,4415,4487
280207,4417,4469
79562,4590,4647
233615,4591,4643
88762,4613,4658
353894,4689,4760
353895,4697,4760
148923,4698,4756
402824,4699,4759
15961,4934,4991
89261,4964,5020
55793,5117,5178
186020,5117,5216
354645,5124,5202
368969,5125,5221
407145,5132,5195
341231,5132,5205
368970,5183,5269
140665,5210,5279
227254,5226,5304
29581,5227,5299
402156,5233,5299
185907,5238,5299
36879,5281,5345
193630,5305,5417
140666,5385,5503
5316,5390,5456
35840,5400,5504
353896,5402,5517
313911,5406,5464
323314,5407,5466
79111,5407,5508
291308,5407,5520
374356,5408,5464
138700,5416,5521
4115,5419,5509
30475,5421,5508
203438,5424,5508
48712,5436,5512
314170,5439,5516
346521,5446,5503
372399,5454,5516
374358,5456,5520
36154,5461,5518
137787,5623,5680
128661,5623,5694
34836,5630,5730
34837,5631,5718
92320,5633,5697
141534,5693,5766
35840,5719,5826
104900,5721,5804
369223,5722,5788
157088,5724,5809
223988,5725,5826
301828,5727,5801
393271,5728,5824
125064,5731,5797
104901,5731,5826
152176,5732,5808
30474,5741,5823
309162,5744,5821
203437,5747,5825
34838,5758,5826
104901,6069,6173
138698,6077,6198
4115,6086,6188
223987,6087,6181
291307,6088,6192
138700,6088,6196
309161,6093,6182
24502,6102,6188
398105,6121,6230
323316,6123,6185
141535,6124,6201
323315,6130,6204
159329,6134,6197
329658,6137,6187
46461,6147,6234
391042,6175,6229
87079,6332,6406
301732,6332,6417
385092,6398,6474
141223,6405,6483
195500,6407,6510
354092,6416,6495
242470,6486,6542
252656,6538,6636
215019,6543,6631
215020,6543,6637
268722,6555,6605
247507,6735,6784
301729,6855,6924
295200,6891,6944
374357,6895,6945
48713,7024,7109
215017,7025,7142
163819,7029,7114
5314,7032,7109
92317,7040,7152
302073,7044,7140
322650,7045,7112
163820,7047,7116
141222,7048,7113
92319,7054,7116
227957,7057,7116
347935,7073,7137
389299,7120,7190
249714,7122,7179
163818,7147,7207
35841,7218,7282
385748,7223,7280
239110,7224,7276
168526,7244,7306
79110,7285,7363
273635,7345,7405
301827,7362,7479
290300,7368,7425
56521,7368,7440
393272,7372,7480
94926,7375,7438
284008,7375,7456
7005,7378,7437
59485,7387,7483
123659,7389,7508
248250,7391,7454
186021,7391,7485
76892,7394,7481
201762,7397,7462
273186,7397,7477
10671,7397,7490
279431,7398,7481
253701,7398,7488
54425,7398,7527
129836,7398,7533
35774,7402,7488
13157,7403,7507
139729,7408,7533
14470,7409,7490
5315,7411,7478
290122,7413,7531
139728,7413,7537
86603,7414,7456
130023,7414,7507
71293,7415,7471
75649,7424,7507
14519,7436,7498
246569,7436,7544
291306,7437,7500
136973,7439,7503
156236,7439,7529
124145,7440,7507
27475,7441,7527
385746,7446,7542
246038,7447,7538
328102,7455,7539
246570,7455,7543
189169,7456,7537
950,7458,7538
287696,7459,7530
39236,7460,7544
1704,7461,7538
886,7466,7537
182694,7466,7544
79232,7470,7539
26429,7473,7542
88760,7844,7903
61770,7844,7905
288313,7844,7909
362618,7849,7931
163162,7854,7909
326137,7854,7911
88759,7881,7948
39677,7881,7954
373933,7888,7998
305427,7897,8007
213438,7908,8007
301330,7916,7986
106351,7923,7986
20549,7924,7993
141221,7927,8057
203938,7928,7991
210667,7929,8011
39290,7929,8029
386989,7930,7987
46945,7936,8080
198792,7937,8024
4113,7938,8048
188769,7940,8076
128662,7952,8051
21567,7952,8075
377900,7954,8031
290119,7955,8007
1345,7956,8049
125063,7956,8056
141533,7957,8038
5309,7957,8096
277965,7960,8009
284866,7966,8096
386990,7967,8080
295095,7971,8072
163821,7972,8076
5317,7972,8094
183771,7976,8058
1345,7977,8049
267,7978,8080
11863,7979,8065
149036,7981,8071
267,7987,8095
361624,7990,8089
116389,7993,8092
26751,7995,8088
5312,7998,8074
61767,7998,8095
267,8000,8086
304390,8001,8090
292223,8005,8095
208234,8011,8096
140664,8014,8083
47284,8016,8088
332598,8016,8095
79563,8018,8089
45282,8024,8093
332597,8026,8095
193281,8029,8094
79109,8032,8094
284867,8032,8096
224415,8033,8090
88758,8035,8094
59486,8036,8096
118610,8047,8094
57723,8123,8213
122272,8129,8217
21126,8135,8183
291309,8140,8199
209938,8189,8289
309164,8195,8272
290847,8489,8538
55518,8509,8575
215021,8808,8934
126174,8851,8912
183664,8875,8937
297349,8878,8937
53551,9059,9130
215022,9065,9130
224555,9194,9255
164926,9194,9259
361626,9198,9256
286932,9215,9270
29583,9220,9271
208234,9386,9455
267,9388,9448
288315,9388,9451
140663,9388,9519
5311,9390,9530
253707,9392,9537
99595,9400,9530
248248,9406,9544
123759,9416,9544
71667,9418,9476
325525,9419,9485
90606,9421,9470
1705,9421,9480
248249,9422,9535
55211,9428,9485
88757,9429,9534
193514,9430,9544
14053,9445,9539
23081,9449,9519
21714,9451,9532
34256,9459,9564
138699,9463,9548
263376,9466,9588
79564,9473,9557
68651,9477,9545
160754,9477,9588
365312,9482,9542
291602,9482,9566
10282,9483,9544
189168,9489,9544
194131,9491,9543
233614,9493,9582
386360,9494,9593
354644,9497,9586
7038,9498,9570
40825,9498,9579
30165,9499,9593
36902,9504,9574
291250,9504,9593
287698,9506,9594
146519,9508,9571
313609,9508,9575
167810,9508,9579
212474,9510,9573
17508,9510,9585
323366,9520,9584
373932,9523,9577
123386,9523,9587
