344043,160,222
141725,160,242
256300,160,251
361103,160,259
313194,161,231
32844,161,255
333,161,269
312481,172,268
344044,189,250
216360,190,257
57934,190,260
263726,196,259
246545,421,477
177908,422,476
21833,422,485
8210,422,488
324923,426,515
78460,455,519
387280,558,625
208015,562,637
208014,562,653
242463,698,745
2652,698,752
379201,698,757
53322,698,764
342570,698,779
184559,698,782
370652,699,759
377385,699,777
49058,699,793
36182,699,801
65856,699,810
163599,700,785
285438,703,749
376140,722,809
377123,733,819
199017,771,822
2087,773,822
37839,1105,1170
177909,1106,1169
255198,1109,1160
151829,1112,1191
401580,1120,1181
165868,1127,1185
279539,1129,1183
178243,1131,1205
135599,1152,1230
250623,1155,1217
186334,1208,1295
236416,1260,1308
215312,1260,1320
379334,1266,1331
278607,1858,1935
192635,1860,1924
27870,1861,1931
979,1862,1926
330151,1985,2049
140896,1985,2092
317051,1995,2058
61202,2000,2061
156290,2000,2064
76386,2000,2095
400292,2002,2064
99632,2003,2067
175784,2005,2083
51345,2014,2076
45332,2159,2242
253161,2162,2237
319286,2163,2232
184899,2164,2227
284452,2169,2240
115281,2175,2238
268567,2177,2234
368762,2177,2238
138136,2189,2241
262039,2305,2414
50598,2306,2365
105404,2308,2398
91027,2311,2374
281743,2314,2375
49021,2315,2411
42493,2315,2419
228618,2316,2391
149860,2317,2409
242464,2324,2422
228800,2324,2430
268568,2328,2394
374173,2333,2394
203835,2340,2427
9477,2343,2404
280330,2351,2412
225341,2353,2423
220895,2354,2415
219529,2364,2435
405511,2367,2446
302207,2368,2421
319042,2373,2440
203834,2567,2679
272432,2580,2692
186334,2608,2689
208013,2615,2687
64736,2615,2690
84839,2618,2683
356581,2618,2692
90025,2736,2780
321176,2820,2884
403510,2845,2917
51346,2987,3038
325401,2987,3055
298721,2988,3049
262038,2988,3060
333956,2988,3065
368194,2990,3043
159604,2995,3054
178585,2995,3056
3754,3027,3095
116929,3048,3096
77940,3066,3114
23588,3101,3174
271729,3107,3182
266950,3115,3177
376116,3116,3181
205450,3121,3183
196645,3242,3325
72477,3246,3311
39122,3247,3338
49023,3250,3322
105403,3251,3306
61284,3251,3312
156475,3254,3323
11486,3255,3325
281813,3264,3325
341898,3265,3344
153905,3265,3349
6240,3276,3340
321887,3296,3368
37840,3325,3375
80717,3342,3400
125553,3342,3422
236578,3350,3443
306913,3375,3469
9164,3408,3463
10972,3412,3470
144242,3444,3504
189285,3652,3706
69158,3653,3714
15223,3654,3704
242089,3654,3715
160334,3655,3708
236577,3731,3796
273594,3731,3813
204307,3731,3824
334,3731,3833
241807,3739,3810
206387,3743,3813
25748,3762,3813
213582,3766,3837
248767,3832,3915
97833,3833,3922
192394,3834,3907
188549,3834,3955
242088,3838,3953
8212,3840,3928
144239,3840,3937
203836,3848,3910
171174,3852,3919
82968,3855,3909
318803,3864,3926
53321,3876,3939
27129,3876,3941
282368,3880,3933
242091,3883,3959
96571,3887,3959
168970,3933,3988
140505,4081,4145
242090,4082,4159
144240,4095,4164
96181,4113,4177
163073,4179,4241
124357,4184,4272
382178,4460,4523
320167,4461,4524
210308,4701,4767
374174,4716,4781
186337,4751,4839
69734,4775,4844
308769,4786,4841
348039,4788,4857
104397,4789,4840
210309,5150,5207
230395,5150,5212
13615,5437,5533
226767,5440,5501
283536,5443,5518
199648,5444,5506
405885,5446,5533
13616,5448,5534
279537,5459,5548
205970,5463,5566
162940,5465,5524
196579,5469,5530
372127,5469,5571
134999,5471,5543
383280,5474,5551
391132,5476,5541
49932,5479,5533
159662,5480,5555
193709,5481,5542
51996,5481,5548
79627,5501,5586
236305,5507,5595
328937,5524,5611
94421,5535,5595
144241,5541,5609
316111,5542,5618
313193,5544,5619
217853,5548,5622
370066,5549,5610
247287,5562,5640
206388,5567,5661
240929,5627,5676
206386,5634,5699
364421,6355,6403
174004,6355,6406
102666,6360,6417
61718,6367,6415
40828,6487,6547
353746,6530,6593
407219,6536,6602
140796,6538,6599
295541,6543,6584
159603,6543,6608
10034,6577,6642
53323,6611,6725
53324,6614,6697
279538,6615,6699
118209,6626,6699
52199,6630,6703
341897,6633,6707
255199,6641,6737
186339,6649,6713
400196,6651,6714
51995,6651,6724
2088,6652,6728
333955,6653,6710
387279,6654,6726
204306,6956,7019
251003,6961,7022
174495,6987,7045
141965,6988,7040
2086,7428,7485
160333,7428,7490
103385,7435,7493
206385,7436,7488
84840,7440,7488
342571,7444,7506
270410,7446,7488
177907,7449,7508
198750,7518,7568
236574,7518,7575
105401,7519,7580
37308,7519,7590
9605,7520,7592
79628,7521,7582
99,7522,7579
3992,7524,7586
144958,7524,7594
268569,7525,7588
160830,7525,7610
145015,7527,7588
394323,7528,7608
388592,7530,7600
236817,7535,7579
245150,7535,7601
178935,7547,7609
149859,7672,7733
152328,7673,7740
149858,7676,7745
145944,7678,7742
279950,8132,8193
341899,8319,8370
38126,8338,8409
312482,8357,8426
46443,8363,8426
240986,8382,8448
255196,8392,8457
102664,8392,8465
86271,8399,8460
393021,8401,8464
379333,8404,8469
45282,8616,8671
38274,8617,8665
379200,8617,8668
8211,8617,8674
23229,8619,8663
153053,8622,8667
341900,8629,8685
308770,8630,8684
186337,8716,8785
285385,8875,8938
236575,9090,9141
291172,9090,9156
236573,9091,9158
141724,9091,9164
136853,9182,9241
236576,9230,9276
236304,9341,9401
360234,9341,9403
250030,9687,9731
319043,9687,9733
57791,9687,9740
188548,9687,9744
184558,9688,9732
53890,9688,9752
144238,9690,9747
271728,9691,9732
113309,9691,9753
294589,9691,9775
294588,9691,9779
168411,9695,9744
8209,9697,9743
53891,9711,9775
53320,9720,9798
256298,9726,9794
172350,10158,10207
46192,10158,10209
242087,10158,10218
144237,10158,10222
394798,10158,10225
258457,10159,10206
364422,10159,10213
141275,10160,10242
240981,10162,10251
328936,10165,10240
104396,10168,10217
4495,10168,10244
101972,10170,10248
319041,10171,10263
158411,10179,10243
70137,10184,10242
120864,10198,10251
215559,10201,10252
394177,10203,10255
80414,10277,10342
51045,10295,10357
243697,10319,10384
258190,10323,10402
210944,10329,10401
310347,10359,10403
400195,10457,10501
256299,10457,10505
144040,10458,10522
241367,10460,10526
69480,10461,10505
241368,10463,10527
128645,10541,10605
376141,10559,10614
341894,10563,10639
32843,10775,10836
167939,10978,11043
368195,10979,11047
402373,10988,11049
313192,11008,11069
262384,11008,11086
262035,11009,11120
51344,11014,11075
136855,11016,11109
233573,11018,11099
341659,11021,11078
376115,11021,11110
185263,11021,11123
267320,11023,11067
14035,11023,11069
378900,11023,11128
336,11025,11119
308461,11026,11078
102665,11026,11125
80720,11028,11109
335,11033,11126
22488,11041,11131
404546,11051,11131
206384,11057,11109
178823,11057,11124
332,11060,11128
186339,11062,11124
240259,11064,11128
69980,11270,11320
394732,11270,11345
79629,11271,11323
22453,11273,11349
103386,11281,11348
8242,11285,11349
64735,11288,11348
27251,11290,11348
173448,11376,11426
178936,11592,11645
398484,11593,11654
93370,11593,11656
227977,11594,11644
166036,11594,11668
348040,11604,11651
186338,12460,12567
217852,12491,12577
388591,12543,12628
22377,12545,12608
242461,12556,12627
242462,12558,12626
129980,12675,12728
241366,12870,12940
52157,12900,12941
256762,12924,13034
206383,12933,13026
11778,12939,13041
164230,12942,13001
95942,12943,13041
203832,12955,13039
51663,12960,13037
99633,12978,13035
357882,12978,13040
219748,12986,13041
145942,13075,13124
145943,13281,13350
165867,13296,13382
240984,13303,13388
256761,13307,13373
316109,13310,13388
55306,13311,13373
313190,13314,13373
180631,13314,13378
6540,13327,13382
198752,13332,13396
371678,13347,13418
400197,13369,13438
145196,13374,13433
236604,13374,13449
52994,13390,13440
131645,13397,13458
379197,13403,13464
145195,13617,13699
356580,13617,13705
173447,13619,13704
344547,13621,13705
240985,13626,13705
152326,13634,13705
9332,13635,13701
56341,13636,13703
51994,13870,13938
242086,13870,13963
35852,13870,13968
49017,13871,13940
12284,13872,13933
370067,13872,13937
45379,13873,13934
2667,13874,13942
281373,13875,13957
379196,13877,13969
242085,13879,13968
281374,13880,13962
160332,13881,13948
219346,13886,13949
319047,13887,13967
401302,13896,13966
333954,13899,13963
130039,13904,13948
350635,13904,13970
43083,13905,13961
378469,13906,13954
255197,13906,13963
35225,13906,13991
152327,13907,13961
144236,13908,14007
268570,13924,13993
169380,13927,13996
210958,13929,14002
91440,13933,14014
92595,13935,13996
145194,13989,14061
53766,14043,14097
335551,14264,14327
69481,14265,14326
229953,14393,14474
8208,14394,14455
278958,14394,14459
161324,14395,14445
134210,14395,14452
136854,14396,14443
262037,14401,14469
175783,14403,14471
105118,14404,14466
197120,14405,14458
196644,14406,14467
79610,14406,14476
370651,14408,14461
191558,14408,14483
408130,14418,14496
319044,14422,14495
105402,14435,14517
198753,14442,14518
253162,14498,14558
249920,14509,14573
399215,14530,14579
186335,14733,14819
151828,14768,14844
49022,14769,14839
160720,14784,14839
256297,14784,14843
313191,14785,14864
79721,14787,14862
240983,14813,14874
160600,14815,14873
257582,14816,14875
365426,14831,14875
145192,14867,14938
306914,14911,14981
345497,14914,14988
260228,14918,14980
379198,14920,14982
105400,14932,15001
152567,14933,14999
188273,14935,14997
145193,15027,15120
275384,15028,15107
300376,15486,15539
38918,15676,15752
292817,15676,15755
123024,15677,15736
82851,15679,15786
52877,15680,15744
111746,15680,15752
388130,15681,15737
350116,15682,15762
49020,15687,15786
394827,15691,15767
141964,15694,15761
331,15694,15785
205449,15698,15790
329226,15702,15767
186333,15704,15812
379643,15712,15792
65648,15723,15777
59660,15723,15792
37838,15736,15777
111744,15796,15880
103384,15801,15885
110566,15833,15921
22516,15839,15885
28288,15841,15894
337673,15843,15910
189284,15847,15906
167733,15874,15944
167734,15881,15948
241986,15890,15945
15663,15897,15944
326056,15901,15944
177955,15994,16050
133742,15994,16061
228617,16256,16370
141723,16362,16420
35479,16618,16661
255200,16618,16680
399463,16619,16678
28080,16623,16674
379199,16623,16682
316112,16631,16698
208016,16643,16699
268571,16647,16711
91439,16649,16712
186338,16656,16761
186335,16670,16757
208017,16684,16758
145191,16684,16765
388131,16747,16797
168410,16926,16984
186333,17019,17131
379641,17062,17185
46190,17107,17192
361102,17114,17231
3426,17115,17226
379642,17136,17248
165866,17183,17249
407090,17205,17285
199647,17209,17273
324339,17317,17395
126,17324,17395
186336,17325,17388
105903,17630,17750
343332,17631,17737
105904,17641,17763
203833,17676,17758
105399,17690,17769
160722,17918,17992
64008,18121,18176
255374,18121,18183
33225,18121,18197
94586,18123,18184
49018,18126,18191
49016,18128,18185
301513,18131,18176
322539,18135,18176
152667,18137,18196
17136,18301,18365
249919,18515,18579
135598,18668,18803
325400,18674,18777
222433,18682,18778
222434,18683,18770
325399,18684,18806
231701,18685,18788
162206,18690,18764
250624,18697,18760
204308,18699,18765
148045,18699,18768
239918,18711,18788
73365,18713,18801
193505,18727,18792
32656,18727,18843
136610,18728,18846
198751,18781,18848
275383,18814,18877
213581,18844,18910
313336,19169,19224
132707,19342,19432
281209,19343,19406
244443,19343,19430
10032,19344,19405
244442,19352,19431
158778,19368,19430
319045,19372,19465
160721,19375,19469
308460,19399,19478
32842,19404,19491
281812,19409,19495
35226,19414,19500
213580,19415,19488
129432,19423,19486
145945,19430,19548
105117,19431,19487
93371,19431,19510
270408,19435,19489
46191,19435,19496
193707,19436,19530
133470,19445,19514
61285,19453,19543
189283,19454,19560
149856,19455,19548
281811,19463,19546
256760,19469,19587
105397,19489,19591
105398,19497,19596
21354,19512,19595
6537,19519,19598
386399,19523,19599
400194,19523,19610
136609,19524,19630
4275,19525,19589
237941,19525,19595
270409,19526,19598
241806,19527,19629
241805,19528,19594
53319,19529,19599
222432,19533,19599
73366,19536,19596
273417,19536,19609
316110,19538,19646
12604,19539,19650
160040,19543,19636
196643,19545,19648
3171,19548,19611
193708,19548,19636
391197,19548,19653
74186,19549,19598
78934,19550,19638
58990,19564,19646
188429,19566,19630
261999,19567,19636
58991,19568,19642
399462,19570,19633
58992,19571,19647
379332,19572,19636
308311,19572,19645
2085,19573,19628
341895,19574,19638
341896,19576,19638
250622,19576,19643
265702,19578,19639
206382,19580,19654
180415,19585,19653
149857,19587,19662
240982,19588,19643
35930,19589,19650
10035,19594,19649
94310,19601,19645
343333,19653,19715
10033,19663,19735
206151,19681,19764
319046,19682,19739
262036,19698,19790
182790,19720,19833
278606,19721,19784
82967,19725,19767
119185,19738,19790
74690,19741,19783
344546,19761,19846
186336,19811,19869
178583,20059,20108
111745,20077,20166
63,20078,20129
133384,20078,20179
244441,20191,20294
73364,20192,20315
53551,20445,20525
228616,20464,20536
49019,20466,20543
213931,20627,20669
178584,20722,20783
356579,20724,20790
