154280,122,183
199703,129,191
215922,134,201
110233,134,206
42496,146,214
369886,177,260
279139,186,292
114485,193,262
334796,193,273
320775,193,284
272052,195,295
164696,196,284
2496,198,265
380935,204,292
105243,205,290
231757,208,257
231758,208,303
320931,211,264
23809,212,275
102697,213,287
316488,218,282
53799,220,301
374659,221,287
151579,225,286
201437,226,289
275180,227,291
43116,228,296
323459,232,297
44560,239,320
332142,239,323
115833,249,325
96921,263,326
81459,264,325
300933,265,323
25990,265,326
35051,306,384
24254,308,387
182001,312,393
42495,325,393
405694,328,389
81460,328,391
307261,331,397
316688,332,385
199701,335,413
24253,337,422
278852,338,387
176962,338,396
202242,338,412
316686,339,421
323443,340,406
319769,341,411
224338,341,416
24255,341,430
21266,342,407
119255,344,416
190672,344,421
199702,347,422
141083,347,432
8639,349,399
45262,349,412
334597,350,406
225583,351,419
188512,352,393
278906,354,407
43115,368,429
156520,745,829
311132,773,835
367189,889,972
63876,890,975
240973,894,974
63875,898,975
269759,902,975
275493,906,973
90931,909,975
97319,912,974
359466,918,974
229748,929,975
120918,1177,1235
393094,1177,1238
350838,1180,1250
57743,1181,1232
4845,1181,1248
230107,1182,1255
50676,1186,1241
96923,1188,1256
96922,1201,1258
339981,1336,1404
196544,1358,1433
119899,1361,1426
269269,1361,1441
74595,1362,1429
83550,1362,1448
63877,1367,1426
311133,1373,1477
144117,1376,1450
279350,1378,1439
87208,1381,1459
309623,1385,1449
348036,1385,1451
279351,1395,1446
87209,1397,1458
287483,1398,1444
130381,1556,1614
272681,1569,1616
293506,1685,1743
276838,1686,1756
164697,1686,1760
231756,1697,1761
320590,1699,1761
5213,1700,1799
314847,1707,1792
325410,1719,1792
227405,1849,1930
74604,1861,1916
136437,1867,1930
231650,1883,1949
245101,1886,1956
268946,1897,1960
225711,2404,2467
5214,2435,2500
248040,2437,2489
248042,2439,2509
94801,2441,2490
393153,2443,2561
199704,2450,2568
110232,2463,2556
110236,2471,2558
160389,2476,2561
63874,2486,2556
133583,2494,2556
130382,2503,2564
298870,2515,2569
250638,2515,2588
194332,2656,2736
139373,2658,2753
238370,2659,2715
238371,2659,2736
130379,2662,2736
199705,2662,2745
288855,2668,2732
272192,2693,2744
151243,2869,2922
223329,2988,3046
190673,2989,3075
349665,2989,3102
44039,3247,3301
404816,3249,3305
41015,3253,3317
60379,3394,3453
110235,3395,3454
230105,3395,3468
51047,3396,3453
268945,3396,3461
245102,3423,3528
272680,3435,3516
398280,3440,3516
44036,3451,3509
248038,3456,3512
190671,3457,3515
57742,3467,3520
8679,3469,3536
139374,3472,3538
361052,3476,3539
248043,3478,3560
198887,3481,3535
156734,3484,3561
394054,3489,3560
176011,3500,3555
8242,3500,3560
220413,3502,3561
248044,3505,3560
28150,3508,3560
97071,3595,3660
141342,3634,3704
109245,3634,3719
320458,3638,3700
31067,3639,3706
149,3656,3719
316093,3658,3719
28117,3659,3720
34937,3662,3720
300916,3812,3880
225710,3826,3901
294331,3827,3887
97072,3829,3895
148,3833,3918
149140,3834,3910
225709,3836,3936
126182,3839,3914
274662,3843,3911
100044,3843,3930
28575,3845,3918
312314,3847,3910
364573,3851,3936
97320,3852,3927
45910,3856,3924
392691,3858,3959
67564,3860,3928
328420,3863,3930
273625,3898,3947
2499,4263,4321
361053,4324,4436
340625,4336,4442
37128,4337,4390
87203,4341,4427
50767,4341,4453
231759,4351,4439
279353,4354,4453
160390,4355,4440
392690,4355,4446
350839,4356,4479
311125,4357,4453
311130,4358,4413
248101,4361,4426
294330,4364,4474
81458,4369,4451
164693,4379,4452
159875,4389,4453
131473,4423,4500
308769,4437,4500
85073,4457,4520
359467,4458,4526
311131,4461,4538
99955,4464,4530
50658,4465,4523
305244,4466,4528
25988,4472,4527
25989,4472,4550
349666,4505,4559
2497,4529,4637
64462,4540,4616
62031,4542,4611
403964,4542,4637
298869,4544,4605
176408,4550,4639
135137,4553,4637
5211,4555,4617
3325,4556,4634
2502,4557,4620
154285,4558,4639
305066,4559,4654
205889,4600,4661
311124,4642,4747
311776,4680,4751
44038,4695,4751
273363,4712,4768
63873,4884,4943
329619,4884,4952
150,4885,4945
311779,4885,4977
311782,4885,5002
311122,4885,5037
363415,4886,4934
149139,4886,4962
95163,4886,4994
311780,4886,4999
311778,4887,4984
106771,4889,4940
295257,4889,4949
319770,4889,4955
249,4890,4939
79214,4895,4960
144030,4895,4973
157809,4895,4980
77400,4897,4964
141398,4897,5005
311781,4898,5011
387588,4900,4974
131932,4908,4984
156569,4914,4984
200233,4916,4976
308310,4926,5014
8580,4927,5009
44037,4934,5014
217199,4943,5007
197797,4955,5013
261389,5186,5238
63968,5186,5257
199706,5187,5236
41014,5187,5248
402831,5217,5278
310385,5301,5373
35052,5336,5413
260349,5360,5415
367188,5364,5416
157808,5440,5506
305067,5442,5506
43114,5444,5506
41838,5453,5506
314846,5459,5507
397958,5688,5755
62032,5822,5897
248039,5840,5912
113564,5889,5955
174539,5909,5984
253195,5946,6001
25835,6437,6500
97321,6470,6521
301844,6489,6535
332550,6490,6559
349358,6496,6551
397350,6509,6561
397351,6673,6748
103965,6673,6752
397352,6673,6759
311123,6674,6763
369558,6675,6756
393093,6677,6749
197293,6680,6741
161730,6704,6768
90929,7054,7134
7263,7060,7127
71142,7147,7200
87207,7162,7231
44035,7206,7302
53800,7221,7282
176292,7231,7294
315984,7233,7284
273227,7236,7327
105547,7237,7300
96918,7238,7305
44565,7240,7316
19653,7241,7301
348235,7241,7346
255418,7243,7316
389294,7244,7332
268944,7246,7336
64463,7249,7312
229747,7249,7315
273909,7254,7296
280519,7254,7328
403965,7258,7328
150,7261,7353
349047,7263,7330
154284,7263,7335
364681,7264,7332
324491,7269,7344
311128,7284,7361
176407,7287,7354
29253,7296,7357
246733,7299,7353
242029,7303,7365
279352,7397,7454
196116,7415,7475
311122,7417,7558
71691,7420,7482
318354,7421,7484
8579,7448,7534
95162,7458,7534
311777,7458,7539
311124,7583,7681
357956,7632,7709
99153,7636,7705
386433,7846,7949
189857,7847,7905
91644,7851,7911
376966,7862,7942
253194,7868,7927
176404,7868,7969
176403,7869,7954
101129,7872,7969
176406,7876,7995
110234,7886,7983
60378,7888,7976
2501,7900,7996
50675,7904,7969
176400,7906,8014
154386,7908,7990
2500,7909,7987
311120,7912,7990
119256,7913,7976
4975,7965,8028
287484,8615,8681
90930,8619,8676
203536,8619,8682
369557,8619,8692
330132,8620,8683
119470,8620,8686
350836,8620,8700
79066,8621,8694
311119,8623,8695
72077,8626,8695
12894,8627,8691
44557,8628,8696
78095,8636,8697
24309,8645,8693
28828,8658,8712
78317,8662,8725
311121,8666,8730
62030,8821,8915
157667,8909,8982
41836,8921,8992
35053,8921,9009
311125,8928,9023
348234,8932,8992
230106,8936,8993
298868,9032,9109
298867,9033,9114
399415,9060,9115
269758,9066,9145
400958,9077,9137
323442,9081,9172
23808,9116,9174
34486,9129,9194
273420,9140,9202
183585,9147,9241
183584,9154,9242
169736,9156,9245
312849,9167,9241
114012,9176,9241
260263,9177,9261
260264,9178,9277
369556,9181,9277
311123,9193,9289
239985,9194,9294
404978,9197,9274
25986,9197,9281
327073,9198,9277
311119,9207,9278
204611,9213,9277
291233,9234,9296
294565,9254,9335
141082,9265,9321
157192,9290,9336
294981,9383,9458
97322,9442,9540
50672,9445,9531
39902,9448,9567
248036,9449,9518
60377,9449,9562
41835,9452,9515
50675,9453,9514
176405,9454,9536
74594,9454,9574
45909,9457,9521
2498,9457,9566
19951,9458,9524
60376,9458,9528
100379,9461,9523
311120,9461,9546
404818,9462,9525
224995,9463,9526
364850,9463,9541
279354,9468,9537
275491,9473,9552
295258,9483,9564
380936,9506,9561
87202,9506,9572
358741,9507,9578
25987,9509,9575
156518,9509,9596
128760,9541,9598
164692,9889,9961
42494,9896,9964
220785,9898,9968
8241,9913,9964
218560,9916,10016
43110,9917,9994
42493,9917,9998
139594,9923,10005
291231,9928,10012
275488,9928,10017
218559,9941,10009
366258,9941,10027
359464,9956,10026
236169,9958,10015
74600,9969,10026
74601,9970,10023
35054,9972,10026
279356,10112,10234
279355,10113,10241
392689,10114,10177
24830,10115,10183
352110,10116,10174
95529,10117,10177
311129,10160,10249
389424,10168,10235
119254,10192,10246
9620,10197,10246
220784,10201,10253
397349,10201,10267
185674,10202,10266
154279,10203,10268
398279,10205,10265
214657,10205,10268
269755,10208,10266
334596,10212,10273
161583,10229,10291
275181,10362,10428
311121,10368,10433
164690,10491,10576
164691,10492,10579
5212,10492,10593
334795,10492,10616
5209,10492,10620
276839,10495,10597
320776,10495,10605
87206,10496,10566
21935,10498,10579
248045,10500,10564
87205,10510,10631
334794,10511,10639
63872,10512,10586
311126,10512,10591
44556,10513,10597
157193,10514,10617
225707,10515,10629
362679,10518,10615
130378,10519,10598
154281,10522,10605
28118,10525,10615
276203,10527,10602
358742,10527,10619
90928,10531,10616
348037,10532,10630
276738,10536,10621
327072,10541,10618
12569,10541,10626
32030,10544,10615
279135,10544,10637
886,10545,10620
62026,10545,10626
23730,10558,10629
279138,10788,10880
349667,10889,10955
294297,10891,10954
305354,10899,10980
369902,10912,10972
156735,10915,10983
50674,10923,10998
204500,10925,10995
85074,10928,10995
194484,10963,11043
406245,10995,11057
91005,11009,11057
295261,11103,11164
25408,11112,11170
403963,11125,11198
189938,11126,11191
343375,11136,11191
264518,11154,11219
396511,11184,11249
44559,11192,11255
94800,11193,11256
28874,11195,11257
215920,11206,11249
348033,11206,11265
139372,11206,11281
20797,11209,11271
33983,11215,11264
164689,11223,11331
66169,11224,11280
52166,11252,11330
12710,11253,11319
156738,11255,11326
272816,11259,11324
90927,11259,11338
295973,11261,11323
311127,11322,11384
78316,11338,11398
168239,11346,11410
78314,11438,11527
376967,11440,11536
204501,11441,11532
5294,11442,11540
393152,11444,11533
263430,11459,11530
299896,11462,11530
329987,11539,11625
78315,11545,11625
404817,11549,11619
110236,11550,11626
275492,11551,11622
306717,11562,11627
139371,11690,11747
256556,11690,11752
256557,11699,11779
74602,11721,11784
102559,11722,11782
318355,11723,11792
86418,11723,11815
218558,11724,11788
245473,11725,11823
303317,11728,11796
280479,11730,11859
63967,11735,11803
81457,11735,11818
17777,11737,11788
57872,11739,11825
397956,11740,11850
3426,11741,11853
119253,11743,11800
41013,11743,11849
151308,11745,11832
152771,11747,11829
51046,11748,11858
99807,11748,11863
176401,11749,11866
164694,11750,11803
152772,11756,11837
300932,11792,11863
185670,11821,11875
311132,11975,12024
255346,12056,12120
56137,12059,12114
32649,12061,12112
164695,12066,12144
320777,12066,12147
81456,12073,12124
380088,12097,12158
63870,12190,12255
63871,12190,12262
294326,12190,12283
5210,12192,12279
316687,12193,12256
246038,12198,12299
10622,12204,12301
279136,12210,12292
224306,12217,12301
276833,12365,12447
192680,12372,12433
311130,12389,12450
37286,12416,12506
211614,12419,12524
269756,12444,12509
71140,12444,12516
365106,12464,12527
114011,12464,12535
57741,12467,12526
383782,12475,12541
29685,12481,12535
344742,12485,12530
406667,12485,12549
34938,12490,12532
60223,12493,12543
156740,12654,12715
161582,12654,12717
269757,12654,12731
82963,12654,12739
280477,12655,12711
261393,12655,12718
294564,12656,12710
23413,12656,12713
156519,12704,12782
370410,12712,12773
230104,12713,12775
119900,12919,12995
242775,12943,12998
99154,12943,13017
232144,13015,13071
24831,13022,13111
288658,13023,13096
74603,13031,13083
392687,13036,13134
348233,13042,13133
389763,13044,13132
294328,13057,13136
399416,13062,13140
272814,13066,13138
5208,13067,13133
225706,13069,13133
348035,13069,13141
4976,13137,13200
295340,13161,13213
50673,13396,13457
247319,13413,13471
54576,13513,13574
206601,13568,13658
80133,13570,13621
176402,13570,13639
24252,13571,13646
56826,13574,13638
393869,13576,13658
311128,13577,13646
259167,13591,13657
185673,13593,13700
34424,13598,13656
334792,13608,13715
95215,13612,13674
96649,13613,13696
125402,13614,13684
361054,13623,13714
148888,13625,13710
351583,13634,13696
127016,13640,13688
331758,13640,13709
33007,13641,13695
123443,13641,13724
156739,13644,13696
156737,13646,13728
386897,13661,13726
5387,13663,13715
156517,13663,13727
41834,13758,13815
272815,13919,13978
194485,13940,14008
47641,13946,14017
190670,13947,14044
94799,13965,14041
280478,13977,14047
72406,13979,14032
260265,13982,14045
60375,13983,14032
71141,13991,14041
404439,14000,14047
358238,14058,14112
254449,14060,14111
44359,14061,14124
114010,14066,14127
125255,14102,14170
231285,14194,14247
227805,14291,14349
90620,14292,14350
65969,14293,14359
323441,14510,14589
294980,14514,14588
62027,14637,14695
986,14637,14702
178725,14647,14706
311131,14784,14844
98930,14818,14885
248037,15069,15128
21847,15069,15144
92514,15069,15147
2498,15069,15154
188313,15069,15163
72076,15070,15125
42369,15070,15137
176400,15071,15171
261857,15071,15184
43109,15072,15133
273226,15072,15144
248035,15073,15125
100378,15073,15146
156515,15073,15155
24251,15074,15163
3771,15082,15153
31979,15084,15161
275487,15086,15170
106182,15094,15154
248041,15095,15170
43813,15119,15168
25985,15230,15318
304572,15370,15423
359465,15370,15471
87198,15370,15504
270698,15371,15424
308770,15371,15432
84370,15371,15438
234130,15371,15442
401726,15371,15453
122451,15372,15426
239982,15375,15423
96917,15378,15469
261392,15386,15478
134974,15409,15479
369885,15410,15502
215921,15411,15527
294329,15412,15495
64461,15412,15509
308340,15413,15500
81453,15413,15524
24248,15414,15484
268943,15414,15491
18530,15414,15506
329617,15415,15516
276837,15418,15482
369551,15422,15483
359463,15422,15495
88289,15426,15516
358237,15428,15494
312316,15428,15529
130380,15429,15520
157807,15429,15523
272677,15436,15512
101845,15446,15514
340383,15448,15528
157806,15451,15518
327071,15453,15523
45034,15454,15519
404527,15458,15520
241680,15459,15519
156516,15460,15521
90924,15461,15529
81009,15467,15529
89275,15485,15549
63965,15533,15619
47642,15535,15608
170423,15535,15614
261390,15538,15616
50671,15541,15609
151245,15541,15617
261391,15556,15623
407709,15701,15785
42492,15702,15787
407710,15707,15786
397954,15722,15788
96915,15726,15796
39285,15727,15789
294327,15731,15854
289271,15732,15785
185671,15733,15788
295260,15733,15795
81454,15734,15786
403135,15735,15787
85396,15737,15787
34939,15737,15835
205671,15739,15788
184483,15746,15814
363414,15747,15846
334793,15749,15837
316955,15753,15850
295262,15754,15836
2495,15759,15850
399418,15763,15851
315157,15765,15865
40607,15767,15834
95330,15767,15846
349668,15770,15871
87200,15772,15860
401725,15772,15864
218557,15772,15869
279137,15774,15877
376965,15776,15836
96919,15777,15866
406666,15782,15837
312315,15783,15845
216836,15784,15866
340624,15785,15872
358239,15786,15851
365708,15790,15871
348032,15791,15854
74593,15791,15867
306334,15793,15870
227834,15793,15884
215770,15805,15868
288657,15816,15878
206599,15820,15886
291232,15841,15904
256558,15841,15920
350837,15843,15899
276835,15889,15961
329618,16046,16108
311126,16088,16161
311133,16253,16343
275489,16303,16379
338463,16328,16393
287485,16333,16386
314845,16410,16470
255417,16441,16523
311129,16451,16545
279357,16459,16524
64295,16472,16544
44558,16488,16542
102925,16488,16544
327070,16489,16540
216835,16494,16587
90925,16495,16584
109696,16496,16545
122088,16500,16579
380030,16501,16577
203722,16502,16574
90926,16509,16599
194331,16520,16590
157808,16799,16870
180744,16813,16897
141081,16818,16870
401478,16818,16887
362752,16820,16874
3856,16823,16886
334595,16831,16915
336555,16837,16888
220786,16842,16896
84283,16844,16907
206600,16845,16906
154147,16848,16919
87201,16866,16923
156736,16899,16958
316685,17040,17107
316189,17241,17303
236168,17246,17310
311127,17376,17437
78313,17478,17570
393151,17479,17564
232537,17481,17570
288656,17784,17836
133654,17784,17855
94684,17786,17834
16654,17787,17872
96916,17796,17886
6325,17799,17861
302909,17800,17849
331756,17803,17873
63868,17804,17869
248034,17804,17885
397955,17805,17898
154920,17807,17924
238671,17807,17928
406001,17809,17861
308716,17809,17886
399417,17816,17910
4113,17817,17929
90923,17819,17939
154278,17825,17926
397348,17825,17960
397347,17829,17928
44555,17833,17949
404438,17836,17954
63869,17839,17940
267,17842,17954
1345,17843,17925
298871,17845,17939
272679,17848,17966
183771,17854,17931
50623,17862,17949
267,17864,17953
361055,17865,17926
4117,17865,17931
81455,17874,17958
267,17881,17957
209401,17883,17955
62028,17892,17955
204363,17911,17953
291230,17949,18026
39260,17960,18028
98928,17960,18034
24247,17964,18030
24249,17965,18024
276832,17965,18041
24250,17969,18042
393952,17988,18049
218556,18011,18064
42491,18012,18063
179205,18012,18073
398277,18013,18064
358236,18014,18063
87196,18016,18066
250292,18101,18150
141341,18251,18303
3001,18254,18310
133653,18255,18339
68799,18257,18303
133402,18262,18322
248032,18270,18349
276836,18270,18382
7856,18274,18351
248033,18275,18384
240258,18285,18383
348034,18296,18381
99806,18296,18388
276834,18300,18388
47640,18307,18381
87199,18307,18395
397957,18314,18408
396039,18320,18376
34940,18320,18389
43111,18322,18415
164688,18331,18418
403962,18346,18475
63966,18347,18461
43112,18354,18474
43113,18356,18472
300249,18365,18451
24180,18368,18454
81452,18368,18486
386432,18370,18444
87204,18370,18453
151,18373,18430
5207,18374,18498
35055,18375,18476
320589,18376,18446
154283,18376,18468
154282,18378,18461
230102,18378,18472
183191,18379,18440
200758,18386,18442
50670,18386,18451
279134,18386,18461
96912,18386,18487
96913,18388,18483
96914,18388,18507
207479,18389,18457
248100,18390,18448
99458,18391,18449
171106,18392,18491
331757,18393,18470
250885,18397,18459
2371,18398,18493
398278,18399,18460
384243,18401,18466
294325,18401,18505
275490,18402,18491
98929,18404,18477
279358,18406,18490
159874,18416,18484
224337,18600,18662
239984,18603,18668
281533,18604,18667
298872,18609,18670
261386,18613,18686
261387,18615,18687
96920,18624,18688
261388,18625,18687
320364,18631,18704
50657,18652,18716
47639,18810,18865
139370,18810,18868
161489,18810,18872
37754,18810,18874
16014,18810,18880
188839,18810,18886
43470,18812,18883
41837,18815,18877
389282,18818,18875
293311,18823,18888
87197,18829,18889
114116,18918,18974
258551,18918,18981
34896,18921,18988
98931,19374,19429
144376,19374,19443
62029,19374,19451
239983,19428,19546
151244,19452,19547
225708,19452,19551
187885,19456,19551
1345,19458,19546
8332,19468,19569
272678,19471,19568
367187,19473,19569
24832,19477,19569
1345,19478,19546
267,19486,19569
6956,19500,19563
74182,19509,19565
267,19515,19569
295259,19636,19693
239981,19643,19704
25,19827,19896
222135,19828,19890
392688,20091,20169
230103,20096,20158
161581,20097,20169
185672,20116,20169
