271824,97,170
137295,98,179
389785,98,197
389784,98,203
66422,101,171
165669,140,214
231544,141,216
318781,143,208
362574,146,216
182440,149,201
85436,149,224
60684,151,217
210720,154,232
210721,155,227
30914,173,235
347342,181,256
187456,189,268
347345,217,285
22112,223,304
240589,223,308
347343,224,344
87358,229,322
39207,236,289
197640,237,346
85346,240,307
53536,245,323
347344,247,307
117694,247,319
283350,248,324
272052,248,332
342592,248,336
371363,250,305
384220,254,307
283351,254,348
314149,260,325
320134,262,325
155653,265,327
197639,266,329
195542,270,350
139677,271,335
382782,271,339
208578,272,333
6580,273,330
373913,273,334
1345,326,411
339397,427,490
144730,429,558
163249,430,524
339399,430,552
76853,432,504
349683,434,499
300663,439,503
388571,456,520
138074,458,519
229278,474,542
100810,478,545
30195,551,630
379652,555,643
125180,564,646
148346,566,628
379653,573,651
8833,583,636
102801,584,646
320562,588,650
52906,590,688
130476,592,671
208575,593,651
83726,594,647
313346,594,650
235897,596,677
401067,596,700
85348,600,710
66429,601,663
49212,601,699
85349,601,704
220979,604,678
61710,614,694
23034,657,719
1345,657,743
267,658,754
248780,659,741
172756,672,753
220974,672,756
194808,678,754
101717,694,758
401606,709,781
104703,717,772
45058,728,786
155611,729,803
281717,739,787
397550,742,797
17183,742,801
17184,742,805
87974,754,805
349681,842,921
339398,857,994
96909,881,981
318782,881,998
349682,888,996
242494,900,987
48879,907,1007
373387,1140,1199
69021,1154,1235
78829,1155,1211
171989,1158,1216
332850,1162,1226
119856,1162,1238
371263,1184,1261
52755,1187,1248
208576,1190,1261
52756,1191,1246
86820,1191,1265
149736,1193,1250
119111,1197,1263
366395,1198,1266
935,1204,1271
99761,1206,1264
222868,1206,1269
301458,1206,1272
336022,1206,1278
346844,1232,1337
85347,1247,1336
124887,1263,1338
61228,1264,1358
201012,1265,1328
130478,1267,1340
303306,1269,1361
256213,1270,1334
342591,1271,1338
248777,1272,1367
283349,1279,1345
125344,1279,1369
284201,1470,1530
373388,1470,1533
939,1471,1527
392338,1472,1520
2946,1472,1535
268321,1473,1530
272504,1483,1534
87973,1484,1548
102794,1492,1560
119112,1509,1590
193406,1737,1815
301457,1741,1806
227291,1743,1807
401064,1759,1807
371262,1801,1867
252725,1824,1870
2631,1907,1959
25724,2029,2112
34318,2030,2119
285772,2034,2129
378435,2037,2100
125181,2038,2114
55128,2040,2102
33011,2041,2124
288309,2059,2134
297012,2067,2128
197642,2068,2129
392546,2068,2132
52907,2070,2186
288308,2075,2135
235901,2076,2168
147924,2077,2129
139031,2082,2127
218597,2085,2214
355449,2090,2171
355450,2100,2175
380818,2101,2241
176734,2102,2222
217070,2103,2195
125149,2105,2217
380817,2105,2225
38224,2106,2165
119113,2109,2194
300733,2118,2233
183902,2137,2219
57279,2138,2222
157655,2144,2240
176733,2151,2241
120964,2158,2220
19130,2164,2238
92278,2171,2241
304244,2174,2231
93029,2174,2240
289683,2178,2231
79346,2189,2233
208574,2293,2387
52906,2311,2410
85350,2321,2435
401066,2323,2431
52905,2327,2435
210719,2328,2449
25187,2330,2451
149738,2331,2407
396349,2333,2439
223551,2333,2450
135464,2344,2450
85352,2350,2462
149737,2366,2463
396350,2371,2462
6955,2374,2456
5168,2376,2458
72677,2380,2461
172755,2382,2465
342590,2382,2487
1345,2385,2450
201006,2385,2485
267,2386,2464
74813,2391,2464
285773,2405,2464
189163,2411,2462
267,2412,2466
201007,2433,2521
110698,2455,2573
176899,2461,2590
126,2464,2556
134369,2464,2593
15456,2469,2581
126,2471,2589
8395,2472,2586
380997,2483,2560
30194,2495,2592
13679,2501,2592
330410,2502,2576
77655,2505,2593
375747,2506,2559
18598,2513,2591
25518,2659,2713
282308,2660,2729
123087,2660,2738
172758,2661,2759
378540,2664,2730
17797,2664,2753
100807,2664,2771
42491,2665,2729
164889,2665,2755
182927,2666,2740
151513,2671,2783
165670,2675,2756
937,2676,2733
113099,2676,2753
85351,2684,2730
200301,2684,2751
364579,2684,2766
15452,2689,2752
364282,2693,2755
43484,2694,2806
5171,2705,2778
125345,2713,2806
52910,2714,2775
174686,2716,2783
187455,2717,2812
198118,2723,2806
52909,2724,2804
182929,2733,2810
382783,2735,2805
69259,2735,2811
130475,2736,2800
351252,2739,2803
231062,2740,2812
78828,2746,2808
139032,2750,2811
218596,2753,2813
102800,2754,2799
136129,2755,2797
52754,2757,2798
54311,2757,2800
92378,2757,2815
70938,2758,2812
70937,2759,2806
43485,2761,2826
147029,2883,2955
93030,2883,2978
295966,2884,2945
213801,2888,2955
349962,2889,3008
292809,2890,2937
47842,2892,2970
392785,2893,2957
184101,2896,2957
19670,2896,2972
92840,2900,2971
350808,2903,2972
22949,2903,2995
353632,2908,2977
38652,2911,2970
198648,2913,2982
308886,2916,3004
313347,2924,3013
43483,2926,2989
391849,2927,3011
391848,2927,3025
232386,2928,2990
93592,2929,3001
227768,2930,2992
147925,2930,3023
371261,2933,3014
2831,2934,3010
979,2934,3020
256773,2935,2999
15302,2936,3039
268068,2937,2996
88443,2938,3008
124888,2939,3020
31879,2942,3033
101235,2943,3006
59337,2945,3003
114000,2947,3009
36237,2948,3011
119681,2951,3014
94446,2952,3040
3095,2955,3006
194804,2956,3025
269351,2958,3033
272503,2961,3023
39935,2964,3030
209776,2968,3055
270206,2969,3049
242495,2971,3039
338575,2975,3047
208148,2975,3053
140603,2980,3067
256546,2982,3045
172757,2982,3056
163684,2983,3050
339396,2986,3049
380820,2988,3049
356041,2990,3051
123317,2991,3052
102798,2992,3055
136130,2994,3052
394767,3007,3057
278174,3105,3169
142952,3106,3161
87359,3106,3166
216872,3106,3175
351845,3107,3165
165231,3109,3172
392818,3133,3217
308039,3134,3215
130257,3142,3253
349616,3144,3207
100806,3145,3211
292691,3145,3221
391851,3147,3247
396352,3148,3213
148566,3152,3208
391850,3156,3267
121831,3158,3223
197387,3158,3247
213802,3163,3261
15453,3182,3277
32292,3187,3243
940,3187,3261
235607,3188,3245
36236,3189,3258
90544,3194,3251
181222,3195,3261
210716,3208,3275
387302,3210,3268
193408,3213,3285
134320,3213,3291
196237,3215,3287
100273,3216,3290
130474,3217,3274
364283,3218,3298
117884,3226,3287
402088,3231,3297
8394,3480,3542
170935,3480,3560
193407,3487,3560
295084,3512,3594
301897,3526,3596
182928,3533,3604
35954,3541,3622
314148,3551,3612
102796,3551,3618
106855,3552,3614
146619,3552,3621
286093,3558,3610
99237,3657,3720
134319,3659,3732
346843,3681,3775
52908,3684,3768
102799,3694,3777
102803,3717,3789
223550,3717,3811
210718,3717,3824
137296,3718,3806
401065,3720,3830
210717,3722,3807
85354,3723,3795
52905,3724,3828
141040,3729,3815
166513,3731,3835
61710,3732,3799
85353,3742,3847
1345,3772,3845
23033,3775,3862
255273,3784,3862
109190,3793,3860
8193,3798,3863
121832,3938,4003
97729,3939,4001
317737,3939,4011
247970,3939,4020
344261,3940,3998
234632,3940,4005
280094,3945,4008
249918,3949,4010
291251,4018,4083
223554,4019,4118
248779,4039,4106
60022,4053,4128
326849,4057,4127
307508,4058,4119
19211,4062,4184
194809,4064,4125
247969,4081,4149
349436,4090,4139
349684,4097,4211
217071,4106,4179
206690,4121,4188
220975,4166,4243
295965,4184,4245
148345,4185,4249
87970,4193,4256
401652,4474,4548
292808,4486,4551
392545,4508,4580
201008,4516,4577
52907,4517,4635
142951,4528,4578
392543,4554,4629
217069,4555,4635
201010,4556,4611
233648,4556,4630
136796,4651,4760
338018,4653,4774
219748,4717,4782
402090,4760,4814
36235,4913,4977
104867,4915,4974
373386,4931,5033
233649,4993,5053
15455,5055,5121
223552,5322,5422
229279,5324,5432
249640,5338,5433
172944,5342,5418
220973,5354,5421
102531,5359,5447
338574,5388,5477
52904,5484,5562
130258,5485,5553
344758,5485,5556
402089,5502,5563
220977,5532,5593
401779,5562,5618
203838,5563,5652
180203,5565,5623
185311,5579,5652
59338,5591,5669
255302,5625,5699
305460,5635,5697
164888,5647,5697
92839,5664,5722
65143,5837,5897
52904,5841,5919
85259,5866,5932
104868,5892,6002
358919,5900,5953
5170,5903,6004
223553,5903,6008
194811,5933,6000
264729,5934,6022
938,5945,6002
194806,5952,6017
934,5953,6028
138881,5956,6021
188658,5957,6027
161027,5959,6024
7462,5971,6026
237289,6147,6196
393157,6147,6201
31878,6147,6220
346842,6157,6222
93591,6169,6230
135646,6180,6243
256545,6299,6372
43361,6301,6375
242496,6348,6425
93590,6353,6426
249914,6354,6421
109189,6362,6423
282307,6364,6423
206691,6364,6431
5169,6366,6415
399851,6368,6451
257415,6374,6425
52908,6480,6563
220978,6491,6591
391847,6495,6559
58002,6496,6551
241636,6499,6559
87971,6502,6557
125052,6502,6608
364281,6503,6558
263208,6505,6561
197388,6516,6610
22572,6531,6606
52909,6539,6599
100809,6543,6616
320561,6647,6716
308885,6649,6722
936,6700,6778
210722,6714,6786
125356,6715,6779
42182,6716,6766
295964,6723,6789
102795,6852,6909
301456,6985,7061
208577,6985,7076
197386,6991,7062
72375,6998,7075
212040,7000,7054
392542,7006,7071
289684,7012,7067
52910,7025,7076
52903,7242,7346
223548,7371,7453
216873,7372,7462
52903,7419,7508
299938,7484,7546
18356,7489,7552
248778,7591,7673
208827,7595,7642
249915,7596,7659
43377,7596,7681
96910,7604,7674
14417,7616,7690
249916,7618,7739
4113,7636,7745
255804,7646,7758
380819,7650,7771
235900,7661,7772
238288,7673,7760
1345,7674,7744
392541,7679,7756
267,7681,7776
65833,7697,7756
267,7701,7774
216875,7749,7851
406606,7756,7849
210715,8069,8175
1345,8097,8175
201009,8117,8190
6955,8122,8187
91648,8159,8231
197641,8176,8285
303271,8185,8233
82479,8192,8236
234780,8314,8377
208486,8465,8519
235899,8465,8579
218594,8466,8562
252776,8471,8541
172753,8472,8589
172754,8473,8574
235898,8483,8614
59858,8488,8579
334160,8489,8553
295435,8489,8562
3637,8489,8570
130473,8492,8619
174685,8493,8561
222756,8494,8582
933,8495,8635
313151,8496,8600
88974,8505,8618
149228,8511,8594
149227,8511,8607
371364,8513,8575
15454,8513,8606
241439,8514,8585
338576,8515,8580
165230,8516,8578
260450,8517,8580
36873,8517,8629
182926,8518,8614
47175,8520,8585
364073,8521,8622
260995,8523,8608
182925,8523,8645
102797,8524,8625
252662,8529,8589
389410,8529,8598
194810,8531,8626
149739,8532,8593
63762,8532,8597
283352,8532,8601
130472,8532,8646
346845,8533,8598
54405,8533,8618
196393,8538,8600
392544,8542,8624
210714,8544,8606
76285,8555,8603
93593,8563,8639
194805,8569,8672
216874,8598,8723
218595,8613,8718
266014,8647,8703
201011,8647,8722
30335,8663,8729
195543,8664,8728
241438,8668,8750
259373,8675,8752
95276,8679,8749
144729,8690,8758
223549,8693,8757
19131,8702,8780
21438,8708,8790
297013,8712,8763
44619,8712,8785
27990,8715,8804
39548,8721,8801
123934,8726,8842
87972,8783,8860
100808,8784,8850
123086,8787,8841
6955,8856,8940
194807,8873,8936
24576,8876,8939
235896,8877,8937
238289,8879,8939
142950,8881,8953
249917,8890,8952
222867,9131,9270
355451,9136,9247
40993,9138,9241
29261,9147,9240
300732,9149,9248
396351,9150,9242
107824,9154,9266
332721,9176,9239
339395,9176,9270
69781,9185,9252
255803,9187,9254
387411,9190,9275
220976,9192,9271
297011,9212,9275
174684,9343,9407
130477,9343,9410
54633,9343,9414
263310,9343,9417
202273,9343,9436
19134,9343,9443
291250,9344,9431
164890,9346,9403
14235,9347,9399
8738,9347,9439
134368,9350,9421
16430,9356,9443
