372152,104,161
52571,206,262
90076,206,275
50478,206,294
267286,206,300
270796,206,310
35514,206,319
363187,217,353
258472,225,360
388107,232,300
238304,234,295
145629,239,289
149091,240,298
35513,243,323
292290,250,344
306619,255,318
292289,262,358
193551,269,343
323908,271,346
143392,272,338
80860,272,366
87354,281,348
336073,294,358
75678,313,384
349594,318,384
127913,320,384
243316,321,382
204500,322,384
341105,327,382
231202,334,385
402438,404,478
148445,408,469
296242,415,460
402439,416,478
131695,418,479
146230,457,573
184973,473,573
15086,659,712
310763,665,724
281180,676,728
349653,874,949
349654,874,956
61233,880,985
6639,886,982
190126,887,951
285116,887,957
301149,887,975
388040,889,947
345913,893,1013
72884,901,966
332447,906,1012
128241,920,987
295327,923,996
292604,927,1016
247788,942,1008
304278,947,1013
70099,948,1010
328470,948,1012
61613,954,1016
69218,963,1022
354051,1216,1278
203723,1223,1280
197866,1228,1279
289181,1229,1277
262684,1236,1320
139928,1254,1345
363188,1279,1343
310764,1281,1342
172587,1289,1402
184384,1302,1389
185975,1308,1385
233434,1311,1389
282437,1317,1388
213382,1326,1388
329781,1326,1393
31849,1335,1387
282649,1337,1399
266854,1337,1404
280287,1339,1394
266852,1345,1404
406679,1534,1600
355893,1534,1612
310807,1560,1661
245482,1562,1644
104861,1563,1630
388040,1564,1627
131697,1564,1643
145630,1566,1630
37240,1567,1651
293094,1569,1657
310806,1570,1660
405993,1573,1628
106396,1579,1633
289294,1579,1647
396849,1580,1644
190125,1585,1650
40161,1593,1656
37170,1593,1658
324064,1594,1666
181034,1595,1675
268412,1595,1682
19638,1596,1678
213384,1599,1675
372151,1600,1661
318167,1605,1679
58414,1612,1690
317811,1692,1780
289182,1695,1780
74309,1696,1791
2801,1697,1785
381663,1697,1811
29886,1701,1773
197865,1702,1763
288790,1704,1785
374864,1705,1792
31464,1710,1771
216652,1768,1856
381664,1844,1931
179864,1917,1993
121941,1925,1971
35278,1931,2021
127353,1948,2026
87847,1980,2031
112326,1980,2044
45407,1981,2050
74310,1987,2055
155815,1989,2080
93096,1994,2083
349652,1998,2082
23064,2013,2101
18949,2017,2083
262694,2018,2086
379288,2029,2111
379287,2031,2120
264164,2037,2120
177349,2038,2122
87093,2038,2140
163713,2044,2151
316295,2045,2106
48781,2051,2120
280288,2056,2162
80861,2058,2120
288788,2059,2121
291349,2063,2121
56664,2073,2162
379289,2074,2160
220260,2091,2170
314502,2095,2170
339337,2097,2182
314503,2101,2189
245123,2102,2180
197867,2103,2193
339338,2114,2190
213383,2116,2181
340508,2117,2190
281183,2117,2230
122136,2123,2210
249405,2125,2188
90588,2126,2196
402912,2129,2200
226515,2129,2205
279101,2129,2226
360985,2131,2208
42692,2134,2234
377871,2136,2193
226516,2140,2222
308419,2143,2204
80227,2143,2228
58413,2144,2205
243168,2149,2236
408326,2152,2209
227990,2153,2216
65300,2154,2262
146232,2159,2228
374976,2167,2289
358580,2169,2250
259171,2172,2232
259172,2180,2234
90590,2185,2250
143208,2197,2251
100515,2198,2294
319212,2201,2274
116602,2203,2264
360984,2203,2267
250494,2203,2269
18108,2210,2275
52570,2210,2298
290850,2214,2278
206602,2217,2278
405994,2218,2291
384903,2221,2358
288988,2228,2307
174424,2233,2294
353087,2244,2371
405312,2247,2306
139929,2252,2369
296241,2252,2379
281184,2254,2313
148446,2254,2377
402909,2261,2396
56666,2281,2395
226514,2281,2403
296240,2285,2392
56883,2290,2403
353086,2291,2416
204501,2306,2411
402910,2309,2420
226513,2317,2416
281182,2317,2425
195369,2322,2413
40959,2323,2404
210630,2351,2425
232331,2367,2427
1718,2370,2426
201678,2376,2427
5726,2613,2671
220295,2613,2677
123341,2613,2679
58415,2613,2689
314461,2615,2670
225317,2615,2680
18952,2621,2690
205309,2622,2678
261218,2637,2690
239798,2650,2715
345912,2651,2704
185456,2651,2719
297015,2660,2728
148444,2663,2719
69216,2665,2726
179865,2677,2741
201677,2684,2783
62034,2690,2778
131696,2711,2806
10964,2713,2782
316294,2716,2797
310805,2720,2804
131698,2778,2866
133312,2781,2842
138295,2785,2849
310878,2786,2883
384902,2789,2891
207095,2790,2849
203724,2791,2852
370387,2792,2861
205241,2797,2847
40958,2800,2890
405311,2800,2896
69217,2802,2892
395929,2807,2916
127354,2808,2888
266328,2813,2891
376878,2814,2910
2801,2814,2916
349655,2817,2931
268059,2818,2888
381665,2821,2911
127337,2821,2917
402911,2828,2966
133438,2829,2953
133508,2832,2951
282650,2836,2899
2801,2837,2931
307090,2837,2953
31464,2846,2906
201676,2847,2915
215027,2849,2916
335674,2904,2996
2043,2920,2978
15085,2920,2994
303336,2922,2995
184383,2927,2989
240208,2932,2993
161519,2939,3034
61612,2947,3009
190127,2947,3034
289824,2950,3046
335672,2954,3036
27302,2955,3021
130653,2959,3035
72885,2961,3029
281181,2966,3077
293226,3306,3369
18950,3307,3371
310877,3338,3406
262693,3441,3510
374065,3447,3510
303851,3469,3544
332711,3488,3540
389871,3488,3558
297014,3489,3552
2949,3503,3561
138294,3518,3600
145631,3553,3614
125811,3616,3686
335670,3632,3682
335673,3783,3840
327532,3786,3881
45408,3786,3898
288789,3787,3875
319500,3793,3893
90589,3794,3864
244248,3808,3910
392672,3836,3909
61759,3841,3894
317812,3849,3893
92701,3850,3910
404696,4033,4109
272589,4036,4105
2801,4041,4117
319211,4228,4334
339514,4268,4316
90078,4272,4355
225316,4292,4358
198235,4294,4358
288859,4296,4361
13353,4296,4379
18086,4323,4390
301878,4324,4386
90312,4346,4389
146231,4588,4659
30594,4588,4669
133507,4589,4661
355053,4611,4672
245483,4620,4692
406678,4633,4693
25724,4636,4699
149966,4636,4703
267287,4636,4715
18951,4637,4706
185455,4856,4926
54550,4865,4936
405310,4879,4943
113779,4883,4970
267288,4890,4944
58326,4914,4989
206154,4921,4990
332443,4927,4990
148629,4928,4989
79758,4929,4991
385893,4932,5011
335671,5072,5128
398429,5121,5185
302559,5123,5186
50477,5454,5525
339515,5454,5557
976,5460,5528
307388,5463,5528
9220,5466,5528
330151,5468,5526
74311,5469,5527
330719,5476,5536
354052,5482,5536
328471,5549,5652
30257,5557,5621
254901,5670,5736
314474,5671,5735
91917,5677,5732
240435,5683,5733
40960,5827,5893
63346,5862,5975
147314,5865,5968
3440,5867,5971
126,5873,5990
100514,5875,5972
56665,5882,5969
266853,5882,5972
119769,5888,5961
145400,5889,5998
126,5893,5985
126,5894,6007
126,5897,5968
90077,6097,6161
250809,6097,6184
1102,6098,6145
350169,6098,6155
365502,6100,6155
184974,6101,6183
