118178,100,166
66422,101,175
13894,104,172
113759,114,173
87825,114,185
222549,152,277
23237,153,267
279347,190,322
176161,195,263
169582,196,301
73825,199,280
90716,199,298
169861,199,346
51903,201,284
167326,201,318
393277,207,324
14526,209,320
46102,209,332
268614,209,337
164901,218,332
358847,220,280
326026,220,329
380758,220,353
22993,222,365
194631,227,349
70187,230,330
886,233,334
238395,233,359
16922,234,327
125247,236,322
297481,236,376
61429,237,309
74143,237,336
66707,238,355
14830,242,321
27808,248,324
185451,252,370
53894,257,363
258508,257,369
116147,259,396
38963,260,375
120546,262,386
167038,263,390
110092,265,364
12714,265,396
485,290,369
139596,291,379
343289,297,422
277909,309,395
297482,315,395
152540,328,395
379995,333,397
257876,352,419
296894,368,424
224067,370,426
332741,370,436
38643,372,446
46104,376,442
395097,379,485
176162,388,507
399114,400,461
25389,400,474
70183,400,513
395098,400,526
176163,405,515
300841,419,487
230036,422,524
222550,425,510
306468,426,523
245315,427,487
355329,427,501
379996,427,508
74843,428,491
100754,428,505
7346,428,514
280470,429,579
74842,437,516
152377,438,536
86385,439,488
273644,439,515
144000,441,510
267848,442,514
193384,443,536
115901,443,589
408583,446,585
343815,453,538
239271,453,566
148977,455,510
100757,455,516
148978,455,536
133039,455,575
135599,457,523
202091,459,590
227285,460,536
147277,460,544
57095,465,582
238396,468,579
382153,484,544
340920,484,616
358846,486,599
21835,486,609
238397,487,618
9746,489,610
211926,492,651
89359,494,623
147276,501,631
239272,502,581
265429,508,610
242655,515,647
79547,516,619
153408,519,639
86384,519,665
331990,520,644
239274,523,596
7636,525,664
181087,527,650
52124,528,666
380759,529,641
47663,537,651
280776,540,646
139326,546,646
29831,566,662
44933,568,683
239273,570,680
329228,571,664
195559,573,677
192872,573,684
125245,576,687
82674,577,663
194966,580,660
327496,583,671
46103,633,752
169862,823,889
91898,826,888
371153,833,907
371154,863,943
303877,876,964
219767,891,939
201433,892,948
61433,894,961
52902,894,966
146781,896,944
385355,898,949
294423,899,966
303878,903,964
286777,903,971
1760,904,965
188645,905,957
80026,910,966
377118,913,964
238398,913,993
20335,914,963
388750,915,965
371158,917,1034
209063,920,1039
115896,930,1049
378384,933,1064
87827,942,1053
238594,950,1043
280471,965,1072
38632,968,1056
296603,972,1034
179919,974,1034
209233,977,1044
87361,986,1087
329230,993,1085
133649,1005,1086
280223,1007,1077
92564,1008,1074
356839,1011,1080
7122,1013,1076
345934,1013,1089
64832,1014,1099
370265,1017,1080
356841,1027,1107
277523,1027,1116
205550,1042,1112
219948,1045,1125
222552,1046,1122
130331,1047,1111
311736,1048,1115
283491,1051,1125
243333,1087,1158
238976,1100,1158
179576,1110,1173
356425,1112,1188
388003,1114,1189
296605,1124,1171
78769,1124,1188
403867,1124,1205
258509,1125,1230
20986,1126,1180
133043,1126,1188
173381,1126,1198
85840,1126,1213
178672,1129,1203
332117,1132,1210
238392,1135,1199
130611,1146,1210
40130,1158,1213
357331,1159,1204
38636,1162,1262
38642,1165,1287
194322,1168,1285
194323,1174,1286
176164,1178,1263
115906,1178,1284
14356,1178,1295
311896,1186,1295
258227,1207,1298
216694,1214,1267
207268,1214,1275
386187,1215,1269
153410,1215,1296
38641,1216,1294
153411,1219,1286
370188,1219,1299
115900,1232,1293
141186,1239,1298
237119,1240,1297
401940,1243,1295
16920,1248,1293
170646,1294,1346
141188,1297,1361
38633,1300,1385
329229,1301,1362
141190,1302,1394
38635,1305,1443
348164,1306,1361
390270,1306,1385
370266,1308,1360
89737,1314,1419
141191,1315,1423
270351,1319,1421
367297,1327,1437
355328,1328,1425
141187,1328,1429
257755,1328,1443
281457,1329,1419
52762,1343,1440
134974,1353,1439
173380,1354,1447
96447,1358,1436
64366,1361,1425
346172,1361,1433
295925,1361,1443
152661,1363,1419
52649,1363,1425
44934,1366,1441
324241,1369,1432
331989,1370,1418
119211,1370,1437
168914,1370,1443
295926,1375,1438
227286,1460,1508
13978,1520,1577
288941,1522,1571
306470,1527,1578
164902,1530,1580
125250,1661,1734
120549,1743,1804
61431,1744,1866
172147,1777,1834
103379,1781,1834
47778,1787,1853
354729,1787,1891
270423,1787,1912
286778,1789,1833
115102,1789,1861
187457,1791,1848
77565,1791,1894
296892,1792,1887
134546,1795,1851
148976,1803,1866
36901,1804,1893
67169,1807,1872
280474,1823,1924
381640,1842,1931
152378,1849,1922
268481,1878,1964
9250,1879,1956
340921,1882,1963
388751,1897,1958
341820,1925,2014
343123,1926,2002
55694,1926,2008
190079,1927,2006
273646,1929,2002
296893,1929,2008
23238,1930,2037
80242,1934,2045
80237,1935,1999
164889,1935,2020
129966,1937,2030
3413,1938,1994
367298,1939,2019
339904,1941,2016
307422,1945,2001
169584,1946,2013
169456,1946,2029
23236,1946,2032
185453,1947,1997
51299,1947,2000
181549,1947,2002
274683,1947,2040
268480,1948,2045
23246,1951,2031
238732,1954,2015
223078,1955,2017
100756,1957,2038
48086,1957,2053
299527,1959,2017
133648,1961,2027
9979,1963,2018
393276,1963,2026
150626,1964,2030
401941,1971,2077
379594,1990,2051
1169,1997,2083
20001,2007,2093
70973,2011,2073
300647,2021,2084
21795,2022,2083
280777,2022,2104
371155,2029,2093
150905,2036,2106
317992,2036,2111
7796,2042,2089
306310,2042,2106
163043,2045,2148
153409,2095,2176
87826,2095,2187
280469,2100,2193
258224,2101,2178
238595,2101,2189
100758,2102,2153
21477,2102,2164
322951,2103,2176
38632,2104,2189
16921,2110,2188
303286,2111,2172
394575,2112,2173
133041,2122,2187
314955,2127,2179
180943,2128,2191
25882,2130,2205
235360,2131,2187
372234,2143,2194
355326,2153,2221
233449,2156,2221
130125,2187,2274
178675,2190,2255
214388,2190,2267
377631,2190,2275
359892,2191,2254
100860,2192,2255
123684,2192,2270
169581,2193,2244
306475,2193,2254
82675,2193,2256
71206,2194,2264
135981,2194,2273
404764,2195,2267
208683,2196,2270
222551,2196,2278
388655,2211,2281
211831,2216,2271
65983,2218,2270
133647,2222,2282
226053,2223,2295
193170,2223,2309
155580,2223,2323
339905,2225,2317
20570,2240,2317
201054,2244,2323
112917,2249,2310
289110,2251,2314
279206,2251,2344
169583,2273,2349
311715,2279,2344
242560,2279,2348
170421,2282,2346
244087,2283,2341
29685,2287,2350
113738,2288,2349
378385,2345,2426
334195,2350,2432
125248,2351,2441
42958,2352,2409
343066,2352,2428
125249,2362,2448
38633,2444,2531
38635,2447,2580
141192,2449,2560
87882,2454,2504
64365,2454,2507
371724,2456,2519
407915,2462,2510
129012,2471,2578
164888,2514,2576
273645,2753,2839
115898,2772,2890
211928,2783,2890
38636,2789,2888
194325,2793,2890
38640,2796,2888
245313,2798,2865
38177,2804,2868
115897,2811,2876
194324,2811,2887
115899,2817,2889
245312,2831,2888
138897,3025,3108
125253,3029,3091
178676,3037,3105
306477,3038,3143
279348,3043,3148
67167,3050,3108
355327,3050,3166
11258,3055,3142
886,3065,3173
78925,3073,3147
280467,3075,3153
306478,3084,3174
195420,3186,3270
388752,3196,3266
61435,3201,3269
245314,3202,3266
181504,3204,3271
13612,3232,3303
52209,3232,3309
169580,3233,3326
137557,3238,3302
74845,3239,3325
144986,3265,3333
148975,3269,3360
274687,3277,3354
305938,3279,3328
407304,3284,3345
185454,3284,3350
393275,3285,3377
52912,3304,3372
178671,3310,3390
125252,3316,3378
346174,3346,3400
149822,3347,3397
20002,3350,3397
407916,3380,3468
371156,3406,3467
382154,3481,3549
258507,3488,3552
258510,3489,3553
346173,3494,3549
179439,3608,3682
292920,3608,3704
241335,3609,3684
356840,3610,3692
267698,3611,3667
20182,3612,3677
91797,3613,3684
299524,3615,3699
125244,3617,3683
170645,3618,3688
125246,3618,3693
387113,3618,3703
73014,3619,3684
71573,3620,3682
273647,3622,3697
295928,3622,3723
152660,3625,3687
292922,3626,3709
179438,3629,3698
387107,3630,3726
38634,3631,3701
120547,3638,3723
19863,3642,3722
106230,3655,3709
178669,3655,3723
383562,3656,3740
233179,3657,3719
36900,3661,3733
38638,3662,3730
178670,3662,3759
266358,3665,3756
16923,3668,3730
180944,3669,3749
268482,3670,3737
307499,3670,3742
388002,3670,3756
321727,3689,3749
255091,3692,3760
387111,3706,3814
169723,3711,3802
387117,3727,3881
247952,3736,3807
340923,3739,3867
148449,3752,3807
387115,3758,3891
395099,3793,3881
340924,3880,3976
61439,3888,3983
211927,3889,3976
61440,3900,3979
224218,3914,3982
280472,3921,4056
289160,3925,3990
387116,3928,3998
395100,3984,4105
274688,3999,4106
172145,4023,4106
294667,4025,4082
129961,4027,4106
61437,4044,4106
106346,4045,4100
206610,4189,4287
388446,4190,4251
357296,4199,4264
306476,4209,4272
102009,4215,4276
6693,4256,4309
387327,4262,4328
61434,4268,4362
280473,4276,4391
148982,4283,4374
274689,4298,4387
61430,4306,4362
70186,4309,4364
387112,4309,4384
38639,4309,4399
387109,4311,4370
274684,4311,4388
296891,4408,4525
270421,4424,4525
296896,4446,4523
203660,4448,4562
47777,4452,4597
258225,4460,4569
10871,4461,4566
355840,4465,4583
61438,4467,4599
44935,4475,4588
270352,4476,4583
134547,4476,4600
113737,4481,4599
311020,4482,4593
233178,4486,4610
273413,4490,4591
270350,4500,4609
103587,4501,4624
173199,4506,4588
120548,4511,4632
177518,4513,4612
126,4516,4596
126,4518,4579
126,4521,4626
126,4538,4632
20984,4540,4631
136762,4549,4632
13679,4552,4632
372550,4711,4772
358845,4711,4783
20004,4711,4832
23413,4723,4796
371157,4725,4837
38634,4778,4847
274685,4793,4886
274686,4800,4892
357295,4821,4882
211930,4822,4966
135598,4829,4967
387114,4830,4907
211931,4830,4942
129965,4832,4896
159259,4833,4958
211929,4834,4927
130609,4834,4942
61428,4834,4953
387108,4835,4988
41589,4836,4888
64833,4836,4924
79548,4837,4954
148984,4838,4949
205546,4839,4888
311735,4842,4905
371723,4847,4908
73506,4862,4981
347473,4869,4930
239918,4872,4954
383234,4873,4963
130610,4877,4961
76155,4881,4928
152376,4890,5010
52127,4894,4992
52126,4902,4978
52125,4902,5005
34456,4906,4963
378386,4906,4983
373348,4907,5004
116146,4919,5005
401942,4921,5010
14525,4922,4983
156366,4922,4995
133045,4923,4986
371152,4924,5031
407305,4925,5005
354634,4942,5027
82676,4944,5008
97169,4944,5011
274690,4945,5015
6811,4945,5030
340919,4946,5008
129964,4946,5022
124856,4947,5009
244086,4948,5017
97168,4955,5020
273536,4968,5031
29286,4983,5029
361641,5129,5182
383561,5129,5189
52128,5129,5204
143998,5129,5207
119210,5129,5222
390269,5129,5257
143999,5137,5218
172146,5144,5245
296895,5186,5269
53551,5196,5267
280224,5197,5269
129962,5352,5423
178674,5352,5455
178673,5358,5424
163044,5361,5424
47213,5362,5438
185452,5362,5452
993,5364,5430
15479,5366,5435
134523,5370,5434
354821,5372,5433
173198,5380,5438
65516,5380,5442
353793,5382,5467
377364,5443,5506
378382,5444,5580
115902,5456,5534
378383,5480,5595
362412,5594,5652
355837,5666,5770
355838,5680,5764
133044,5700,5755
338266,5710,5771
20985,5721,5806
125251,5722,5785
272985,5724,5810
205548,5734,5808
181389,5746,5804
139511,5757,5830
38637,5767,5846
20003,5767,5850
80158,5768,5838
195560,5769,5843
52485,5770,5832
129963,5774,5845
38638,5778,5845
202788,5781,5847
20424,5789,5848
205549,5789,5858
205547,5790,5872
393304,5793,5887
28824,5800,5861
81830,5808,5890
407303,5815,5893
148974,5817,5884
77891,5820,5893
324242,5822,5888
148973,5822,5894
254633,5990,6055
134548,6037,6101
94849,6043,6101
355836,6145,6193
357983,6145,6198
125243,6145,6221
70488,6146,6211
93985,6146,6215
292919,6146,6225
133042,6149,6211
251211,6150,6218
254634,6196,6273
115903,6350,6432
38631,6354,6457
86437,6375,6460
179437,6378,6460
307498,6389,6464
67573,6391,6432
86386,6395,6456
139325,6395,6459
358848,6436,6503
138675,6452,6516
274810,6453,6522
238733,6457,6548
141193,6480,6530
255090,6756,6816
211925,6757,6808
94848,6760,6807
305878,6763,6807
42956,6764,6852
292921,6842,6904
70185,6856,6920
219947,6860,6929
38630,6865,6935
355835,6870,6935
296604,6875,6926
380757,6878,6952
38641,6881,6964
115908,6881,6979
115905,6882,6970
311895,6884,6972
115904,6885,6934
115907,6885,6951
141186,6898,6971
202789,6909,6986
286344,6924,7012
383233,6934,6985
272987,6937,7010
67168,6956,7020
38630,7067,7146
355834,7071,7150
87824,7082,7142
343065,7082,7171
42265,7083,7144
22992,7083,7173
22991,7084,7143
203661,7125,7194
20983,7145,7220
282461,7148,7196
96367,7150,7217
299526,7152,7211
299161,7177,7245
133646,7180,7270
204993,7189,7243
258226,7191,7246
269487,7197,7276
307421,7202,7271
306469,7216,7267
295927,7216,7299
14524,7217,7271
386128,7266,7339
133040,7266,7345
38642,7268,7385
194326,7271,7393
311894,7273,7378
38640,7274,7360
194323,7274,7374
115906,7276,7385
280222,7277,7334
235359,7279,7333
87823,7303,7373
328930,7306,7371
115909,7315,7378
372235,7316,7389
38631,7326,7415
299525,7332,7388
159260,7346,7405
134308,7449,7522
38637,7478,7545
395266,7592,7653
222548,7593,7652
195558,7593,7657
311734,7594,7682
356838,7595,7672
194652,7602,7665
141189,7605,7680
169579,7613,7703
300776,7632,7679
74844,7653,7722
268478,7920,7990
23239,7982,8026
259626,7984,8037
138896,7988,8069
340922,7997,8094
130608,8017,8108
148983,8018,8146
148979,8033,8140
195759,8056,8115
148981,8072,8158
70184,8078,8150
274691,8079,8179
38639,8084,8186
148980,8088,8158
280468,8092,8179
61432,8094,8150
87242,8118,8180
269486,8128,8190
47662,8128,8201
38900,8154,8214
194630,8155,8238
316900,8171,8236
38643,8188,8265
111755,8217,8282
126,8334,8391
311019,8334,8401
126,8334,8426
387110,8334,8430
47776,8334,8454
167037,8338,8399
22189,8338,8429
233177,8339,8469
113736,8342,8465
270349,8343,8450
355839,8344,8454
396663,8353,8464
164900,8353,8470
67170,8367,8470
286345,8368,8427
4614,8372,8470
4705,8377,8469
17649,8382,8470
100755,8389,8470
297480,8399,8457
169578,8399,8466
61436,8400,8452
2270,8533,8587
367299,8534,8589
383235,8721,8780
14235,8721,8784
164890,8721,8786
36902,8721,8792
272986,8722,8779
42957,8722,8782
262432,8724,8777
270422,8726,8776
268479,8726,8778
