182342,118,206
163929,118,234
54823,120,181
45251,121,192
400062,127,247
153529,132,226
157653,138,248
129772,141,263
190476,150,229
230473,157,221
127416,158,225
94747,160,220
886,162,275
84439,174,234
170570,196,310
90591,212,323
485,238,327
335679,506,576
164931,513,584
182343,514,586
203877,518,597
365890,522,576
311572,523,570
401460,526,589
170673,528,604
367722,536,616
165849,540,614
58836,544,604
214153,544,627
10274,545,615
104693,546,608
50362,546,620
239801,578,633
235795,579,632
362863,579,696
72367,585,677
124910,592,705
109617,613,728
106075,629,704
230472,633,705
399153,634,730
245478,640,707
89360,647,728
274933,647,740
8760,647,767
100732,650,729
350670,651,750
12555,651,766
243907,658,750
383251,659,745
57286,659,766
36332,667,751
218101,673,766
54822,678,751
197212,681,756
329958,689,748
220829,692,767
320881,695,763
52670,918,998
153530,924,995
350672,924,1009
104692,932,998
94743,932,1010
75156,942,998
395036,1138,1192
195022,1538,1612
110643,1540,1603
127481,1541,1607
400065,1783,1849
50564,2008,2073
394046,2025,2091
265222,2031,2143
269312,2045,2119
232213,2094,2161
163226,2106,2186
368867,2111,2182
308386,2114,2185
371372,2114,2203
117460,2115,2181
145949,2118,2175
291336,2118,2184
41333,2125,2185
192681,2131,2203
61318,2133,2190
297002,2134,2200
47280,2142,2204
42004,2144,2205
204181,2144,2207
223423,2149,2209
201370,2149,2214
362862,2234,2295
235372,2435,2499
128846,2444,2558
368898,2458,2583
310826,2460,2569
53906,2465,2577
254443,2477,2558
48792,2478,2573
240672,2480,2552
324911,2483,2544
404005,2484,2580
188549,2484,2597
357807,2489,2571
53905,2489,2608
88906,2490,2558
53902,2490,2600
258569,2497,2594
268266,2498,2601
143055,2501,2567
88834,2503,2564
48558,2504,2569
191380,2504,2576
168903,2506,2561
135715,2506,2568
244465,2506,2571
342579,2508,2574
84720,2509,2569
335524,2510,2571
26956,2510,2573
155102,2510,2582
343559,2511,2595
141279,2512,2567
145997,2521,2578
297001,2522,2572
41893,2524,2587
320979,2525,2624
30573,2528,2572
241965,2528,2581
320980,2529,2627
53907,2539,2630
53908,2542,2630
9706,2556,2630
160858,2591,2667
19015,2601,2679
58096,2602,2687
231860,2602,2691
12344,2604,2689
134081,2606,2658
94523,2606,2726
325498,2612,2691
395035,2615,2686
157654,2616,2692
10140,2633,2691
385758,2639,2701
209824,2641,2707
14095,2644,2727
59098,2646,2687
400064,2779,2840
120392,2781,2848
394047,2782,2859
85550,2786,2849
84439,2829,2896
310824,2939,3020
310825,2948,3045
214154,3124,3166
395620,3124,3200
71855,3124,3209
157655,3124,3216
404006,3125,3185
406829,3125,3203
362666,3125,3228
203685,3126,3212
73286,3126,3222
105819,3127,3190
209823,3127,3226
294142,3128,3200
38152,3128,3220
224607,3130,3193
100733,3132,3205
223424,3135,3203
59100,3137,3201
59099,3137,3216
54824,3140,3211
41901,3145,3207
18689,3146,3220
59182,3148,3210
352997,3148,3227
50717,3150,3211
303336,3151,3223
38151,3153,3221
105820,3154,3208
179336,3156,3220
149406,3157,3232
94744,3157,3236
229359,3158,3219
203695,3161,3224
112877,3163,3224
34380,3163,3233
368896,3164,3226
73794,3171,3228
11166,3171,3239
113176,3174,3235
197190,3186,3240
383249,3280,3343
383250,3280,3352
335680,3295,3356
48787,3305,3407
395030,3309,3416
129714,3333,3387
395032,3349,3429
117260,3424,3473
53904,3424,3489
118313,3449,3495
291391,3464,3526
48785,3629,3738
48791,3629,3752
48786,3638,3722
98187,3647,3718
367430,3648,3721
312535,3649,3752
182428,3650,3711
37961,3651,3723
308499,3653,3747
203294,3654,3717
346376,3654,3755
311916,3667,3726
352957,3668,3750
27468,3672,3733
326413,3672,3750
350146,3673,3741
48790,3674,3753
81596,3674,3768
12937,3675,3737
408185,3675,3755
3833,3675,3758
287906,3677,3757
3834,3677,3763
325499,3678,3760
253097,3681,3762
54825,3683,3765
345415,3684,3762
314677,3685,3750
392513,3686,3756
217909,3687,3754
273579,3691,3754
87101,3694,3752
1782,3696,3761
110186,3700,3761
197191,3838,3895
9295,3839,3897
94746,3845,3899
110517,3845,3907
320981,3864,3923
243222,4025,4127
220364,4049,4115
166429,4057,4158
162131,4064,4143
379769,4065,4141
98188,4067,4131
60022,4067,4133
148075,4072,4136
5263,4074,4135
324499,4083,4152
110696,4083,4171
395031,4094,4157
9704,4111,4205
232066,4230,4285
11165,4231,4284
49011,4375,4449
94749,4382,4508
308885,4460,4534
257766,4509,4578
382173,4587,4648
207645,4589,4659
127483,4593,4657
62115,4593,4673
185760,4594,4682
278032,4599,4673
179361,4605,4669
209196,4609,4677
324190,4644,4717
388915,4647,4719
19014,4952,5014
166577,4953,5006
311672,4953,5035
63419,4956,5027
58769,4956,5031
148074,4960,5025
163930,4963,5036
325497,4980,5042
173073,5073,5134
166375,5285,5356
370744,5485,5633
105163,5493,5546
333943,5508,5602
145995,5534,5616
70502,5541,5601
157651,5553,5616
26957,5557,5611
277805,5560,5625
370925,5561,5626
345236,5564,5625
333942,5568,5649
217333,5569,5630
168971,5574,5645
391734,5575,5636
48788,5576,5640
84481,5577,5668
170674,5579,5652
205610,5581,5643
385757,5583,5645
73353,5584,5633
122136,5584,5650
370745,5642,5734
48789,5652,5743
290076,5652,5764
208426,5682,5762
232600,5842,5906
380971,5843,5925
129986,5845,5907
31338,5854,5906
371544,5854,5920
109619,5858,5909
127482,5859,5907
354551,5859,5920
407354,5862,5920
83122,5863,5906
27058,5877,5924
59097,6057,6118
67577,6061,6128
284132,6063,6126
173026,6180,6289
263657,6181,6243
364434,6182,6256
94745,6187,6304
371526,6194,6262
308500,6199,6315
308886,6200,6291
78716,6201,6275
288471,6202,6287
209822,6204,6268
277134,6204,6327
371384,6207,6280
61708,6210,6300
19303,6212,6275
256426,6213,6288
121108,6214,6320
268264,6214,6325
89607,6216,6330
53903,6219,6327
27371,6221,6307
278807,6222,6292
237894,6222,6321
279762,6224,6319
165225,6225,6314
165224,6225,6322
122728,6225,6337
141281,6227,6320
369133,6228,6354
141280,6230,6305
163931,6230,6331
64787,6231,6303
346075,6231,6316
278808,6231,6337
287839,6234,6304
372097,6234,6315
407031,6235,6343
50361,6235,6353
44170,6236,6307
368897,6236,6346
157652,6237,6330
232315,6238,6327
403432,6238,6341
208605,6240,6349
37531,6241,6331
346074,6241,6361
159709,6242,6327
232224,6244,6340
16023,6245,6347
334611,6246,6298
1987,6248,6296
262313,6248,6334
79448,6248,6338
71854,6248,6351
188548,6252,6328
96253,6255,6321
326613,6256,6342
405762,6256,6348
204149,6258,6346
383248,6259,6334
346073,6259,6367
362860,6260,6343
372098,6262,6342
112560,6265,6342
362861,6265,6361
350657,6266,6325
117259,6268,6346
220828,6268,6354
133080,6271,6355
133079,6277,6355
145996,6279,6346
174279,6281,6369
308693,6282,6345
302939,6284,6371
148076,6288,6358
38150,6288,6369
209517,6290,6357
256965,6300,6390
124430,6302,6370
201540,6303,6359
338996,6308,6375
94748,6317,6377
10266,6322,6380
268265,6354,6419
385298,6473,6540
98019,6474,6544
126221,6606,6680
109618,6611,6681
9705,6626,6688
208607,6638,6742
47687,6649,6717
50360,6657,6736
82597,6659,6761
82598,6666,6765
173055,6701,6762
120391,6956,7023
183532,6956,7032
41334,6957,7019
343893,6957,7040
395029,6959,7014
158925,6962,7021
265399,7012,7076
310827,7182,7247
400063,7213,7275
405979,7906,7983
394048,7951,8014
394049,7965,8054
299981,8098,8176
211815,8099,8170
405978,8441,8503
395034,8444,8499
19465,8768,8812
276478,8770,8814
45291,8850,8904
166130,9004,9051
46221,9009,9062
129949,9132,9194
407353,9132,9203
214552,9132,9219
325271,9133,9263
126220,9136,9212
80961,9137,9199
209497,9138,9263
395033,9156,9263
326414,9161,9263
89606,9170,9246
339977,9172,9262
54826,9178,9264
60251,9182,9264
97112,9186,9246
128680,9192,9261
367723,9199,9261
64927,9213,9264
356150,9359,9424
164890,9372,9434
277135,9381,9432
372594,9532,9588
393746,9532,9591
370743,9534,9593
204694,9534,9602
172340,9534,9635
231859,9535,9587
243221,9535,9600
9703,9536,9588
110232,9547,9636
190477,9549,9635
60250,9560,9635
210423,9563,9634
80960,9572,9624
401603,9575,9626
157650,9575,9636
174151,9586,9636
134100,9671,9727
299982,9671,9753
156564,9673,9742
128352,9683,9752
208606,9932,9995
347426,9932,10014
209821,9932,10023
117258,9933,9991
110445,9933,10020
308385,9934,9982
156185,9935,9993
312534,9935,10019
144618,9935,10031
278031,9935,10038
182341,9940,10000
60024,9941,10016
316533,9941,10021
70503,9942,9996
405768,9942,10037
382420,9943,10052
336981,9946,10020
405767,9947,10037
368895,9952,10035
373911,9963,10038
350671,9978,10053
382419,9979,10037
60023,9984,10038
220363,10003,10057
305060,10013,10060
3832,10192,10255
347455,10204,10263
