164867,131,192
259482,284,402
119951,288,404
65355,289,439
40929,292,415
263574,294,387
108454,295,408
228402,296,415
222158,300,440
179165,302,434
3428,307,422
37009,308,437
284952,309,420
226247,311,434
11279,313,420
279360,313,429
83404,314,400
180178,319,450
378522,320,422
299291,321,437
281824,325,439
886,326,434
8864,326,445
329816,328,443
4917,337,428
262323,337,450
179164,338,430
308322,339,434
886,341,422
886,341,450
84763,342,425
222159,343,480
326390,346,438
66707,347,471
69540,348,464
187257,349,483
401019,351,473
298180,355,462
4911,356,450
383560,357,477
259,358,491
40928,358,525
11282,361,436
205651,362,474
4908,365,426
40119,375,449
20732,377,450
90591,378,489
21535,383,492
222156,384,481
44546,401,510
485,406,497
177199,412,495
389504,462,524
400207,563,622
289401,563,629
63780,563,692
354408,564,686
224789,575,644
200274,582,645
279362,582,715
328663,589,705
94782,589,729
38577,590,644
40120,592,653
21508,594,695
329815,599,730
396032,609,691
376963,610,695
224787,610,731
115588,611,686
176125,622,702
138900,623,706
262324,625,695
110481,635,703
7346,635,708
21137,635,794
134865,650,726
38826,650,779
256192,652,729
331,653,731
326389,653,778
141964,657,712
139757,657,778
156267,658,717
251456,659,727
11477,661,791
102881,663,730
46611,663,759
113300,666,793
329774,667,731
178962,667,797
302117,667,822
265883,668,776
40930,669,808
48586,676,811
392219,677,799
122390,683,801
328200,685,771
302115,685,780
199638,686,807
279361,692,840
348189,697,806
20810,698,772
146686,699,792
11280,703,849
99406,706,789
319803,706,797
45537,708,771
23355,712,771
263573,714,854
110482,719,841
250980,734,836
28234,737,825
4231,741,852
30473,758,825
1244,759,839
279172,934,999
36439,937,998
350762,939,1046
196907,948,1011
389149,954,1006
121969,965,1047
3647,976,1042
89215,991,1047
247969,1014,1077
303302,1043,1115
40530,1057,1141
49704,1060,1144
345487,1101,1158
82960,1186,1259
200540,1239,1368
205653,1239,1394
381618,1241,1361
187349,1247,1309
148104,1256,1344
304121,1261,1364
179166,1262,1342
405094,1265,1362
150007,1269,1313
21139,1271,1340
205652,1272,1374
179162,1277,1362
393537,1278,1332
165664,1285,1363
179163,1309,1368
378613,1310,1372
389069,1322,1393
319805,1332,1412
319804,1338,1411
65363,1341,1414
126799,1351,1413
292306,1356,1436
141965,1357,1420
165663,1630,1717
179161,1638,1719
197867,1645,1720
405092,1653,1738
334573,1666,1738
287253,1672,1735
113216,1678,1749
29238,1678,1785
405093,1683,1789
230245,1685,1748
13921,1748,1805
299292,1787,1847
252133,2014,2063
138936,2015,2086
65361,2018,2078
59473,2019,2103
65359,2176,2251
354409,2195,2308
83894,2226,2295
213414,2227,2313
83895,2228,2330
149425,2238,2311
142418,2238,2332
20811,2242,2331
381615,2246,2311
92275,2247,2314
124458,2248,2323
378523,2250,2312
206189,2266,2327
93479,2273,2349
37865,2292,2348
31310,2411,2478
121973,2420,2503
133887,2431,2477
272967,2463,2546
334572,2470,2586
339359,2476,2545
304560,2496,2566
304559,2496,2574
59471,2500,2573
93480,2501,2575
143341,2503,2566
133886,2504,2552
176774,2504,2568
94387,2504,2577
122389,2504,2580
74032,2505,2571
13920,2507,2571
326966,2507,2591
20807,2508,2573
65357,2509,2635
24241,2510,2572
52800,2510,2578
280686,2511,2570
383919,2514,2577
84010,2514,2581
365415,2516,2564
8865,2518,2566
177790,2518,2580
44493,2518,2592
338011,2521,2585
228676,2522,2581
108290,2522,2593
137397,2523,2584
212759,2524,2582
197194,2525,2584
19607,2525,2607
188891,2525,2615
229869,2530,2573
386052,2532,2611
222692,2533,2603
182661,2536,2622
184326,2537,2599
40927,2540,2614
296070,2548,2609
31313,2550,2658
102753,2566,2653
177200,2566,2670
200447,2569,2683
17648,2570,2666
26273,2572,2632
126,2574,2663
85198,2575,2635
24244,2575,2638
126,2577,2643
203104,2577,2705
126,2581,2678
81652,2586,2735
45629,2592,2715
37010,2608,2735
365891,2611,2734
45627,2620,2736
400794,2621,2710
400793,2622,2718
4705,2627,2729
17649,2630,2735
65362,2632,2690
45628,2635,2735
77605,2636,2727
202696,2645,2735
292342,2653,2716
31309,2655,2716
139756,2659,2721
6728,2665,2714
134539,2668,2732
216192,2675,2733
222157,2812,2884
10722,2816,2878
121970,2816,2888
257134,2816,2891
143853,2817,2870
93478,2817,2873
143854,2817,2893
155595,2817,2901
350762,2846,2935
84837,2848,2913
229868,2849,2912
369345,2855,2927
32777,2856,2900
172549,2866,2945
131023,2888,2961
52214,2902,2982
110496,2902,3047
52215,2913,3003
31312,2918,3030
123845,2931,3044
121944,2936,3043
59472,2936,3051
185229,2939,3045
9743,2942,3021
188313,2942,3032
204961,2943,3051
93477,2945,3021
18018,2945,3044
52212,2946,2996
131984,2946,3035
317589,2947,3064
3774,2948,2998
380297,2948,3050
12904,2953,3007
22509,2955,3038
31979,2956,3030
3771,2957,3025
284487,2987,3042
341563,2988,3050
31311,2989,3053
18805,2992,3052
381616,2997,3066
127641,3004,3096
254313,3014,3096
126800,3016,3080
47760,3023,3093
281825,3024,3087
405091,3024,3091
84009,3027,3094
155596,3032,3096
8951,3033,3094
4904,3158,3204
65356,3158,3238
236954,3160,3221
59669,3160,3241
21138,3161,3226
7431,3165,3251
276043,3169,3240
94251,3172,3293
68698,3175,3240
280156,3179,3237
277074,3205,3305
163530,3206,3267
158278,3206,3277
382978,3206,3293
365611,3219,3280
20733,3219,3293
276981,3222,3298
134864,3231,3312
244905,3240,3301
169680,3240,3307
254314,3246,3316
247505,3265,3340
403210,3279,3340
63115,3292,3371
115889,3294,3378
370998,3311,3419
298181,3326,3411
188880,3326,3417
329773,3327,3398
302116,3328,3384
279359,3345,3432
395973,3351,3420
263572,3357,3422
190932,3358,3432
386628,3358,3457
329772,3360,3411
117379,3361,3423
224788,3361,3431
134869,3361,3452
284953,3366,3451
254311,3369,3454
20812,3369,3471
122391,3370,3435
265884,3373,3449
134866,3373,3461
265881,3375,3457
84764,3375,3475
40280,3376,3424
190931,3376,3432
190930,3377,3426
45626,3382,3448
290476,3382,3496
82962,3384,3461
70116,3386,3463
94386,3389,3451
26206,3390,3459
358623,3394,3483
119952,3398,3476
290475,3399,3481
292305,3399,3485
44545,3418,3497
80252,3443,3520
222989,3450,3520
241894,3451,3522
222990,3453,3516
282879,3456,3510
200906,3461,3526
8863,3462,3523
358334,3479,3567
134867,3479,3610
254315,3480,3595
383559,3480,3599
76836,3483,3575
4910,3485,3608
40279,3496,3586
179160,3497,3626
11278,3498,3563
254316,3500,3592
59474,3500,3595
284486,3500,3612
183177,3500,3618
376878,3502,3598
65360,3505,3638
2801,3506,3621
74406,3507,3624
103705,3508,3591
131022,3510,3582
229499,3515,3621
24243,3516,3579
2801,3516,3606
4909,3519,3630
134868,3520,3638
215027,3528,3606
171687,3531,3606
340619,3532,3586
65358,3544,3630
254310,3546,3631
256704,3547,3599
310765,3550,3617
376962,3552,3624
29555,3557,3629
200448,3567,3630
84836,3622,3724
201185,3634,3698
41935,3642,3709
221449,3655,3722
179284,3660,3716
401024,3661,3738
348498,3662,3730
179285,3662,3747
401022,3663,3769
401023,3670,3766
179286,3686,3770
115513,3696,3770
401021,3698,3767
17647,3833,3895
281826,3833,3900
5361,3833,3905
381617,3834,3953
92274,3841,3946
134538,3852,3903
172550,3853,3948
84835,3869,3947
82961,3874,3942
401020,3874,3948
347726,3877,3947
87670,3879,3946
121972,3879,3991
83896,3884,3948
4905,3885,3953
79180,3886,3948
15042,3886,3958
82963,3886,3971
69541,3887,3952
331447,3917,4029
152520,3924,3990
394912,3924,4000
386053,3925,3997
128460,3925,4006
84762,3925,4012
329309,3926,3994
73966,3929,3993
42940,3930,4021
105893,3932,4023
64346,3933,4025
288027,3933,4060
164868,3938,4017
176949,3941,4020
172565,3941,4028
330606,3942,4011
121971,3943,4009
319015,3943,4049
240547,3947,4011
298183,3947,4062
308415,3948,4009
54562,3949,4044
54269,3956,4072
244154,3957,4053
176058,3964,4060
298182,3968,4078
241893,3974,4061
124457,3977,4075
400208,3978,4078
46352,3982,4086
265882,3988,4071
129464,3993,4089
247970,3995,4090
239469,3998,4096
256178,4004,4089
11277,4004,4100
16320,4007,4068
101729,4009,4075
111580,4009,4083
188616,4010,4071
325360,4012,4077
52213,4014,4079
36997,4016,4098
325029,4036,4106
217354,4039,4095
308323,4271,4335
192560,4275,4344
21087,4443,4505
4906,4544,4636
4907,4551,4634
93476,4572,4633
159386,4607,4722
11281,4631,4776
17171,4637,4719
14729,4638,4743
405095,4644,4792
92217,4646,4712
200539,4673,4735
226246,4688,4735
93794,4694,4816
24242,4695,4758
200273,4697,4809
147319,4702,4806
4850,4705,4797
133888,4711,4816
180179,4741,4800
