24242,97,171
84014,98,148
255803,100,170
83101,101,156
24243,102,157
368903,102,171
393986,103,176
371815,109,172
329324,116,177
204201,116,187
329035,118,191
188461,127,228
318509,158,221
320680,159,225
55207,303,408
406913,304,397
90946,306,366
255966,307,359
148225,308,388
272782,312,399
249559,313,379
87314,313,410
194086,316,412
250804,319,365
41665,319,374
141833,320,373
111450,325,389
182518,339,415
231774,341,405
195758,341,430
88357,346,412
4231,459,553
2537,460,518
61022,460,536
69928,461,539
1244,465,551
45233,472,540
260157,489,549
101747,643,702
199439,643,715
161162,643,734
199438,644,765
632,647,778
390757,652,704
3285,652,742
323544,656,725
358372,657,775
94752,662,768
209422,679,766
161161,682,764
210389,684,752
110723,686,769
161165,687,780
188459,732,831
34800,744,830
34801,744,839
52682,748,843
155597,759,821
67791,759,843
329034,763,888
343942,796,905
248601,798,879
130127,839,954
343367,894,948
44800,950,998
137367,1030,1144
886,1054,1133
69930,1056,1140
161164,1057,1144
82780,1137,1202
294620,1138,1200
25617,1138,1220
78172,1143,1206
84814,1148,1200
55747,1149,1192
266858,1151,1205
285863,1153,1228
253194,1161,1227
104533,1173,1242
107053,1272,1326
246107,1272,1357
36222,1273,1336
275238,1276,1337
29608,1276,1353
169764,1290,1360
391416,1291,1407
99340,1293,1359
364900,1295,1404
245216,1296,1359
238604,1301,1402
5026,1304,1407
238606,1307,1405
95957,1308,1408
184686,1309,1418
161166,1312,1406
253195,1315,1383
238605,1315,1407
216596,1318,1406
285861,1322,1407
190246,1326,1420
282862,1328,1407
186725,1358,1434
195759,1365,1436
87313,1388,1496
343366,1633,1705
148224,1654,1734
221768,1655,1704
285862,1668,1752
104676,1671,1747
104677,1679,1751
312699,1873,1924
101746,1873,1982
349643,1895,1960
339713,2038,2098
290074,2041,2104
249277,2049,2103
223165,2058,2116
71972,2059,2120
101585,2059,2124
401298,2060,2142
22930,2062,2125
140121,2072,2155
221767,2095,2180
299870,2110,2157
255965,2114,2186
249628,2130,2198
97336,2139,2203
88170,2152,2204
335079,2155,2238
71271,2163,2230
145232,2165,2271
326188,2167,2230
266860,2171,2235
107051,2203,2316
122242,2204,2312
142050,2206,2321
122240,2207,2331
349646,2211,2322
1345,2214,2320
406914,2219,2330
269264,2245,2331
22929,2257,2320
71272,2260,2333
98991,2264,2322
123874,2373,2467
97606,2373,2479
171377,2379,2493
130746,2385,2505
218897,2392,2516
34802,2393,2482
249625,2395,2499
45480,2396,2479
389868,2396,2511
373314,2414,2481
242193,2418,2506
25616,2420,2531
21226,2426,2521
138523,2427,2488
346288,2427,2537
198190,2428,2510
149612,2429,2516
152592,2432,2512
52683,2433,2546
9424,2437,2531
59060,2456,2532
340872,2498,2573
1345,2777,2882
160767,2778,2863
107052,2778,2875
234706,2778,2893
107049,2780,2880
5029,2783,2888
164323,2788,2888
169903,2808,2894
204344,3139,3197
259918,3144,3214
268789,3151,3227
5507,3154,3214
233409,3155,3221
393230,3155,3233
71023,3263,3357
291143,3264,3362
319807,3280,3345
52679,3398,3484
370098,3405,3479
291295,3408,3469
370097,3416,3479
391717,3420,3480
227921,3421,3472
130130,3426,3481
65535,3434,3521
27867,3440,3519
146241,3443,3515
40689,3445,3522
106219,3446,3513
197437,3449,3505
69344,3449,3526
255992,3485,3558
302201,3486,3538
123873,3486,3575
22518,3486,3588
371215,3487,3583
27874,3495,3577
334332,3497,3590
886,3501,3593
57308,3502,3582
24101,3504,3580
335353,3505,3592
266861,3511,3580
152160,3517,3615
52684,3546,3621
87313,3566,3671
147872,3587,3637
406912,3588,3670
204343,3590,3651
345791,3591,3652
194085,3599,3680
342560,3732,3801
312701,3739,3804
281693,3960,4028
285865,3982,4059
87153,3982,4063
90549,3987,4081
161163,3993,4050
180751,4002,4060
71270,4002,4107
291147,4002,4145
4113,4003,4119
94751,4004,4126
97338,4007,4109
222814,4008,4067
110724,4010,4127
255804,4018,4128
291146,4018,4148
95493,4020,4145
224079,4021,4126
323546,4029,4122
119154,4033,4153
267,4039,4153
1345,4046,4116
122241,4046,4131
171373,4054,4115
267,4072,4153
45065,4103,4154
199878,4211,4274
15057,4212,4270
47399,4212,4283
188460,4212,4286
52680,4212,4291
127853,4213,4274
160765,4215,4283
291296,4215,4286
342561,4215,4290
275624,4217,4269
188457,4217,4281
342469,4223,4287
14417,4246,4315
171374,4369,4430
69932,4369,4433
69931,4369,4441
249558,4369,4446
349644,4384,4445
268786,4635,4690
313729,4636,4708
6482,4637,4694
293084,4642,4705
277967,4871,4937
76024,4871,4941
34822,4871,4951
255993,4871,4965
210388,4872,4973
358371,4903,4982
290072,4940,5024
171376,4944,5030
257971,4948,5018
259917,4948,5030
259916,4950,5027
5027,4961,5024
331652,4966,5028
337351,4974,5030
334331,5158,5253
130129,5158,5257
169904,5163,5229
273385,5165,5231
119564,5165,5239
217228,5172,5220
58096,5174,5262
74984,5176,5261
248599,5182,5231
97339,5184,5261
94523,5185,5297
371813,5192,5265
291142,5193,5267
146758,5202,5262
314038,5323,5388
381853,5329,5386
234887,5355,5449
291145,5385,5465
138525,5440,5515
172755,5446,5534
113168,5467,5515
267,5473,5541
358373,5505,5595
312700,5515,5598
249629,5517,5566
74982,5519,5600
140120,5533,5612
164048,5540,5634
105991,5544,5602
363020,5544,5606
63838,5547,5634
117546,5568,5629
224078,5569,5613
27759,5569,5630
140119,5591,5661
349641,5594,5662
290070,5635,5705
94290,5643,5704
101111,5650,5737
136489,5694,5761
5028,5845,5921
71021,5848,5929
71022,5849,5919
331653,5849,5944
384488,5850,5910
203612,5850,5939
97337,5864,5927
149013,5916,5965
19427,6010,6066
371214,6120,6198
197314,6133,6204
146989,6141,6194
302202,6142,6203
197313,6142,6208
380437,6145,6204
343943,6148,6219
54946,6506,6564
69925,6506,6569
351853,6507,6563
160869,6512,6568
22928,6513,6569
15536,6521,6578
110725,6545,6602
249626,6751,6865
371812,6753,6828
371216,6755,6822
53898,6761,6829
277968,6765,6826
291294,6770,6831
191807,6770,6844
148330,6779,6829
136698,7070,7142
188458,7077,7143
38155,7079,7132
72914,7082,7149
142616,7082,7153
268787,7138,7255
230322,7140,7210
268788,7142,7279
206762,7144,7282
105992,7145,7272
160766,7155,7259
355344,7166,7256
358370,7172,7285
127852,7185,7295
184713,7190,7286
105993,7190,7296
126,7209,7287
9423,7214,7296
234705,7215,7276
224240,7227,7289
105990,7377,7427
194525,7377,7441
323547,7378,7442
195756,7379,7443
290073,7385,7441
74980,7430,7534
369676,7433,7496
125052,7437,7543
335351,7438,7524
194087,7445,7498
120764,7448,7496
346032,7452,7499
74981,7452,7535
87154,7455,7529
329033,7457,7525
65581,7461,7512
5171,7462,7519
227142,7462,7527
31199,7466,7563
249627,7468,7524
404423,7471,7530
327268,7472,7556
69929,7472,7563
193078,7474,7526
334329,7474,7567
336949,7476,7559
276832,7479,7557
318390,7482,7554
184712,7496,7565
71268,7503,7559
9425,7505,7563
349640,7556,7676
331651,7557,7657
140118,7558,7685
152161,7561,7659
5443,7562,7656
164324,7565,7674
130745,7566,7666
349642,7566,7681
74983,7569,7685
32084,7572,7684
281692,7573,7671
71269,7578,7660
113490,7586,7656
84329,7587,7650
221766,7588,7659
4275,7589,7656
18734,7600,7658
171375,7602,7656
71985,7605,7658
164049,7608,7671
44089,7610,7685
185382,7610,7690
90811,7610,7697
101748,7615,7708
21225,7618,7690
7831,7642,7706
50175,7651,7707
335352,7994,8107
5526,8004,8110
345792,8009,8098
349645,8009,8114
334330,8010,8073
2801,8010,8082
249556,8010,8089
2801,8010,8102
84815,8010,8105
17172,8020,8108
251131,8040,8096
248099,8041,8111
52681,8084,8161
199879,8086,8160
106592,8088,8161
123301,8090,8162
125051,8095,8162
149611,8097,8160
160763,8109,8161
41612,8199,8256
380424,8205,8297
98230,8214,8275
356076,8214,8297
90771,8229,8293
38988,8230,8294
248600,8576,8628
393229,8577,8664
148226,8590,8664
74691,8590,8674
90079,8594,8657
208460,8594,8666
288991,8622,8695
22926,8642,8771
22927,8643,8726
69927,8646,8725
18345,8647,8716
224080,8658,8771
137366,8658,8777
69926,8659,8780
126,8662,8769
160764,8664,8788
260158,8669,8793
138524,8672,8786
323545,8674,8791
266859,8679,8793
43912,8681,8765
126,8684,8773
209072,8686,8755
24244,8689,8759
86500,8689,8808
221765,8689,8819
131535,8690,8756
365826,8690,8763
126,8694,8792
9423,8695,8781
52678,8698,8793
336599,8698,8821
291144,8699,8753
359693,8701,8820
74590,8703,8782
322902,8704,8785
34799,8711,8821
397266,8728,8791
71267,8735,8793
35832,8864,8925
355345,8867,8964
26273,8874,8942
126,8874,8970
9282,8875,8956
160673,8876,8975
126,8885,8956
9423,8888,8967
336598,8890,8984
359694,8896,9004
248510,9117,9186
238671,9117,9242
364901,9118,9197
130126,9118,9202
349639,9118,9206
269265,9118,9213
154920,9118,9234
267845,9120,9190
186724,9121,9205
219439,9122,9183
189607,9122,9202
169902,9123,9169
150401,9125,9184
61023,9126,9249
4113,9128,9237
97338,9129,9229
107050,9130,9257
75788,9131,9201
245370,9131,9222
255964,9131,9231
110724,9131,9246
1345,9147,9238
249557,9148,9234
148227,9152,9241
57043,9153,9222
302715,9164,9235
1345,9165,9237
95956,9166,9247
171372,9177,9252
116072,9207,9276
130128,9220,9282
87314,9223,9322
379635,9226,9332
401297,9229,9293
343365,9236,9354
206763,9237,9282
384489,9238,9359
408529,9239,9287
195757,9243,9363
392776,9244,9348
182438,9245,9325
9426,9246,9338
144553,9248,9342
217775,9252,9338
221036,9253,9324
183529,9290,9342
27873,9296,9362
398323,9299,9358
103944,9302,9370
148016,9336,9398
138522,9341,9399
290071,9463,9546
14729,9463,9557
250803,9471,9575
384490,9475,9573
29195,9481,9569
380991,9483,9546
391781,9485,9542
380923,9486,9541
182439,9487,9574
285864,9491,9574
27478,9496,9574
371814,9520,9574
