218644,101,170
10421,105,220
173462,111,174
362632,120,187
202326,124,191
115870,132,189
131211,133,188
81830,258,355
49182,266,334
185255,269,373
43667,273,337
50195,273,340
78026,273,369
65116,274,338
113768,275,337
102034,280,350
190824,281,346
59858,282,363
144107,283,345
224708,284,357
386392,284,361
109933,284,382
383770,286,353
102033,287,361
90501,288,352
402340,291,352
180459,291,354
402372,292,353
387428,292,385
344579,293,354
312105,294,358
155321,295,383
124098,296,357
138086,297,347
318128,297,375
28240,298,366
202325,300,374
314059,300,382
90432,302,402
84458,303,367
274144,305,366
371073,306,378
275719,306,391
120644,307,394
139459,308,367
50368,309,380
177357,311,401
357998,314,402
272651,315,380
394963,316,385
77737,320,385
389179,320,427
286927,321,389
77243,322,385
302784,322,455
29259,323,388
245974,324,433
266891,338,405
161870,338,425
172079,339,383
394580,340,391
40927,340,401
154582,340,456
222691,341,403
118534,342,406
204920,357,445
40929,358,470
177090,360,488
323764,361,477
99438,361,481
266538,365,450
169125,374,475
152446,374,492
204922,378,512
389178,391,512
201315,393,502
169126,400,524
282541,405,475
886,406,477
886,406,508
318127,407,531
204921,410,504
369520,410,544
211403,419,554
40928,419,577
266297,421,501
259,426,548
21006,429,542
169127,434,544
354091,438,562
347411,441,560
248531,447,561
220263,450,569
50194,462,527
485,462,547
389180,465,552
337982,489,576
91559,503,573
379995,505,575
59127,510,575
69736,647,779
402147,649,767
25974,654,764
338787,657,725
115871,657,731
38577,668,724
36315,679,761
47813,679,791
384185,684,758
252250,689,737
24512,695,779
84457,697,781
86432,705,775
379996,713,802
210244,741,866
100757,747,822
79693,747,880
58508,752,874
249876,753,862
195617,756,868
27575,758,875
329226,759,811
40930,762,904
207133,767,873
289238,767,889
395965,775,906
7810,779,858
100251,779,876
349435,779,880
43666,783,898
265948,799,898
347231,806,871
23355,808,868
324091,813,899
129691,828,907
17638,831,907
208149,834,906
86630,1042,1106
105790,1062,1150
28243,1068,1201
83947,1075,1164
347232,1078,1197
407803,1085,1146
70148,1085,1166
265444,1085,1200
272303,1090,1189
69735,1092,1207
14026,1108,1190
79064,1108,1195
38301,1108,1200
338788,1110,1182
54271,1110,1216
266539,1112,1203
347412,1112,1207
110247,1114,1198
179667,1115,1211
347413,1116,1195
272304,1123,1206
265949,1128,1203
54270,1133,1219
184736,1134,1212
202220,1138,1218
328741,1139,1198
268263,1139,1230
274070,1142,1203
21515,1153,1296
320855,1154,1232
195317,1163,1220
114048,1168,1282
36128,1168,1292
195616,1169,1306
192828,1171,1284
320856,1172,1316
1345,1174,1277
8332,1180,1308
210245,1181,1311
173403,1184,1316
308313,1186,1323
180474,1196,1306
1345,1199,1274
346119,1199,1300
274069,1199,1327
267,1202,1307
83946,1205,1278
266295,1207,1330
267,1210,1324
160708,1213,1275
92621,1214,1328
6956,1217,1301
218643,1218,1323
28792,1226,1310
192829,1227,1350
267,1232,1315
312137,1260,1334
160710,1261,1329
311573,1262,1323
282542,1264,1369
10420,1268,1332
179666,1270,1364
10419,1271,1333
338786,1272,1372
132937,1274,1364
105791,1274,1374
40973,1280,1360
3830,1281,1369
67071,1282,1365
266296,1285,1379
318129,1286,1371
54499,1287,1374
98618,1288,1367
265581,1289,1379
266540,1299,1373
343085,1315,1391
190823,1318,1372
138662,1318,1381
312043,1318,1386
286858,1318,1409
238110,1323,1384
160709,1326,1385
95318,1328,1393
229878,1329,1390
248332,1331,1378
228094,1332,1389
286242,1335,1426
44892,1358,1428
28241,1435,1490
184735,1445,1566
14098,1446,1554
295919,1446,1561
347414,1452,1528
206110,1457,1528
353425,1459,1575
293035,1461,1567
58573,1464,1535
343084,1470,1569
143152,1472,1543
195318,1473,1540
207644,1476,1544
28242,1477,1532
331077,1479,1570
282543,1479,1573
108450,1486,1550
107871,1486,1587
154583,1492,1556
190822,1493,1581
263871,1495,1569
83945,1510,1581
127057,1513,1562
338774,1648,1716
406790,1657,1713
