388360,84,142
319986,85,144
10972,87,145
125382,93,176
308360,106,169
65079,111,191
2930,168,254
299634,288,367
208144,290,421
242046,292,428
395677,300,410
378957,312,440
100108,326,444
69635,328,452
886,330,448
326756,332,450
208454,334,400
400105,336,428
35510,338,397
10802,339,451
39236,341,438
87646,341,476
254479,343,489
243524,344,454
144118,347,463
66707,348,485
113126,352,471
259196,354,482
53833,357,439
39095,357,469
254102,358,442
156522,362,498
188441,370,465
353640,372,503
235998,373,472
311890,374,499
87894,376,496
270504,376,532
5004,383,509
8186,386,468
73980,386,511
110092,387,497
326173,388,463
167019,388,480
292354,391,507
308359,394,506
300023,401,501
235365,401,518
115752,403,510
358536,404,494
154529,406,496
139870,409,510
81348,413,529
178888,414,511
485,418,514
374392,419,511
318481,419,525
305946,420,499
224621,421,502
2398,422,505
209282,424,536
70640,430,497
294061,430,501
154528,431,523
144125,432,531
110296,439,500
338270,448,511
242155,452,521
300775,453,524
11001,453,545
100270,454,534
254618,464,536
329465,488,552
629,622,695
243525,623,691
113755,623,699
159949,629,710
319987,629,741
384527,639,736
1375,640,773
87896,643,707
318815,643,709
279945,643,728
100109,647,743
113754,654,737
38005,654,754
98641,657,727
94394,660,725
159947,661,724
90856,675,736
377102,677,755
364703,680,824
224620,685,780
282115,689,776
98640,690,782
73979,697,828
21137,704,864
56524,710,819
275800,715,840
49583,716,833
191873,716,844
165824,720,789
48515,722,777
322204,725,877
6963,729,806
81347,729,858
182973,734,800
148364,735,802
33763,737,807
11477,739,862
399639,739,880
46611,740,831
58842,740,834
143322,740,886
173365,740,899
49582,744,869
288917,750,864
374391,750,868
294858,759,869
191874,759,896
56523,760,853
46281,760,872
162712,765,862
133539,765,877
288682,769,909
113120,773,878
157868,774,903
45537,779,840
146753,780,832
171326,786,915
288918,790,914
350801,796,876
364702,802,915
129691,808,883
2537,812,877
4231,813,914
152778,815,876
1244,829,910
328701,845,915
256359,1081,1151
231036,1084,1153
380424,1086,1178
234708,1088,1158
388358,1098,1166
74881,1099,1160
282493,1103,1192
282492,1107,1211
340216,1109,1171
306715,1115,1210
100110,1154,1217
87647,1158,1273
215328,1178,1281
242215,1190,1263
335160,1190,1270
300581,1192,1280
328378,1197,1258
11003,1197,1271
314907,1199,1282
355230,1203,1265
216294,1204,1268
400104,1205,1280
78021,1208,1275
75537,1213,1287
79413,1215,1274
140258,1218,1280
183834,1218,1299
136777,1226,1284
20878,1228,1289
276286,1229,1285
147387,1230,1311
279943,1237,1301
147386,1245,1313
251363,1248,1330
136262,1251,1312
159948,1251,1326
381935,1256,1329
296620,1256,1345
296621,1263,1348
160824,1271,1334
83853,1273,1336
98642,1274,1333
360775,1384,1430
30797,1384,1447
88749,1384,1449
108629,1384,1459
229905,1385,1448
332,1385,1481
44752,1385,1487
384250,1386,1449
6240,1387,1447
63230,1387,1471
48186,1387,1477
53778,1388,1466
77244,1388,1483
332,1390,1465
72171,1391,1448
23617,1391,1472
222002,1392,1453
326021,1392,1456
189346,1393,1458
118361,1394,1459
23616,1394,1485
270505,1396,1445
25748,1398,1448
70212,1399,1477
191295,1400,1464
242216,1400,1496
242217,1401,1480
156980,1402,1467
63229,1404,1483
81530,1415,1487
25748,1590,1644
358672,1727,1791
99084,1730,1794
369243,1760,1818
300018,1783,1846
300019,1784,1847
269869,1793,1866
289266,1874,1939
65073,1893,1952
61695,1898,1965
275802,1903,1968
278859,1905,1967
186921,1906,1961
271635,1909,1968
230118,1912,1961
242212,2098,2165
353642,2101,2175
399097,2102,2178
171092,2112,2204
190088,2115,2222
48291,2124,2206
343494,2157,2218
1372,2165,2286
176609,2205,2269
326020,2206,2284
11118,2207,2273
204141,2208,2270
45915,2228,2296
391889,2243,2309
303413,2316,2386
1374,2344,2426
30773,2346,2446
296546,2352,2427
393624,2352,2461
144121,2354,2422
113753,2357,2441
259166,2358,2429
192087,2358,2436
14330,2359,2420
183833,2360,2440
268765,2364,2418
49584,2364,2448
300430,2370,2425
304274,2371,2431
377104,2377,2468
68615,2378,2438
353641,2380,2477
1376,2383,2475
73818,2384,2449
243522,2387,2454
81784,2387,2469
388090,2388,2462
359502,2390,2468
144124,2390,2490
167498,2409,2484
396533,2413,2502
98645,2417,2483
123325,2418,2481
399098,2419,2478
365447,2420,2479
5007,2420,2481
136260,2422,2471
164666,2422,2473
365448,2423,2511
5005,2426,2479
191518,2428,2506
377103,2429,2479
300021,2433,2549
126,2448,2544
126,2474,2581
35442,2508,2633
274141,2512,2633
23615,2514,2636
76487,2517,2635
4614,2521,2633
107158,2528,2636
274142,2541,2637
391890,2547,2613
78952,2547,2629
115103,2553,2637
9484,2565,2627
99082,2704,2798
280088,2705,2752
269220,2718,2777
56140,2739,2797
70879,2739,2806
20886,2741,2796
399638,2776,2856
326415,2779,2860
144122,2781,2865
76771,2785,2863
125848,2795,2866
82088,2803,2874
13752,2808,2888
258064,2809,2880
154527,2813,2867
30884,2815,2873
158620,2822,2866
48155,2822,2870
299633,2825,2882
385761,2842,2902
38728,2846,2948
38730,2909,3037
38729,3110,3167
193189,3376,3439
9704,3376,3475
243523,3377,3451
84370,3381,3455
297353,3474,3546
38725,3526,3605
308595,3550,3613
222557,3550,3618
383517,3564,3629
38721,3566,3649
38726,3571,3708
74495,3579,3633
342405,3579,3642
51440,3580,3646
211910,3580,3650
192894,3581,3638
189345,3581,3656
73921,3582,3647
1373,3585,3656
299636,3587,3629
103803,3588,3639
242214,3589,3657
1370,3590,3654
392500,3594,3661
275377,3612,3682
51441,3812,3877
146886,3815,3878
38724,3828,4005
147385,3834,3897
205368,3835,3901
249224,3836,3898
129196,3836,3956
64610,3840,3901
257843,3843,3905
280207,3843,3909
383011,3844,3959
38727,3855,3971
377101,3862,3931
52777,3867,3921
272255,3867,3928
69010,3867,3946
1369,3871,3945
171535,3874,3951
185432,3875,3933
123323,3879,3946
108006,3890,3956
396702,3894,3958
357197,3895,3945
115655,3897,3968
194048,3899,3971
38721,3900,3990
397238,3901,3948
39397,3902,3965
299638,3904,3963
299637,3904,3965
38723,3913,4005
383010,3914,4002
27296,3920,4005
208393,3925,3990
201706,3926,3994
123322,3928,3990
36957,3932,4003
326757,4073,4134
136259,4074,4194
1371,4075,4177
311889,4114,4193
216510,4198,4264
107162,4222,4293
211452,4227,4292
142476,4229,4291
404192,4232,4289
38728,4273,4383
291081,4312,4382
280216,4315,4381
310514,4317,4379
64861,4318,4381
38730,4337,4477
256358,4363,4427
180865,4397,4474
392499,4410,4471
181621,4413,4475
38729,4530,4602
32311,4531,4593
260385,4533,4621
247403,4535,4601
208315,4539,4610
82093,4539,4615
338778,4544,4623
328985,4546,4608
372232,4549,4609
251397,4550,4661
308324,4554,4623
388361,4557,4632
165823,4558,4619
351297,4558,4636
260426,4560,4632
72978,4563,4635
89158,4564,4619
381817,4570,4635
402830,4572,4633
6739,4573,4626
278858,4578,4641
62676,4579,4644
277083,4580,4645
108005,4581,4656
388362,4583,4644
258586,4607,4693
248693,4615,4682
200502,4619,4681
194047,4646,4706
311108,4647,4720
106425,4649,4723
129197,4651,4696
128314,4655,4720
406371,4656,4726
57684,4678,4747
52776,4686,4738
65068,4872,4941
38725,4914,4998
136261,4915,4979
388357,4920,5044
38726,4972,5108
78282,4999,5108
403172,5007,5091
46442,5022,5105
351189,5037,5113
85506,5037,5116
368612,5037,5131
144117,5043,5130
81982,5045,5131
99083,5051,5132
274140,5056,5124
9593,5056,5133
310515,5059,5134
167021,5066,5127
171536,5066,5135
311888,5067,5129
350022,5069,5146
384249,5070,5142
154526,5071,5135
253340,5074,5135
299635,5074,5139
357789,5075,5136
145776,5077,5127
78953,5078,5169
210675,5094,5142
122872,5095,5170
325628,5096,5166
26106,5097,5148
196359,5101,5168
38724,5168,5353
249225,5178,5240
38720,5187,5314
377525,5196,5294
393203,5197,5269
246042,5200,5270
38723,5200,5308
383009,5203,5301
218783,5205,5268
153437,5207,5271
82092,5208,5297
223779,5211,5288
257546,5211,5303
356378,5212,5286
175975,5213,5291
272256,5215,5271
323193,5217,5286
201706,5219,5289
300022,5219,5294
350023,5223,5295
104048,5224,5289
160823,5225,5291
38720,5245,5356
384246,5248,5295
299637,5248,5309
311107,5249,5318
166131,5254,5321
326008,5254,5335
38727,5256,5357
311799,5258,5323
350024,5258,5342
383008,5258,5349
149097,5259,5345
383007,5260,5351
1142,5261,5355
308311,5262,5342
1368,5265,5327
178867,5265,5354
109415,5266,5334
323537,5267,5342
201706,5268,5335
143379,5272,5339
27436,5272,5356
160823,5276,5339
36135,5277,5356
331225,5279,5340
168741,5280,5342
86661,5280,5355
373344,5281,5344
119943,5286,5354
372977,5288,5355
160797,5291,5339
36136,5292,5356
379460,5294,5356
78778,5437,5512
82771,5438,5496
163851,5465,5531
372231,5474,5537
372230,5481,5530
142475,5508,5588
100111,5518,5588
173366,5531,5587
163852,5532,5588
26616,5540,5592
4612,5659,5714
73981,5661,5749
136263,5668,5758
125882,5694,5759
294857,5726,5830
28043,5728,5784
156523,5731,5824
72977,5733,5835
374390,5735,5794
378168,5744,5819
38006,5745,5833
38007,5746,5817
190089,5747,5829
48512,5748,5814
62216,5748,5827
328376,5749,5819
144123,5750,5814
15057,5750,5816
47399,5753,5834
219795,5756,5833
5005,5760,5825
98644,5763,5821
157981,5763,5825
181622,5767,5816
114030,5771,5816
14903,5771,5828
388498,5772,5833
204140,5773,5844
27118,5774,5836
199726,5777,5828
215755,5781,5827
49842,5782,5843
330554,5782,5857
18196,5785,5846
183835,5786,5856
93109,5787,5847
283298,5793,5855
71113,5799,5844
82091,5818,5932
143323,5891,5959
113128,6052,6113
254480,6052,6133
296204,6053,6125
123324,6053,6163
208471,6055,6122
294981,6055,6138
109280,6057,6123
65074,6065,6150
65075,6066,6153
359499,6068,6135
273988,6069,6129
292355,6072,6141
253339,6075,6137
368428,6092,6191
49845,6095,6174
9703,6276,6338
73976,6279,6383
300025,6292,6363
21139,6328,6400
372978,6329,6403
292353,6330,6396
176129,6331,6384
236968,6332,6405
144297,6338,6403
14641,6338,6407
65071,6362,6464
326011,6404,6465
65067,6406,6469
77971,6409,6469
51210,6425,6468
29606,6429,6472
369444,6518,6604
366025,6521,6572
98643,6529,6586
38722,6548,6618
73816,6549,6630
73817,6564,6627
106891,6611,6663
113127,6645,6720
378958,6648,6716
73819,6653,6720
156521,6757,6833
242045,6760,6806
94395,6761,6824
80152,6761,6830
174283,6766,6830
81370,6770,6847
65078,6776,6851
65070,6779,6878
49846,6794,6877
21138,6812,6868
58477,6813,6871
11005,6814,6875
144120,6817,6872
353728,6817,6879
298607,6900,6964
65069,7013,7090
35097,7055,7133
56016,7057,7152
399096,7058,7148
11002,7060,7150
302492,7070,7133
236816,7072,7133
70202,7073,7134
1041,7074,7152
78937,7082,7152
38722,7092,7147
65066,7092,7152
300020,7092,7156
137169,7098,7152
70203,7115,7177
400102,7155,7235
328700,7155,7243
360777,7156,7223
48514,7212,7262
180863,7221,7288
316866,7221,7291
242211,7338,7401
9706,7339,7425
73978,7340,7415
300024,7340,7430
300580,7344,7429
214333,7348,7432
18195,7351,7431
290346,7352,7433
31138,7352,7437
59721,7352,7448
2927,7353,7417
31084,7358,7419
292159,7361,7423
376514,7362,7443
214334,7362,7448
47706,7362,7457
2769,7363,7436
48511,7366,7430
267948,7367,7435
302491,7368,7423
290347,7370,7471
280555,7371,7430
165041,7374,7429
318482,7375,7435
145760,7376,7437
167020,7376,7439
55212,7379,7470
378525,7381,7448
196600,7384,7472
399637,7390,7451
3657,7393,7437
72827,7395,7457
282843,7396,7459
359500,7507,7568
82089,7548,7658
136264,7553,7670
113752,7573,7672
233245,7573,7683
259197,7579,7686
282807,7584,7684
130772,7585,7673
384248,7588,7685
226696,7604,7687
177388,7614,7676
88750,7614,7686
254478,7621,7687
132751,7624,7686
98183,7743,7807
75843,7743,7809
23614,7744,7811
54761,7744,7825
156524,7745,7798
170799,7762,7812
88751,7777,7849
106340,7848,7963
329995,7857,7938
186809,7858,7927
136265,7860,7955
156733,7868,7984
328377,7870,7946
156731,7874,7934
38004,7883,7986
156732,7883,7996
166848,7895,7936
2768,7929,7991
294980,7929,7997
384247,8038,8111
9706,8038,8134
65076,8040,8101
300579,8044,8116
172350,8049,8110
80356,8051,8113
87645,8051,8133
318814,8053,8120
73977,8056,8117
384528,8071,8140
300026,8074,8148
407688,8090,8157
38008,8167,8242
38009,8168,8238
287557,8174,8238
341558,8174,8264
400103,8181,8245
279942,8182,8244
334610,8187,8242
65072,8188,8249
393623,8189,8238
98639,8192,8239
9705,8192,8245
360776,8194,8238
38373,8344,8392
252467,8433,8499
343124,8436,8488
98767,8444,8491
359501,8461,8569
249226,8469,8534
45722,8493,8538
99080,8571,8614
57685,8618,8663
143380,8624,8705
305945,8625,8689
108289,8625,8700
271634,8627,8690
302329,8627,8696
228588,8628,8693
255405,8641,8697
323192,8642,8706
81349,9055,9182
31694,9055,9198
29605,9056,9117
160822,9057,9194
49843,9064,9126
308706,9064,9166
233244,9065,9132
282,9065,9177
14729,9065,9181
113751,9066,9137
242213,9066,9205
384526,9069,9196
279944,9071,9156
329996,9071,9191
63232,9072,9165
108596,9073,9132
144119,9073,9147
11004,9073,9233
92390,9075,9152
67365,9075,9208
71611,9077,9140
167018,9077,9176
82090,9078,9134
319988,9080,9134
782,9083,9207
112387,9085,9141
285275,9089,9135
89374,9089,9139
385097,9091,9206
5006,9098,9176
94396,9109,9255
99081,9124,9244
48171,9127,9256
1143,9130,9183
52751,9136,9209
62232,9138,9277
63231,9143,9278
171475,9149,9212
87895,9152,9289
3692,9153,9255
388359,9158,9221
36078,9160,9283
107656,9161,9250
290258,9165,9231
22422,9171,9244
62231,9175,9286
124728,9177,9242
275801,9181,9243
190090,9181,9286
208496,9185,9271
275799,9190,9289
65077,9190,9333
380378,9198,9335
56521,9199,9266
48510,9202,9276
326010,9202,9326
178887,9206,9308
106339,9209,9277
357196,9209,9289
38172,9209,9331
48513,9209,9349
101293,9212,9292
299632,9213,9277
222560,9213,9289
326009,9214,9361
185798,9216,9288
56522,9218,9291
61694,9218,9342
180864,9221,9327
304899,9221,9341
50596,9230,9361
242210,9233,9345
142474,9237,9286
149369,9238,9311
9196,9241,9335
286220,9241,9363
4051,9243,9307
9196,9248,9356
49844,9253,9372
43714,9261,9336
23618,9286,9361
81350,9287,9386
233246,9346,9402
