123674,127,196
69953,127,221
4919,127,230
159372,127,238
187210,127,258
333,128,270
106382,129,223
174780,132,226
315534,134,245
8073,136,229
82419,136,232
124003,147,266
298904,148,213
337972,149,262
333,150,279
337973,151,230
22672,157,272
38195,160,277
29076,163,278
356239,166,279
10290,172,260
38197,173,235
38196,173,238
22673,175,236
82285,179,240
36597,181,243
368722,185,246
377724,190,264
7910,200,266
179640,206,276
54899,209,272
120177,211,272
103397,216,275
161870,312,400
211448,314,429
41845,322,402
119951,322,438
232843,323,428
70813,323,432
167466,324,367
131518,325,397
179033,327,412
407467,327,417
119137,328,396
351438,328,440
198806,330,417
9088,331,389
234518,332,402
4918,332,432
3403,333,439
254742,334,445
73716,335,389
198807,341,450
276070,344,462
252170,354,481
267313,359,452
9089,362,424
245589,375,490
407465,377,457
134685,377,486
41846,381,490
256696,389,503
407466,407,500
124005,945,1014
353749,945,1045
113415,956,1021
191766,959,1022
384261,974,1024
329113,1181,1252
157096,1192,1252
221814,1195,1268
19072,1196,1253
317269,1200,1260
393234,1214,1305
127463,1216,1318
402478,1221,1283
109278,1221,1310
254788,1223,1285
199921,1230,1324
43189,1334,1400
373344,1411,1469
166632,1508,1565
245588,1537,1582
8242,1580,1643
244855,1599,1653
132469,1669,1748
178891,1679,1768
191251,1680,1743
267484,1702,1761
185991,1968,2062
356240,1969,2082
20511,1970,2042
56057,1970,2045
199920,1985,2046
220193,1994,2053
252172,2009,2082
20509,2026,2120
387786,2026,2125
344229,2031,2127
127464,2034,2138
886,2037,2132
351437,2038,2112
15443,2038,2138
127462,2041,2152
241831,2042,2123
166636,2044,2122
166634,2047,2123
166633,2048,2110
239705,2091,2207
165908,2093,2143
127465,2121,2233
407549,2140,2262
158024,2152,2223
101154,2161,2223
97891,2162,2271
9092,2184,2251
46621,2190,2253
45281,2194,2257
352759,2194,2266
207099,2198,2260
379205,2208,2324
69659,2211,2295
359125,2217,2283
41750,2217,2318
351117,2217,2327
234519,2219,2314
53822,2222,2287
368723,2243,2340
40071,2252,2340
40070,2253,2331
346223,2263,2325
163337,2264,2319
378428,2265,2329
10785,2265,2336
80880,2268,2342
331323,2271,2346
267483,2271,2365
212435,2276,2340
161876,2277,2338
158026,2311,2384
201311,2335,2402
116178,2336,2392
231799,2336,2434
236481,2337,2438
158025,2338,2389
87225,2339,2412
179984,2343,2415
239706,2431,2533
27285,2438,2497
341822,2444,2560
107737,2450,2511
393233,2465,2517
358673,2466,2518
265599,2731,2808
203596,2907,2971
39236,2908,3001
51070,2910,2973
165351,2910,2995
114997,2913,2977
272085,2913,2979
355149,2914,2994
175939,2915,2997
20510,2915,3001
57308,2917,2999
207441,2924,2999
341278,2926,2978
127462,2928,3031
6832,2935,3001
306669,2951,3073
32435,3010,3072
346222,3013,3082
127463,3013,3109
147176,3022,3083
12619,3022,3097
114531,3023,3089
244853,3059,3179
361913,3312,3393
241830,3328,3405
175416,3444,3496
201958,3449,3497
199918,3539,3635
353032,3540,3653
177154,3569,3663
166598,3592,3650
201959,3597,3661
212433,3598,3662
28144,3600,3661
302935,3616,3660
77109,3717,3796
158027,3722,3770
242385,3722,3777
137459,3723,3784
26802,3723,3787
277932,3724,3770
201302,3724,3786
180468,3725,3775
35661,3725,3779
134687,3726,3790
315533,3729,3797
371999,3730,3793
163373,3730,3805
165352,3747,3808
20512,3751,3823
163982,3755,3807
347896,3944,4006
220831,3947,4008
243848,3963,4066
346997,3964,4027
261680,3964,4046
201141,3964,4050
20182,3967,4024
200452,3967,4049
44536,3968,4043
69339,3973,4055
107955,3974,4051
201182,3982,4027
370856,3982,4073
370855,3983,4053
32494,3984,4049
193068,3989,4073
104649,3991,4054
365686,3997,4064
34765,4003,4078
47375,4004,4068
114447,4012,4065
379907,4015,4076
106383,4016,4081
20410,4017,4086
119504,4018,4061
128178,4018,4070
94209,4018,4088
192935,4020,4073
40544,4024,4066
63910,4025,4074
19145,4025,4089
161875,4026,4096
297377,4033,4089
25325,4040,4091
306268,4053,4096
231798,4232,4276
149194,4232,4295
199919,4233,4293
136297,4233,4301
355151,4233,4329
107000,4234,4321
315535,4235,4323
46682,4236,4280
356534,4236,4309
346447,4237,4294
109280,4237,4300
118853,4237,4324
175940,4238,4308
80879,4243,4308
163980,4243,4322
391442,4245,4314
368724,4247,4330
338479,4249,4306
346446,4250,4302
109279,4250,4313
236480,4250,4334
347897,4253,4310
99485,4257,4305
103568,4259,4309
105177,4325,4417
15095,4492,4584
123673,4511,4589
163462,4520,4596
77108,4521,4592
198104,4522,4587
289475,4523,4584
167417,4524,4594
89984,4533,4596
281894,4533,4620
101858,4570,4633
402922,4611,4680
70968,4662,4732
303016,4670,4733
105178,4756,4862
177548,4778,4819
163981,4788,4861
241829,4791,4860
383278,4912,4979
163979,4912,4993
108399,4912,4997
167454,4918,4979
291946,4922,5027
267314,4928,4988
109282,4929,4997
119952,4929,5007
356535,4931,5008
78898,4959,5023
349945,4960,5028
8072,4965,5031
104066,4966,5038
315532,4967,5029
356238,4967,5032
346674,4984,5031
41847,5001,5064
118854,5046,5093
20508,5053,5109
244854,5066,5133
29077,5095,5154
252171,5835,5947
139729,5836,5942
201157,5838,5896
384858,5841,5932
302125,5843,5894
180466,5845,5960
180465,5850,5946
254738,5855,5977
351280,5859,5962
817,5862,5987
314544,5864,5981
168468,5865,5966
366458,5868,5993
212434,5869,5986
4917,5875,5963
55164,5875,5996
26750,5876,5956
109281,5876,5992
127464,5877,5989
6321,5878,5966
351281,5881,5988
886,5885,5985
325724,5911,5997
116177,5912,5964
8186,5912,5985
169707,5912,5991
127461,5915,5977
38194,5915,5988
26559,5923,5991
82544,5937,5999
127465,5963,6085
33757,6064,6129
165350,6153,6206
272086,6154,6221
159091,6166,6230
185990,6167,6234
180464,6174,6235
165290,6176,6234
174907,6346,6405
256695,6346,6412
156523,6363,6430
40069,6377,6436
355150,6383,6434
55694,6678,6770
9090,6680,6763
167453,6687,6761
199916,6691,6773
166635,6696,6763
123676,6696,6770
306573,6698,6771
124004,6699,6768
325070,6704,6776
241828,6706,6769
154851,6709,6770
244856,6710,6777
127461,6710,6781
199917,6712,6762
10291,6712,6791
123675,6715,6776
344228,6716,6784
139109,6741,6820
40067,6978,7077
311671,6987,7062
40068,7023,7083
309643,7027,7094
180467,7028,7092
76303,7033,7098
393111,7038,7102
245590,7214,7278
175941,7222,7277
64988,7282,7345
203661,7284,7345
316093,7289,7345
351116,7503,7564
97221,7509,7563
276071,7530,7591
205260,7534,7609
349274,7537,7632
5545,7541,7615
70812,7542,7613
346224,7544,7605
15264,7554,7616
45321,7561,7622
18022,7562,7624
341277,7858,7901
384260,7941,7996
9091,7941,8002
341823,7959,8058
134686,7981,8063
114604,7989,8063
25326,7989,8079
407548,7991,8103
156083,7995,8061
282262,7995,8069
134684,7995,8099
165291,7997,8058
336529,7997,8063
192681,7998,8053
319487,7998,8057
293309,7999,8060
408093,7999,8069
186812,7999,8077
391443,8000,8061
265598,8000,8072
306273,8001,8079
201957,8002,8067
239704,8004,8064
25327,8004,8090
315896,8008,8069
363570,8008,8079
336530,8010,8099
288175,8011,8081
72410,8014,8096
280976,8023,8091
275496,8024,8089
105176,8025,8100
297782,8030,8093
354953,8035,8103
159373,8036,8101
328296,8333,8387
