97656,93,154
252059,102,213
266103,107,194
107944,110,212
204952,110,237
175627,111,177
1750,113,209
165116,121,243
121902,129,242
401842,137,251
293177,143,253
396039,144,212
208810,162,283
209004,170,289
200265,223,323
19880,223,332
270798,251,365
157766,253,348
8968,297,358
346211,297,360
39158,302,374
84198,303,364
405261,304,371
391107,305,385
275038,308,373
190640,309,365
255134,309,380
40923,314,381
166618,324,386
229895,327,439
344945,335,401
399323,350,411
310710,350,461
87553,352,414
121910,352,416
28577,352,418
262904,352,448
397194,354,444
394538,355,483
184427,359,439
267491,369,485
363015,376,460
60120,376,465
113925,376,468
2558,380,456
315617,381,445
9349,381,447
226326,384,463
7346,386,486
214354,387,438
362161,387,463
265441,387,483
181082,387,497
40925,388,454
58093,388,460
36522,389,462
60121,391,465
270800,392,462
182731,393,460
31682,393,482
264464,395,486
47402,400,458
403473,405,463
144000,406,484
154657,408,479
174305,408,539
310043,416,544
288412,421,521
258661,443,594
48392,446,549
95807,450,569
353712,457,587
108641,470,560
107945,475,607
174470,478,593
310045,478,598
149833,478,608
205968,479,614
104760,484,597
200266,490,621
279560,491,605
329320,495,629
10629,499,581
7636,499,620
392083,501,628
243452,504,606
270799,514,604
174184,518,568
181083,524,641
3532,535,596
261209,537,599
198206,542,625
87696,552,616
282789,585,643
58244,793,841
182988,793,844
50171,793,860
126225,794,869
264465,795,876
241753,800,860
69187,804,870
115939,811,878
53748,829,899
202425,891,951
355885,911,976
293178,911,997
272557,912,1000
272558,917,990
136181,919,1004
7858,928,1016
258290,928,1063
317317,929,992
238295,934,1003
40922,998,1072
55275,1016,1088
185375,1016,1098
320708,1023,1085
281765,1031,1075
28978,1088,1197
1345,1090,1167
193122,1091,1198
35368,1099,1188
6955,1103,1188
156295,1113,1197
9917,1123,1188
226327,1171,1236
266168,1175,1236
243806,1179,1236
222332,1181,1258
193123,1183,1267
399322,1184,1263
123319,1201,1266
182989,1204,1263
1751,1298,1358
209003,1302,1382
174306,1304,1376
629,1305,1366
318400,1307,1388
38577,1334,1386
206871,1335,1394
207613,1336,1387
99637,1427,1513
107942,1606,1685
87695,1608,1686
399321,1610,1675
156930,1772,1833
255686,1784,1831
41776,1793,1852
166615,1804,1854
87694,1897,2020
42645,1899,2001
362160,1905,2011
8023,1906,1994
91230,1907,2000
219553,1909,2011
393033,1930,2013
232461,1962,2029
170294,1965,2024
176097,1997,2097
355349,1997,2105
362162,2008,2093
362159,2008,2100
15363,2009,2106
107835,2010,2094
174471,2022,2093
15365,2023,2086
8328,2181,2245
36523,2181,2248
226328,2181,2273
294194,2181,2298
7857,2182,2288
166619,2182,2314
97627,2183,2254
209005,2185,2300
399324,2186,2248
174186,2186,2305
37717,2191,2255
42847,2191,2276
234244,2196,2309
310044,2203,2292
140746,2205,2297
22519,2206,2262
34472,2209,2304
18064,2218,2329
886,2219,2326
26870,2221,2305
10724,2222,2327
126226,2223,2351
288413,2241,2350
265442,2254,2354
280268,2288,2351
296362,2295,2359
185374,2300,2366
221578,2308,2357
393034,2312,2354
171360,2369,2416
317066,2370,2438
92057,2377,2436
343989,2378,2438
114661,2441,2503
127097,2450,2515
122800,2451,2558
264463,2452,2538
7859,2453,2503
71282,2455,2503
208809,2456,2512
95806,2456,2517
95805,2457,2518
69320,2457,2523
57909,2477,2541
243811,2480,2542
90835,2959,3003
243451,2959,3041
160261,2961,3005
1752,2962,3007
193120,2962,3030
193119,2964,3028
56370,2965,3036
174185,2966,3024
241752,2967,3029
56369,2967,3038
340507,2976,3042
249358,2980,3041
332940,2985,3064
303005,2994,3069
159003,3189,3240
293176,3195,3259
396288,3197,3278
105587,3215,3297
403474,3228,3279
329739,3248,3313
99637,3292,3380
216319,3566,3683
166617,3590,3676
80586,3591,3687
226325,3591,3697
229894,3599,3710
14470,3600,3656
216318,3600,3685
112128,3601,3660
290370,3601,3676
147590,3602,3678
166616,3606,3704
5210,3607,3689
87697,3623,3744
886,3630,3740
193121,3692,3757
25,3843,3938
1753,3858,3945
165047,3859,3923
25,3860,3921
95808,3862,3932
40924,3920,3987
219177,3933,3994
44763,3934,3982
20054,3935,3998
207612,3960,4044
286573,3993,4128
87693,4008,4117
240301,4013,4137
107943,4016,4130
91231,4016,4148
60550,4017,4092
118438,4018,4109
338167,4018,4114
107834,4018,4119
98793,4018,4136
42645,4025,4113
10827,4031,4107
10828,4031,4114
81608,4035,4116
143998,4040,4132
329334,4043,4110
127098,4050,4102
143999,4052,4147
116127,4053,4137
303004,4054,4149
54478,4056,4148
383302,4058,4149
118751,4059,4108
43164,4062,4148
8024,4082,4149
113924,4084,4148
209006,4230,4318
263376,4230,4353
304198,4231,4327
63589,4234,4333
79564,4236,4319
68651,4239,4304
10282,4244,4302
259966,4250,4333
338527,4251,4353
352700,4259,4378
157647,4260,4359
352699,4261,4351
54633,4264,4347
356884,4264,4353
69188,4264,4358
36902,4268,4341
84197,4268,4347
108738,4269,4350
138569,4272,4334
40921,4272,4340
26489,4272,4343
71283,4274,4344
288756,4282,4341
16430,4282,4372
44764,4283,4340
65245,4295,4351
394539,4300,4368
6621,4301,4363
26879,4302,4373
