135689,141,226
120666,141,241
293479,141,247
184314,141,255
324632,141,262
203394,141,270
107776,142,187
301160,145,241
333,145,307
381074,148,218
167050,148,258
250379,150,233
268636,153,317
254831,154,310
71976,155,329
82419,157,246
404156,157,274
334629,157,294
60405,158,231
293480,158,307
368058,158,314
254039,161,296
313629,162,215
407888,164,283
304590,164,292
50132,165,315
361314,167,234
333,167,287
121511,172,233
320877,177,315
119589,178,311
154840,179,306
392930,183,300
20665,183,359
205907,184,323
164483,185,338
168875,187,289
133097,191,331
328212,191,337
184330,192,277
74408,192,343
184313,192,362
99689,195,356
91094,196,320
401151,196,337
108014,197,342
74413,209,304
154842,214,344
250377,218,368
230846,218,387
349607,220,285
334637,223,287
324631,225,286
220485,226,335
108398,227,291
185294,228,345
184315,229,353
334630,230,362
337032,231,287
135518,231,315
368059,232,357
34786,233,350
69339,236,309
97977,236,318
322674,237,311
120041,239,302
255172,243,349
24253,244,331
169193,245,373
355667,249,337
359427,249,382
332622,250,316
404950,251,327
167271,251,336
126739,255,355
368870,255,388
69238,256,368
408445,257,314
50133,257,325
154844,258,348
136055,259,314
8639,259,317
267333,259,328
61392,260,313
154847,261,378
160657,264,360
69237,264,379
10851,269,391
127154,270,353
195443,270,410
379590,278,378
255173,281,392
124441,282,384
321710,287,417
398864,288,362
198666,290,339
203376,291,400
268635,295,422
54277,303,382
203393,303,467
63315,304,436
155215,309,419
65549,311,368
345870,312,416
351438,312,429
328437,318,433
3816,318,468
71977,320,459
67833,321,440
292728,323,453
39919,326,447
219337,327,389
65062,328,465
169125,331,443
312403,334,480
184329,339,460
83481,339,466
39917,345,471
352474,347,410
886,347,468
90177,356,478
40700,357,488
169126,358,500
4917,359,465
10489,360,473
886,361,457
26451,362,481
71978,364,445
18941,365,437
358929,365,482
379591,366,410
351437,367,447
34785,367,512
53499,368,495
886,370,485
38458,372,456
259,379,509
63316,380,476
140871,383,510
35143,384,513
338481,386,525
286665,389,461
202263,393,515
401591,395,482
282771,398,512
169127,398,516
209906,398,534
152085,399,483
368060,405,527
250378,412,535
28701,413,538
178565,413,544
404341,417,516
82201,418,495
124442,418,527
35139,419,503
276740,425,483
70350,430,568
485,431,518
328684,438,570
115266,442,526
203391,446,567
324633,446,609
293482,447,587
64478,448,555
67876,449,516
133098,450,575
13526,452,518
63958,459,523
51911,460,545
310331,463,549
397556,465,607
223807,466,596
355598,469,548
280427,473,540
120668,475,629
108402,476,592
131425,477,586
328685,479,596
27969,482,581
67832,486,643
100390,495,603
288477,496,559
376111,496,562
141276,496,583
162137,500,621
120667,503,602
293481,506,596
234023,512,583
361749,516,610
154849,518,615
31519,521,636
31520,521,652
246679,522,590
219980,523,581
117462,525,587
50135,525,603
83483,525,614
197228,540,623
166965,543,642
126738,544,596
201805,546,613
67923,551,620
235946,551,680
56454,554,617
79540,554,639
72120,558,686
2800,561,640
39920,562,626
320878,565,646
309543,566,624
318301,566,641
10546,566,689
318683,570,632
235878,571,636
185211,571,641
144546,573,628
368062,573,637
193213,596,678
162136,600,719
2163,605,717
5532,606,729
64484,609,681
345871,612,722
154843,612,750
7346,615,717
157118,620,698
20666,628,733
321712,630,727
304591,635,715
124446,638,694
368061,647,715
250762,651,801
28153,659,737
140872,659,763
35852,660,754
154841,660,807
255464,664,768
202262,672,786
124443,680,763
28700,683,766
162776,685,808
169371,688,790
252119,689,809
257073,690,824
364578,693,821
72116,708,822
21714,720,810
194624,722,790
234022,725,854
321711,730,823
56452,734,860
154850,736,812
71975,739,859
255463,739,868
165677,740,865
7636,741,875
392045,763,896
390334,764,857
292727,766,883
36965,767,823
236411,768,856
82421,776,826
203392,779,899
370381,786,883
345869,790,878
320876,791,880
328438,805,899
219338,810,899
20810,822,899
27483,824,886
107037,824,892
202265,829,890
98845,830,891
237583,844,898
74409,1071,1129
364449,1071,1160
398680,1071,1179
56453,1072,1189
364448,1076,1127
10384,1076,1131
378323,1081,1174
328231,1086,1151
67631,1111,1196
230849,1113,1176
326455,1113,1183
326456,1113,1186
21762,1122,1251
222914,1131,1214
349603,1139,1209
404158,1139,1213
325472,1145,1219
243134,1145,1258
341866,1146,1207
235945,1148,1210
301911,1149,1251
61841,1150,1209
358933,1152,1227
175239,1153,1213
318153,1154,1271
4076,1155,1236
254830,1156,1210
349606,1159,1259
7910,1161,1208
124597,1162,1214
71016,1164,1215
33971,1165,1210
20259,1171,1214
326737,1172,1237
287647,1175,1258
18730,1178,1239
270723,1178,1246
243305,1185,1250
185205,1186,1270
378324,1190,1271
74412,1193,1259
267335,1195,1276
250950,1197,1240
30564,1198,1259
148448,1201,1301
318684,1205,1271
301910,1216,1318
21761,1248,1339
344223,1248,1343
338480,1249,1337
358934,1252,1340
368064,1443,1503
235425,1579,1630
378320,1580,1632
14417,1580,1660
16654,1580,1672
20208,1582,1623
47882,1592,1677
108401,1593,1725
392932,1597,1693
93644,1600,1716
398681,1603,1671
24675,1603,1695
274332,1606,1680
11257,1606,1715
310511,1608,1701
178102,1611,1724
328213,1613,1686
162141,1613,1726
162139,1613,1757
212575,1617,1733
74414,1630,1745
178099,1634,1754
152087,1634,1766
14100,1635,1738
63307,1638,1718
886,1638,1747
235944,1639,1739
358929,1640,1758
328215,1642,1749
334635,1642,1753
32920,1646,1756
886,1648,1775
185208,1651,1748
121415,1652,1738
152086,1653,1768
235418,1661,1747
392929,1673,1770
185207,1675,1782
178097,1676,1773
38194,1682,1769
28757,1685,1767
265,1687,1768
222909,1695,1765
53063,1702,1767
47687,1729,1797
263037,1731,1798
209521,1731,1801
36423,1734,1821
34784,1735,1825
42944,1739,1801
274330,1741,1810
141779,1751,1812
4900,1771,1836
186581,1771,1858
184321,1775,1863
162140,1778,1840
136019,1784,1857
161217,1804,1873
362668,1807,1873
184312,1807,1887
184322,1808,1929
84234,1813,1892
24247,1817,1896
358927,1817,1991
249352,1818,1871
186580,1819,1893
293767,1820,1889
358943,1820,1895
184320,1828,1940
105397,1836,1932
226182,1839,1892
358942,1839,1990
105401,1842,1895
33973,1842,1907
209912,1844,1942
83482,1846,1944
202266,1870,1935
123588,1876,1944
4275,1877,1937
237577,1877,1942
255158,1878,1934
203399,1890,1947
167082,1896,1962
176068,1897,1955
151839,1899,1971
213678,1916,1988
343961,1918,1968
237582,1922,1990
185446,1922,2014
295779,1925,2014
69236,1929,2015
64483,1935,2002
199169,1936,2004
182096,1937,2019
120663,1939,2003
392933,1941,2019
16920,1943,2004
358945,1945,2061
199722,1947,2007
301159,1949,2012
142262,1950,2013
274180,1952,2017
48463,1956,2020
363016,1957,2023
278573,1961,2017
360763,1967,2017
95287,1970,2013
358936,1972,2057
63304,2051,2127
382339,2054,2144
378322,2054,2152
235424,2055,2171
355200,2058,2137
355201,2058,2142
185206,2067,2147
63305,2067,2174
235423,2071,2170
1823,2075,2137
203397,2084,2140
93040,2084,2164
222913,2105,2234
218460,2119,2179
68540,2119,2182
295778,2144,2234
312402,2145,2212
388650,2145,2217
20672,2145,2225
388649,2146,2215
358944,2147,2220
358928,2147,2233
250758,2149,2226
20667,2155,2219
352477,2173,2216
167270,2175,2231
78658,2526,2594
204072,2536,2631
63314,2538,2596
188213,2542,2618
64482,2543,2621
110752,2571,2631
301138,2595,2673
320879,2596,2668
318393,2596,2696
358931,2597,2664
184319,2597,2722
184318,2598,2653
352478,2598,2669
334329,2598,2685
185210,2600,2664
24247,2600,2673
315290,2601,2669
358927,2603,2769
358937,2604,2762
358940,2605,2673
126740,2616,2674
287644,2625,2691
33972,2626,2684
105398,2626,2721
23882,2635,2704
41788,2637,2707
185293,2638,2736
274328,2641,2704
63312,2644,2723
6537,2647,2721
235421,2654,2723
4275,2656,2721
128477,2661,2721
313628,2664,2721
155071,2666,2725
358941,2667,2790
204071,2668,2732
311286,2670,2719
54011,2671,2738
401858,2672,2736
398679,2673,2722
63311,2673,2748
359423,2674,2758
76866,2689,2769
126777,2694,2764
47726,2698,2761
33026,2698,2767
185446,2700,2792
404339,2710,2767
109729,2717,2786
59088,2720,2781
82418,2720,2794
287802,2722,2785
195440,2726,2788
364450,2727,2798
352476,2800,2911
51134,2842,2911
254832,2854,2907
235422,2856,2927
111202,2858,2921
70354,2859,2909
218459,2860,2942
318300,2879,2934
5168,2913,3004
100941,2916,3001
398678,2923,3000
76860,2923,3004
126742,2923,3043
1345,2929,2996
124445,2929,3040
205906,2935,3052
4117,2938,2999
148548,2938,3032
66934,2939,2989
202267,2941,3055
316907,2948,3058
126741,2953,3071
278103,2955,3013
65832,2957,3043
334636,2963,3064
297971,2964,3045
318394,2984,3077
310512,2995,3056
344224,2996,3063
218456,3003,3077
252121,3010,3081
22978,3026,3080
202268,3081,3176
109727,3084,3176
144549,3086,3174
21761,3094,3180
123821,3233,3305
334638,3233,3321
358939,3233,3335
63306,3245,3338
349609,3249,3367
32925,3253,3339
211032,3253,3344
211033,3255,3340
47805,3256,3313
12132,3257,3366
184316,3258,3318
358938,3259,3355
361315,3261,3328
188826,3261,3343
222912,3261,3347
178100,3262,3331
50372,3262,3354
211034,3265,3368
310226,3269,3334
211030,3271,3340
358928,3273,3368
201456,3274,3342
175517,3279,3340
98781,3281,3367
152089,3282,3359
69239,3316,3364
197227,3422,3492
330040,3423,3478
23777,3433,3495
76862,3437,3497
250759,3444,3495
293764,3448,3512
48462,3449,3531
72119,3451,3516
109726,3497,3583
281610,3499,3569
162203,3546,3601
82420,3547,3617
309155,3550,3613
235420,3624,3704
195436,3644,3706
399022,3646,3703
230845,3653,3736
88308,3664,3721
222910,3668,3726
28043,3668,3728
69240,3668,3730
235419,3668,3764
211035,3669,3717
5385,3669,3735
318392,3670,3741
81138,3672,3721
119591,3673,3725
97120,3673,3736
115268,3679,3744
178098,3680,3741
82410,3688,3769
20811,3699,3773
378366,3699,3818
313171,3703,3767
34787,3706,3788
378319,3707,3784
169192,3708,3770
67877,3711,3777
358025,3715,3789
226180,3716,3823
122982,3719,3775
82414,3728,3829
301161,3733,3833
344222,3737,3819
206042,3738,3834
206043,3742,3835
212576,3746,3829
105399,3747,3833
149626,3752,3830
267336,3767,3829
123943,3889,3939
76861,3889,3967
5893,3890,3942
986,3890,3954
29815,3890,3965
108399,3890,3972
347229,3891,3952
334331,3891,3980
250760,3891,4040
78671,3892,4006
136489,3893,3953
128016,3893,3958
230850,3893,3985
312354,3895,3959
109728,3895,4018
209816,3896,3958
130846,3897,3960
61398,3897,3967
82407,3898,3985
239165,3898,3996
72118,3901,3977
301909,3903,4033
46894,3906,3965
364446,3906,3982
82413,3906,4021
72117,3906,4027
82409,3908,3991
203389,3908,4003
203387,3908,4029
7771,3909,3987
185729,3909,4043
93930,3910,3983
34261,3912,3972
2819,3912,4011
19623,3912,4015
17730,3913,3991
313168,3915,4066
196901,3917,4033
235736,3921,3985
3449,3921,4032
398677,3928,4042
200295,3941,4006
401592,3941,4053
209908,3944,4060
301908,3947,4081
32928,3955,4045
82412,3955,4089
205908,3957,4029
82411,3957,4097
886,3958,4079
287649,3961,4080
28550,3961,4086
82415,3962,4077
286373,3965,4065
82408,3965,4070
403099,3970,4097
311068,3971,4041
24670,3972,4052
82601,3973,4063
886,3973,4069
75597,3974,4048
234019,3976,4034
226181,3976,4056
328210,3977,4064
307256,3980,4056
886,3981,4085
162204,3981,4097
274331,3982,4073
32922,3986,4063
32921,3986,4072
292860,3987,4077
334631,3988,4085
250375,3991,4108
23772,3992,4082
338483,3996,4083
74411,3996,4089
63309,3999,4079
244590,3999,4103
234020,4000,4083
292861,4005,4083
120664,4012,4081
344221,4018,4081
278107,4019,4085
22088,4025,4097
368063,4037,4099
24673,4037,4101
345872,4039,4108
340505,4117,4172
165774,4190,4249
268350,4239,4296
63308,4244,4312
105400,4266,4324
358935,4305,4390
54740,4319,4390
23773,4323,4390
334330,4326,4391
142988,4327,4390
23883,4330,4390
76864,4331,4391
269140,4332,4390
152084,4334,4390
392047,4607,4670
287803,4617,4695
24672,4620,4707
318299,4622,4688
152091,4623,4680
120665,4624,4686
162142,4627,4733
116423,4654,4695
388651,4659,4739
349604,4682,4746
337031,4719,4798
234025,4735,4844
234024,4746,4877
154194,4749,4819
263554,4751,4838
313169,4777,4842
59818,4789,4862
287648,4799,4889
321713,4800,4886
24671,4803,4871
97118,4803,4877
319097,4812,4874
391160,4815,4930
148443,4816,4877
197654,4818,4864
404338,4818,4883
276968,4822,4877
404340,4823,4882
363466,4823,4887
326453,4824,4891
31430,4843,4903
306168,4847,4909
318391,4863,4928
22829,4870,4928
250374,4873,4955
306112,4881,4935
117746,4887,4948
209911,4895,4956
26963,4898,4956
145116,4902,4972
290874,4905,4962
169631,4906,4979
326454,4907,4963
110403,4909,4956
358026,4910,4955
378318,4910,4957
219736,4910,4959
293766,4923,5011
237579,4929,5000
115267,4958,5013
64481,4959,5006
361743,4966,5018
32918,5147,5206
287804,5147,5210
50134,5148,5270
30925,5149,5212
178101,5154,5271
278106,5155,5223
349608,5158,5228
243304,5159,5262
276738,5163,5252
334332,5163,5262
379592,5167,5282
195439,5169,5250
11259,5169,5253
35510,5170,5222
32030,5170,5244
886,5172,5270
886,5176,5249
358933,5259,5316
392048,5259,5322
67924,5265,5344
232365,5269,5315
294871,5269,5331
14479,5271,5343
230847,5273,5354
301162,5273,5362
108397,5274,5334
97119,5276,5343
109725,5280,5360
326413,5281,5356
241685,5283,5355
75320,5284,5351
280507,5286,5354
271486,5287,5339
271829,5287,5348
265146,5288,5349
105403,5290,5355
144547,5292,5363
132874,5373,5446
21761,5383,5468
358934,5389,5474
235725,5403,5477
404342,5403,5481
46605,5413,5477
41061,5414,5475
267439,5414,5478
321761,5418,5482
254828,5429,5475
178095,5429,5514
60826,5434,5496
392046,5434,5517
161775,5445,5502
140874,5446,5512
378321,5451,5512
379593,5564,5605
225762,5565,5658
63310,5581,5664
184311,5593,5669
23775,5600,5675
100940,5607,5668
328219,5608,5669
230844,5609,5666
124448,5609,5671
97976,5609,5676
408446,5615,5677
38348,5618,5676
82502,5624,5677
314103,5625,5676
22418,5632,5676
379609,5713,5782
124444,5971,6023
63313,5972,6036
11258,5972,6057
820,5972,6100
195438,5981,6070
886,5983,6098
20669,5984,6058
109281,5985,6104
154848,5987,6070
16922,5987,6092
886,5988,6078
30283,5990,6076
235947,5997,6057
91694,5997,6079
112969,5999,6101
341867,6008,6101
50130,6020,6083
140873,6165,6230
2368,6166,6225
235949,6174,6277
20671,6176,6247
378367,6182,6270
136968,6205,6275
237581,6209,6271
359424,6211,6277
287650,6225,6277
334632,6339,6434
180997,6340,6443
70349,6342,6422
76869,6346,6410
83479,6346,6433
308053,6347,6402
38261,6347,6413
338479,6347,6424
195441,6347,6435
311069,6347,6475
251236,6348,6395
318302,6348,6401
382338,6348,6462
301142,6349,6426
162777,6351,6415
209907,6352,6435
7566,6354,6462
403098,6356,6429
83478,6359,6439
343927,6360,6433
282770,6368,6438
17792,6371,6453
186582,6372,6445
108400,6374,6434
334633,6375,6459
171325,6376,6467
235417,6382,6471
20812,6384,6475
290072,6392,6475
196832,6396,6459
211027,6401,6464
314146,6408,6469
326452,6420,6487
186413,6423,6483
82404,6425,6516
82403,6425,6540
140869,6426,6490
30926,6426,6492
152092,6437,6526
33975,6440,6526
33974,6444,6527
358023,6452,6526
24669,6462,6528
268637,6511,6581
209909,6527,6620
328218,6531,6597
165330,6535,6584
303402,6535,6602
283306,6537,6601
261750,6539,6585
306167,6560,6640
116488,6566,6634
139826,6571,6659
184310,6586,6646
184312,6590,6656
358931,6592,6655
312401,6597,6668
32926,6601,6646
355202,6627,6675
211187,6649,6733
358930,6665,6736
403547,6838,6904
222908,6839,6898
24668,6840,6924
323478,6841,6902
287588,6844,6891
24410,6845,6927
349220,6852,6902
352473,6852,6929
54183,6854,6934
184317,6865,6927
34789,6869,6930
145662,6872,6936
209910,6885,6940
151082,6928,7001
358932,6939,7007
337033,7178,7248
301141,7200,7272
173660,7208,7272
110751,7219,7285
32927,7227,7294
152093,7241,7301
299802,7243,7299
351189,7243,7301
322489,7244,7298
39916,7248,7301
119588,7253,7300
9706,7381,7475
39918,7381,7480
218455,7383,7456
68339,7395,7460
59721,7395,7504
11260,7396,7464
326451,7396,7485
70351,7399,7463
24248,7400,7477
233906,7401,7473
401594,7402,7496
24254,7403,7485
168636,7404,7471
237575,7407,7496
9975,7415,7477
24255,7431,7526
20598,7434,7528
209904,7437,7511
115993,7440,7502
162202,7440,7507
33970,7440,7525
226996,7442,7532
83480,7443,7504
157119,7443,7506
147007,7443,7516
172313,7444,7508
301140,7449,7528
351155,7450,7518
18702,7452,7561
221753,7455,7500
139321,7459,7524
140601,7462,7526
269495,7465,7509
33967,7465,7548
267438,7467,7524
136969,7467,7572
237949,7468,7540
349602,7469,7532
367789,7470,7533
5169,7471,7534
219981,7471,7553
106072,7474,7536
271960,7475,7533
16921,7476,7551
255159,7477,7528
315138,7480,7570
235415,7480,7585
33968,7481,7554
235413,7482,7558
231707,7482,7562
38821,7483,7546
70353,7484,7578
227348,7498,7557
65752,7506,7592
202264,7511,7572
275212,7535,7600
255106,7542,7602
130931,7543,7622
233489,7549,7611
310236,7559,7629
338478,7571,7646
348616,7575,7638
144385,7576,7642
344219,7577,7631
355080,7581,7632
338477,7583,7646
144545,7585,7640
116425,7587,7646
169368,7591,7647
162138,7672,7773
15461,7673,7770
343959,7674,7756
211189,7680,7748
14389,7680,7789
211026,7681,7752
108428,7681,7802
23774,7696,7812
39958,7702,7796
7250,7702,7804
39715,7703,7765
6175,7703,7770
278104,7703,7791
10548,7703,7814
116424,7707,7805
30922,7707,7816
145123,7719,7780
372316,7719,7787
77500,7801,7875
203388,7810,7886
4987,7817,7886
12038,7819,7878
70194,7824,7885
301907,7840,7903
9974,7841,7902
274699,7841,7931
293765,7845,7944
133253,7846,7942
10491,7846,7948
278101,7847,7927
278105,7847,7938
18703,7848,7931
150557,7849,7903
115265,7849,7912
287651,7856,7936
108403,7856,7950
26452,7858,7941
20670,7858,7951
237578,7860,7930
292862,7860,7944
169768,7866,7946
98778,7869,7954
204070,7874,7943
23881,7878,7943
318843,7903,7951
56451,8031,8100
345868,8233,8308
327457,8235,8296
74407,8238,8302
198559,8238,8313
82417,8259,8320
287645,8261,8329
97879,8264,8347
3216,8334,8399
14408,8335,8398
309154,8337,8405
364447,8345,8415
252120,8483,8547
92147,8486,8540
328217,8498,8564
237580,8501,8577
290873,8502,8597
276739,8507,8567
252789,8540,8611
74233,8723,8767
116428,8727,8784
222911,8769,8843
63846,8773,8849
250761,8783,8844
162775,8783,8850
105404,8787,8869
74239,8790,8873
355203,8852,8926
144434,8862,8926
191429,8862,8932
315712,8869,8930
127200,8875,8936
19607,8878,8964
57187,8879,8951
402995,8883,8946
55883,8892,8947
301139,8911,8972
179227,8912,8963
287646,8952,9060
225857,9010,9097
70352,9037,9104
44139,9039,9105
186414,9043,9104
162573,9160,9219
22089,9160,9221
19607,9160,9234
105402,9160,9243
128967,9161,9218
85807,9165,9220
210527,9169,9236
151360,9169,9246
305839,9185,9246
154845,9192,9281
120670,9192,9287
95765,9195,9274
328211,9195,9280
69198,9198,9260
154846,9199,9286
4999,9229,9275
398676,9317,9379
246812,9320,9364
22092,9320,9389
69235,9321,9365
358936,9321,9397
195442,9367,9429
195434,9372,9438
78456,9375,9437
96500,9375,9444
359425,9378,9429
151436,9380,9451
32917,9380,9456
158618,9381,9454
269142,9382,9438
63532,9385,9444
203395,9386,9452
88427,9389,9445
235948,9396,9484
268633,9397,9445
249350,9411,9525
211029,9420,9522
358935,9428,9505
169194,9437,9516
278102,9437,9519
2816,9437,9524
54740,9438,9505
83477,9438,9540
74406,9441,9525
2801,9442,9533
185209,9443,9553
2801,9445,9515
203398,9445,9532
211031,9557,9652
387391,9619,9682
344220,9620,9685
161774,9620,9698
359428,9623,9698
230843,9624,9676
140600,9624,9696
138302,9628,9702
249351,9630,9723
234021,9630,9731
20118,9636,9697
185895,9638,9696
74234,9638,9701
141400,9640,9701
151838,9641,9726
358924,9642,9691
13577,9643,9718
278100,9643,9725
343960,9646,9730
126737,9647,9715
162803,9650,9714
361742,9653,9701
207110,9653,9715
72115,9654,9710
278495,9659,9713
368057,9668,9732
74236,9734,9840
274327,9753,9835
310161,9754,9838
74235,9755,9853
395425,9756,9845
207356,9767,9847
100450,9773,9826
276737,9773,9828
66429,9773,9839
338485,9773,9843
401593,9774,9836
263036,9775,9877
404155,9776,9828
71123,9780,9849
119352,9786,9866
1595,9789,9851
22091,9790,9840
294872,9790,9843
72557,9790,9862
324630,9791,9890
275600,9792,9838
82414,9793,9883
109444,9799,9870
252328,9809,9868
253236,9815,9880
22090,9815,9891
123268,9816,9881
116427,9816,9895
284820,9818,9880
334634,9824,9880
358924,9824,9890
82416,9825,9898
185203,9977,10051
230848,9977,10055
47069,9980,10051
250763,9982,10058
313167,9985,10060
252788,9991,10072
124440,9994,10073
78524,9997,10087
195437,9997,10093
209905,9998,10064
401150,9998,10081
123423,10001,10093
392931,10003,10110
66938,10013,10081
142244,10015,10086
74238,10015,10092
11261,10019,10118
39913,10020,10089
93039,10021,10137
302591,10024,10078
325231,10030,10081
404949,10032,10093
134146,10033,10094
338482,10033,10101
69233,10034,10089
7358,10034,10099
114137,10038,10083
34670,10056,10118
152094,10058,10144
195533,10059,10138
169370,10060,10129
169369,10063,10133
211188,10068,10133
7332,10069,10132
226185,10078,10136
312400,10108,10178
184309,10109,10230
24249,10112,10174
185204,10112,10176
293478,10113,10200
358937,10115,10270
358942,10134,10274
358930,10169,10249
269139,10176,10233
358926,10177,10256
47755,10178,10239
226183,10178,10273
56450,10179,10244
69234,10180,10256
358925,10180,10276
223,10182,10247
37401,10182,10258
226184,10183,10262
23312,10185,10255
352475,10192,10266
39912,10197,10267
222906,10199,10264
13578,10203,10275
195040,10206,10267
145115,10209,10266
33026,10210,10275
37764,10212,10276
23776,10215,10280
311067,10219,10280
129749,10220,10273
359429,10221,10284
287806,10224,10296
136967,10227,10315
22974,10228,10320
148170,10274,10365
237576,10276,10339
373851,10295,10391
334628,10299,10361
181804,10300,10366
124447,10314,10389
352472,10314,10401
251830,10321,10384
203396,10321,10402
5171,10327,10389
106073,10333,10401
338484,10339,10401
203390,10367,10430
391161,10377,10441
120669,10385,10449
371936,10392,10451
223837,10392,10459
269141,10505,10580
23771,10506,10576
185202,10510,10581
293768,10526,10580
53448,10623,10715
185204,10626,10684
358943,10626,10691
293477,10627,10692
318390,10627,10701
24250,10627,10710
358940,10628,10693
301136,10630,10709
63319,10636,10727
120671,10640,10758
107190,10652,10713
63318,10655,10740
82406,10666,10710
250373,10672,10741
235416,10676,10760
328216,10682,10727
108404,10682,10739
65535,10683,10755
328214,10683,10772
24864,10687,10749
40689,10689,10766
63317,10690,10774
287652,10691,10763
274329,10771,10831
76868,10771,10836
108015,10771,10849
76845,10771,10865
74404,10772,10834
136971,10772,10847
2498,10772,10855
303692,10772,10859
321825,10772,10882
185292,10772,10888
56449,10772,10894
100379,10773,10833
131984,10773,10861
218457,10773,10870
18018,10773,10876
108016,10775,10855
24251,10775,10862
3774,10777,10830
134055,10777,10847
3771,10784,10855
31979,10786,10861
295777,10791,10876
301137,10797,10880
16923,10810,10862
293763,10822,10882
33969,10823,10884
187020,10825,10887
318303,10825,10899
358941,10825,10938
358926,10828,10902
24252,10832,10911
358925,10832,10921
74237,10835,10898
136970,10835,10905
364577,10838,10895
82405,10839,10908
74405,10844,10901
129263,10849,10939
222905,10850,10918
10490,10852,10917
270482,10854,10899
326450,10854,10910
131144,10855,10923
202261,10856,10944
20482,10858,10918
76863,10862,10918
304589,10864,10929
100414,10882,10939
358945,10882,10979
378317,10979,11067
358939,10984,11077
352006,10995,11088
310510,11006,11085
358938,11010,11087
20668,11012,11090
66936,11013,11074
198291,11016,11074
18704,11016,11076
222907,11016,11095
129265,11018,11086
151435,11019,11089
292165,11021,11083
178096,11022,11069
358944,11022,11086
254829,11023,11077
358932,11023,11085
32600,11023,11091
211028,11024,11078
123603,11025,11089
76865,11027,11084
349605,11029,11125
152088,11030,11090
5170,11030,11140
70389,11031,11085
165475,11034,11078
249395,11042,11136
109723,11045,11115
404157,11046,11147
98779,11060,11134
81135,11099,11153
230581,11120,11179
66937,11305,11392
64480,11321,11413
48026,11324,11383
30923,11338,11413
81137,11341,11411
81136,11342,11409
885,11347,11409
119590,11442,11503
71530,11442,11505
267334,11442,11523
76867,11487,11582
108017,11520,11585
25,11652,11749
235943,11656,11755
25,11671,11736
195435,11798,11860
96447,11811,11876
290858,11814,11883
32919,11818,11876
374526,11826,11874
374525,11826,11886
364445,11828,11904
41133,11828,11911
311618,11831,11909
162571,11832,11889
267692,11833,11910
117745,11839,11909
350698,11839,11919
182138,11841,11904
4042,11844,11903
153392,11844,11907
50131,11844,11921
148169,11845,11900
379589,11847,11927
165474,11848,11913
162572,11856,11912
13579,11899,11999
315139,11906,12019
368056,11913,11995
39914,11920,11987
129127,11921,11991
265611,11924,11994
154839,11931,11985
111201,11931,11988
408447,11931,12036
23880,11935,12001
132873,11935,12032
343926,11936,11990
46943,11936,11997
32924,11942,12048
235414,11943,12081
98780,11955,12067
109724,11960,12023
392139,11961,12019
30924,11961,12066
34671,11962,12018
56448,11962,12024
211190,11962,12032
142803,11963,12017
274326,12027,12087
223623,12065,12128
67831,12105,12157
64479,12192,12350
32923,12193,12285
126744,12193,12298
214448,12195,12300
326414,12199,12295
26941,12208,12339
97112,12219,12278
116228,12219,12317
199168,12219,12352
218458,12220,12331
144548,12222,12285
14729,12222,12333
116426,12226,12346
203611,12227,12340
129264,12229,12331
168637,12231,12350
355666,12233,12339
66935,12245,12365
193132,12246,12351
287805,12247,12370
24674,12247,12379
31465,12256,12358
74410,12260,12351
313170,12260,12365
268634,12261,12346
345867,12269,12426
214450,12271,12409
359426,12273,12329
140870,12273,12356
279286,12273,12366
167268,12275,12401
147008,12276,12412
393657,12279,12362
152090,12280,12385
169051,12281,12360
10547,12281,12419
308521,12284,12361
24242,12285,12346
390333,12288,12349
358024,12291,12406
39915,12296,12437
169191,12300,12361
286664,12301,12419
151437,12302,12405
126743,12303,12376
231981,12304,12386
200921,12312,12412
132872,12317,12401
167269,12317,12409
219339,12319,12398
214449,12323,12435
7568,12328,12437
250376,12330,12393
25297,12330,12414
284318,12332,12412
140868,12333,12404
7567,12334,12446
292228,12335,12426
101391,12339,12420
77893,12348,12436
214447,12350,12422
44853,12354,12434
202260,12359,12425
124449,12375,12436
274014,12376,12434
196831,12378,12444
227334,12380,12434
34788,12382,12434
223836,12399,12460
22319,12399,12462
