31762,103,226
333,103,277
358389,114,272
311066,116,239
243870,117,178
119237,118,181
48801,122,292
140066,124,233
18803,129,193
333,129,264
336717,129,274
167503,132,213
174925,135,235
216862,137,260
333,139,287
20093,140,222
167050,140,247
123289,140,321
18905,142,227
264943,143,208
305583,145,316
206275,150,335
346700,152,309
158630,154,291
333,156,270
385453,158,296
333540,168,334
333,170,305
328261,172,233
8673,175,301
14473,178,292
333546,178,298
348822,181,244
3169,181,321
307434,186,269
199788,188,317
363290,189,270
140067,189,321
63450,190,328
63451,191,316
351970,194,337
16850,195,308
123288,202,370
133656,204,273
171886,205,268
158629,206,271
122341,206,275
174356,208,293
283506,209,306
259601,210,271
405931,210,273
28764,211,368
173341,214,286
328700,214,311
41641,214,315
102872,216,301
156246,216,307
185294,217,337
93414,221,329
319040,223,307
210428,224,302
57733,226,303
91205,227,278
100252,229,298
278852,232,293
133141,232,309
197990,232,320
299226,236,299
363289,237,357
305850,238,381
361421,241,328
292109,246,328
364231,248,355
361881,249,321
77544,250,329
59701,251,320
308534,251,359
147876,251,372
76658,253,374
324340,255,356
286952,255,403
140069,256,322
320294,260,388
302018,263,378
10851,264,387
102868,267,392
391915,269,375
84948,270,396
283384,272,382
232727,273,400
268016,277,351
104317,277,357
216863,277,390
304698,277,402
360920,278,415
125056,305,381
157776,306,396
351971,316,429
272245,317,405
405201,318,419
87012,320,403
394524,320,438
28235,324,416
307433,330,406
220248,338,460
886,339,451
358388,354,505
53279,355,486
220249,360,483
886,362,454
85261,373,465
67998,373,499
165218,374,505
268384,377,492
28765,387,534
206276,400,527
25169,405,525
104319,405,530
156902,409,488
28042,409,518
37311,410,538
385455,413,485
341042,414,464
156901,414,502
289128,415,500
224937,417,487
485,420,492
104318,444,540
170591,446,552
59031,448,540
403213,451,536
102467,458,548
87011,460,541
240541,474,543
333321,494,547
236265,504,547
92477,545,614
244976,559,648
87010,564,640
244977,570,722
325375,586,642
7346,586,674
156903,587,667
304699,587,705
120296,588,683
92441,591,667
82653,592,661
329493,592,674
99886,593,713
140068,594,716
159326,595,685
153419,598,670
225008,601,763
5100,607,670
35852,607,690
29533,607,705
324743,609,685
244978,609,778
3170,610,666
14562,610,678
99887,610,753
206277,611,720
84580,611,726
8272,612,672
28153,612,681
182732,612,731
57095,612,743
123336,612,782
216864,612,801
37312,613,738
6080,614,762
329491,615,676
306598,615,690
85636,621,728
167051,624,692
19027,625,716
268015,626,756
292722,632,749
341964,633,795
46056,635,761
21835,635,766
34777,636,755
333175,637,699
250417,639,745
329495,640,705
21686,640,769
37316,641,753
341041,641,806
170590,642,705
81065,642,801
140705,643,688
30020,647,760
153417,648,769
194898,653,791
149833,654,801
286606,655,765
107227,655,777
122349,659,842
286953,665,838
102869,668,790
124013,669,800
357950,670,758
319574,674,804
7636,675,819
120149,675,833
369671,675,841
165677,680,797
10858,681,730
264432,687,839
351935,689,868
274216,696,751
153418,699,797
329494,701,754
329492,701,873
26869,702,771
58129,703,867
54211,704,780
62005,705,855
131662,707,777
99250,709,782
268385,710,822
13158,710,863
32815,712,776
42980,713,840
71659,715,861
305584,716,855
3532,718,782
119233,718,852
37313,722,858
192872,723,837
358390,725,856
194770,730,858
169518,731,880
12555,733,841
29307,734,825
8760,741,868
46057,745,861
67999,750,824
203540,750,880
12911,754,868
278510,757,901
115875,771,892
80999,773,835
30019,773,885
92476,791,852
28234,799,881
4231,804,901
1244,822,899
85635,1010,1085
357948,1010,1094
145396,1013,1085
11199,1014,1091
86630,1018,1085
134442,1032,1096
168122,1032,1106
137711,1038,1106
81063,1047,1111
357949,1048,1109
400782,1055,1102
314249,1055,1150
59030,1060,1166
165220,1096,1224
71986,1098,1212
405203,1109,1167
154377,1109,1174
314250,1111,1170
88878,1112,1167
71987,1121,1230
123290,1128,1223
185293,1128,1246
165221,1132,1227
287164,1138,1220
102871,1140,1213
339507,1146,1207
325756,1146,1225
71046,1146,1236
333542,1147,1212
92478,1147,1250
4275,1149,1224
351937,1149,1238
261637,1157,1238
119235,1159,1212
296746,1159,1220
60788,1159,1249
345035,1160,1241
367730,1161,1239
14693,1161,1247
264610,1162,1223
71998,1166,1231
324725,1167,1230
17925,1169,1245
339509,1169,1256
197666,1171,1232
17924,1172,1242
244980,1173,1236
37314,1173,1265
131341,1174,1240
81064,1175,1236
188323,1177,1249
274427,1178,1245
357029,1187,1254
115874,1190,1250
281028,1191,1271
385454,1192,1248
14421,1192,1262
11063,1194,1248
251291,1195,1258
68000,1195,1266
157775,1198,1269
157779,1198,1286
251290,1206,1273
287166,1214,1290
71993,1232,1290
154710,1389,1468
304598,1395,1465
267708,1399,1534
50321,1403,1472
385628,1406,1480
382442,1413,1500
341972,1413,1510
145397,1425,1493
402381,1476,1543
192399,1499,1595
12588,1522,1594
165219,1578,1700
156904,1582,1705
287165,1586,1701
165222,1586,1710
402382,1590,1709
25,1598,1708
244979,1599,1658
346698,1611,1709
25,1627,1711
25,1646,1711
194894,1784,1861
62150,1792,1862
294096,1795,1866
194449,1801,1874
23758,1804,1891
230373,1810,1873
71357,1819,1894
159322,1846,1895
339508,1851,1917
102870,1865,1944
164048,1873,1951
131661,1873,1972
157778,1898,1970
286957,1919,2027
159323,1922,1985
39475,1923,2029
360826,1925,2027
267712,1933,2029
238305,1934,2026
264119,1935,2050
333548,1943,2026
211524,1954,2033
339510,1962,2023
272244,1962,2028
216858,1965,2054
264118,1965,2075
290358,1966,2025
21684,1966,2027
82651,1969,2029
95041,1969,2035
391646,1969,2047
278513,1969,2052
71985,1970,2028
194896,1970,2031
391471,1971,2032
416,1973,2025
28154,1975,2025
216859,1975,2037
167052,1976,2049
63504,1977,2027
82650,1977,2059
400994,1990,2054
32846,2157,2223
341968,2159,2265
267708,2162,2297
341971,2163,2258
339511,2163,2263
385628,2164,2232
173807,2165,2223
141534,2166,2244
53426,2167,2275
28653,2172,2251
157791,2191,2255
28151,2192,2267
148598,2197,2292
86349,2219,2282
131659,2219,2295
99888,2221,2278
8674,2221,2299
159327,2222,2281
129353,2222,2288
305585,2222,2303
348821,2225,2305
402380,2227,2308
76314,2234,2290
71660,2241,2305
272240,2243,2304
101102,2255,2307
305852,2373,2464
53280,2522,2585
93479,2523,2598
71658,2525,2580
261706,2526,2594
36550,2526,2602
365466,2526,2610
273893,2527,2596
184383,2528,2579
125527,2533,2600
168124,2535,2587
302015,2535,2590
46058,2537,2601
157774,2537,2606
88228,2537,2611
164803,2539,2598
270045,2545,2609
251289,2585,2647
30018,2608,2711
30017,2620,2728
86755,2633,2705
126784,2636,2706
267709,2636,2733
394527,2639,2729
333547,2641,2731
131017,2642,2733
5443,2644,2731
92479,2646,2730
32084,2646,2770
216865,2648,2720
184384,2650,2730
362642,2653,2732
369667,2653,2737
60789,2653,2755
220247,2653,2762
278512,2653,2769
71356,2655,2774
361744,2657,2730
160696,2658,2734
26258,2661,2728
6537,2661,2731
284332,2662,2753
356380,2663,2730
4275,2665,2731
342556,2665,2769
358391,2666,2728
110589,2667,2729
379166,2668,2747
264118,2668,2783
382441,2669,2752
82652,2672,2730
185228,2676,2731
351936,2678,2770
416,2680,2729
71995,2680,2751
71997,2680,2773
125055,2681,2765
152595,2681,2770
273550,2682,2743
3171,2682,2748
203543,2682,2760
362641,2683,2735
63504,2684,2732
305851,2688,2748
355146,2690,2782
264942,2691,2751
116301,2691,2799
360825,2693,2758
272927,2698,2759
81697,2702,2758
13539,2706,2776
240993,2711,2772
70316,2716,2783
71354,2717,2801
49763,2728,2794
50750,2730,2827
120297,2732,2805
394525,2734,2786
50751,2741,2827
25455,2745,2812
101103,2747,2845
156900,2751,2831
71996,2762,2888
367758,2766,2888
26867,2768,2833
7806,2769,2831
206278,2769,2858
369668,2769,2875
342989,2771,2889
399278,2772,2848
365467,2773,2884
272928,2775,2894
360919,2776,2883
400857,2781,2843
43886,2781,2868
341969,2781,2880
351938,2786,2900
204342,2792,2871
404552,2794,2876
306749,2795,2891
373116,2797,2885
14817,2797,2910
132923,2799,2912
63449,2800,2890
363288,2802,2897
369669,2807,2916
194771,2811,2892
369670,2826,2912
151698,2843,2905
186067,2848,2912
226751,2851,2910
23956,2854,2912
333541,2859,2921
17926,2936,3040
194897,2937,3053
11200,2940,3049
16851,2943,2994
143880,2943,3042
71994,2943,3059
68001,2944,3056
104321,2951,3064
49228,2957,3061
286516,2962,3042
17927,2969,3064
30016,2974,3065
59780,2978,3064
163237,2979,3053
72662,2991,3059
355147,3002,3062
17928,3007,3064
6117,3014,3065
28041,3121,3173
170044,3122,3175
157777,3124,3250
131660,3129,3213
253700,3129,3268
13622,3137,3264
191158,3138,3238
322496,3141,3230
8763,3141,3270
185229,3145,3265
2498,3152,3238
215976,3153,3230
185292,3153,3278
21847,3154,3226
8478,3154,3253
18018,3156,3263
165217,3158,3225
405932,3158,3285
3771,3166,3230
81177,3169,3236
99884,3186,3278
259602,3189,3275
267710,3197,3263
286954,3197,3277
231187,3198,3280
219353,3199,3265
195168,3199,3283
287162,3201,3262
166187,3201,3267
129354,3201,3272
60788,3201,3296
334119,3202,3274
174576,3202,3285
324724,3207,3283
122633,3211,3281
17921,3213,3287
60714,3223,3300
113147,3226,3288
160641,3228,3304
203788,3235,3307
11063,3236,3302
361880,3237,3286
123337,3237,3298
218689,3238,3304
237553,3238,3314
207964,3239,3302
9482,3241,3304
386062,3241,3319
253312,3244,3288
168123,3244,3299
341883,3254,3301
159324,3328,3413
101101,3331,3408
6240,3343,3392
122350,3346,3401
53281,3346,3408
382439,3346,3417
169516,3349,3397
204687,3352,3409
110447,3358,3407
282059,3428,3489
48281,3429,3487
254304,3524,3604
124411,3525,3627
3168,3531,3602
220151,3534,3627
355148,3539,3627
100195,3540,3604
213156,3540,3625
14655,3547,3612
170043,3550,3627
5516,3551,3604
6582,3554,3624
164774,3555,3627
50749,3556,3617
71657,3561,3626
273383,3562,3627
378136,3566,3627
219354,3568,3625
78716,3573,3626
194893,3576,3627
367756,3694,3759
369672,3694,3769
286959,3694,3807
394522,3695,3763
394523,3695,3767
281551,3698,3779
286958,3704,3803
311065,3707,3801
187469,3734,3791
277523,3739,3816
188322,3754,3843
341043,3757,3838
240992,3768,3836
51318,3787,3843
240995,3787,3856
28155,3787,3903
23306,3788,3851
59450,3788,3866
292721,3789,3843
292720,3789,3848
387726,3789,3891
23305,3790,3855
387729,3791,3895
387727,3793,3910
358393,3796,3922
251842,3799,3913
358392,3802,3915
273551,3805,3903
267712,3814,3914
192395,3814,3918
267709,3819,3915
122096,3824,3890
387728,3826,3909
133655,3826,3945
294444,3831,3948
121315,3835,3898
343326,3835,3900
18383,3835,3914
227819,3836,3899
361745,3836,3923
216860,3837,3912
214381,3838,3899
304701,3839,3900
53996,3839,3903
252556,3839,3907
4275,3839,3915
141535,3839,3926
110589,3840,3905
37310,3840,3921
267711,3841,3903
74181,3841,3917
361422,3842,3908
124350,3843,3905
5101,3843,3912
408266,3843,3921
405202,3844,3934
56595,3845,3917
28152,3845,3939
272247,3854,3917
362640,3855,3916
17921,3855,3927
185231,3856,3917
15184,3856,3945
105689,3857,3947
192396,3857,3977
33163,3860,3922
203787,3867,3945
21836,3873,3946
80896,3877,3944
28043,3880,3945
250416,3883,3947
99885,3885,3946
119234,3900,3962
192397,3916,4014
369666,3918,4012
333322,3919,3985
25587,3923,3984
299227,3927,4013
394528,3928,4009
341970,3941,4018
193505,3944,4020
203542,3944,4026
347985,3946,4010
187808,3951,4028
358330,3954,4008
360918,3955,4029
306597,3962,4011
365468,3963,4029
182790,3965,4069
6581,3967,4029
71352,3972,4050
304702,4005,4127
126,4041,4138
194899,4043,4158
206279,4044,4152
126,4046,4113
126,4046,4173
327962,4058,4172
244982,4070,4173
311517,4081,4173
13470,4082,4159
328701,4109,4172
59728,4240,4302
71990,4242,4320
322663,4244,4302
71989,4244,4314
185230,4245,4295
25456,4274,4350
264899,4331,4397
71353,4351,4434
262158,4384,4482
329490,4395,4456
141533,4395,4488
84306,4402,4495
168125,4403,4490
17920,4404,4482
88230,4408,4477
305582,4409,4482
194895,4409,4497
1345,4410,4491
88227,4413,4491
130767,4422,4488
139496,4559,4623
177812,4569,4634
402379,4570,4664
405930,4571,4641
351972,4571,4685
267710,4572,4634
159321,4573,4635
71988,4573,4665
16640,4576,4644
278511,4577,4649
164049,4583,4651
416,4588,4638
163259,4589,4653
304700,4590,4669
367757,4591,4649
286956,4613,4674
240994,4617,4682
382443,4619,4682
244973,4638,4699
272243,4639,4702
346701,4818,4893
264431,4895,4979
86350,4950,5062
180042,4953,5061
283383,4953,5082
68286,4954,5053
360824,4966,5063
336716,4966,5086
151699,4967,5109
65197,4968,5037
71992,4968,5055
254066,4971,5104
302014,4973,5054
67997,4973,5074
39337,4975,5053
86351,4976,5062
156083,4977,5057
347986,4979,5046
134441,4979,5049
144749,4980,5058
324948,4984,5045
179596,4988,5065
128131,4989,5053
194450,4990,5058
323291,4993,5066
210159,4996,5099
82305,4997,5068
268563,4998,5061
142332,4999,5060
203607,5000,5104
93680,5001,5056
10775,5001,5062
140158,5002,5075
125511,5003,5067
77093,5009,5065
169517,5013,5103
323425,5016,5112
26868,5024,5126
287163,5104,5177
374440,5112,5179
341965,5112,5201
272246,5115,5240
159325,5116,5183
287161,5116,5210
120295,5118,5208
341973,5118,5244
341040,5122,5198
122632,5127,5236
15227,5128,5199
13199,5128,5205
46059,5128,5232
391647,5129,5215
8672,5129,5229
88229,5135,5210
346702,5148,5210
297827,5150,5243
346699,5155,5244
407620,5156,5223
2887,5156,5240
37689,5157,5245
97120,5160,5217
125054,5163,5244
322454,5177,5241
119763,5183,5240
2647,5184,5237
97571,5185,5244
345795,5188,5233
42979,5188,5241
192398,5326,5378
28150,5326,5384
8761,5326,5386
259603,5326,5393
71355,5326,5397
122996,5330,5389
60787,5333,5446
382438,5339,5421
286955,5362,5462
21685,5363,5469
37226,5370,5421
22903,5371,5425
267711,5372,5423
71991,5372,5459
4275,5373,5429
244981,5373,5512
307294,5379,5445
203608,5379,5495
167049,5382,5446
18386,5382,5469
37315,5384,5495
123287,5386,5448
109661,5386,5463
110065,5386,5478
121316,5387,5496
175573,5389,5491
341967,5407,5532
222120,5416,5509
114371,5420,5491
21438,5422,5490
333315,5422,5540
265520,5423,5509
174575,5424,5488
8671,5424,5506
30021,5425,5514
104320,5425,5528
244974,5426,5534
17922,5428,5537
216861,5429,5542
203541,5431,5538
92442,5436,5544
177811,5436,5554
394526,5438,5576
382440,5442,5509
129355,5442,5533
341966,5448,5544
391648,5455,5541
244975,5455,5544
17923,5464,5540
177810,5473,5584
8762,5474,5544
119236,5475,5540
314248,5477,5575
136251,5478,5538
278509,5482,5527
307432,5488,5536
331506,5494,5539
125053,5510,5587
382995,5568,5660
259600,5570,5661
407505,5598,5661
272242,5812,5875
28233,5812,5876
