287884,142,203
30549,144,206
361026,147,315
137064,148,211
80691,157,225
155939,157,249
67945,158,219
335427,161,305
14881,172,218
267000,173,336
384054,175,350
129050,179,270
158500,184,253
325082,184,256
400638,184,343
69900,188,255
376119,190,252
266245,193,255
282888,194,305
396669,229,301
9315,229,363
10774,239,354
19318,272,337
197576,273,343
216549,273,348
334700,275,347
216551,279,340
87878,279,350
14881,280,343
56233,282,344
361025,284,347
27780,284,355
145137,287,350
90225,294,351
218435,297,361
162862,314,360
24429,393,484
66142,393,498
115883,395,485
10773,463,619
255366,482,605
57544,487,608
247966,488,611
132022,488,617
391484,489,631
9314,492,606
85795,494,623
335023,495,640
241856,496,608
389296,510,627
14364,510,676
66141,511,655
241857,513,622
39512,516,631
84644,516,654
10783,517,625
335426,521,676
7585,522,682
39992,523,668
238531,525,630
52445,525,656
241858,527,622
66140,530,674
282889,532,639
232465,536,615
22317,537,655
149871,543,610
391601,543,622
151862,543,632
32782,548,613
31702,554,616
174602,554,620
45403,554,656
183374,555,630
10215,556,675
230631,556,688
230986,557,629
378174,557,640
158187,557,697
10772,557,718
141365,562,627
43548,562,634
141366,563,625
87385,563,629
238532,563,689
334701,566,665
293864,566,696
225553,567,629
79330,567,632
43164,567,678
183373,569,633
39511,569,694
102078,570,654
154830,571,709
147924,575,639
105859,576,689
9313,582,710
122799,586,654
60087,590,654
66849,591,653
378175,593,690
391485,595,661
381338,597,663
361028,601,663
240539,603,664
353262,607,695
62915,608,678
289741,609,662
361381,609,703
225219,610,672
309820,610,690
390979,610,719
193446,613,701
37712,617,737
180179,627,710
169251,627,726
311405,628,722
25803,629,680
327824,629,709
222644,633,715
46275,636,720
389565,638,723
85796,639,703
20643,640,758
135110,641,741
42474,646,734
37102,647,713
325720,649,752
159757,650,715
135156,651,714
31139,655,736
137788,657,745
75439,659,756
149568,661,723
190325,662,735
98578,662,749
5546,662,752
169252,663,747
115885,665,755
262121,667,748
15391,668,755
299346,669,740
25771,671,736
83931,678,754
280225,681,749
197577,682,743
138689,688,744
19238,818,879
29794,829,975
277891,830,899
334702,830,935
119137,831,902
115764,833,901
365313,833,924
383828,838,944
73825,841,940
261938,841,964
139647,842,947
26194,843,924
310900,843,995
332641,845,962
136145,845,970
26195,848,944
103609,848,971
127526,848,984
46769,852,988
252134,863,1004
87646,875,1008
886,881,978
115762,882,1029
255365,886,1004
31137,890,997
225220,890,1012
53827,891,984
193117,891,1006
132944,893,1002
261939,894,995
135154,896,1022
87082,897,1004
289740,898,1020
73356,901,1022
361023,902,1019
45402,902,1029
153767,903,1000
116397,914,1041
52628,914,1065
58962,916,1005
282771,917,1028
61147,920,1064
344885,922,991
164613,922,1043
8513,923,1038
175104,924,1002
396670,924,1006
110640,924,1046
365034,926,1007
309821,932,1068
28757,938,1006
28674,940,1009
169249,940,1060
328542,943,1008
239183,949,1054
485,954,1031
239182,960,1061
141367,969,1014
364004,978,1072
101033,1008,1072
117542,1163,1235
296937,1163,1247
175430,1163,1251
169250,1163,1296
103862,1164,1216
327823,1164,1263
215264,1164,1283
333175,1165,1244
283795,1165,1261
132979,1165,1266
168293,1165,1275
235986,1165,1288
349501,1170,1261
163599,1170,1274
361024,1171,1237
52630,1171,1287
10751,1171,1305
293116,1172,1294
122604,1173,1302
83135,1173,1312
389564,1175,1283
20682,1176,1329
89090,1177,1304
196651,1178,1311
378177,1186,1294
344883,1187,1298
187500,1190,1311
335428,1191,1300
241859,1192,1343
62916,1197,1325
21714,1199,1305
152168,1201,1274
25184,1201,1295
152167,1201,1302
127527,1202,1307
154829,1204,1313
629,1216,1297
71884,1223,1313
378178,1224,1353
115884,1227,1354
182702,1234,1355
299691,1235,1333
181107,1236,1329
352856,1236,1348
168479,1240,1316
9312,1241,1326
135109,1243,1356
18652,1247,1317
164612,1251,1329
203700,1255,1318
52629,1255,1360
83136,1255,1380
393252,1256,1328
175431,1257,1373
281278,1258,1364
397107,1259,1320
235795,1265,1327
391600,1266,1331
380658,1268,1355
269076,1270,1331
353261,1273,1367
74452,1285,1360
276502,1286,1381
182703,1294,1360
297063,1304,1406
98579,1310,1392
75804,1323,1383
328541,1378,1439
168478,1384,1467
285782,1386,1440
365032,1388,1439
365033,1388,1441
327822,1390,1437
209376,1470,1532
297064,1477,1557
209374,1503,1609
197573,1506,1605
128369,1510,1620
317783,1510,1634
122797,1511,1627
161667,1518,1614
135108,1524,1598
119572,1524,1658
310899,1529,1651
236418,1532,1618
89091,1536,1639
71885,1548,1672
189879,1564,1635
28234,1569,1651
4231,1569,1671
1244,1582,1669
11921,1609,1670
362098,1784,1848
52632,1860,1973
164614,1872,1977
87647,1872,1993
282166,1896,1968
361027,1900,1970
232466,1906,1971
147925,1909,1996
212419,1917,1995
96800,1917,2001
29640,1925,1988
281277,1926,2002
176386,1926,2005
135326,1926,2010
404894,1926,2013
328540,1930,2008
187501,1932,2002
115761,1933,1999
66143,2068,2125
197434,2081,2142
133679,2081,2149
350584,2084,2141
269075,2088,2149
23856,2092,2154
46483,2131,2213
46475,2131,2216
150771,2139,2206
150388,2403,2488
76751,2403,2497
391602,2405,2501
198001,2414,2476
187502,2434,2488
391294,2510,2557
249249,2516,2584
46482,2524,2661
277892,2533,2599
168292,2536,2602
314502,2567,2638
262051,2578,2639
46478,2578,2680
46474,2580,2675
272106,2581,2646
150155,2582,2653
249165,2590,2677
325722,2591,2646
349500,2594,2685
291101,2610,2672
145138,2610,2684
254942,2610,2720
66943,2613,2705
345645,2616,2686
193148,2618,2684
289739,2624,2718
333854,2625,2689
46481,2679,2796
46480,2695,2797
408614,2730,2807
95570,2731,2788
46273,2733,2801
46274,2857,2942
276822,2859,2933
198000,2859,2962
27071,2861,2942
109007,2861,2947
205251,2862,2930
207722,2882,2947
122603,2885,2958
106467,2891,2954
327821,2894,2958
122796,2895,2959
190324,2896,2963
237936,2898,2954
39301,2898,2958
75438,2898,2964
225221,2900,2958
196292,2911,2977
204089,2915,2979
46475,2919,3022
132020,2922,2973
197575,2925,3022
132021,2926,3001
7932,2926,3011
132023,2926,3016
41748,2927,3004
314503,2929,3011
325721,2929,3019
46474,2929,3022
46478,2931,3023
73735,2932,3007
109072,2935,3016
106742,2937,2998
363712,2937,3012
155474,2938,3002
77579,2939,3014
15697,2940,3004
277559,2940,3011
89356,2941,3009
166151,2942,3013
66910,2942,3017
135155,2943,3006
165988,2945,3007
147356,2945,3012
131783,2946,3004
378471,2948,3016
56067,2952,3022
250292,2956,3018
278067,2958,3020
254943,2973,3022
46477,3048,3145
403144,3058,3128
213231,3081,3147
110279,3273,3318
244830,3277,3329
223336,3312,3426
164679,3323,3419
4769,3325,3396
256698,3325,3410
407034,3329,3405
40006,3339,3414
257542,3386,3454
293117,3391,3456
186040,3392,3453
46479,3392,3457
141884,3393,3451
99087,3398,3458
2334,3403,3456
58999,3406,3457
186481,3482,3542
115763,3495,3558
217645,3517,3612
270829,3526,3595
122808,3526,3598
87144,3610,3675
194241,3626,3693
239178,3657,3718
247694,3658,3726
97070,3660,3721
116396,3663,3739
29547,3665,3779
404895,3668,3735
289385,3677,3752
85313,3679,3754
209372,3682,3774
346921,3683,3756
31138,3684,3766
332068,3689,3785
332069,3690,3792
205161,3691,3789
46476,3692,3796
278134,3694,3747
239179,3695,3746
299347,3698,3744
197574,3699,3767
328539,3700,3765
209373,3701,3796
122911,3719,3825
344884,3736,3828
285781,3737,3825
130958,3760,3824
147971,3762,3822
275749,3767,3826
46483,4003,4090
8353,4004,4067
25183,4005,4074
239574,4005,4080
85682,4007,4073
7932,4008,4081
46478,4009,4101
63049,4010,4072
32231,4010,4083
46473,4010,4090
197867,4011,4081
321874,4012,4073
87384,4012,4076
393253,4018,4083
383982,4018,4106
378899,4021,4071
378176,4030,4091
396023,4030,4113
379905,4035,4107
15112,4037,4093
73050,4038,4100
7242,4041,4103
254944,4045,4116
363713,4084,4149
46477,4089,4185
299345,4171,4221
127528,4172,4226
293409,4174,4234
46482,4174,4292
277893,4183,4261
283217,4187,4238
163681,4199,4263
384141,4202,4275
7933,4203,4289
188759,4208,4293
188760,4213,4293
46473,4219,4293
351650,4233,4294
122798,4242,4298
46481,4290,4389
346922,4299,4362
46480,4301,4389
29846,4323,4380
257541,4325,4373
289591,4333,4388
27459,4481,4557
216550,4482,4549
22109,4482,4562
232464,4484,4550
84233,4484,4565
66012,4484,4583
383981,4485,4581
172350,4487,4555
52631,4489,4554
73357,4489,4571
87645,4492,4573
383829,4493,4571
350583,4496,4576
282770,4496,4580
346227,4498,4565
276503,4499,4579
182701,4499,4619
81453,4502,4603
65516,4503,4575
122800,4503,4619
404892,4505,4563
14882,4505,4573
132019,4507,4592
197578,4508,4572
46476,4508,4617
189061,4509,4602
46191,4510,4583
383830,4511,4577
380257,4513,4618
88289,4515,4605
149870,4517,4610
110219,4519,4619
7149,4520,4595
58953,4533,4619
39302,4541,4606
46479,4543,4614
328228,4552,4617
358874,4556,4620
104832,4655,4734
145139,4656,4724
404893,4663,4751
190326,4672,4793
302769,4674,4769
209375,4676,4746
155283,4678,4744
73737,4679,4787
65628,4681,4743
381191,4684,4745
390978,4684,4786
175571,4685,4752
378173,4687,4753
247967,4696,4750
103737,4696,4754
270789,4702,4791
321873,4715,4771
365312,4858,4920
292438,4859,4915
216548,4865,4951
401382,4869,4933
231406,4870,4928
