290385,188,249
133935,188,252
101241,188,277
171247,188,287
35075,188,292
71042,188,304
232077,189,239
90489,189,250
18905,189,267
333,189,312
331046,190,232
394055,190,251
379050,191,244
144621,193,307
4626,205,313
29490,208,315
224066,223,313
405750,343,449
85841,344,401
266538,346,440
36966,347,394
15210,347,411
22670,351,455
248067,352,405
71977,354,477
26195,356,445
43784,382,511
381426,417,542
44546,445,552
485,451,528
220288,464,554
335447,469,559
375059,471,557
214263,472,552
162583,497,568
399228,506,565
214264,528,589
273465,537,600
120404,541,599
371790,568,649
154065,573,648
266062,576,639
273461,585,645
203427,585,649
10282,732,792
371791,732,816
194717,732,845
130831,732,888
392045,738,867
36965,741,802
154600,741,866
171248,741,888
124234,749,888
263681,750,872
42980,750,877
124914,756,872
51133,758,866
203426,760,881
49647,762,878
89360,767,854
12555,769,878
29307,773,861
245235,796,886
137315,812,875
109434,815,888
154066,1102,1200
400868,1107,1206
203430,1108,1226
11489,1112,1200
203429,1112,1214
154058,1113,1198
11491,1114,1231
136385,1115,1205
152063,1118,1243
348573,1130,1180
203428,1131,1245
44545,1168,1245
149567,1180,1241
86266,1319,1388
233524,1321,1421
233523,1322,1435
328107,1336,1397
24647,1337,1395
320427,1338,1425
141577,1339,1402
138261,1355,1427
130832,1375,1440
145232,1377,1487
106331,1400,1449
245232,1409,1487
317899,1418,1485
56943,1422,1485
160746,1425,1538
312438,1427,1515
45344,1427,1529
15172,1428,1520
18026,1430,1521
266539,1431,1516
130830,1431,1534
395886,1437,1519
20384,1447,1513
20283,1454,1518
42979,1455,1516
90490,1455,1529
72481,1466,1571
10825,1474,1553
123596,1475,1541
256009,1478,1554
202813,1480,1543
90487,1487,1555
10826,1511,1567
138262,1520,1572
13034,1537,1615
158718,1547,1612
138354,1861,1917
4625,1866,1979
138346,1866,1985
13204,1867,1951
246739,1887,1964
143152,1907,1965
48132,1911,1971
394479,1921,1986
219513,2142,2204
21960,2145,2206
73735,2146,2208
154058,2177,2251
11489,2181,2251
244871,2413,2467
149367,2753,2824
210693,2971,3043
145416,2976,3057
154061,2976,3062
154059,2980,3080
320656,2981,3050
265789,2985,3046
260542,3099,3163
403522,3100,3197
224070,3102,3164
114671,3108,3163
42547,3124,3186
371787,3125,3198
289435,3129,3202
13033,3145,3190
67477,3814,3869
121151,3814,3877
89192,3816,3876
154056,3860,3934
69059,3898,3960
203431,3926,3980
43430,3985,4046
243236,3987,4046
33101,4009,4100
337349,4023,4099
395887,4101,4184
379049,4107,4170
15211,4107,4190
219618,4110,4178
395888,4111,4190
224146,4118,4190
398207,4124,4189
93160,4125,4191
258564,4125,4210
220020,4532,4593
61564,4532,4616
381774,4543,4595
354440,4543,4602
213008,4543,4613
292384,4544,4596
182931,4544,4626
123130,4568,4616
204214,4570,4619
213009,4574,4620
314338,4574,4625
154056,4731,4805
222074,5036,5105
222073,5036,5110
310143,5038,5090
245233,5039,5101
81200,5043,5107
49648,5055,5136
385842,5058,5122
20664,5059,5136
354051,5062,5115
207590,5066,5131
55277,5069,5134
336341,5071,5134
139400,5071,5136
10134,5074,5134
135394,5092,5157
371788,5162,5288
50295,5193,5259
6240,5194,5264
273462,5196,5296
349811,5218,5302
124497,5228,5318
289013,5238,5311
150589,5240,5302
87443,5244,5354
90488,5252,5330
395884,5256,5324
213010,5261,5325
136761,5261,5328
93163,5262,5335
18928,5264,5329
329681,5269,5342
396425,5270,5329
373554,5276,5331
190579,5279,5347
120405,5282,5331
58444,5284,5327
7038,5539,5590
265788,5539,5601
130236,5539,5607
154059,5546,5640
221583,5972,6050
51418,6009,6086
251402,6011,6085
288738,6030,6083
325678,6178,6228
138347,6390,6446
278949,6392,6443
58801,6717,6786
322644,6740,6802
290386,6742,6826
348572,6743,6839
14269,6748,6842
320655,6765,6840
130233,6765,6854
130234,6768,6834
20901,6773,6839
138352,6775,6849
123595,6775,6862
198183,6776,6843
93162,6778,6839
138349,6778,6853
154324,6779,6836
166988,6796,6855
222072,6803,6853
198184,6874,6964
394480,6901,6979
109323,6902,6992
14682,6902,6995
273464,6905,6963
196709,6905,6976
35074,6906,6993
23570,6910,6986
138260,6912,7025
379048,6915,6970
284075,6915,6986
90486,6915,7002
108378,6919,6987
130230,6921,6986
395777,6925,7007
246182,6928,6989
152064,6930,7019
11490,6931,6992
247112,6931,7029
42548,6931,7046
45343,6935,7006
205582,6944,7025
138259,6950,7049
198725,6967,7022
191021,6988,7047
149084,6990,7046
154062,7193,7244
4188,7193,7260
220694,7194,7242
136763,7194,7269
245234,7195,7251
73373,7199,7269
4189,7207,7272
91160,7521,7571
15062,7729,7783
272843,7750,7824
154060,7769,7849
36685,7798,7885
348574,7799,7867
96391,7808,7863
137944,7809,7887
136765,7813,7862
2946,7814,7887
166986,7815,7900
166987,7816,7885
130235,7838,7890
317900,7857,7924
142579,7859,7916
154061,7862,7942
265787,7868,7929
279160,7871,7955
395885,7900,7984
145202,7901,7960
171676,8111,8163
63596,8111,8166
373555,8117,8164
233363,8329,8385
267016,8337,8378
49510,8337,8411
206046,8338,8417
194716,8338,8424
67617,8343,8410
138345,8345,8416
245231,8355,8438
271883,8367,8411
182717,8403,8476
352357,8407,8461
292543,8581,8647
263682,8598,8654
289434,8599,8676
48131,8614,8684
320652,8638,8699
258563,8643,8711
173055,8653,8700
43573,8671,8732
405244,8672,8733
61565,8912,8956
133147,8912,8958
130828,8912,8967
10476,8912,8970
219512,8912,8973
122006,8913,8957
224145,8913,8977
314905,8917,8980
130829,8920,8974
57924,8923,8978
211387,8927,8975
244987,8929,8986
159213,8936,9003
265786,9346,9401
68188,9348,9403
251218,9614,9664
138353,9616,9672
168226,9616,9693
66115,9642,9714
312437,9676,9743
130973,10049,10110
133585,10086,10154
120403,10128,10204
282442,10129,10191
43785,10132,10198
375411,10135,10206
371795,10137,10189
133613,10137,10199
34291,10148,10205
124913,10272,10337
394133,10784,10844
249431,10784,10848
154065,10784,10851
36284,10784,10856
371796,10784,10867
300944,10787,10853
323704,10788,10849
238050,10791,10850
194715,10819,10899
93164,10822,10886
182718,10823,10884
138344,10825,10890
24909,10829,10888
168476,10829,10890
360440,10836,10900
323518,10895,11005
360439,10948,11050
275507,10990,11081
300946,10992,11050
294538,11007,11061
266540,11009,11068
18025,11019,11061
275510,11083,11208
357216,11085,11148
191209,11180,11267
320654,11189,11264
70702,11193,11278
238029,11201,11270
47402,11205,11274
51488,11206,11272
17081,11210,11279
70701,11213,11279
168477,11214,11278
184100,11232,11279
27544,11235,11298
21104,11243,11343
291321,11247,11322
154060,11254,11343
47788,11264,11338
385379,11287,11351
405748,11582,11692
321235,11583,11645
146485,11596,11695
138348,11606,11702
136760,11808,11875
48223,11823,11874
118150,11824,11877
300945,11931,12017
220697,11960,12026
25567,11966,12032
4022,11966,12061
131863,11974,12054
300053,11974,12057
91516,11975,12025
335443,11989,12056
292759,12022,12107
56941,12025,12100
196292,12025,12106
221582,12033,12109
360441,12034,12138
310145,12035,12100
149417,12039,12102
271884,12040,12140
194752,12041,12102
111526,12042,12099
138351,12042,12121
9502,12047,12111
1764,12049,12146
291322,12050,12149
360442,12050,12157
18636,12052,12122
128171,12062,12122
220286,12062,12133
154063,12062,12145
24954,12064,12127
82394,12066,12145
91436,12074,12138
56942,12076,12134
394798,12083,12150
293157,12084,12147
84023,12380,12444
33100,12383,12470
163235,12397,12459
293063,12417,12479
223371,12420,12483
238205,12427,12495
165382,12431,12495
323517,12436,12519
238894,12441,12511
191020,12441,12526
120401,12442,12514
319082,12449,12518
10824,12451,12521
25774,12455,12541
273456,12460,12519
21382,12461,12548
371789,12463,12517
312133,12463,12528
34959,12465,12540
400869,12474,12547
293062,12487,12549
8032,12498,12548
271885,12499,12551
123607,12500,12546
108399,12774,12848
262985,12775,12836
8123,12783,12866
47340,12784,12853
138258,12785,12869
53726,12801,12866
93161,13094,13194
219511,13154,13262
329481,13164,13235
295614,13180,13250
171675,13194,13259
59847,13203,13266
292646,13204,13269
220291,13285,13393
204246,13289,13367
136759,13292,13355
220287,13292,13396
39773,13303,13389
245236,13304,13410
65587,13308,13377
48130,13308,13386
41644,13308,13404
154057,13308,13435
346670,13321,13376
246181,13323,13390
236371,13328,13389
250751,13330,13392
156031,13331,13406
385821,13332,13383
394132,13340,13411
154064,13349,13406
395883,13350,13411
389839,13353,13407
331688,13353,13410
149366,13354,13409
4145,13368,13431
351844,13370,13431
34345,13373,13445
120402,13378,13448
188372,13387,13449
292758,13395,13448
58445,13397,13442
273466,13403,13472
335445,13408,13484
138256,13901,13957
300090,13911,13990
1876,13920,13990
154062,13937,14004
335442,14217,14282
55004,14220,14280
247590,14221,14282
138255,14276,14333
101691,14277,14347
383625,14287,14395
130232,14291,14363
394130,14292,14357
154057,14292,14403
51417,14293,14349
138254,14293,14354
65430,14314,14368
348571,14315,14366
92273,14831,14900
129199,14832,14927
244986,14832,14933
233355,14837,14899
257756,14839,14902
196893,14840,14919
218685,14842,14936
39169,14845,14893
220290,14847,14925
94331,14850,14945
33266,14853,14943
373556,14854,14921
167185,14858,14931
86108,14862,14933
322645,14864,14941
62002,14864,14945
399227,14865,14924
56354,14866,14938
23135,14868,14929
310142,14869,14931
40014,14869,14943
218686,14870,14937
258562,14873,14925
373631,14876,14940
354052,14880,14941
10823,15016,15074
136758,15025,15083
272361,15138,15183
4627,15140,15207
394477,15141,15219
270526,15142,15205
261092,15150,15218
292757,15164,15222
9503,15290,15355
138350,15321,15398
183577,15333,15396
244512,15335,15414
16006,15352,15419
251286,15365,15445
221670,15368,15418
171346,15369,15448
296909,15381,15446
237765,15539,15618
133932,15563,15633
259988,15566,15631
288688,15571,15624
136764,15576,15640
236657,15586,15643
399824,15715,15780
214265,15720,15789
15212,15728,15780
275195,15888,15956
405298,16538,16629
320651,16547,16635
275509,16550,16612
405299,16557,16630
331048,16566,16628
171243,16873,16921
352355,16874,16960
220695,17044,17142
237871,17054,17120
261611,17056,17120
207718,17063,17125
53728,17064,17139
166013,17070,17135
219502,17072,17142
219503,17072,17152
149079,17073,17134
90482,17074,17153
220696,17080,17143
331047,17091,17144
284076,17148,17201
137997,17271,17341
209058,17273,17340
90485,17273,17343
220289,17276,17341
263580,17285,17342
203425,17297,17354
152061,17783,17836
149083,17783,17843
278109,17783,17855
149082,17784,17840
198181,17784,17891
133934,17785,17842
93953,17785,17866
286305,17785,17880
352356,17787,17835
394476,17787,17863
34368,17788,17859
219509,17789,17898
115831,17790,17867
133933,17791,17875
300943,17793,17854
146084,17794,17884
51416,17795,17861
104222,17796,17877
348570,17803,17857
85396,17809,17873
172895,17812,17873
66753,17820,17880
273458,17820,17894
101692,17825,17884
219508,17827,17920
291709,18230,18285
149080,18237,18286
164913,18484,18560
14683,18490,18561
405747,18519,18572
320653,18523,18604
18291,18535,18605
286304,18538,18596
381425,18538,18604
220698,18538,18616
20282,18562,18626
317898,18563,18629
275503,18564,18654
90481,18565,18674
71039,18567,18645
53727,18571,18653
35073,18573,18650
54013,18573,18663
41641,18574,18668
347907,18575,18645
154599,18581,18682
125925,18582,18643
244985,18583,18656
56940,18583,18661
149365,18589,18654
171246,18598,18669
21946,18601,18681
211388,18634,18727
273457,18641,18727
220293,18644,18726
32202,18645,18720
171244,18647,18735
36684,18648,18727
173380,18649,18732
363644,18649,18750
194714,18654,18728
96447,18656,18722
124496,18657,18718
20891,18662,18727
249432,18662,18735
316224,18668,18737
9504,18673,18736
3080,18674,18735
37965,18677,18754
247013,18681,18745
348569,18940,18996
392047,18942,18995
320650,18955,19016
160748,18962,19084
36683,18985,19062
291324,18986,19090
222075,19004,19111
371793,19005,19089
203424,19494,19545
85840,19638,19723
118149,19639,19681
320108,19639,19697
176,19639,19711
92914,19639,19725
71040,19640,19700
166839,19640,19716
101714,19641,19698
251216,19642,19701
215628,19642,19703
405243,19643,19704
18027,19643,19722
399297,19644,19699
247429,19644,19703
211389,19644,19710
8102,19644,19713
275508,19645,19706
68189,19646,19698
281235,19646,19709
395882,19646,19723
55275,19646,19739
395881,19646,19764
198182,19647,19710
34810,19648,19719
25354,19650,19738
275504,19654,19738
279831,19656,19718
400003,19657,19704
85840,19659,19756
224065,19660,19724
8102,19660,19759
289433,19660,19764
383614,19661,19726
173381,19661,19753
286303,19664,19761
10822,19666,19742
149566,19667,19725
99517,19669,19759
233817,19670,19756
289432,19673,19751
95276,19674,19755
80969,19679,19741
379040,19683,19738
184069,19683,19761
395880,19686,19768
116475,19687,19739
42372,19687,19751
3028,19691,19755
392046,19692,19770
274800,19693,19756
90484,19696,19761
194091,19699,19772
4754,19700,19761
395879,19709,19781
103916,19781,19850
65588,19783,19842
291323,19801,19885
284078,19807,19876
211391,19809,19873
292756,19809,19880
149081,19812,19880
154063,19812,19884
91436,19823,19878
273459,19837,19916
275506,19844,19899
41643,19847,19917
5892,19944,20007
93650,19949,20004
394128,20460,20526
13032,20656,20737
203423,20659,20739
101242,20661,20743
292755,20666,20739
4628,20666,20776
271882,20674,20745
273460,20680,20738
273463,20687,20801
191019,20692,20799
90483,20693,20762
290384,20693,20766
371797,20693,20786
206506,20696,20771
284213,20697,20764
360438,20699,20783
55276,20706,20785
354919,20712,20774
103915,20712,20800
272360,20715,20804
310144,20716,20782
35072,20718,20784
41642,20718,20795
154332,20718,20803
65381,20720,20813
405749,20721,20798
297951,20723,20785
220699,20724,20812
38969,20725,20796
71041,20727,20820
35071,20728,20791
220292,20728,20797
369691,20729,20808
335150,20731,20796
375410,20731,20801
251287,20732,20793
4144,20732,20812
333017,20734,20796
12850,20736,20811
104520,20743,20813
208176,20745,20809
14196,20746,20808
152062,20746,20816
263137,20749,20811
394129,20751,20820
335446,20751,20831
346759,20752,20842
169756,20755,20824
171245,20760,20830
404201,20963,21031
131862,20965,21042
149565,20967,21036
211390,20986,21048
219510,20987,21059
392048,20998,21057
28383,21002,21051
361418,21007,21080
258561,21011,21109
7038,21024,21089
138343,21207,21281
219507,21422,21484
371794,21422,21504
273455,21638,21704
160747,21767,21825
321236,21767,21829
140147,22048,22092
371792,22297,22356
369243,22297,22358
145820,22297,22363
220294,22297,22375
275505,22297,22382
21829,22298,22362
49325,22299,22361
237872,22299,22373
42217,22305,22366
31055,22306,22356
251217,22309,22369
236895,22320,22404
154066,22365,22456
11489,22374,22456
94871,22460,22526
258560,22473,22535
238028,22473,22539
60038,22484,22536
257402,22490,22551
169029,22495,22546
85295,22499,22555
284077,22502,22567
300052,22505,22551
335444,22507,22578
405245,22509,22552
147449,22510,22558
219506,22514,22579
18611,22607,22669
96881,22624,22677
72480,22630,22683
203388,23017,23086
154064,23019,23081
394131,23020,23086
220291,23020,23109
124125,23043,23105
166985,23045,23117
87442,23046,23108
138257,23051,23118
298991,23596,23658
329680,23603,23660
128918,23661,23723
126,24398,24484
154429,24399,24496
246180,24400,24476
171242,24402,24488
219504,24402,24503
126,24402,24513
394478,24404,24506
53725,24419,24513
379047,24423,24513
13679,24428,24513
229759,24434,24496
18598,24437,24513
62937,24445,24513
126,24883,25015
126,24884,24982
149564,24887,24991
126,24888,24965
51032,24907,24998
30194,24914,25014
219505,24921,24999
136762,24922,25014
120400,24928,25015
314662,24933,24999
281337,24939,25014
11488,25288,25340
