18084,270,390
13198,271,385
63876,272,351
350932,281,377
163149,283,399
114753,284,379
13202,286,398
101603,291,376
134909,292,395
13996,294,356
4717,294,385
91767,296,397
285040,302,399
115575,305,367
399761,306,405
218974,308,441
129143,309,451
155696,312,399
191788,320,381
389127,326,438
296451,383,497
74611,404,502
165643,807,862
88773,909,987
171947,916,1017
112281,926,992
187827,930,992
115576,940,1012
181895,955,1017
232014,957,1017
129142,961,1016
243813,962,1023
292531,975,1038
348076,977,1026
155551,995,1091
150822,999,1073
154252,1001,1111
288006,1002,1096
328621,1014,1103
260432,1015,1073
154253,1016,1111
1921,1019,1071
146976,1023,1112
370054,1024,1110
306727,1033,1097
87292,1037,1102
52142,1037,1117
188536,1040,1099
60248,1040,1109
6835,1042,1112
240145,1042,1117
262324,1043,1109
180035,1076,1153
330281,1080,1154
6834,1084,1152
155550,1191,1285
25,1198,1289
25,1222,1289
370053,1378,1428
259597,1379,1436
376867,1379,1444
88902,1379,1457
230847,1379,1460
93534,1380,1442
243815,1384,1431
296376,1387,1437
39321,1387,1444
142829,1387,1461
62457,1396,1474
292837,1402,1464
11946,1450,1534
96709,1455,1513
72221,1457,1550
60829,1458,1540
23647,1464,1569
9246,1466,1542
72220,1472,1562
218975,1474,1572
195404,1475,1566
87225,1476,1551
1925,1477,1553
138595,1477,1561
1765,1479,1550
143343,1484,1572
298168,1516,1579
24456,1528,1590
109880,1535,1597
31514,1550,1619
181134,1551,1617
174688,1552,1616
370051,1596,1661
121767,1608,1668
89366,1621,1676
301911,1872,1954
136630,1878,1928
89367,1878,1945
173027,1879,1955
239863,1883,1941
69974,1884,1944
131788,1884,1966
191019,1884,1973
366622,1887,1968
68045,1888,1940
39812,1891,1960
77998,1897,1954
37538,1898,1951
285039,1898,1961
181133,1902,1961
175095,1902,2015
74610,1903,1968
75543,1904,1951
335215,1905,1958
17603,1905,1962
289190,1906,1967
78000,1909,1973
172784,1910,1967
319048,1917,1971
584,1917,1994
190361,1925,1997
301910,1926,2017
18083,1929,2040
202268,1936,2040
382549,1945,2043
334269,1948,2041
87416,1951,2067
109940,1977,2052
18356,1992,2061
306229,2013,2065
138468,2035,2128
165644,2043,2129
350283,2075,2137
295115,2176,2229
2247,2179,2236
101604,2211,2277
180036,2353,2441
115586,2354,2408
319049,2355,2410
128344,2355,2440
383388,2357,2410
289191,2357,2424
38083,2363,2425
167799,2365,2427
180037,2497,2572
223204,2498,2592
109878,2502,2591
330280,2526,2634
69973,2529,2653
109259,2532,2630
25,2534,2653
113194,2541,2652
141025,2572,2658
25,2578,2643
165642,2579,2657
340909,2670,2777
327469,2691,2808
340908,2691,2819
326389,2696,2818
150068,2698,2754
172783,2698,2769
129141,2698,2778
131214,2698,2822
62986,2702,2774
240549,2702,2841
330282,2703,2831
207133,2710,2819
155039,2717,2833
165645,2720,2818
394502,2725,2771
108955,2726,2808
344135,2727,2795
297474,2730,2819
382550,2733,2840
262858,2751,2819
239864,2780,2836
99478,2782,2834
217263,2788,2924
323269,2800,2868
41456,2801,2886
382922,2802,2866
273771,2802,2871
246837,2803,2867
294063,2805,2872
261936,2808,2882
382551,2811,2928
156828,2813,2912
88899,2816,2912
319050,2817,2925
354225,2824,2919
158398,2829,2889
25616,2833,2956
228505,2842,2958
354684,2853,2960
311109,2854,2951
407141,2856,2927
247087,2870,2953
59060,2873,2943
354683,2875,2969
328330,2876,2925
106252,2876,2944
6109,2880,2945
121768,2887,2954
375485,2890,2951
59398,2890,2954
123126,2891,2952
80445,2892,2970
143344,2892,2974
199451,2897,2962
195403,2898,2967
184936,2903,2962
30192,2907,2986
317868,2908,2978
233641,2910,2962
40023,2910,3001
74202,2911,2974
267333,2911,2981
106158,2912,2986
33650,2913,2988
330587,2915,2977
112282,2915,2995
24455,2918,2999
125730,2922,2988
114752,2928,2999
30190,2930,2995
379870,2932,2997
368143,2932,3044
136628,2967,3041
131885,2967,3053
218973,2969,3072
296450,2969,3080
301909,2984,3116
88901,2995,3144
242271,2996,3079
223203,2998,3078
2819,2999,3096
310859,3000,3085
175096,3003,3124
22589,3004,3072
185649,3005,3068
7771,3005,3075
156968,3005,3094
242270,3006,3126
163975,3007,3073
205775,3008,3071
156969,3013,3094
78001,3013,3138
115574,3025,3140
158878,3027,3145
156829,3030,3144
78408,3032,3132
350933,3036,3115
301908,3038,3165
301907,3040,3090
382548,3040,3100
89988,3042,3116
88900,3042,3156
310860,3045,3101
120160,3047,3111
2246,3047,3156
296449,3047,3164
77999,3052,3162
156827,3054,3171
12327,3062,3143
326390,3067,3171
53911,3070,3156
18987,3074,3167
327470,3231,3311
158222,3240,3311
109879,3245,3314
399762,3267,3376
267034,3275,3350
213475,3282,3382
226323,3284,3374
399760,3309,3394
217435,3514,3577
2248,3516,3573
6836,3516,3577
192858,3523,3630
155548,3553,3646
154255,3562,3645
174874,3602,3711
125833,3612,3680
331925,3614,3698
339907,3615,3710
243814,3650,3712
9423,3729,3812
227580,3736,3825
217264,3753,3852
86696,3769,3838
110375,3776,3858
350931,3805,3866
136629,4354,4424
174874,4407,4511
331923,4410,4502
331924,4418,4501
407873,4443,4529
407874,4452,4541
122554,4498,4614
2296,4502,4568
160810,4518,4641
4705,4539,4641
335483,4547,4625
69972,4553,4642
219749,4556,4624
387776,4556,4641
255527,4561,4642
15778,4568,4633
21368,4577,4630
195405,4689,4809
195406,4718,4819
154254,4729,4807
62458,4785,4849
24420,4786,4834
372638,4786,4848
186324,4787,4845
368142,4794,4866
173100,4798,4842
303221,4798,4858
242233,4801,4859
165354,4850,4953
141026,4857,4966
112841,4885,4958
6240,4886,4954
404900,4889,4963
191789,5001,5062
45110,5001,5082
11304,5013,5079
330373,5017,5079
195407,5025,5085
160148,5047,5097
99289,5087,5167
379004,5091,5165
155549,5232,5296
56627,5234,5297
179560,5235,5312
30191,5376,5460
101602,5387,5455
16539,5393,5455
163974,5396,5453
240687,5398,5452
78437,5553,5612
155552,5553,5659
162533,5673,5737
370052,5923,6004
191020,6117,6198
110374,6139,6212
9546,6146,6209
329243,6147,6217
194430,6159,6214
45229,6160,6209
144171,6340,6426
52141,6355,6426
25617,6361,6438
80444,6365,6439
158223,6367,6467
195408,6368,6433
376866,6369,6430
195409,6370,6432
175094,6370,6442
181732,6373,6446
296711,6373,6460
211975,6376,6440
18649,6380,6441
187360,6380,6454
191021,6413,6480
165641,6418,6470
