310715,125,194
35722,125,240
305778,125,270
399177,125,299
20745,125,317
182547,126,245
333,130,282
165425,134,199
4022,134,249
14025,135,231
69953,137,237
220054,137,269
363370,137,297
119939,139,252
17058,139,272
287183,142,311
35075,146,265
10610,148,251
393295,149,212
262839,154,217
157175,154,278
384149,155,317
41162,160,291
378408,161,317
385115,162,297
350413,164,289
367576,167,239
333,168,291
271806,169,308
309564,170,364
40541,173,287
93958,175,254
108155,175,327
8901,176,300
321843,176,311
194273,183,287
205907,187,310
182548,189,288
288111,189,293
348277,189,304
355765,192,349
73257,198,334
255452,207,373
346515,211,291
225730,216,277
385116,216,325
181920,219,282
246522,220,310
181928,225,290
323839,228,346
10612,230,377
324964,232,293
68681,237,338
59431,238,299
399474,244,402
1007,245,350
399178,246,390
342063,248,405
65688,250,311
10851,253,380
87550,266,391
25845,267,387
384150,269,405
288455,278,374
11496,278,390
341750,283,357
376387,285,427
106338,296,366
36134,297,371
227877,302,409
3403,302,413
283877,304,403
103052,304,423
182342,306,378
128149,310,376
184667,310,429
223583,310,439
75846,311,425
277160,312,387
138680,312,401
376385,326,397
329490,337,397
126341,339,424
35510,342,397
283013,342,422
886,352,464
51293,367,471
289203,374,481
4230,380,488
7547,383,504
15335,389,502
133734,394,509
33758,398,533
205562,400,510
255629,403,532
246523,404,489
485,406,499
18243,409,501
181921,411,511
485,418,510
366508,428,514
29096,431,492
100865,440,509
341704,446,521
224311,458,530
168478,642,721
58227,643,684
45379,643,687
75847,643,699
62970,643,719
363372,644,698
329491,645,692
62967,645,721
15837,659,720
125479,778,861
112827,779,851
17061,779,857
342061,779,958
10609,780,845
86384,784,938
246793,785,840
287182,786,857
222500,786,909
7636,787,936
399473,790,952
153227,797,913
188734,797,976
189690,803,968
387139,807,942
302391,809,898
363371,809,975
77505,811,937
225729,812,891
99037,812,907
329492,813,987
157176,815,858
70197,816,917
13158,821,984
77504,822,979
301345,823,957
335639,830,983
61241,831,953
286239,833,962
50320,833,985
103051,834,968
9197,835,993
17057,836,946
363973,837,1001
8760,842,982
205564,843,977
303579,844,960
155706,845,938
321841,845,997
396135,846,1007
31251,850,943
305779,850,957
222501,851,1002
12555,854,974
153226,855,1007
247213,863,950
305780,863,992
124318,871,953
23149,871,982
89671,871,1007
133735,876,985
227878,881,956
7810,883,943
7487,884,936
20169,884,938
289964,888,938
175826,888,943
335145,888,951
277161,889,981
100864,905,961
28234,919,998
5559,921,1004
4231,922,1006
39797,924,998
1244,939,1006
4232,1097,1194
321842,1097,1199
27808,1103,1190
4233,1103,1199
398666,1104,1204
399176,1110,1190
166516,1117,1190
109995,1119,1193
181926,1122,1217
9758,1125,1185
198296,1127,1212
177373,1128,1198
367497,1130,1194
27393,1132,1184
227879,1133,1199
399183,1134,1197
18949,1135,1193
332856,1135,1229
109763,1136,1211
49008,1137,1195
285709,1137,1224
387202,1139,1202
356369,1139,1212
272398,1139,1221
306649,1140,1193
185149,1140,1217
316811,1140,1229
355764,1140,1246
25848,1141,1200
48511,1141,1204
404644,1143,1213
41820,1144,1210
186517,1144,1236
367476,1145,1202
262843,1145,1232
18578,1146,1220
19960,1147,1212
54762,1149,1258
117123,1150,1212
20515,1152,1223
335641,1152,1230
302390,1157,1256
38417,1159,1221
283878,1160,1266
2947,1161,1219
176662,1161,1222
3544,1162,1244
120653,1162,1250
203637,1163,1221
34801,1164,1266
34800,1165,1252
399179,1165,1258
289585,1166,1240
270972,1166,1261
77502,1166,1270
270459,1166,1287
121999,1168,1239
190141,1168,1247
212181,1168,1268
212113,1169,1258
163113,1171,1255
184662,1171,1263
979,1174,1255
371261,1175,1257
50884,1175,1263
11072,1178,1241
80197,1178,1269
54364,1181,1243
370210,1182,1232
100873,1184,1250
403036,1185,1266
237571,1187,1268
364934,1189,1250
95797,1189,1278
51415,1189,1291
178895,1190,1247
368090,1190,1295
36176,1192,1283
183267,1194,1255
357990,1195,1273
292074,1196,1258
357359,1196,1296
324965,1199,1258
168747,1199,1272
346879,1200,1254
178691,1202,1266
177761,1203,1267
89670,1203,1272
12231,1205,1271
232883,1206,1282
367475,1209,1269
272399,1209,1272
263427,1211,1272
19680,1211,1294
70693,1215,1295
183916,1219,1317
278831,1221,1297
157698,1223,1295
167432,1224,1292
60247,1225,1289
371262,1225,1305
62968,1227,1288
23380,1227,1309
78565,1228,1297
36170,1229,1292
127184,1230,1316
33091,1231,1301
91134,1242,1304
342062,1242,1317
14655,1355,1413
223318,1355,1418
275294,1355,1423
59427,1359,1415
12070,1362,1412
30205,1363,1436
148834,1467,1529
68505,1467,1543
367473,1467,1569
223317,1469,1524
56521,1469,1529
48510,1469,1541
342194,1469,1586
25846,1471,1524
91132,1475,1566
223584,1479,1529
277162,1479,1567
89550,1484,1561
303769,1487,1595
89549,1489,1561
79136,1489,1577
59430,1496,1589
217701,1501,1559
179886,1501,1589
2556,1501,1600
237029,1502,1580
36171,1503,1562
73258,1503,1565
77507,1503,1588
32738,1503,1598
367474,1510,1609
77506,1515,1625
342195,1516,1609
25847,1527,1594
148831,1533,1595
399475,1540,1606
272442,1545,1592
191666,1546,1593
34822,1559,1642
306650,1564,1642
157701,1567,1634
247894,1595,1653
73041,1727,1772
303770,1727,1824
38918,1921,1988
105587,1922,1993
99035,1925,1981
197667,1925,1987
346516,1929,2024
203834,1930,2037
11223,1931,1992
312040,1932,1996
384147,1938,2032
200949,1939,2004
176835,1944,2041
45378,1945,2051
289965,1946,2030
157174,1947,2039
41163,1948,2073
45376,1959,2040
77503,1970,2038
278117,1972,2056
20168,1973,2036
384151,1973,2039
155617,1973,2097
5507,1975,2048
358023,1976,2037
125780,1976,2043
199113,1976,2054
342201,1978,2063
307600,1980,2088
181927,1982,2056
307599,1982,2068
25850,1983,2072
385117,1983,2106
227405,1994,2066
141914,2000,2061
113365,2003,2059
292075,2021,2078
32009,2022,2097
271807,2023,2102
168171,2023,2105
317925,2024,2088
106381,2025,2086
163630,2026,2102
3217,2029,2099
137161,2032,2094
59426,2033,2097
298992,2036,2109
182343,2037,2120
203835,2043,2120
70694,2048,2113
198429,2152,2232
181923,2152,2235
96124,2153,2206
91133,2153,2212
18366,2154,2216
214274,2158,2219
310269,2159,2224
288112,2159,2241
190140,2160,2234
272441,2161,2217
107594,2162,2210
321363,2162,2215
149406,2162,2247
372424,2163,2219
32290,2163,2226
182341,2164,2230
142579,2168,2235
73042,2179,2241
81883,2180,2246
363975,2217,2295
398277,2250,2320
382640,2252,2318
239440,2265,2320
30948,2276,2328
40463,2379,2444
21985,2379,2460
6486,2380,2447
89835,2385,2446
270692,2387,2455
80312,2417,2512
25849,2422,2541
303768,2425,2514
126,2430,2519
329303,2434,2541
126,2437,2540
205658,2440,2544
126,2442,2513
406776,2442,2550
86500,2443,2563
267024,2448,2558
126,2449,2552
407247,2454,2565
356370,2461,2564
255453,2462,2559
34799,2468,2566
307601,2474,2601
382641,2479,2581
354411,2480,2568
376386,2501,2562
176836,2503,2553
91434,2523,2599
91433,2525,2614
53551,2533,2613
199112,2705,2772
9494,2705,2776
327649,2705,2789
114325,2706,2780
369514,2707,2812
271132,2713,2768
399181,2713,2788
307598,2716,2794
217002,2717,2786
12000,2719,2789
117381,2725,2781
227875,2728,2802
263858,2731,2789
72712,2735,2790
312838,2737,2805
232623,2740,2790
109907,2742,2790
209328,2744,2791
179885,2744,2803
172034,2752,2830
363972,2753,2817
95798,2780,2840
65400,2790,2870
211587,2792,2866
401380,2793,2859
112828,2794,2863
384146,2801,2866
277166,2806,2891
188968,2808,2862
373462,2811,2868
155047,2813,2868
112829,2815,2890
57681,2835,2898
48512,2837,2889
77508,2837,2897
269036,2838,2898
60247,2949,2997
52305,2950,2995
155917,2950,3012
251235,2950,3023
262840,2953,3016
5520,2995,3048
183915,3041,3123
15336,3063,3162
57679,3072,3147
264063,3074,3162
13468,3078,3139
62969,3078,3152
264064,3078,3178
280440,3079,3150
288110,3079,3170
384148,3080,3157
191667,3081,3159
363974,3089,3140
379278,3089,3176
264065,3089,3179
403716,3090,3146
40459,3091,3157
329302,3092,3169
255072,3096,3153
355198,3097,3178
148835,3100,3156
355199,3101,3196
400439,3102,3175
305123,3106,3175
268534,3107,3173
59921,3109,3156
280359,3109,3166
109906,3109,3171
139780,3109,3175
149055,3110,3173
288113,3110,3192
8088,3112,3176
181396,3121,3177
93570,3123,3189
309186,3123,3195
301932,3123,3206
7067,3124,3179
407641,3125,3184
48891,3126,3175
198295,3126,3179
68791,3126,3188
75732,3126,3192
201738,3126,3198
280439,3127,3174
401651,3130,3195
277165,3130,3200
84034,3162,3241
143059,3166,3236
382638,3177,3238
244907,3182,3284
110059,3185,3233
239895,3189,3288
380861,3190,3298
369466,3191,3270
45255,3193,3284
37110,3203,3296
104731,3212,3300
113567,3218,3294
45783,3219,3284
147422,3221,3296
272192,3231,3293
364408,3562,3614
122449,3563,3625
314998,3564,3628
249958,3570,3638
403079,3716,3788
376383,3728,3792
402953,3729,3784
116805,3733,3775
342193,3749,3799
141913,3755,3808
99036,3756,3807
357358,3825,3884
31516,3825,3890
264066,3826,3875
70692,3827,3898
89673,3827,3902
220055,3830,3885
220057,3830,3905
173667,3832,3896
86385,3832,3898
25771,3834,3877
11829,3834,3888
283462,3834,3899
248457,3835,3902
89672,3844,3902
27391,3846,3908
70599,4187,4256
77500,4190,4257
70697,4198,4259
21984,4199,4254
18950,4199,4257
375638,4199,4260
332855,4200,4268
105022,4209,4280
73848,4346,4411
380860,4369,4464
380859,4391,4473
239894,4402,4462
350414,4414,4464
68234,4417,4483
182550,4418,4540
5516,4422,4490
182553,4425,4488
62261,4429,4483
178631,4433,4489
244908,4437,4541
397267,4451,4529
215282,4456,4525
8022,4457,4533
100477,4464,4517
368091,4464,4526
86937,4466,4526
132463,4466,4529
328229,4467,4531
176531,4473,4544
155708,4477,4552
3545,4484,4553
369513,4490,4568
64740,4500,4568
92043,4502,4575
172036,4504,4576
157699,4521,4594
157700,4521,4633
355197,4539,4646
142236,4542,4607
309489,4542,4654
100871,4545,4621
399472,4547,4620
34802,4548,4632
205565,4550,4658
95796,4551,4625
306648,4552,4644
316810,4562,4653
148837,4567,4659
251233,4578,4630
91138,4579,4648
36133,4583,4637
36132,4584,4632
188735,4584,4647
251234,4584,4660
88432,4585,4657
38416,4758,4823
199110,4790,4867
80505,4791,4850
80506,4791,4857
60249,4795,4890
17059,4797,4857
23757,4804,4865
35948,4804,4888
32737,4806,4858
378409,4811,4887
348278,4814,4870
101558,4814,4887
9200,4818,4890
182549,4943,4992
152371,4943,5018
7724,4945,5015
307428,4947,4995
262842,4994,5067
153228,4998,5067
369512,4998,5071
155048,5012,5077
407640,5016,5085
264820,5016,5091
117121,5016,5108
48983,5027,5097
75969,5030,5100
182546,5034,5099
100866,5038,5108
103050,5044,5109
100863,5055,5133
202576,5056,5125
399182,5063,5124
27876,5063,5132
205064,5066,5131
350415,5117,5200
179887,5126,5202
258050,5135,5200
60248,5293,5344
88431,5294,5346
103053,5390,5493
307419,5394,5456
203832,5405,5504
248701,5406,5472
316812,5412,5492
138758,5415,5519
11186,5416,5486
316813,5420,5512
38524,5428,5519
115291,5432,5496
68562,5438,5511
324486,5438,5517
45377,5443,5512
285904,5445,5511
336328,5448,5510
61361,5452,5515
63049,5575,5628
14818,5576,5639
287377,5600,5661
109432,5608,5674
38583,5608,5685
73256,5609,5668
25839,5609,5679
148836,5610,5676
10945,5611,5674
18952,5612,5682
300901,5614,5676
181922,5614,5708
272308,5615,5674
2551,5615,5679
189278,5617,5669
10972,5627,5677
70696,5643,5728
309490,5649,5713
337501,5689,5760
163112,5695,5768
241702,5697,5762
23846,5705,5766
153229,5705,5768
100870,5816,5895
262838,5817,5864
342198,5817,5903
70691,5820,5877
125480,5821,5864
306651,5821,5870
141912,5822,5874
287181,5830,5931
23491,6094,6139
60246,6184,6247
60245,6185,6250
399172,6190,6250
172035,6289,6393
407804,6303,6379
371804,6312,6384
205563,6315,6382
118473,6320,6374
70690,6325,6371
20170,6325,6373
14571,6354,6411
152075,6375,6436
117120,6390,6437
203836,6570,6631
33881,6577,6627
385991,6586,6632
342199,6592,6668
316808,6880,6934
223582,7055,7115
335640,7139,7203
386583,7141,7207
225554,7164,7228
376384,7190,7257
399180,7252,7314
399173,7256,7311
309185,7263,7352
6154,7312,7369
36172,7413,7490
6325,7414,7480
18951,7436,7508
61063,7439,7500
77189,7533,7606
168172,7563,7654
60245,7569,7651
399168,7570,7656
399170,7570,7659
118474,7576,7653
316809,7577,7640
206302,7577,7642
175428,7580,7658
152777,7864,7930
60246,7881,7959
251232,7885,7961
60249,7889,7992
371263,7892,7967
175429,7893,7963
125781,7894,7953
112876,7895,7955
126923,7898,7951
309568,7900,7990
60248,7901,7962
306910,7902,7961
126925,7902,7964
83157,7907,7992
138783,7909,7991
79137,7915,7976
169961,7916,7965
75848,7916,7994
329493,7917,7996
48515,7918,7981
15337,7918,7984
91137,7920,7992
95795,7921,7997
309183,7928,7990
182551,7928,7992
356371,7930,7985
175426,7932,7987
45379,7932,7993
364409,7933,7994
100868,7934,7995
404009,7935,7990
145630,7935,7993
182757,7936,7998
114424,8071,8151
344089,8072,8166
311228,8078,8153
303578,8091,8162
38418,8101,8168
268593,8102,8165
8365,8109,8175
100872,8115,8210
32740,8119,8214
11497,8125,8207
36131,8129,8216
36130,8139,8209
18903,8139,8213
117124,8151,8209
117125,8177,8232
350412,8219,8291
230427,8464,8541
387201,8755,8813
203638,8758,8807
152997,8765,8813
278115,8863,8955
133733,8864,8911
376389,8865,8941
376388,8872,8979
278116,8874,8986
210741,8876,8937
399171,8878,8954
182552,8899,8973
53712,8911,8995
399175,8911,8999
141909,8917,8996
399169,8940,9047
4235,8944,9044
133736,8945,8999
160078,8948,9032
140858,8949,9047
141910,8954,9047
141911,8961,9046
267455,8972,9044
310238,8979,9046
267022,8980,9044
161010,8983,9046
35239,8984,9047
41189,8986,9047
38523,8992,9047
260768,8996,9042
239444,8996,9046
59429,9137,9206
9198,9139,9201
91435,9142,9203
64607,9142,9205
237977,9192,9243
10420,9196,9249
10419,9197,9250
157702,9201,9250
341749,9246,9322
172586,9269,9318
91136,9273,9340
105586,9274,9362
270310,9292,9360
398280,9297,9370
110081,9299,9360
199111,9299,9364
36175,9306,9366
120163,9308,9365
358014,9310,9365
14498,9318,9374
367355,9319,9392
403698,9326,9377
381415,9332,9391
63651,9374,9435
89674,9379,9439
327650,9380,9442
386645,9398,9451
283874,9412,9461
247320,9413,9473
288511,9413,9476
126924,9422,9511
309184,9437,9494
148833,9495,9571
148832,9506,9577
205516,9514,9567
381143,9597,9663
333378,9600,9661
179890,9601,9657
400438,9616,9662
307112,9618,9663
170824,9750,9801
398278,9752,9803
220056,9758,9840
342192,9994,10056
349624,9996,10056
385114,10004,10060
127183,10005,10062
382544,10006,10056
59425,10079,10143
23754,10079,10165
342190,10080,10134
177375,10085,10177
69638,10087,10148
40462,10087,10152
277159,10087,10158
399167,10087,10178
302388,10088,10183
229264,10090,10178
60256,10101,10171
79139,10105,10182
349625,10112,10178
265973,10114,10179
239439,10338,10396
316015,10339,10389
93160,10340,10390
227874,10341,10392
407542,10342,10387
387138,10432,10501
354410,10432,10518
9201,10433,10512
57680,10434,10523
294564,10436,10506
91135,10436,10510
15042,10436,10528
382639,10436,10532
91131,10439,10522
280827,10443,10526
100867,10453,10532
175827,10461,10522
89294,10468,10520
59428,10468,10527
9733,10474,10529
223149,10573,10618
23755,10573,10623
283875,10634,10716
184663,10637,10738
161406,10648,10728
105585,10648,10780
28402,10652,10741
272397,10653,10738
213945,10666,10746
17060,10669,10750
363368,10689,10775
133740,10692,10780
363369,10694,10797
319445,10728,10780
50319,10732,10781
329398,10745,10798
278318,10749,10801
70695,10780,10852
246521,10781,10860
5008,10784,10851
103048,10785,10846
103049,10785,10853
23759,10785,10871
60244,10791,10852
286784,10791,10866
323837,10832,10909
179888,10839,10910
117520,10845,10919
227876,10851,10919
62966,10853,10920
198291,11015,11068
309565,11015,11098
21982,11015,11112
309566,11015,11126
309567,11030,11125
51265,11144,11206
77499,11146,11199
217702,11146,11209
248728,11146,11253
355250,11150,11206
29807,11171,11233
358025,11171,11242
248729,11175,11265
344687,11179,11252
80997,11180,11269
36173,11182,11265
203833,11188,11269
288109,11196,11258
307597,11213,11267
266794,11214,11269
384152,11682,11774
253428,11683,11746
339379,11684,11766
40460,11684,11770
14157,11688,11762
11645,11690,11749
8215,11690,11761
349626,11690,11784
36177,11693,11769
53842,11694,11765
84991,11698,11759
373461,11700,11754
39662,11703,11760
357991,11704,11772
80119,11775,11841
316017,11775,11850
342060,11776,11862
258051,11780,11862
103047,11780,11913
21983,11789,11858
262837,11791,11870
107202,11793,11859
179889,11796,11868
10946,11799,11859
155916,11799,11878
286783,11801,11904
255451,11822,11881
261215,11830,11935
17798,11839,11914
103046,11840,11905
348089,11842,11909
23758,11843,11912
264067,11845,11979
348276,11846,11942
381142,11848,11912
60244,11850,11913
17556,11875,11941
310268,11876,11962
272440,11882,11948
70689,11898,11962
289318,11906,11961
408537,11914,11984
367498,11916,11989
333285,11921,11998
77501,11929,11997
209000,11932,11997
346514,11992,12063
241677,11998,12076
131254,12003,12084
272439,12004,12062
332851,12005,12061
271913,12006,12080
45380,12006,12087
307258,12008,12078
15688,12009,12064
13042,12009,12084
244906,12010,12080
399174,12012,12088
82721,12015,12089
80504,12028,12088
198292,12029,12089
307420,12034,12088
133742,12038,12088
342200,12040,12087
185875,12040,12089
183914,12205,12273
227873,12206,12275
79138,12211,12303
398279,12223,12291
14417,12223,12300
6325,12225,12297
199109,12235,12303
342191,12239,12303
7490,12240,12301
186227,12247,12300
106351,12250,12302
407246,12339,12426
303765,12349,12425
303767,12359,12457
7489,12364,12456
404645,12376,12458
333377,12384,12449
38419,12392,12462
303766,12407,12462
86386,12416,12460
180607,12560,12641
260769,12561,12617
121822,12569,12620
371455,12575,12624
23760,12601,12695
316019,12608,12747
183083,12612,12733
73260,12624,12757
184664,12628,12750
4241,12635,12758
40461,12646,12754
58852,12647,12785
264819,12648,12718
322220,12652,12763
302389,12660,12780
4239,12673,12795
385119,12677,12789
301346,12683,12784
278114,12684,12769
9199,12685,12738
104130,12685,12748
23762,12692,12810
358026,12693,12755
25844,12693,12820
272396,12699,12775
78054,12699,12786
385118,12700,12805
138386,12701,12802
4240,12701,12825
342197,12701,12842
185873,12704,12806
9791,12709,12776
61398,12716,12783
280438,12717,12769
32739,12717,12780
196669,12721,12772
27390,12727,12821
336390,12728,12772
329737,12728,12792
65401,12728,12808
31250,12739,12808
398667,12739,12820
25843,12741,12912
23761,12742,12873
301145,12745,12811
25840,12749,12812
6093,12754,12815
160167,12754,12820
256189,12755,12817
77190,12755,12851
198430,12756,12811
332853,12756,12815
17557,12756,12830
316018,12757,12877
248875,12764,12828
224312,12779,12838
223581,12780,12825
4234,12780,12841
277163,12786,12874
48514,12789,12850
301347,12794,12878
342065,12794,12881
133743,12798,12879
25842,12798,12936
181924,12799,12885
181925,12799,12912
124317,12801,12922
342196,12801,12927
184665,12809,12936
363367,12824,12937
113395,12836,12936
26358,12844,12933
51539,12845,12936
185872,12850,12936
36174,12852,12918
8668,12853,12912
207567,12854,12923
184666,12855,12936
4238,12859,12936
27392,12861,12933
23756,12866,12936
23763,12874,12937
9974,12881,12937
258443,12987,13083
129913,12989,13150
4236,12990,13127
191668,13003,13134
262841,13004,13130
10421,13005,13105
129124,13006,13122
93794,13012,13139
73259,13017,13094
117122,13018,13130
358024,13020,13135
84831,13021,13149
62232,13021,13156
151207,13026,13146
239438,13027,13142
278113,13030,13158
100869,13031,13202
181428,13033,13155
88430,13033,13162
332852,13034,13097
39915,13035,13165
62307,13039,13138
7488,13041,13188
36078,13043,13162
332854,13047,13108
185874,13048,13184
112830,13051,13179
142235,13064,13131
181429,13064,13181
36649,13065,13173
278317,13066,13185
342059,13067,13136
4237,13067,13166
277164,13068,13180
289967,13070,13138
198293,13070,13142
376390,13072,13163
283876,13072,13175
133741,13074,13137
323838,13076,13198
287180,13082,13158
113364,13084,13170
316016,13084,13213
168479,13085,13162
342064,13086,13224
141908,13088,13167
262836,13089,13139
122334,13090,13163
198290,13091,13169
48513,13091,13215
96983,13092,13166
382637,13095,13211
133739,13097,13200
118472,13099,13168
171764,13101,13162
11495,13102,13163
329494,13102,13167
90906,13104,13168
337649,13106,13167
15338,13106,13170
205566,13106,13172
155707,13112,13252
198294,13113,13222
200948,13115,13199
177374,13115,13208
369973,13115,13213
75043,13116,13228
133738,13117,13245
267023,13124,13227
9196,13125,13219
329495,13142,13200
43714,13143,13208
133737,13149,13265
363366,13154,13258
25841,13159,13265
30784,13183,13265
289966,13189,13264
175427,13194,13264
305777,13202,13264
146049,13204,13264
