208490,175,234
72812,175,238
385740,175,248
237654,175,260
40686,175,264
333,175,283
269625,177,256
173555,191,282
126507,202,280
363771,227,280
373552,228,279
219171,324,370
294013,324,386
221552,328,437
174453,330,453
41845,331,406
99593,333,437
227138,338,479
7482,341,461
255659,342,437
136145,342,458
354024,352,466
886,357,474
208491,357,490
326393,358,482
320550,360,471
163192,360,506
21704,360,530
349990,361,485
40687,363,502
157199,366,504
263483,366,515
37878,367,463
886,369,496
354916,374,498
276525,376,493
149620,379,507
264828,380,510
886,381,459
20202,389,465
113797,390,516
269626,390,527
886,393,490
244429,394,519
156522,395,516
146610,399,513
160162,400,506
72811,400,541
91348,401,518
284534,402,535
263653,409,524
101302,410,517
8513,415,519
18906,415,532
221553,418,514
91121,422,529
405198,422,541
244427,432,527
485,434,521
21701,435,489
139870,438,521
200265,448,538
284276,471,535
399063,480,544
91559,482,536
22330,491,543
162346,581,643
162351,588,697
375326,626,684
329762,627,728
89361,629,723
14723,630,684
407531,633,742
21706,644,748
61517,647,749
255282,650,718
328198,651,730
218659,653,718
370154,655,723
213677,655,813
44795,656,732
267782,657,749
221554,659,763
40827,661,761
10364,662,717
309068,663,729
237653,663,785
10262,663,794
72813,664,727
169478,664,748
83233,664,805
48392,665,783
123336,668,832
6080,669,817
130379,670,744
35852,670,747
68226,670,789
10088,670,793
21707,670,807
375325,671,824
217778,672,859
150591,673,804
142369,673,810
280336,676,786
208492,676,799
399064,676,822
19027,679,776
64718,679,800
190545,686,797
270456,686,804
83405,687,814
406031,688,777
308994,689,801
64659,690,863
27442,692,849
36182,693,795
363716,693,804
252119,694,798
89359,694,823
163599,695,776
261806,698,762
175880,698,844
386571,700,800
29151,700,814
19169,705,776
335227,706,848
162350,708,856
349991,715,797
24758,717,788
374119,717,858
127527,718,800
271623,725,795
163474,726,850
200266,726,856
221555,728,816
40688,728,863
629,732,799
119030,732,803
7636,733,864
173011,759,816
407533,761,819
201938,766,837
48740,767,823
3532,773,836
29831,773,860
152078,775,838
112013,776,854
19325,776,862
329228,778,860
155706,785,865
89360,786,860
318178,790,838
215764,793,853
157200,795,860
70448,795,865
184027,798,864
113798,801,860
157489,805,861
83234,805,864
84979,806,865
236571,807,860
18037,809,865
306079,811,860
218655,816,864
269566,1058,1121
343942,1116,1233
217645,1126,1233
175881,1134,1254
49761,1153,1208
157203,1274,1357
31745,1300,1367
139846,1327,1393
255878,1328,1375
255852,1356,1431
255884,1390,1468
65609,1405,1467
255852,1594,1674
316726,1643,1739
316725,1649,1745
178657,1666,1746
109846,1675,1767
283065,1678,1743
383206,1681,1740
243953,1688,1742
7626,1693,1739
139170,1693,1754
312962,1771,1838
404766,1793,1859
223888,1794,1896
192037,1795,1860
223889,1800,1872
379539,1802,1864
29455,1808,1869
24293,1832,1892
168221,1833,1894
372374,1860,1903
138864,1898,1969
380633,1902,1968
179652,1909,1969
391343,1910,1968
398115,1914,1963
5452,1922,1965
255869,2023,2123
255851,2024,2133
163598,2073,2152
162345,2084,2151
185707,2086,2150
199851,2091,2152
366846,2109,2151
255865,2140,2229
255854,2150,2251
136429,2164,2238
255867,2169,2305
373550,2183,2242
364014,2189,2255
186886,2202,2256
190238,2202,2271
35752,2208,2270
374121,2209,2286
146611,2213,2283
243664,2220,2286
42837,2223,2285
126508,2227,2308
131985,2230,2287
255866,2236,2372
14738,2239,2346
255851,2240,2343
216939,2250,2321
405813,2258,2339
218656,2287,2343
37822,2321,2366
164946,2321,2380
288213,2341,2412
162349,2343,2423
162348,2343,2431
186888,2348,2413
397111,2349,2411
407532,2353,2411
27451,2367,2409
255870,2432,2497
107366,2458,2516
271729,2482,2578
132860,2521,2587
104863,2523,2588
255854,2697,2798
143771,2699,2769
135321,2740,2796
363769,2742,2797
186890,2745,2809
288882,2748,2795
331438,2750,2802
149616,2908,2966
255862,3010,3068
164947,3164,3216
294624,3164,3232
391893,3164,3260
402012,3198,3260
280337,3276,3340
125383,3316,3380
354973,3378,3456
373330,3378,3475
126493,3379,3482
64660,3384,3437
208488,3385,3434
149855,3385,3439
329229,3385,3457
404767,3389,3486
162131,3396,3465
99237,3397,3469
154406,3409,3470
169479,3413,3474
127938,3427,3475
219301,3438,3510
255879,3486,3552
360898,3518,3574
14736,3526,3587
112922,3530,3609
141180,3553,3613
13444,3558,3621
243666,3638,3701
190053,3766,3831
112858,3921,3995
166150,3926,3987
206867,3926,3990
205281,3936,3994
40185,3941,3990
149617,4074,4136
243667,4093,4148
40689,4101,4172
112857,4111,4168
158990,4329,4437
186887,4345,4445
347871,4367,4424
364015,4368,4430
79669,4370,4430
264829,4372,4435
292342,4376,4429
326395,4378,4448
48046,4379,4442
349993,4389,4465
218658,4439,4510
406030,4443,4514
351693,4444,4512
296273,4445,4496
19170,4450,4512
61518,4450,4514
116348,4450,4520
213678,4451,4510
385742,4451,4545
13578,4452,4515
265009,4452,4518
190546,4459,4514
33513,4461,4517
379898,4463,4541
177410,4466,4512
123337,4466,4515
199611,4466,4528
46924,4466,4541
372375,4467,4523
61627,4467,4526
213104,4468,4539
221558,4469,4541
124240,4471,4559
89358,4472,4537
138865,4472,4544
19126,4474,4536
184025,4474,4538
19125,4474,4542
396441,4478,4537
150590,4490,4550
374120,4494,4543
125067,4495,4570
23771,4495,4585
363770,4496,4557
206623,4749,4814
194775,4749,4823
326394,4750,4816
236572,4752,4816
255855,4764,4834
274672,4769,4836
255849,4949,5034
255865,4956,5029
255883,5114,5158
255849,5121,5201
255867,5147,5264
373551,5163,5244
297680,5178,5244
142031,5181,5236
236360,5189,5259
255866,5200,5331
255869,5204,5296
255862,5206,5278
232629,5256,5332
130381,5266,5328
121886,5280,5341
240161,5282,5329
315265,5284,5359
255872,5295,5349
400101,5301,5353
391547,5303,5360
106610,5304,5356
255855,5306,5381
399065,5350,5423
317540,5355,5417
152158,5381,5449
263764,5385,5460
143776,5387,5450
11402,5531,5608
254589,5531,5615
125071,5532,5622
33615,5534,5586
270458,5534,5600
255880,5535,5611
31430,5537,5600
136542,5537,5616
31077,5539,5589
51879,5539,5615
379869,5544,5594
244745,5544,5606
375327,5548,5615
43913,5585,5646
244426,5585,5658
405197,5592,5653
98560,5624,5696
279180,5626,5690
14735,5678,5792
255877,5684,5783
186028,5694,5774
354915,5700,5782
157202,5709,5782
255876,5741,5840
190054,5756,5834
284536,5784,5877
213026,5786,5887
184026,5789,5850
14737,5792,5850
309840,5796,5850
326396,5796,5873
14733,5797,5877
163475,5797,5884
126492,5807,5882
17730,5807,5890
22850,5809,5861
207203,5809,5880
208489,5809,5883
190547,5813,5907
146393,5817,5882
357053,5817,5908
186889,5818,5886
388555,5822,5876
135963,5841,5907
138866,5842,5902
310274,5844,5906
328199,5844,5908
71917,5846,5905
149618,5850,5906
255875,5852,5907
149853,5917,5985
244428,5923,5986
354025,6043,6112
126928,6078,6145
148187,6080,6138
207701,6082,6144
48077,6083,6155
346290,6104,6150
33512,6162,6240
40184,6186,6248
255857,6217,6312
14163,6227,6293
83616,6233,6309
1165,6237,6313
159058,6241,6305
237970,6243,6313
133498,6245,6314
25087,6248,6306
306401,6248,6312
336529,6252,6311
397112,6253,6321
203524,6254,6313
71919,6261,6311
130878,6266,6327
161093,6267,6315
364016,6267,6317
255874,6267,6343
255853,6272,6344
119034,6275,6344
103896,6282,6343
70967,6287,6342
18103,6430,6478
17996,6430,6496
254588,6431,6479
64658,6433,6479
190615,6433,6488
301807,6433,6497
255882,6433,6511
149850,6438,6526
375854,6439,6533
10089,6448,6553
157197,6467,6534
145118,6471,6552
305199,6472,6538
886,6473,6553
79667,6481,6557
14830,6481,6561
23594,6483,6546
175882,6501,6581
363715,6506,6582
314098,6527,6602
30326,6539,6599
364017,6550,6617
3670,6553,6605
149854,6585,6706
164318,6600,6671
255871,6600,6716
405196,6603,6664
119031,6603,6705
77459,6604,6653
125069,6604,6665
112921,6604,6693
149619,6604,6708
10365,6621,6743
71918,6628,6710
176344,6635,6703
135962,6648,6718
406897,6674,6734
31000,6674,6749
139169,6675,6737
354194,6685,6739
255870,6734,6788
320549,6736,6789
157201,6738,6787
169477,6742,6796
255853,6757,6829
255873,6759,6835
376116,6781,6835
42833,6911,6970
170501,6911,6977
130378,6911,6993
306078,6911,6997
195849,6913,7004
42834,6916,6995
42836,6919,6999
349992,6921,7035
279181,6983,7046
79668,6995,7046
255857,7090,7172
159059,7104,7196
41616,7107,7177
182577,7113,7181
250001,7113,7185
113796,7113,7198
71262,7114,7169
208991,7114,7178
244744,7114,7196
365039,7119,7170
159060,7120,7191
385741,7120,7196
173010,7120,7203
375504,7123,7171
132673,7123,7184
336530,7125,7195
22479,7126,7206
371470,7127,7176
36081,7128,7188
7093,7129,7203
14722,7134,7206
332332,7164,7226
159055,7561,7610
58018,7615,7669
237553,7674,7758
106579,7677,7739
255881,7678,7735
328197,7680,7742
364012,7680,7763
236359,7684,7756
86762,7684,7781
98565,7696,7765
400000,7713,7778
247550,7888,7953
70447,7888,7970
376115,7888,7979
391344,7889,7946
139847,7889,7948
89362,7889,7954
47072,7889,7957
236358,7889,7973
52943,7889,7994
18036,7889,7999
14419,7891,7946
44427,7914,7999
284535,7918,7990
19736,8051,8113
223887,8052,8153
207201,8057,8119
326397,8061,8127
165138,8079,8152
184024,8088,8171
201020,8092,8153
57112,8093,8156
92920,8094,8170
184023,8094,8186
386572,8099,8176
283944,8109,8184
255858,8114,8177
133454,8116,8173
329764,8118,8179
41438,8119,8188
128136,8125,8200
255878,8127,8193
7481,8128,8189
112920,8129,8200
79666,8164,8228
145761,8456,8515
255850,8477,8587
191615,8499,8560
333744,8598,8674
229367,8614,8683
195850,8616,8673
254587,8618,8674
119037,8619,8706
116349,8619,8711
190544,8620,8674
84980,8622,8672
109844,8628,8705
255850,8667,8789
65273,8963,9042
48044,8965,9025
145763,8966,9028
143772,9057,9116
408089,9068,9117
404768,9070,9127
123916,9079,9142
343943,9081,9145
65276,9082,9134
190542,9268,9327
357052,9405,9505
80215,9426,9488
12931,9427,9514
292905,9430,9515
109845,9469,9564
173007,9476,9541
664,9478,9539
173008,9478,9558
21698,9481,9566
159057,9483,9563
10555,9485,9538
21709,9491,9559
23380,9494,9565
5101,9556,9615
145762,9558,9629
244532,9564,9629
349989,9566,9623
56450,9566,9629
309839,9685,9755
125070,9687,9750
128475,9687,9761
187552,9689,9749
128474,9689,9760
277339,9689,9769
186894,9690,9755
100125,9693,9754
214700,9693,9757
255872,9694,9760
266967,9700,9754
57585,9701,9780
329763,9701,9824
176783,9702,9753
255858,9707,9759
95471,9707,9808
247551,9710,9847
204482,9715,9804
163972,9717,9816
70076,9718,9784
163600,9721,9822
11188,9724,9851
254443,9727,9812
270457,9731,9822
146609,9732,9828
98562,9732,9858
221556,9735,9844
391345,9735,9876
16799,9736,9807
251424,9739,9816
302645,9740,9808
79988,9741,9814
263763,9741,9825
219137,9741,9835
353035,9741,9857
200999,9743,9813
33508,9743,9819
204483,9743,9865
254356,9744,9807
94126,9744,9877
25803,9745,9806
239187,9745,9809
98564,9745,9871
2244,9746,9854
25589,9747,9806
17995,9747,9823
125066,9747,9859
163602,9749,9847
11189,9754,9851
306076,9756,9824
86507,9757,9818
69372,9758,9859
179651,9759,9824
206471,9760,9857
95470,9761,9813
119032,9761,9830
82,9762,9806
79475,9762,9826
304835,9762,9844
11190,9765,9856
254444,9766,9845
374122,9768,9860
79665,9771,9875
121359,9772,9844
148460,9772,9856
402824,9773,9837
103628,9773,9859
327831,9779,9846
98563,9779,9879
275605,9780,9875
296272,9781,9849
314099,9783,9859
253259,9785,9826
253576,9790,9855
314100,9793,9859
130459,9800,9874
354914,9800,9877
219134,9801,9866
10362,9801,9872
207202,9803,9873
306077,9803,9880
55271,9805,9866
40690,9807,9883
383633,9809,9874
162030,9810,9873
190240,9812,9873
198883,9817,9872
236682,9823,9896
346291,9825,9890
184711,9944,10009
8069,9947,10008
155538,9977,10032
386573,10242,10314
58017,10271,10352
173009,10276,10357
247552,10278,10349
323538,10284,10345
141181,10288,10355
124239,10291,10353
156756,10303,10382
190239,10307,10363
255879,10308,10375
256917,10313,10395
327394,10317,10396
10537,10318,10380
29150,10322,10375
277613,10349,10416
209891,10365,10416
219135,10401,10463
77250,10401,10467
255859,10421,10486
125068,10560,10617
385739,10590,10670
372372,10605,10669
19168,10718,10780
223886,10724,10777
130458,10725,10805
79663,10726,10781
21702,10786,10858
337687,10788,10878
21705,10790,10857
33511,10794,10881
218657,10800,10875
33510,10801,10882
33509,10801,10887
130382,10813,10863
244430,10813,10889
202880,10815,10879
393963,10815,10907
136543,10817,10877
132552,10817,10880
234522,10819,10880
86506,10820,10894
263484,10820,10899
404769,10820,10917
87441,10821,10883
292437,10821,10885
186893,10821,10889
7480,10823,10887
175879,10823,10916
40691,10824,10919
218568,10826,10897
243851,10826,10914
33280,10828,10888
406252,10828,10899
30325,10829,10887
162347,10830,10893
271532,10831,10899
135706,10834,10895
3545,10835,10913
404770,10835,10922
65610,10850,10922
323539,10853,10916
149849,10857,10930
125065,10858,10918
119036,10954,11046
119035,10955,11063
255871,10957,11077
149851,10958,11074
97434,10960,11027
399766,10960,11064
149621,10960,11088
149852,10979,11090
119041,10984,11060
285861,10986,11062
255875,10987,11052
176344,10987,11058
138863,10988,11061
57677,10993,11063
146392,10997,11066
386570,11006,11063
198771,11016,11110
354023,11022,11108
160160,11023,11105
165483,11024,11088
255876,11118,11208
14721,11173,11289
355739,11181,11252
186301,11184,11236
14725,11184,11292
158989,11187,11267
71287,11191,11253
255877,11196,11291
354913,11210,11291
243665,11290,11367
294625,11301,11366
221557,11304,11366
255874,11321,11396
255873,11329,11399
346289,11333,11398
23588,11334,11399
364013,11492,11580
150336,11521,11580
42663,11521,11582
21703,11521,11590
2373,11522,11586
180316,11526,11587
317539,11528,11594
40692,11538,11602
138394,11542,11584
255861,11736,11793
145765,11865,11933
54364,12050,12113
92042,12094,12148
229366,12107,12169
14732,12107,12181
69371,12108,12172
46926,12108,12175
271531,12112,12180
221551,12137,12209
14726,12218,12313
103382,12221,12275
119039,12221,12296
90557,12224,12306
252120,12226,12294
391894,12227,12290
364543,12228,12291
128476,12235,12285
247553,12236,12287
214192,12238,12296
65428,12239,12303
65274,12242,12306
275604,12245,12292
255859,12245,12303
255868,12301,12396
14734,12371,12443
255860,12439,12552
386569,12450,12547
255864,12455,12552
255884,12505,12586
186892,12568,12637
269627,12696,12747
195851,12696,12751
92767,12697,12754
91792,12708,12773
267645,12714,12777
371472,12717,12772
96604,12858,12919
255863,12904,12957
155708,13040,13119
103897,13051,13113
255880,13056,13129
159056,13064,13109
48045,13065,13139
79664,13081,13137
46922,13081,13145
213103,13082,13138
85701,13085,13146
87270,13099,13154
145117,13159,13216
67608,13170,13220
355738,13334,13452
201085,13336,13388
80101,13337,13401
13223,13339,13402
326392,13339,13404
269233,13341,13402
355735,13343,13432
375040,13344,13436
23509,13351,13401
211530,13351,13428
14731,13356,13418
197275,13367,13429
74150,13401,13467
21710,13419,13486
48043,13428,13520
386567,13464,13525
341726,13474,13543
2372,13479,13540
21708,13482,13564
88454,13496,13562
333668,13510,13563
46925,13515,13564
399062,13556,13636
48293,13570,13635
21699,13572,13635
91351,13810,13874
355737,13851,13915
186891,13920,14030
255861,13922,13990
164452,13925,13998
282502,13926,14027
10782,13927,13992
146608,13927,13995
130457,13940,14005
260121,13947,14017
239140,13950,14021
17114,13952,14022
325625,13953,14031
187119,13954,14023
119033,13955,14050
391545,13957,14059
187118,13961,14028
32906,13963,14029
325405,13964,14027
133533,13965,14028
396462,13966,14027
164553,13970,14022
70756,13970,14028
329230,13970,14054
25378,13971,14035
192584,13972,14018
100493,13973,14019
221736,13977,14046
161094,13980,14059
144544,13982,14044
37366,13985,14046
268413,13987,14052
136174,13993,14070
69031,13996,14054
312961,14027,14089
162352,14140,14194
274610,14140,14207
372373,14151,14222
218569,14155,14219
136541,14165,14227
42832,14166,14228
116347,14166,14248
2321,14168,14231
696,14172,14226
166598,14175,14227
119040,14179,14279
152787,14182,14225
360897,14183,14239
199379,14184,14237
33507,14187,14275
391546,14196,14259
87315,14197,14271
57113,14209,14272
397113,14210,14271
255883,14212,14275
19167,14229,14276
163601,14435,14498
262524,14440,14510
204278,14441,14493
406032,14447,14493
370153,14453,14509
255860,14455,14571
162353,14458,14521
308993,14458,14526
52597,14461,14525
190541,14461,14528
129936,14463,14525
10361,14468,14539
255856,14468,14555
86282,14471,14537
408088,14473,14538
88449,14474,14546
157198,14482,14544
17996,14482,14551
88448,14488,14552
386568,14494,14567
182578,14525,14609
256916,14534,14605
90558,14539,14601
360811,14542,14605
130380,14551,14628
119038,14553,14645
399767,14555,14603
110219,14556,14641
14724,14557,14621
317538,14560,14646
185708,14561,14622
271622,14563,14639
248706,14569,14654
213174,14570,14631
10785,14571,14630
197274,14571,14656
283738,14576,14628
89357,14602,14655
159213,14611,14688
190543,14611,14693
227139,14721,14779
288327,14728,14784
86763,14733,14784
236151,14733,14787
204484,14740,14788
355734,14869,14944
91352,14871,14943
260879,14886,14955
212311,15098,15156
345837,15098,15172
40693,15099,15176
147779,15110,15175
147780,15110,15191
393962,15115,15179
306193,15116,15166
224613,15117,15182
221550,15143,15204
255864,15145,15256
255856,15147,15247
386565,15147,15253
373328,15150,15224
255863,15152,15213
14727,15160,15222
91120,15167,15240
255882,15171,15250
386566,15177,15249
255868,15323,15424
156731,15358,15424
148875,15491,15569
149848,15492,15605
360774,15494,15555
375853,15495,15594
65275,15495,15613
390256,15496,15567
101473,15498,15569
206868,15499,15567
319871,15499,15571
104251,15504,15567
221549,15506,15567
42039,15507,15566
92768,15516,15603
8238,15526,15606
286110,15530,15608
14162,15533,15595
406896,15536,15608
46923,15537,15615
979,15540,15608
375852,15543,15605
38665,15543,15607
62987,15595,15652
406895,15614,15668
355736,15724,15798
8314,15767,15832
255881,15910,15972
116895,15915,15979
24168,16022,16109
24169,16023,16101
86761,16045,16121
286949,16059,16116
270455,16059,16124
211531,16062,16145
398429,16063,16125
170500,16081,16131
156733,16107,16214
156731,16112,16173
156732,16125,16219
95472,16134,16219
309838,16149,16219
320548,16156,16218
100708,16167,16219
14730,16277,16441
14729,16278,16389
14728,16278,16413
59088,16280,16333
91349,16283,16411
21711,16287,16351
264827,16292,16425
29261,16295,16387
98561,16296,16464
42835,16306,16431
317785,16310,16442
160161,16317,16457
349988,16324,16459
341079,16324,16470
137672,16328,16460
318708,16329,16477
175878,16334,16464
10363,16339,16458
151207,16349,16466
219136,16349,16479
39915,16353,16482
333669,16355,16457
145764,16356,16470
271530,16356,16477
8671,16362,16475
36078,16362,16484
354026,16374,16488
75812,16385,16506
229365,16390,16458
50596,16423,16539
19166,16428,16485
155707,16433,16570
198294,16434,16541
21700,16443,16521
9196,16448,16543
91350,16450,16529
10090,16467,16528
373329,16522,16576
