155374,87,208
121649,88,196
336608,88,240
333,88,251
236382,88,268
347035,90,255
375272,94,171
54036,95,158
326715,95,210
68473,96,175
202532,99,236
93119,100,161
137384,100,280
239975,101,170
35722,101,211
134490,101,243
402971,102,307
1470,103,204
271995,105,251
370840,107,170
48801,107,261
369439,108,230
271541,111,189
20745,112,291
184314,115,226
4919,117,213
333,120,275
97126,120,292
271542,122,233
214050,126,201
231656,127,229
35075,127,240
391995,127,346
78356,130,186
382313,130,267
326997,136,201
20947,136,218
181092,138,199
29914,138,216
333,138,253
155375,141,268
7097,142,312
258000,145,200
313194,145,211
274717,145,257
231749,146,265
169361,146,297
77762,147,241
95220,148,199
8072,148,216
313193,148,230
328146,149,222
321843,150,289
6359,152,273
193662,152,304
204708,154,346
206295,156,311
283248,159,348
300762,160,223
196063,161,236
173411,162,225
331717,162,277
326503,165,295
316149,167,229
319980,169,281
97124,172,247
187400,176,346
19958,177,244
76727,178,255
347451,182,245
121293,183,270
352459,185,347
117082,187,341
209237,188,276
289361,188,287
7828,190,299
28764,190,346
269181,191,253
289363,191,264
70937,192,255
300817,193,279
48800,193,298
369440,193,316
39658,193,342
347438,198,274
326716,198,344
118222,200,286
257838,200,317
336609,200,352
128689,202,312
322674,203,277
218755,203,302
176522,204,282
193663,204,289
382314,205,338
127694,206,280
61822,206,284
245000,208,290
149701,208,301
41223,209,328
224052,210,288
149700,212,348
173159,216,302
383525,217,283
196064,217,346
165566,217,352
265117,220,335
1007,221,320
218754,221,345
74457,222,292
147876,222,348
29025,222,352
196062,224,299
169363,224,314
382316,225,328
249922,225,345
41222,226,342
76658,227,351
173412,229,361
29477,232,348
106097,237,316
202752,239,355
245003,240,322
213292,242,346
172224,245,334
64245,245,389
49899,247,364
256746,249,326
49897,249,367
78352,253,316
221075,257,321
26587,259,337
358000,273,344
107458,274,351
403527,274,356
347453,280,353
127697,281,344
72035,281,360
37033,281,363
128691,283,382
220256,286,348
357686,286,353
403530,286,364
328143,286,373
108408,287,355
298519,287,361
59108,295,421
312773,300,368
2346,302,364
316148,307,401
311888,314,364
28930,315,372
111267,316,366
24025,318,392
4296,322,382
35510,322,392
886,327,447
21087,346,434
292491,347,440
294307,354,465
266443,359,440
298518,362,456
220181,362,480
403526,364,477
114138,367,461
41218,367,490
49827,371,495
275403,373,538
377695,374,504
311890,375,490
26186,377,503
245001,378,487
38963,378,496
176925,378,507
181085,379,524
28765,380,532
58962,381,465
402970,381,489
24024,384,528
26987,385,511
128690,393,509
165567,393,549
172223,396,500
214302,397,489
22019,397,520
49898,398,504
26586,398,553
58963,398,565
8508,399,511
363236,400,534
326505,401,454
334544,401,480
127696,401,496
108065,401,522
28757,402,460
403316,405,499
109174,405,546
49388,406,471
485,406,494
206294,410,554
403427,411,546
76573,412,600
245002,421,518
169089,422,536
1915,423,490
244999,423,548
351711,427,550
285497,428,542
222323,428,566
173160,439,528
354686,447,518
397556,447,580
118042,449,567
403428,488,608
119290,491,566
15749,497,545
49822,499,594
307295,500,569
36667,500,608
227136,515,608
316993,518,600
33610,523,594
107456,538,599
133837,539,581
49826,539,604
316989,540,601
48503,540,607
147872,542,604
208944,543,608
132500,543,616
390890,556,636
68674,562,636
238749,571,636
20774,571,654
336699,572,635
201330,572,638
274865,573,636
49829,573,658
85316,576,637
116153,578,641
316990,580,672
137225,582,646
378137,597,665
26989,598,645
326502,601,670
316991,619,698
49828,619,714
357999,640,695
95219,640,703
85229,640,722
403528,640,750
402972,640,775
122260,643,706
29024,643,713
281829,643,727
286721,643,753
62828,644,703
279203,644,758
227285,645,730
28190,646,703
35852,647,728
36668,647,757
21707,647,791
37743,648,746
269182,648,752
48799,648,799
269179,649,714
6080,651,807
85636,654,768
319312,654,788
142369,654,800
403429,656,779
271973,662,780
108066,662,800
336607,665,798
64246,668,782
169362,668,815
36182,671,775
220182,671,787
283247,671,806
36670,672,818
41219,674,776
292492,677,775
251896,687,780
102793,699,782
139938,700,776
256747,700,821
261222,709,785
140828,710,765
273486,714,850
7636,714,861
20373,716,774
181088,717,773
629,717,781
181087,721,850
86245,724,774
97292,731,837
7827,734,861
204709,750,871
209818,752,817
326717,753,875
328144,758,864
77078,759,881
219496,763,897
326504,769,840
89360,772,867
321841,773,925
172225,775,888
36669,778,886
248417,779,898
208535,780,880
36014,780,889
12555,783,905
29026,785,901
64247,795,886
12911,796,918
113775,799,891
101074,803,927
227135,810,941
118386,811,879
231750,812,918
48798,815,919
391992,818,880
35455,821,881
65278,828,882
296738,830,940
2537,847,911
17638,849,920
37679,851,934
256748,851,945
4231,854,945
1244,869,943
45233,871,932
390883,883,945
11921,889,945
285498,1048,1120
321842,1048,1155
266443,1049,1133
221805,1049,1149
285499,1055,1170
347034,1060,1175
347036,1067,1135
382315,1069,1176
78894,1075,1187
330408,1079,1173
56231,1080,1148
78646,1081,1157
267628,1082,1147
78354,1083,1166
221807,1084,1148
171124,1084,1150
1045,1085,1175
352460,1088,1173
300816,1092,1201
369442,1093,1176
285913,1095,1178
122262,1096,1175
78353,1098,1163
125519,1098,1203
275404,1100,1184
358249,1101,1191
91840,1101,1197
265250,1101,1207
148003,1102,1175
221806,1102,1211
231885,1102,1216
68219,1108,1176
56232,1114,1202
353259,1115,1179
403943,1116,1211
121542,1116,1232
197164,1118,1174
15754,1119,1173
391593,1119,1208
69707,1126,1199
116952,1128,1198
399943,1129,1205
152152,1133,1202
95076,1136,1194
117500,1137,1210
111515,1138,1199
326565,1138,1201
372300,1138,1220
78392,1139,1202
90422,1139,1206
51749,1139,1232
97123,1141,1204
287347,1143,1237
169010,1144,1206
208747,1144,1208
343128,1147,1196
257998,1147,1210
391994,1148,1211
238376,1149,1210
74025,1154,1217
72036,1158,1210
149845,1158,1237
385387,1160,1208
266446,1166,1226
369018,1256,1336
251544,1284,1345
325222,1290,1351
381628,1401,1452
36493,1401,1465
1261,1402,1460
96209,1402,1463
357685,1403,1453
163529,1405,1493
369556,1407,1496
94515,1412,1501
338518,1413,1481
118225,1415,1505
139939,1416,1515
369557,1417,1504
236895,1418,1497
369558,1418,1511
369017,1419,1483
181091,1422,1497
340992,1423,1486
404249,1424,1496
119289,1425,1510
16497,1431,1501
346050,1432,1494
88956,1433,1496
224053,1433,1498
36342,1435,1498
351216,1440,1510
78357,1442,1515
184456,1447,1516
139937,1465,1570
261261,1472,1522
201913,1474,1556
181093,1477,1552
376500,1477,1586
38009,1478,1544
23752,1484,1546
360228,1487,1555
317055,1491,1566
23229,1494,1542
376501,1494,1563
375045,1495,1557
322873,1496,1565
224522,1498,1580
104457,1500,1567
43752,1501,1545
274648,1501,1551
312740,1501,1564
190249,1501,1578
68530,1503,1551
376337,1503,1556
118043,1503,1564
57924,1504,1566
26988,1505,1568
137226,1506,1578
334690,1507,1567
227433,1507,1590
120246,1508,1569
85768,1509,1561
227134,1509,1599
98577,1510,1554
366779,1510,1567
283572,1510,1575
181090,1512,1559
219843,1512,1597
176924,1514,1567
289427,1516,1565
374855,1516,1577
186509,1516,1584
40879,1517,1579
338538,1518,1565
266447,1519,1569
77079,1519,1575
376336,1520,1568
147871,1522,1627
29751,1525,1601
137864,1527,1590
108575,1528,1578
152413,1529,1631
294308,1530,1576
247291,1530,1593
266444,1541,1600
76680,1547,1610
155376,1548,1619
85231,1571,1637
269801,1615,1686
283249,1617,1688
15466,1637,1685
191759,1998,2067
78358,1998,2072
300815,1999,2084
64252,2004,2080
41217,2009,2083
291586,2011,2072
359401,2014,2074
359399,2022,2075
266597,2023,2077
81571,2024,2081
214303,2167,2234
137224,2167,2239
376499,2167,2255
266448,2167,2260
391991,2169,2227
149344,2169,2232
992,2170,2235
119291,2171,2224
17739,2171,2241
90855,2172,2234
113355,2172,2236
252533,2173,2247
199253,2189,2240
264663,2189,2255
271994,2190,2245
63207,2190,2261
122259,2190,2266
405767,2190,2279
405768,2190,2282
231886,2191,2259
32404,2194,2261
236384,2194,2277
68351,2209,2305
148145,2211,2282
403531,2211,2285
149699,2216,2282
127700,2216,2292
10917,2218,2300
95218,2218,2307
188930,2225,2324
147869,2233,2300
285500,2240,2292
26588,2246,2352
207064,2248,2311
340491,2281,2373
154487,2285,2360
191608,2290,2345
167935,2290,2355
205761,2291,2369
190795,2295,2358
48873,2295,2362
392015,2302,2368
166321,2305,2368
102914,2309,2369
283573,2309,2385
227137,2310,2409
266444,2311,2382
369195,2312,2367
181086,2315,2383
326996,2315,2386
199898,2321,2415
154163,2326,2432
154162,2327,2420
359690,2328,2410
256658,2329,2386
193664,2333,2394
264454,2335,2454
118520,2336,2419
83966,2337,2432
76575,2340,2408
281828,2341,2413
328147,2354,2416
118044,2356,2420
146047,2356,2428
285007,2367,2436
174118,2373,2444
227286,2377,2439
285501,2471,2532
118221,2473,2525
334545,2566,2648
334546,2568,2643
334547,2570,2641
269180,2584,2671
232032,2585,2641
311889,2585,2657
357684,2589,2659
103383,2631,2694
333226,2669,2731
14078,2676,2733
48802,2677,2737
273485,2680,2726
210793,2684,2737
20775,2684,2741
359400,2685,2729
219104,2843,2895
142963,2843,2909
236383,2849,2899
97125,2857,2916
127699,2980,3042
357683,2980,3047
26422,2981,3054
386862,2985,3036
316992,3001,3076
147870,3018,3078
390882,3051,3112
251898,3051,3122
173413,3054,3117
63419,3056,3120
252532,3059,3136
98845,3060,3122
78355,3085,3173
172226,3094,3173
35457,3100,3170
46305,3121,3178
142366,3122,3199
18851,3123,3173
199262,3123,3177
98013,3126,3195
266446,3129,3190
333225,3180,3229
245838,3184,3235
138776,3249,3306
375274,3299,3349
328142,3353,3432
125520,3355,3442
17560,3363,3442
6046,3370,3437
214557,3373,3442
73145,3377,3438
2382,3379,3441
12588,3381,3441
124548,3477,3526
73144,3481,3527
5993,3481,3532
82294,3484,3531
23955,3586,3661
266975,3586,3678
346665,3588,3684
235327,3589,3672
405883,3590,3641
95217,3591,3654
292493,3596,3659
371658,3602,3672
194963,3603,3657
214348,3636,3721
337978,3638,3735
347452,3639,3710
20776,3640,3703
295100,3657,3736
295098,3663,3724
152811,3663,3728
11303,3663,3737
271540,3664,3720
371521,3664,3733
289893,3667,3734
370841,3671,3734
266445,3672,3776
116020,3673,3734
116021,3674,3733
105497,3692,3751
127698,3694,3755
212073,3695,3760
367382,3696,3775
22949,3697,3777
92106,3701,3773
61447,3712,3774
7829,3818,3880
157758,3891,3971
117083,3892,3948
49825,3892,4015
69706,3893,3969
231751,3893,3978
83923,3898,3947
46304,3899,3971
123980,3901,3974
286720,3902,4013
46624,3903,3971
275466,3903,3989
262233,3904,4017
257999,3905,3967
245544,3905,3977
259604,3906,3985
171044,3909,3982
5479,3910,3977
78351,3911,3987
187399,3913,3996
35456,3914,4033
55348,3915,3966
281830,3916,3987
51838,3916,4007
57903,3916,4017
204710,3917,3991
403525,3918,4047
171045,3919,3990
317054,3920,4036
163846,3921,4012
298455,3924,4035
105363,3925,3988
367531,3927,3989
51837,3927,4003
326564,3927,4018
389221,3927,4028
16023,3928,4046
155373,3930,3991
154406,3930,4015
108064,3931,4027
22818,3932,3982
49830,3932,3985
318774,3933,3980
98343,3933,4037
313190,3934,4012
286719,3934,4049
67645,3935,4000
403529,3938,4014
376642,3938,4036
198869,3939,3989
188929,3939,4012
150875,3940,4019
403944,3940,4026
36012,3949,4012
370258,3949,4051
187401,3954,4054
32586,3959,4017
18406,3959,4055
335194,3960,4016
345162,3960,4022
84668,3961,4023
22819,3961,4050
289360,3965,4055
285496,3972,4033
125312,3973,4055
120714,3973,4083
276877,3975,4053
80389,3976,4026
275405,3976,4062
295422,3977,4054
313192,3980,4048
36013,3983,4056
227921,3985,4043
266447,3985,4046
147873,3988,4102
269184,3990,4060
52584,3991,4047
375271,3992,4046
139942,3995,4077
296200,3996,4060
251897,3998,4061
358001,4001,4063
147868,4024,4117
137227,4145,4198
79802,4145,4207
208746,4148,4211
252378,4148,4222
108897,4154,4264
330589,4186,4241
292490,4198,4250
340991,4207,4263
353647,4208,4270
177280,4209,4263
403942,4215,4264
125774,4215,4278
137228,4274,4364
273487,4277,4365
219821,4284,4365
159796,4288,4350
338537,4288,4352
313505,4290,4355
79573,4292,4352
275797,4295,4367
129830,4302,4356
231754,4315,4367
16759,4318,4367
353539,4437,4515
64250,4624,4666
107890,4627,4699
67646,4627,4702
35454,4633,4698
349361,4651,4715
58964,4682,4747
370257,4686,4761
259104,4703,4779
291003,4755,4817
32557,4768,4832
96783,4769,4829
76574,4796,4853
265113,4801,4889
149846,4810,4896
294976,4811,4890
266445,4812,4898
22520,4814,4868
249868,4831,4894
41221,4844,4898
286248,4846,4894
92110,4968,5021
24293,4972,5021
147867,5071,5126
137383,5090,5143
346397,5252,5298
330765,5254,5300
76657,5255,5301
224054,5345,5405
244998,5400,5461
127693,5450,5512
61881,5525,5614
380657,5527,5589
152411,5529,5631
220255,5534,5596
110064,5535,5622
363235,5548,5629
266495,5550,5619
266496,5550,5627
279389,5564,5628
373766,5575,5645
63396,5577,5661
203687,5584,5649
321580,5587,5667
231753,5592,5660
208745,5592,5668
231752,5593,5664
346667,5597,5660
31721,5599,5660
258001,5603,5670
49824,5614,5669
95042,5726,5775
252535,5726,5778
128692,5729,5779
181094,5814,5862
245704,5817,5869
137387,5818,5941
51309,5820,5882
139941,5824,5919
128726,5831,5883
317056,5834,5912
137385,5834,5950
221510,5836,5900
402969,5851,5934
139940,5862,5927
332,5881,5946
392014,5882,5938
28373,5885,5939
355181,5932,5998
252534,5991,6068
49261,6062,6111
359691,6205,6260
45887,6206,6281
231748,6208,6284
214076,6224,6291
67817,6231,6297
24208,6240,6288
338519,6260,6330
171123,6261,6325
118223,6263,6349
236381,6264,6315
292489,6265,6348
175779,6267,6310
143386,6294,6350
403258,6297,6350
296739,6298,6349
111450,6299,6351
222591,6344,6394
85230,6453,6568
118220,6455,6528
152412,6462,6566
122258,6469,6567
107459,6480,6577
62827,6481,6568
134491,6482,6575
289362,6487,6568
181089,6497,6566
369441,6510,6564
50827,6512,6568
47394,6513,6574
275402,6520,6583
197896,6671,6739
285902,6671,6752
64835,6679,6764
72034,6681,6754
137382,6713,6785
326412,6714,6775
203672,6721,6787
70938,6723,6786
445,6739,6805
4533,6739,6819
108896,6744,6820
167291,6760,6838
299506,6786,6857
296810,6787,6845
283571,6787,6854
70848,6794,6870
154353,6794,6877
399108,6797,6882
383524,6797,6903
129272,6801,6897
64901,6804,6874
41220,6806,6887
86883,6813,6888
269183,6817,6881
403328,6821,6880
55971,6821,6892
376499,6821,6905
16938,6822,6876
336829,6822,6916
266448,6824,6910
12832,6825,6889
108898,6827,6877
17739,6827,6895
388226,6828,6915
229698,6828,6923
252536,6831,6947
77163,6835,6906
77164,6835,6918
322874,6836,6924
81959,6841,6911
271993,6843,6895
91826,6843,6910
80047,6843,6924
220474,6844,6927
271992,6845,6895
9347,6845,6906
38974,6845,6932
193661,6847,6919
375109,6848,6901
369015,6848,6909
137386,6848,6912
328145,6849,6925
78893,6851,6913
64249,6851,6923
344303,6855,6914
294407,6857,6925
256745,6860,6922
115301,6860,6924
268993,6861,6916
388225,6861,6923
52388,6861,6925
107508,6862,6918
375273,6863,6925
88957,6865,6928
269075,6866,6936
281831,6867,6958
381246,6868,6934
369016,6876,6937
160330,7003,7071
127695,7004,7080
139025,7004,7088
337979,7005,7070
165565,7005,7094
825,7007,7077
402474,7011,7073
11304,7011,7076
37433,7011,7079
209238,7014,7096
58965,7026,7087
393823,7027,7088
97127,7146,7226
22020,7146,7246
391993,7146,7258
390881,7147,7232
15461,7147,7237
19069,7147,7241
61882,7148,7212
25,7150,7220
118224,7153,7243
173161,7156,7217
19666,7156,7235
266497,7164,7246
266494,7166,7223
25,7167,7216
6175,7167,7238
144628,7172,7245
166076,7177,7243
346666,7190,7259
375243,7204,7258
49831,7313,7365
117081,7313,7367
254279,7313,7375
173666,7313,7381
36671,7313,7385
275401,7313,7391
117084,7313,7394
49823,7313,7408
143387,7314,7374
38433,7314,7377
83276,7316,7386
64251,7317,7389
269185,7319,7384
70857,7319,7390
76837,7320,7385
166657,7321,7386
283246,7321,7406
329804,7323,7386
357682,7330,7392
312343,7332,7389
1878,7334,7408
278995,7337,7407
313191,7342,7405
234405,7345,7410
202182,7346,7407
39942,7348,7409
293795,7348,7411
826,7350,7406
241120,7352,7409
326714,7354,7410
85228,7356,7409
256744,7356,7411
65891,7357,7407
107457,7544,7618
220269,7788,7859
64248,7791,7855
48345,7792,7859
85227,7797,7858
26585,7797,7860
376545,7801,7855
253344,7813,7859
296740,7964,8046
323560,7967,8058
97128,7976,8047
101073,7979,8058
74042,7983,8054
168520,7985,8046
6046,7985,8049
34161,7985,8058
352461,7988,8050
25,8115,8186
25,8128,8180
98014,8129,8184
244997,8456,8510
269076,8457,8505
35458,8457,8515
403259,8457,8520
76656,8457,8533
46704,8458,8521
10815,8461,8519
21933,8462,8530
