94226,123,199
6797,123,215
4022,123,229
158629,127,176
97126,128,292
177850,128,299
170248,129,175
10502,131,192
333,132,260
1580,137,186
213305,146,295
40074,147,266
158630,148,269
237654,150,231
28158,154,225
141072,155,258
212658,156,272
333,157,265
91342,160,307
7097,162,315
81125,163,271
94227,164,259
295375,169,271
140392,169,299
104818,172,277
77314,178,328
51185,180,313
166135,182,309
73257,183,315
134817,188,313
322042,189,259
57094,191,303
288401,195,260
356727,197,272
372569,197,307
28764,199,342
338318,202,357
135617,204,265
283034,205,345
83587,211,287
82139,217,275
255172,217,310
325379,218,307
91596,218,317
319769,225,289
135057,226,284
14154,227,298
74767,227,359
164588,228,323
249144,230,281
266965,230,310
212659,230,346
238734,232,312
10851,232,363
347147,233,319
251279,234,286
127317,234,295
29477,235,344
248568,236,303
228954,236,337
75787,237,316
299030,237,332
158810,238,360
124565,255,350
255173,255,359
140394,256,344
72427,258,349
213723,258,381
200045,260,327
146242,266,352
174037,277,399
94082,278,405
323179,279,385
257022,288,370
144454,292,411
400062,293,403
886,316,428
219300,326,440
253709,340,421
66248,346,460
212660,364,473
70654,364,515
91341,368,490
331022,375,476
382660,385,476
75781,390,476
485,396,474
261966,403,520
485,408,482
68506,419,537
241087,477,552
255843,488,560
29467,536,605
230036,564,678
233494,572,671
309142,572,675
7346,573,666
309143,575,704
12754,583,664
139922,583,692
66249,592,705
372568,597,699
170856,598,689
6798,599,729
75782,600,732
213724,600,740
392233,601,680
84580,606,729
343422,607,714
237653,608,734
323533,609,692
57095,612,748
11246,616,705
91595,617,752
319312,617,757
323534,621,691
187177,623,692
389977,630,741
238736,630,757
46056,630,766
82608,631,738
317237,633,756
95490,635,747
36182,637,742
230435,639,753
198879,643,734
369901,668,771
70655,672,808
629,678,749
194717,697,807
181083,708,831
382659,716,834
85200,722,829
8760,744,853
98825,1006,1086
316035,1009,1070
179818,1048,1121
73256,1053,1120
393048,1057,1132
40075,1061,1131
17511,1079,1134
13254,1080,1142
52997,1083,1149
12257,1084,1172
100349,1085,1141
12848,1086,1164
100350,1090,1141
29646,1091,1142
325380,1103,1170
392235,1126,1213
130049,1146,1213
397906,1148,1195
80969,1159,1216
58918,1165,1219
255965,1166,1244
29335,1195,1247
392237,1239,1310
374482,1245,1325
146943,1246,1332
269929,1250,1292
66246,1256,1349
325232,1261,1357
149182,1263,1356
298539,1264,1334
343424,1264,1345
372567,1265,1331
116868,1265,1350
293914,1266,1352
26375,1271,1344
173986,1271,1354
135618,1272,1348
40073,1274,1344
65967,1281,1342
298483,1281,1345
158805,1282,1346
407142,1283,1347
78439,1285,1346
66057,1295,1345
34767,1297,1346
214269,1301,1345
393047,1416,1469
393046,1416,1494
328139,1416,1516
190872,1429,1498
140097,1431,1501
261318,1440,1499
219301,1463,1522
150029,1466,1527
393045,1466,1541
70659,1681,1759
164425,1682,1735
29465,1687,1766
7682,1692,1748
231577,1693,1750
392719,1698,1818
122355,1702,1749
107217,1706,1797
107216,1710,1807
171827,1711,1763
29476,1711,1795
107218,1717,1813
81126,1718,1782
114789,1727,1798
226328,1728,1826
325382,1730,1866
82140,1736,1825
52893,1738,1797
13987,1739,1861
378011,1741,1818
396471,1741,1859
265099,1745,1814
377150,1746,1833
392720,1748,1816
135619,1748,1830
4113,1751,1864
396470,1754,1873
135058,1761,1865
95492,1764,1880
404718,1764,1888
95493,1764,1894
100348,1768,1898
1345,1769,1863
6279,1770,1876
267,1774,1878
267,1777,1901
219299,1777,1908
98823,1778,1880
146946,1778,1898
91594,1783,1902
1345,1790,1864
377149,1798,1880
6177,1798,1900
239446,1799,1919
267,1802,1911
220974,1803,1880
6956,1810,1878
122083,1812,1918
190874,1864,1933
365476,1865,1925
313803,1865,1942
301998,1872,1939
216703,1881,1951
205929,1882,1943
358159,1896,1959
255842,1897,1960
241089,1903,1966
146771,1962,2072
146774,1965,2071
140395,1968,2072
126,1992,2072
41896,1995,2062
21063,2001,2071
239727,2147,2209
158804,2148,2217
322043,2148,2227
75788,2301,2383
122082,2302,2360
298538,2302,2369
255964,2305,2403
98824,2310,2360
163567,2405,2475
288059,2424,2487
126133,2425,2494
126,2425,2510
126,2427,2542
99822,2432,2508
104505,2433,2498
304388,2437,2499
397255,2441,2514
70658,2445,2521
202175,2562,2633
170857,2765,2868
321188,2766,2822
375113,2782,2853
1581,2783,2838
52328,2804,2856
12258,2804,2863
130879,2806,2868
261128,2808,2874
99824,2820,2890
377404,2867,2929
99821,2873,2944
295376,2875,2939
337481,2875,2943
323391,2884,2945
97196,3145,3203
29475,3155,3236
12755,3156,3206
97190,3164,3234
87897,3392,3475
214923,3392,3482
166136,3413,3477
4820,3436,3481
225650,3543,3620
80466,3561,3607
170026,3562,3615
154966,3568,3622
185576,3928,3981
68242,3931,3976
29469,4081,4145
325381,4082,4161
359356,4083,4138
116867,4083,4140
238367,4086,4148
190862,4450,4588
382661,4491,4568
198880,4505,4568
70656,4506,4557
316385,4508,4577
158813,4512,4569
356078,4512,4574
126134,4532,4596
404717,4590,4655
68505,4593,4652
212662,4601,4649
326766,4607,4670
27591,4865,4917
18636,4865,4920
194029,4865,4929
234991,4865,4952
192494,4866,4925
12753,4866,4954
138762,4867,4931
235956,4867,4943
87901,4867,4970
187176,4868,4939
40013,4871,4945
40634,4877,4939
2324,4877,4942
103599,4878,4954
285952,4886,4951
91995,4887,4950
14641,4887,4955
101782,4889,4963
100347,4891,4950
139056,4896,4966
148199,4901,4962
36592,4903,4964
59413,4906,4948
177414,4913,4980
247862,4916,4985
390280,4926,4985
224148,4984,5032
242592,5004,5058
91996,5009,5058
190862,5166,5288
367994,5308,5384
319770,5321,5398
367995,5326,5396
265096,5473,5535
29473,5473,5569
47405,5495,5590
91597,5533,5615
75785,5539,5598
392236,5539,5602
29645,5540,5618
194716,5540,5636
99825,5543,5613
306407,5554,5615
233740,5558,5621
233743,5569,5618
304671,5572,5613
84001,5572,5619
370487,5583,5699
190873,5644,5718
97193,5645,5725
33280,5659,5723
158809,5899,6001
158808,5934,6030
70660,5964,6032
327708,5971,6032
85198,5976,6032
288400,5982,6030
74555,6175,6238
99823,6229,6293
232881,6230,6292
245177,6592,6669
194715,6600,6676
159067,6604,6662
206823,6608,6675
75784,6612,6670
95491,6734,6794
90316,6825,6901
87898,6834,6886
135255,6936,7022
190868,6936,7032
190861,6937,7004
135256,6937,7020
59850,6960,7022
7015,7005,7047
135257,7147,7260
39972,7148,7212
213725,7167,7269
13253,7185,7259
194714,7436,7498
29471,7436,7508
190870,7436,7553
29474,7437,7501
135616,7437,7504
158806,7438,7489
265100,7438,7510
64366,7439,7491
190869,7460,7569
190861,7505,7569
78073,7645,7692
341512,7646,7687
121237,7646,7691
225652,7714,7787
82138,7717,7781
81124,7726,7790
347080,7740,7792
325940,7742,7790
232882,7742,7826
392644,7757,7824
392643,7758,7822
122081,8056,8118
148190,8058,8117
214922,8501,8557
346180,8507,8608
257567,8519,8595
70653,8527,8620
238738,8529,8597
381563,8531,8594
163976,8532,8603
343423,8534,8596
211726,8542,8606
327707,8545,8610
346136,8553,8628
304197,8556,8627
123410,8565,8626
91592,8570,8632
212661,8573,8635
81047,8656,8714
96470,8794,8858
194383,8795,8865
118855,8796,8858
70657,8796,8861
99826,8798,8876
359355,8799,8874
107450,8801,8866
29472,8802,8877
50053,9142,9203
20139,9154,9215
165396,9212,9262
397254,9226,9278
13448,9228,9285
53962,9229,9275
135254,9311,9383
190868,9311,9392
190861,9312,9374
190865,9315,9421
166143,9357,9420
219296,9362,9421
66250,9371,9421
84581,9373,9421
119495,9500,9565
135055,9521,9571
139067,9641,9704
36531,9657,9719
190871,9677,9767
396472,9697,9776
91598,9706,9771
95424,9717,9774
392234,9727,9779
194030,9729,9779
291195,9835,9896
97195,9836,9879
96938,9836,9887
40463,9836,9890
83586,9836,9892
29470,9836,9903
28824,9837,9891
232879,9840,9892
107447,9951,10011
75786,10206,10279
97194,10294,10369
146944,10298,10369
248875,10301,10363
379902,10310,10419
209727,10316,10386
135615,10346,10416
373415,10352,10409
372855,10369,10426
190870,10589,10698
190869,10613,10716
190865,10649,10762
321187,10766,10857
265097,10824,10918
14251,10863,10909
171159,10972,11043
212137,10978,11034
51184,10979,11042
73258,10991,11042
346744,11170,11234
91593,11182,11279
12260,11183,11274
116794,11192,11274
220975,11214,11274
190863,11220,11282
379901,11226,11283
68504,11325,11384
338730,11335,11396
362570,11439,11495
102108,11453,11495
377151,11536,11627
360072,11542,11628
406379,11559,11625
21290,11576,11628
216355,11576,11655
406988,11581,11650
126573,11581,11667
126574,11581,11675
233493,11588,11649
126575,11588,11676
190864,11589,11686
305695,11610,11670
12259,11610,11678
135253,11611,11693
66247,12000,12067
190863,12005,12071
12752,12010,12065
219298,12011,12063
66251,12012,12072
12261,12106,12200
64517,12106,12206
2499,12115,12178
135056,12121,12196
393320,12121,12204
190272,12122,12222
65901,12136,12197
190864,12505,12599
298535,12525,12592
305693,12529,12590
135252,12532,12607
94228,12533,12588
141900,12538,12589
305311,12583,12654
122538,12584,12645
79606,12590,12644
219297,12597,12656
76251,12656,12733
255966,12667,12730
350433,12674,12726
45920,12674,12739
130812,12687,12728
52067,12687,12734
49604,12688,12733
107446,12796,12848
209451,12796,12876
177598,13038,13099
229639,13051,13116
219970,13052,13120
29468,13116,13182
197665,13334,13381
75780,13334,13391
295373,13335,13388
15594,13347,13395
225651,13504,13564
197858,13504,13585
85199,13507,13565
66253,13564,13636
12264,13924,13996
146947,13927,13994
114790,13991,14056
125173,14098,14151
400063,14260,14327
192954,14377,14447
70652,14388,14453
377152,14388,14459
225649,14395,14446
120154,14397,14461
345615,14398,14456
87902,14563,14628
130811,14668,14725
298536,14668,14739
239449,14668,14753
216702,14669,14727
239448,14669,14779
239450,14670,14755
194106,14681,14780
176167,14688,14778
6796,14700,14782
298534,14715,14843
66252,14723,14849
120153,14729,14843
298537,14740,14844
378010,14756,14849
212657,14775,14820
190271,14793,14860
395734,14846,14918
321226,14849,14924
259970,14853,14931
145570,14855,14932
97191,14859,14954
231490,14863,14925
156949,14869,14919
11427,14869,14941
365616,14870,14931
311430,14873,14942
42164,14873,14945
107474,14873,14955
387496,14874,14923
61062,14874,14931
95742,14874,14961
215356,14878,14945
8916,14880,14932
24410,14880,14937
147119,14883,14957
185556,14884,14937
17704,14885,14953
238735,14886,14945
107471,14888,14944
178533,14889,14934
38148,14889,14937
296993,14889,14967
265729,14896,14955
36349,14908,14970
95489,15134,15185
66255,15225,15287
213721,15225,15306
54327,15230,15298
287749,15233,15300
323178,15245,15306
271253,15249,15325
91666,15250,15310
107472,15303,15367
239447,15303,15380
198181,15303,15386
84582,15306,15375
134810,15311,15369
368913,15311,15372
261127,15318,15369
305694,15318,15373
198881,15321,15379
278408,15465,15532
375353,15753,15836
140393,15754,15798
190867,15754,15831
13707,15755,15829
13709,15755,15846
286743,15756,15842
13708,15759,15836
135008,15759,15839
183082,15777,15854
52068,15807,15863
370486,15808,15861
232880,15810,15853
261965,15832,15882
52895,16054,16134
382658,16184,16267
213720,16185,16257
231491,16187,16236
129303,16187,16240
331025,16191,16244
264674,16191,16246
388156,16201,16266
79384,16221,16285
79687,16245,16339
213722,16273,16374
131022,16279,16339
158807,16279,16375
140391,16279,16379
158811,16280,16349
2801,16280,16363
74766,16281,16365
122080,16282,16371
103705,16284,16343
2801,16291,16353
231576,16305,16370
392232,16310,16363
122079,16322,16392
225648,16329,16393
352441,16510,16612
392722,16532,16607
12847,16537,16617
261126,16548,16613
325428,16686,16737
396473,16686,16748
331023,16686,16751
12751,16686,16758
82137,16687,16735
382657,16687,16741
39973,16687,16752
367993,16688,16755
346745,16689,16753
298533,16692,16760
397905,16705,16771
189618,16708,16752
260774,16713,16778
44171,16718,16769
97187,16797,16846
75783,16797,16866
99828,16863,16942
298484,16871,16943
310280,16913,16960
322041,17176,17243
126132,17178,17244
213303,17184,17255
226216,17188,17249
355272,17190,17253
190871,17197,17287
194031,17198,17246
363651,17199,17243
325283,17201,17249
213304,17210,17275
90317,17238,17299
52894,17324,17378
97185,17568,17622
162135,17569,17635
57092,17571,17645
190273,17572,17666
169335,17574,17642
382656,17574,17668
42372,17575,17623
345616,17577,17647
262915,17578,17660
399092,17580,17644
352048,17583,17645
83585,17584,17647
288399,17586,17647
313830,17586,17651
86869,17588,17647
70651,17590,17644
144434,17590,17647
169756,17590,17656
46415,17591,17677
287988,17599,17661
2507,17601,17662
13448,17601,17667
376768,17602,17663
97186,17608,17677
158812,17611,17683
10059,17619,17670
292857,17619,17686
137212,17620,17677
321185,17663,17790
356079,17686,17750
97184,17688,17759
321186,17701,17792
305764,17705,17784
241088,17710,17756
380750,17710,17777
219861,17711,17791
343420,17713,17784
62115,17713,17792
34766,17718,17779
130644,17718,17792
154482,17728,17794
265098,17729,17786
66254,17729,17788
374460,17730,17789
151033,17731,17788
195215,17731,17795
376215,17736,17792
94222,17737,17789
188669,17738,17785
331021,17852,17942
230434,17857,17918
238737,17857,17920
38665,17858,17924
52066,17859,17932
141901,17867,17947
38347,18066,18121
94225,18066,18128
323532,18074,18135
24907,18074,18142
29464,18077,18135
238740,18091,18160
190867,18091,18163
202174,18210,18262
30781,18224,18267
39974,18498,18564
137213,18500,18567
396474,18504,18588
197333,18511,18574
372794,18512,18576
12262,18772,18833
379900,18921,18982
392721,19048,19152
343419,19174,19246
382655,19319,19404
135614,19332,19388
63392,19357,19445
15695,19380,19457
191406,19381,19455
346746,19384,19448
190872,19384,19451
57093,19384,19454
14903,19389,19453
128100,19391,19454
210877,19392,19445
135080,19392,19452
12846,19398,19450
313700,19398,19455
18259,19407,19458
172200,19508,19556
37851,19554,19618
233490,19571,19643
386462,19577,19667
403941,19580,19634
387158,19598,19667
325284,19601,19664
100346,19601,19667
190860,19714,19778
232319,19723,19788
233492,19794,19853
164426,20011,20084
190860,20070,20139
276707,20153,20207
278185,20285,20358
145569,20374,20429
308501,20381,20454
308502,20384,20460
360073,20386,20446
9044,20386,20451
57314,20386,20454
353768,20390,20459
265093,20508,20561
103399,20508,20565
348792,20508,20571
356728,20508,20583
146772,20508,20606
149966,20509,20564
141903,20510,20558
12263,20510,20566
61063,20511,20564
24302,20511,20567
337257,20511,20580
241086,20512,20583
190276,20521,20582
46408,20533,20595
375114,20534,20607
374459,20536,20595
213718,20536,20610
65439,20537,20597
35926,20537,20605
216701,20539,20583
254211,20542,20599
126131,20547,20611
31218,20549,20605
86270,20552,20604
91994,20566,20632
382598,20618,20681
343421,20621,20686
321184,20656,20727
46414,20695,20757
97183,20824,20896
265095,20831,20896
219294,20844,20895
146945,20845,20896
110219,20921,21004
107473,21075,21136
187178,21080,21132
212656,21088,21148
131023,21090,21165
166134,21103,21156
29466,21115,21177
149560,21136,21177
332533,21139,21191
140390,21324,21396
1579,21521,21585
319311,21551,21622
305692,21658,21713
316384,21932,21980
139209,21934,21977
5738,21937,22000
52998,21937,22034
64186,21937,22040
265728,21941,22037
90459,21943,21995
51183,21943,22024
364047,21943,22035
362497,21943,22044
136983,21944,22040
592,21946,22063
121618,21949,22039
362496,21950,22044
693,21954,22043
384032,21956,22039
370868,21957,22037
338174,21957,22052
158874,21959,22020
40072,21960,22043
59241,21963,22025
202771,21963,22046
2362,21966,22028
10470,21969,22044
116600,21970,22033
231229,21975,22043
190866,21978,22052
67039,21979,22041
302288,21980,22068
131068,21981,22029
150902,21998,22062
252722,22002,22074
42369,22045,22112
6941,22105,22220
258088,22111,22214
350631,22137,22199
314234,22143,22233
119177,22150,22211
368419,22153,22231
393321,22158,22226
107449,22165,22236
66258,22167,22229
97192,22167,22233
317154,22169,22231
134043,22177,22230
72477,22185,22237
225646,22262,22340
99829,22271,22385
213719,22281,22373
99830,22292,22363
99827,22292,22373
146773,22295,22414
83404,22297,22366
886,22308,22422
109281,22311,22430
55164,22313,22433
886,22315,22390
322040,22330,22421
94001,22349,22427
225647,22380,22443
219295,22393,22473
52999,22430,22472
201095,22446,22516
246976,22449,22518
44170,22571,22626
303188,22589,22650
66256,22603,22681
141904,22611,22676
346179,22612,22673
214921,22613,22703
332532,22614,22676
66257,22628,22710
93546,22629,22708
220977,22642,22707
94726,22660,22733
81124,22673,22735
307611,22675,22735
226900,22680,22733
331024,22705,22770
61064,22819,22871
326214,22857,22908
6940,23053,23139
1345,23239,23323
158814,23239,23332
103156,23240,23330
377153,23241,23342
7877,23245,23325
77749,23246,23331
97189,23246,23366
192953,23248,23328
265092,23248,23354
229640,23250,23363
190277,23252,23331
124445,23253,23366
239451,23254,23332
45616,23258,23332
98827,23261,23365
363631,23264,23327
311402,23266,23360
311403,23266,23365
97188,23270,23366
311404,23274,23366
238741,23277,23343
65832,23278,23364
98826,23282,23363
297971,23290,23364
334269,23402,23489
21761,23405,23487
145572,23406,23494
139271,23609,23714
338065,23610,23688
125172,23622,23688
337480,23624,23714
93712,23633,23700
82016,23635,23699
51788,23637,23705
37325,23645,23700
22817,23647,23708
228163,23649,23710
137211,23650,23712
190866,23651,23710
90526,23655,23700
384031,23655,23704
220978,23743,23831
295374,23754,23808
121400,23762,23820
326765,23762,23822
334699,23780,23833
170990,23781,23832
6795,23965,24095
16922,23974,24079
46870,23976,24096
6794,23999,24128
185575,24053,24125
158873,24054,24139
190874,24058,24139
95488,24059,24124
98829,24063,24124
91547,24129,24226
146771,24131,24237
70650,24136,24239
203178,24151,24232
126,24156,24240
91709,24160,24240
360074,24281,24338
98828,24287,24351
400064,24304,24354
241085,24389,24444
194032,24389,24446
220979,24390,24445
210715,24391,24496
190873,24499,24566
114963,24503,24574
231517,24649,24705
226899,24651,24711
226898,24659,24711
257568,24665,24711
341602,24738,24784
107448,24738,24796
303311,24738,24799
220976,24738,24811
76252,24738,24853
73259,24739,24805
397253,24739,24816
233491,24739,24850
392269,24740,24799
151437,24748,24854
397904,24777,24856
239726,24778,24844
85197,24779,24840
341155,24809,24881
13705,24826,24883
70553,24840,24906
158182,24841,24921
116372,24982,25025
328839,24982,25034
70164,25003,25059
116866,25005,25115
194104,25011,25132
79983,25082,25127
265094,25373,25430
114840,25373,25432
49616,25373,25440
190275,25379,25437
220855,25500,25573
114839,25500,25578
192952,25505,25578
130878,25506,25567
43560,25519,25578
9077,25521,25570
146948,25763,25825
9051,25765,25811
76253,25797,25858
400065,25877,25949
239616,25880,25937
81046,26396,26446
13706,27035,27088
379899,27035,27121
145571,27049,27109
77966,27051,27109
230433,27081,27211
57091,27101,27214
19400,27118,27206
319455,27122,27210
52065,27133,27215
239725,27155,27210
12750,27306,27428
183083,27309,27423
73260,27317,27442
91591,27334,27478
138438,27338,27455
12749,27339,27474
190274,27352,27468
359354,27352,27478
95423,27352,27484
128157,27368,27478
13991,27376,27482
21048,27380,27474
23762,27380,27477
238739,27382,27484
65846,27386,27470
278840,27391,27456
12947,27406,27469
12561,27408,27455
194105,27415,27477
114841,27416,27483
399940,27417,27479
94223,27421,27484
203085,27427,27480
94224,27513,27573
313716,27513,27575
26358,27513,27593
111954,27522,27593
141902,27532,27594
