367283,142,224
387746,143,199
384997,143,311
25567,144,204
238916,144,280
376069,145,206
4919,145,244
274904,145,253
366069,147,277
32985,149,207
402098,151,199
281009,151,261
160272,156,310
333,159,296
53508,160,233
144621,160,277
40541,171,296
335087,174,312
29490,181,292
13722,184,314
14473,191,298
8901,191,310
324188,195,353
216825,197,331
74408,197,337
257746,197,361
239264,200,347
288622,201,336
276699,204,316
77384,205,357
37930,208,363
149024,209,335
187400,209,377
158983,210,323
351970,210,339
147286,210,360
103489,218,389
331039,219,355
136129,220,282
274903,221,285
39658,222,375
375092,223,299
23844,223,316
23843,224,348
54899,225,287
288338,228,303
402097,229,395
12457,231,318
108615,231,338
354407,234,320
375088,237,298
247203,237,319
88477,241,320
10612,241,386
100252,242,303
61822,242,316
216829,244,341
63729,247,313
83456,247,321
386964,248,369
152803,250,390
13721,251,382
281804,252,340
177939,252,346
190431,255,310
244675,256,319
1007,256,361
398706,257,338
152805,257,355
59701,259,320
234347,259,380
288205,264,358
29607,287,376
213723,287,415
88475,289,382
214328,289,425
216042,294,379
165485,295,428
316062,297,421
349775,299,417
57229,302,360
363473,309,432
147588,312,376
116110,312,380
351971,316,441
89226,321,454
136145,322,446
299860,322,451
387513,326,466
407238,327,449
21764,328,407
193304,338,453
253635,339,449
393402,342,466
239265,363,451
32709,364,476
886,365,467
352441,369,469
256696,377,498
300966,394,462
165478,405,461
160069,415,474
21940,502,567
367168,510,570
126597,510,573
304778,512,577
200821,649,711
187710,649,718
384993,649,737
94165,649,758
15356,650,745
70183,650,778
85922,668,779
275934,670,733
216040,670,788
57228,671,774
94166,671,783
255448,680,776
5532,680,779
367281,682,844
302729,683,813
60121,685,746
25565,685,800
187351,686,756
386965,686,787
73656,687,748
32606,687,751
7346,687,780
113056,687,805
299861,696,777
258380,697,811
387512,701,770
88473,701,835
257750,703,752
41380,703,757
92918,704,775
113057,705,818
103488,710,820
213724,710,852
39656,711,804
175906,715,772
393401,716,777
89453,716,872
305153,717,776
384996,717,815
373115,718,777
408197,718,779
21611,718,821
384995,721,874
6080,722,886
283081,725,783
39657,725,853
21707,726,868
48392,727,841
354459,728,776
13720,728,817
187714,736,855
63996,738,863
216824,739,890
25564,741,836
251687,743,889
270456,746,867
57724,747,863
9746,747,886
61949,750,890
65856,751,864
400319,754,896
233930,759,890
27739,760,852
354406,760,913
234346,774,900
305154,776,888
284125,777,921
324653,783,956
118468,785,905
115884,795,905
289337,799,911
97292,800,916
216041,801,927
57723,805,905
372225,809,877
32756,814,953
350201,819,912
48740,824,888
41415,826,913
37929,827,889
41379,837,970
118467,838,914
14952,838,918
163432,838,980
41416,840,920
113058,850,968
163431,852,908
2558,853,912
134958,857,927
234345,861,997
233931,867,1001
367282,870,992
23149,871,1000
270979,879,956
255908,879,1000
387646,881,1003
69523,887,998
223546,887,1006
89454,889,1012
266989,891,975
177026,891,1003
177254,891,1007
2733,900,958
14472,900,960
57236,901,959
158984,901,962
1292,907,974
256475,908,991
248273,929,1012
28234,932,1012
61022,937,1012
128579,954,1012
202869,957,1012
88474,1127,1201
77475,1127,1227
367285,1128,1192
203583,1138,1196
357489,1142,1216
166124,1143,1226
212998,1144,1193
43867,1144,1209
285447,1156,1219
362980,1156,1227
297610,1157,1217
89585,1161,1225
132615,1165,1226
276698,1247,1326
397325,1247,1338
395291,1247,1352
397324,1247,1371
324424,1247,1382
367284,1266,1355
324427,1267,1328
286129,1286,1353
69670,1291,1387
36449,1308,1384
375089,1426,1486
88827,1429,1481
381306,1431,1480
52406,1436,1489
97301,1566,1640
287225,1566,1652
199780,1568,1630
393400,1568,1632
25559,1569,1634
145137,1570,1628
287234,1572,1638
18855,1578,1633
278156,1610,1695
275931,1828,1934
302730,1832,1896
215033,1834,1910
200815,1834,1928
233934,1835,1907
187399,1835,1919
220567,1835,1935
360788,1836,1899
255771,1836,1913
160070,1837,1929
375094,1838,1926
324651,1840,1925
105844,1840,1936
43864,1850,1922
256472,1850,1951
233935,1856,1919
182116,1860,1940
345738,1861,1938
225418,1861,1955
57434,1864,1951
324652,1869,1932
42175,1870,1954
239269,1871,1942
397771,1871,1956
298301,1875,1951
13726,1881,1942
22709,1881,1948
15171,1881,1955
275930,1882,1940
33673,1883,1950
279947,1884,1973
327076,1885,1956
136192,1885,1975
163884,1886,1953
397196,1886,1958
3510,1889,1951
352440,1889,1960
371639,1891,1978
286132,1900,1959
258560,2028,2078
99754,2161,2217
61943,2161,2229
216827,2161,2240
95521,2161,2247
200823,2161,2255
256474,2162,2257
238915,2164,2255
48289,2165,2248
371642,2166,2227
363472,2167,2236
58655,2167,2253
69387,2167,2259
14463,2168,2274
61820,2169,2257
258379,2171,2234
63728,2171,2260
299857,2171,2273
247199,2172,2264
335088,2172,2279
301929,2174,2254
134957,2175,2272
237538,2177,2242
14464,2177,2248
197942,2177,2271
88478,2182,2275
176176,2182,2292
95518,2183,2244
57725,2190,2282
48282,2191,2288
158985,2192,2254
43110,2194,2277
42493,2195,2281
61823,2196,2288
257251,2200,2284
336319,2201,2257
319315,2201,2288
74409,2204,2267
251683,2204,2272
11238,2206,2292
33672,2209,2276
13727,2209,2290
69787,2210,2281
162090,2224,2285
397326,2224,2287
287224,2256,2359
27227,2258,2319
287222,2260,2368
287221,2264,2380
403303,2299,2364
210703,2300,2362
252308,2301,2367
55921,2304,2380
44993,2306,2368
28957,2306,2381
154241,2309,2379
280563,2311,2378
178089,2326,2380
372226,2447,2523
241135,2449,2522
82127,2452,2530
212343,2453,2526
212342,2453,2533
251682,2455,2527
251684,2457,2529
13725,2583,2647
233937,2594,2661
194558,2668,2720
393403,2671,2734
133869,2823,2924
355556,2827,2913
373112,2835,2918
4552,2836,2901
106566,2838,2896
53935,2838,2900
42360,2839,2906
127353,2840,2912
54898,2840,2921
118121,2843,2927
304192,2844,2910
387511,2844,2947
119704,2845,2901
52210,2845,2906
393399,2845,2918
143058,2848,2917
6340,2848,2927
397327,2849,2910
63601,2850,2921
347664,2852,2919
184291,2852,2928
150516,2853,2932
21290,2855,2924
285861,2898,2970
57227,3010,3085
352439,3011,3082
170775,3016,3083
321099,3016,3088
362372,3017,3075
357186,3017,3079
42045,3017,3086
23829,3022,3089
143060,3034,3089
43871,3035,3087
258381,3037,3089
14465,3166,3239
13986,3168,3231
275933,3168,3236
133863,3169,3280
216828,3170,3223
147589,3171,3254
247201,3173,3289
165479,3174,3305
193306,3180,3294
236268,3181,3282
61824,3183,3265
51955,3185,3286
66150,3187,3282
86665,3188,3288
110520,3189,3280
886,3190,3264
371640,3194,3281
187707,3195,3305
166620,3196,3296
230923,3196,3302
199783,3197,3282
3415,3203,3289
147592,3207,3294
27372,3209,3289
402096,3211,3318
402101,3214,3288
41382,3219,3314
400318,3220,3297
2949,3221,3305
95515,3222,3311
160071,3228,3297
9916,3228,3309
340702,3230,3308
242251,3233,3294
14122,3235,3312
95516,3236,3318
136191,3238,3305
281495,3247,3307
182358,3247,3309
257747,3248,3305
250013,3248,3325
36704,3252,3314
136136,3252,3324
27740,3259,3367
153212,3263,3335
193300,3266,3352
285862,3273,3351
27742,3283,3357
352437,3306,3406
352438,3325,3407
287222,3387,3496
287221,3403,3505
370960,3439,3500
101370,3452,3529
33671,3534,3649
324187,3567,3658
345739,3577,3702
126,3583,3669
43912,3586,3655
92044,3589,3642
162307,3589,3677
302731,3589,3705
126,3590,3655
126,3592,3681
191499,3594,3680
21063,3595,3656
41681,3597,3646
116850,3640,3702
255616,3649,3706
400524,3654,3704
165667,3746,3812
61816,3746,3837
41381,3747,3823
101369,3747,3843
97296,3747,3859
13731,3753,3867
125188,3762,3847
182868,3798,3864
244674,3800,3866
147591,3800,3897
397323,3803,3862
200822,3803,3864
380402,3803,3866
387645,3808,3902
287224,3824,3934
97299,3832,3935
287235,3844,3939
103487,3848,3904
287236,3851,3934
287232,3868,3936
287225,3874,3964
175158,3903,3972
371638,3905,4012
383396,3907,3986
275932,3910,3984
83798,3912,3973
276697,3912,3985
55626,3912,3989
251688,3912,4015
216830,3913,3978
66151,3915,3983
191500,3915,3991
44427,3917,4004
37928,3917,4019
58650,3919,3998
257252,3921,3991
248274,3921,4005
247198,3926,4029
13730,3927,3996
324810,3928,4006
40837,3929,4009
17635,3933,3995
165483,3933,4010
138963,3933,4017
165482,3933,4029
76852,3939,4014
203516,3942,4007
247202,3943,4026
387061,3946,4010
373114,3946,4024
343900,3948,4034
191900,3949,4013
315740,3949,4040
233933,3955,4024
367286,3960,4062
248452,3962,4028
324224,3962,4035
243813,3966,4018
136189,3968,4060
102285,3972,4056
192180,3977,4072
84619,3980,4058
234344,3984,4073
132310,3985,4060
23842,3986,4086
64926,3988,4064
400320,3988,4069
148853,3990,4060
229057,3990,4073
50877,3991,4052
61818,3996,4057
255615,3997,4075
193305,3999,4068
285863,4001,4076
397770,4003,4089
253738,4004,4077
94167,4006,4100
134168,4007,4095
375091,4012,4095
97293,4013,4089
373113,4018,4089
350198,4019,4080
381542,4019,4082
175315,4020,4077
21610,4020,4090
307733,4021,4094
3830,4021,4099
241095,4027,4097
21898,4029,4074
255916,4030,4129
213718,4040,4122
255917,4042,4137
136141,4051,4124
258561,4053,4134
230791,4057,4120
165666,4057,4130
133439,4059,4106
402099,4071,4130
301928,4089,4172
352442,4089,4175
37335,4091,4177
162308,4094,4180
234828,4098,4180
25568,4099,4173
101367,4100,4178
254240,4100,4193
239266,4102,4177
113938,4105,4180
74404,4106,4178
324189,4110,4182
182115,4111,4172
43109,4112,4180
12904,4119,4180
324107,4158,4260
371641,4164,4237
164744,4165,4253
256470,4168,4244
287226,4169,4231
69557,4190,4251
790,4192,4254
96978,4195,4267
179632,4220,4301
146488,4234,4306
278163,4247,4306
62843,4255,4308
133864,4255,4329
324426,4256,4346
299859,4421,4493
287228,4421,4545
371636,4432,4550
182118,4445,4551
397767,4455,4546
165481,4457,4540
95523,4459,4555
316063,4460,4548
165480,4463,4549
24467,4469,4542
88471,4472,4545
182117,4472,4551
316064,4472,4563
165486,4473,4584
75038,4476,4545
1290,4480,4544
13729,4482,4546
97298,4483,4544
322650,4483,4547
281007,4483,4553
236271,4485,4568
281008,4486,4554
43114,4486,4558
324108,4487,4572
7370,4487,4578
101368,4489,4550
4993,4489,4553
43115,4490,4539
198814,4490,4545
236270,4490,4551
256473,4490,4555
93142,4492,4545
348202,4492,4553
315197,4493,4554
213721,4493,4588
8062,4498,4562
113055,4501,4562
374991,4501,4564
236267,4502,4563
136138,4503,4575
145138,4508,4577
4574,4513,4575
343220,4515,4607
375090,4518,4601
121855,4519,4578
234343,4521,4573
176175,4548,4615
145901,4553,4617
229056,4560,4630
253772,4586,4653
111566,4593,4656
22031,4593,4659
134570,4594,4674
233936,4601,4704
191497,4632,4707
362373,4642,4705
216993,4650,4704
932,4657,4706
197411,4825,4894
239102,4832,4922
210704,4835,4922
57235,4837,4921
90358,4844,4921
177940,4858,4921
28162,4864,4920
358003,4865,4919
358002,4865,4921
1289,5136,5200
176173,5139,5200
97300,5140,5204
9374,5144,5200
355554,5145,5203
136188,5149,5207
310721,5151,5208
65966,5152,5201
340276,5245,5291
3214,5245,5302
95524,5245,5316
213720,5246,5313
369474,5342,5406
55279,5405,5473
287227,5407,5454
248931,5501,5548
252306,5686,5738
63362,5733,5819
136130,5748,5813
881,5750,5817
43863,5752,5813
404478,5759,5820
212316,5761,5818
106055,5776,5819
136142,5843,5900
350199,5882,5940
201190,5902,5960
402102,5982,6066
134955,6003,6073
397766,6005,6077
397769,6005,6087
52208,6007,6075
20649,6011,6081
4848,6012,6068
105846,6012,6074
205759,6014,6076
96046,6014,6084
177938,6022,6084
406281,6023,6078
276931,6023,6110
407240,6025,6113
397768,6025,6121
36614,6026,6110
397763,6026,6117
21612,6027,6076
204873,6028,6111
276932,6051,6116
43869,6058,6116
256695,6062,6121
250014,6164,6235
323202,6222,6286
266991,6230,6284
341496,6253,6326
230924,6270,6311
12710,6390,6439
13723,6390,6455
136140,6390,6470
258563,6396,6459
312024,6397,6455
200818,6397,6471
287233,6414,6475
132616,6525,6597
66734,6527,6574
78080,6529,6580
37931,6532,6605
21609,6544,6637
397765,6547,6639
39163,6548,6626
60051,6549,6622
24128,6550,6615
132614,6556,6617
61944,6560,6639
133868,6560,6649
14674,6563,6637
125190,6564,6626
143312,6570,6633
74405,6577,6647
136137,6577,6671
352445,6583,6652
236272,6583,6675
288336,6585,6646
136144,6585,6664
387316,6585,6673
136139,6588,6665
77385,6597,6659
31782,6598,6668
367950,6607,6664
64996,6608,6671
393397,6609,6675
350200,6624,6690
14474,6784,6876
21608,6785,6860
77476,6789,6857
21607,6792,6886
54900,6828,6880
342687,6970,7031
289336,6970,7059
209796,6971,7022
275937,6990,7051
41383,6991,7052
124740,6991,7066
103490,7033,7123
287226,7040,7090
243343,7047,7098
85681,7076,7137
57232,7093,7153
375093,7102,7227
284486,7105,7218
880,7106,7231
305155,7107,7203
367287,7114,7229
143846,7118,7212
221661,7119,7258
2801,7122,7218
213722,7122,7232
74406,7125,7221
363474,7127,7244
398823,7127,7250
43862,7128,7228
133438,7130,7254
103705,7131,7199
152804,7131,7229
176174,7140,7260
77472,7142,7230
350197,7142,7272
27808,7144,7236
88476,7144,7255
13728,7144,7268
400322,7161,7222
400321,7161,7227
212910,7165,7232
61942,7166,7228
127354,7167,7229
57231,7167,7238
61821,7168,7231
335085,7185,7276
69388,7188,7278
105845,7201,7300
304777,7202,7280
76729,7213,7293
103486,7214,7275
354458,7223,7306
80897,7236,7306
276933,7256,7314
364000,7261,7313
200820,7349,7434
239497,7351,7412
25560,7351,7420
170776,7351,7432
188811,7352,7404
235647,7352,7435
177025,7352,7453
81586,7353,7405
368896,7353,7416
193301,7353,7443
54897,7356,7421
288337,7356,7425
57462,7357,7404
354404,7357,7420
346096,7357,7438
74412,7358,7409
304982,7364,7464
96979,7365,7452
210705,7370,7464
352444,7371,7442
223545,7373,7441
285975,7374,7454
258564,7375,7447
244673,7375,7462
57230,7376,7440
58991,7388,7452
66152,7397,7462
200688,7401,7464
61946,7405,7459
227587,7406,7462
395288,7409,7459
176039,7417,7464
299122,7534,7592
51879,7534,7599
54896,7534,7614
216826,7534,7619
64780,7535,7585
369320,7535,7597
136143,7535,7629
349776,7537,7636
21606,7538,7586
179639,7538,7588
23828,7538,7591
33528,7539,7587
147594,7539,7599
126901,7539,7613
191498,7540,7583
57226,7540,7619
136147,7541,7596
136146,7549,7619
27185,7556,7629
6340,7558,7625
22488,7560,7634
163430,7562,7610
41418,7564,7619
13724,7564,7638
372224,7571,7629
255612,7657,7744
73655,7662,7742
43866,7665,7725
239268,7665,7749
299856,7667,7745
366070,7669,7746
281707,7669,7753
239263,7671,7755
247192,7672,7736
363471,7673,7751
260426,7674,7734
193740,7674,7739
145139,7675,7741
162089,7676,7754
74407,7679,7748
216592,7679,7753
50168,7680,7743
74413,7680,7758
121293,7683,7758
57240,7684,7736
32707,7684,7745
324656,7684,7762
105518,7687,7750
375085,7689,7751
61947,7690,7814
390991,7701,7753
144378,7702,7754
299855,7715,7836
400323,7716,7780
223544,7720,7807
324106,7722,7799
483,7730,7803
57461,7737,7842
287228,7768,7889
270977,7780,7845
397764,7812,7884
95526,7812,7890
187708,7815,7893
270978,7823,7889
146608,7826,7893
10782,7828,7889
16067,7838,7899
371634,7844,7935
341497,7847,7892
304776,7858,7938
32708,7860,7928
354405,7862,7935
284487,7865,7929
103491,7866,7937
351972,7867,7970
299858,7868,7954
36346,7869,7933
216552,7871,7934
85923,7871,7936
176046,7871,7975
5940,7872,7933
232489,7880,7942
387514,7883,7942
166622,7889,7941
33867,7890,7953
92366,7891,7954
307619,7891,7969
200819,7891,7981
259431,7903,7993
18438,7908,7972
106425,7909,7974
187713,7909,7989
187712,7909,7995
57225,7915,7996
285964,7919,7996
103493,7924,7985
165747,7930,7992
196069,7931,7991
256468,7932,7993
355555,7934,7996
61817,7936,7994
234203,7938,7996
257748,7939,7994
275576,7939,7997
83401,7940,7985
41710,7942,7996
118402,8109,8175
270150,8109,8178
111565,8109,8181
341495,8109,8186
66153,8110,8172
57239,8111,8169
147593,8111,8206
281494,8116,8173
57234,8117,8174
325083,8120,8205
86444,8121,8183
193111,8121,8193
223983,8122,8188
352088,8126,8191
281705,8127,8208
187709,8128,8192
49873,8143,8194
324654,8151,8195
15226,8151,8230
66148,8186,8295
243814,8195,8266
97294,8198,8308
341493,8211,8281
23841,8214,8276
41711,8216,8265
314307,8219,8265
393398,8223,8300
43861,8225,8301
39447,8233,8309
256469,8235,8339
41408,8245,8309
246789,8246,8307
61950,8247,8312
243344,8247,8333
212317,8250,8302
160271,8255,8333
55054,8340,8404
255614,8415,8497
371632,8424,8499
244672,8430,8535
371633,8440,8512
66379,8457,8524
341494,8481,8543
294350,8485,8549
41680,8490,8578
350202,8494,8557
166623,8494,8587
403193,8495,8556
42851,8496,8580
105843,8501,8581
253398,8502,8553
113059,8514,8582
266990,8515,8580
66149,8518,8587
219417,8528,8582
23134,8532,8594
247197,8533,8583
369321,8535,8585
270458,8542,8599
367288,8551,8610
48984,8552,8615
287227,8554,8616
19713,8620,8675
73654,8630,8693
286595,8637,8722
239267,8642,8732
299854,8644,8713
103483,8646,8721
79741,8647,8710
303310,8647,8737
41961,8651,8710
321096,8652,8704
362442,8653,8707
26748,8653,8721
407239,8656,8716
232219,8657,8721
275935,8665,8732
270455,8669,8741
96977,8677,8741
349774,8679,8749
234342,8680,8741
299853,8680,8753
19026,8681,8751
304983,8682,8746
356467,8693,8756
287232,8903,8972
287231,8903,8996
287229,8903,9026
97297,8904,8980
232490,8905,8966
305152,8906,8965
133862,8906,8967
97301,8907,8976
13716,8908,8972
287234,8909,8975
145137,8910,8966
105519,8910,8979
384991,8912,9008
258562,8932,8999
2629,8933,9008
48985,8936,9002
239696,8936,9007
243815,8938,9004
301927,8938,9016
93503,8941,9046
369177,8944,9017
194461,8944,9058
27741,8945,9010
255613,8945,9042
99755,8946,9007
77474,8946,9009
345833,8949,9032
335086,8950,9011
134048,8954,9031
257745,8958,9053
78927,8961,9036
25563,8968,9065
78928,8969,9036
162306,8970,9031
316061,8970,9046
88890,8974,9032
113060,8974,9050
247194,8976,9046
88472,8979,9042
397322,8981,9043
370341,8982,9042
244671,8996,9057
397762,8996,9065
133867,8998,9064
10555,9000,9065
133865,9001,9063
343221,9196,9266
325085,9332,9400
325084,9333,9395
103484,9383,9459
372223,9386,9463
200817,9388,9468
61941,9389,9465
168149,9393,9493
200816,9415,9469
95527,9426,9495
256471,9435,9555
151644,9436,9497
134571,9436,9499
13157,9442,9558
395289,9449,9541
14467,9456,9558
32706,9463,9566
371637,9464,9575
199781,9468,9536
88375,9468,9578
14466,9469,9549
66154,9470,9570
213719,9471,9580
375086,9472,9593
103492,9473,9563
278164,9473,9575
47405,9474,9561
44324,9474,9566
367280,9476,9600
77471,9478,9615
182114,9482,9541
352446,9482,9543
307620,9482,9609
187711,9483,9604
11258,9484,9584
882,9486,9575
95517,9489,9606
4437,9489,9617
257749,9490,9595
122722,9499,9605
74414,9499,9611
13715,9500,9628
33362,9501,9592
126608,9501,9615
275940,9504,9587
406282,9505,9618
166621,9506,9588
15641,9507,9563
70187,9508,9620
95525,9509,9616
886,9511,9630
192978,9518,9633
886,9519,9605
258382,9519,9636
74411,9532,9617
199779,9535,9631
177154,9549,9630
275936,9552,9610
4495,9568,9633
136190,9570,9634
104798,9573,9634
171790,9577,9634
66155,9577,9637
182886,9585,9636
216855,9669,9719
105840,9669,9726
43290,9670,9725
101921,9671,9734
77579,9677,9727
22496,9679,9738
287230,9733,9821
22032,9751,9820
345737,9753,9821
379034,9842,9938
217852,9863,9939
276934,9888,9938
193307,10017,10079
352447,10018,10077
239261,10020,10069
194553,10021,10085
134595,10028,10091
220820,10139,10194
252307,10140,10220
176628,10145,10206
285865,10154,10233
193302,10156,10234
7373,10159,10228
177024,10163,10233
14417,10177,10233
301925,10180,10232
77470,10262,10356
258383,10262,10365
62380,10313,10386
93505,10363,10422
254242,10369,10423
115606,10369,10448
283082,10372,10423
64999,10377,10446
231554,10405,10460
25566,10406,10480
112373,10409,10502
41372,10410,10498
241101,10416,10504
57238,10423,10501
31782,10426,10503
401041,10429,10504
32757,10434,10503
63002,10441,10504
375083,10444,10500
152428,10444,10504
105520,10592,10654
302728,10592,10656
307622,10594,10647
192171,10595,10664
55628,10598,10672
143847,10643,10754
344204,10648,10735
268673,10648,10761
368898,10654,10761
78310,10656,10713
14469,10656,10740
232218,10658,10748
194194,10658,10752
95918,10660,10754
199425,10662,10749
205458,10664,10734
40405,10666,10728
275938,10668,10744
324811,10669,10739
367727,10670,10747
124185,10670,10752
270457,10671,10744
175070,10671,10750
26387,10672,10730
330063,10672,10733
233932,10672,10759
109037,10673,10737
177536,10677,10749
360727,10678,10731
5050,10679,10738
57084,10680,10732
213177,10683,10747
275428,10685,10735
85921,10691,10753
348112,10691,10760
131740,10698,10757
230880,10700,10765
124666,10708,10777
384994,10823,10880
18722,10825,10879
98467,10843,10915
106565,10844,10917
321098,10846,10930
246195,10847,10933
140343,10848,10901
42507,10850,10903
233929,10856,10909
13718,10866,10928
347665,10872,10930
290786,11062,11154
375084,11063,11142
400129,11068,11145
189394,11070,11112
79792,11070,11122
312166,11078,11151
101265,11088,11151
24786,11090,11152
25562,11120,11215
257250,11121,11217
25561,11138,11220
27955,11156,11223
95528,11158,11219
265866,11158,11221
353735,11159,11222
160613,11159,11227
80133,11163,11223
38729,11165,11222
125190,11174,11222
235213,11194,11252
69339,11194,11257
49616,11196,11284
133296,11200,11260
281706,11201,11295
54479,11207,11290
53270,11210,11281
43943,11212,11286
315004,11216,11288
299123,11220,11283
250015,11222,11286
276935,11222,11294
62379,11225,11288
362600,11226,11293
70185,11231,11306
381541,11234,11295
136193,11234,11306
43870,11235,11317
19158,11243,11304
402100,11253,11337
6149,11255,11311
372221,11319,11403
254237,11344,11404
265239,11345,11411
310522,11700,11755
200118,11702,11753
85842,11826,11888
324190,11826,11899
10671,11826,11912
13157,11826,11929
61952,11826,11935
256466,11826,11939
7857,11826,11945
215123,11827,11903
125189,11827,11921
5315,11828,11898
13719,11828,11910
42552,11829,11940
319316,11830,11929
57224,11832,11899
131739,11832,11931
14471,11833,11907
14470,11833,11917
127037,11833,11928
147590,11834,11933
146194,11837,11944
371635,11837,11954
66156,11839,11971
367279,11840,11932
179701,11844,11913
254239,11844,11974
289334,11846,11923
195889,11849,11907
30925,11853,11916
182113,11855,11916
199782,11856,11980
11258,11860,11954
242194,11860,11976
61819,11866,11964
104288,11871,11928
32030,11877,11953
14100,11877,11973
43111,11880,11976
886,11884,11982
88376,11891,11976
247200,11891,11983
29909,11892,11953
166624,11892,12000
287233,11937,12011
165806,11943,12001
151345,11978,12039
251685,11978,12059
165484,11979,12040
396235,11979,12092
251686,11987,12074
124313,11994,12075
324423,11994,12079
307621,11998,12048
70184,12000,12076
342688,12001,12122
61945,12002,12085
95519,12003,12075
241136,12003,12104
70186,12007,12075
236269,12007,12124
324425,12007,12137
273091,12012,12118
82128,12015,12079
239262,12022,12075
170462,12023,12089
43865,12027,12093
350203,12030,12150
324657,12031,12127
160072,12035,12164
212999,12039,12114
129938,12042,12120
243447,12043,12128
213000,12051,12118
321097,12054,12118
367278,12054,12121
27371,12054,12145
289335,12054,12157
163868,12056,12155
165954,12056,12161
352443,12059,12122
254241,12062,12152
43868,12062,12165
368897,12063,12187
103485,12064,12175
400325,12065,12117
177023,12066,12144
319317,12067,12116
105841,12068,12153
71000,12069,12162
275939,12071,12185
73653,12073,12153
400324,12073,12161
120552,12073,12166
194017,12079,12182
302727,12080,12146
16023,12080,12187
63377,12083,12144
324655,12083,12146
274929,12083,12162
321095,12091,12152
369317,12092,12170
77642,12093,12167
187401,12096,12191
201834,12098,12160
272976,12100,12158
379360,12103,12152
302474,12113,12187
286130,12115,12183
52209,12115,12191
281849,12117,12173
395292,12118,12188
187604,12121,12170
179935,12121,12190
393798,12124,12182
395437,12132,12186
23827,12133,12176
95529,12231,12295
132613,12233,12299
368256,12233,12310
369316,12233,12339
57237,12262,12338
482,12263,12328
133866,12264,12333
105842,12265,12330
270532,12266,12327
126630,12266,12336
61316,12270,12336
386712,12278,12327
97291,12279,12337
287235,12489,12587
287223,12497,12605
97289,12506,12602
97295,12510,12595
287229,12510,12625
369318,12512,12577
320808,12513,12590
279946,12514,12576
403304,12514,12595
177253,12516,12578
97301,12516,12594
25559,12517,12582
133297,12520,12573
61948,12530,12614
96980,12531,12605
362374,12541,12605
49874,12542,12603
401042,12542,12608
386365,12542,12611
54895,12543,12601
215982,12543,12606
111564,12543,12613
301926,12543,12640
169373,12544,12624
285446,12557,12621
101366,12557,12645
384992,12557,12654
179934,12558,12620
256626,12558,12622
238917,12560,12612
256467,12562,12630
97290,12563,12633
71820,12563,12655
227663,12570,12650
166626,12581,12655
37927,12583,12656
331038,12585,12655
369319,12589,12652
166102,12590,12655
196206,12608,12662
254815,12609,12660
248275,12801,12848
19159,12859,12908
195890,12962,13036
278165,12962,13048
95531,12971,13033
107311,13015,13087
53272,13021,13090
43112,13021,13138
43113,13023,13136
8744,13027,13090
180379,13031,13096
195169,13033,13093
165725,13036,13097
396524,13037,13096
286131,13039,13130
13717,13039,13161
23839,13041,13128
299852,13045,13126
37932,13049,13162
57972,13050,13158
3456,13051,13121
943,13053,13115
133874,13055,13144
168148,13056,13117
93504,13056,13146
319314,13056,13154
193303,13056,13175
302726,13057,13168
164116,13058,13133
228797,13059,13160
33834,13059,13178
45248,13061,13170
77473,13062,13186
128249,13065,13131
335956,13071,13159
372222,13071,13207
160270,13074,13211
134956,13087,13179
213725,13132,13232
247193,13312,13397
247196,13312,13408
402095,13313,13365
95530,13313,13373
242016,13319,13381
331037,13319,13383
322802,13321,13388
257249,13343,13412
182112,13344,13442
358192,13365,13426
235242,13367,13429
196068,13371,13424
242055,13372,13454
324812,13375,13426
126596,13376,13425
239774,13376,13437
48368,13378,13478
182360,13432,13507
41373,13438,13506
93506,13439,13508
232745,13450,13512
55627,13451,13517
41417,13482,13540
375087,13543,13638
61951,13545,13637
362601,13550,13611
134954,13582,13657
198779,13587,13660
384795,13588,13663
247195,13588,13669
32705,13589,13667
287220,13593,13650
336430,13599,13651
374945,13613,13676
322803,13615,13669
287236,13653,13748
287223,13657,13766
287231,13673,13762
97301,13680,13760
43846,13709,13783
368895,13715,13798
41892,13717,13785
116849,13717,13792
116848,13719,13801
123858,13722,13785
354457,13722,13801
50149,13723,13816
239128,13724,13808
223082,13725,13796
40555,13725,13799
387647,13751,13805
88470,13751,13824
371370,13755,13805
333526,13756,13820
23838,13756,13823
194262,13760,13821
327450,13766,13825
363475,13769,13824
21604,13775,13823
43116,13776,13826
116109,13782,13826
286133,13919,13987
95522,13921,13995
236273,13924,13986
367167,13932,13993
364861,13933,13990
20373,13951,14026
275847,13953,14014
253737,13955,14026
97228,13958,14029
21605,13961,14031
331036,13963,14016
283083,13963,14028
251689,13964,14039
340030,13973,14026
287230,13978,14086
274902,13996,14055
74880,13998,14059
41378,13999,14048
217853,14001,14060
333525,14002,14063
196672,14006,14077
118634,14009,14077
30522,14021,14085
102803,14029,14089
95520,14167,14236
254238,14167,14276
484,14167,14304
69012,14169,14231
210706,14169,14265
13401,14170,14236
201528,14173,14289
210707,14180,14289
88469,14185,14322
22643,14187,14231
166625,14190,14278
220568,14194,14313
14468,14196,14287
178088,14196,14296
37773,14198,14293
74410,14203,14307
23840,14203,14315
82333,14209,14270
285864,14214,14310
79438,14225,14298
263032,14239,14308
171475,14250,14312
94168,14257,14323
165487,14261,14325
287220,14262,14323
71530,14262,14326
182359,14263,14322
