251466,121,183
35722,123,241
310820,123,256
105593,124,231
148796,125,236
177576,129,249
130374,132,239
14025,134,226
214261,138,275
4022,139,241
187210,140,271
333,142,282
359734,143,241
167050,143,257
85431,144,288
103056,157,282
254939,161,236
209939,162,227
351199,162,242
213931,164,230
153512,165,237
130373,165,297
343975,168,241
253497,168,288
60272,170,240
148797,189,294
111676,195,328
112916,196,281
294455,197,313
257901,211,318
308948,213,328
294454,218,326
355716,220,335
123842,231,292
165255,232,300
118031,237,300
231935,242,304
348647,245,309
323443,245,327
25514,245,372
171705,247,346
104395,248,331
347125,248,395
17141,249,327
199838,249,338
46323,249,365
355667,250,341
236933,252,404
399517,253,340
32217,255,342
26438,256,385
303484,256,414
245052,257,373
14154,258,340
299054,259,329
147694,259,335
59240,261,361
34888,262,400
22790,263,340
245230,263,385
47944,265,330
103054,266,327
318628,268,332
36884,269,371
91590,277,418
52912,291,362
168230,293,384
57634,295,336
85432,301,418
182258,318,391
313993,318,418
334058,320,396
88706,322,416
109208,323,400
288324,325,388
29479,328,391
228778,336,398
229352,337,404
237380,344,406
377297,344,413
115883,344,436
123624,345,416
11977,345,424
105594,349,421
125965,443,582
26224,445,523
85795,449,575
355717,456,582
303483,456,600
147693,472,541
260242,474,538
114425,475,543
347275,476,603
303486,477,538
84644,477,608
39992,477,618
313557,479,543
313992,479,583
232529,484,540
372330,484,625
357756,487,607
136893,489,603
45262,490,549
52445,491,612
48704,493,578
321904,494,575
393574,495,611
347124,497,625
230461,506,569
257900,512,627
10215,515,626
275732,537,610
346599,539,606
371763,541,612
320559,545,608
297986,558,626
217975,559,623
15369,570,626
247718,581,626
343709,733,797
111675,754,828
294563,759,839
234518,760,829
90716,766,871
388320,784,899
26223,814,909
263653,828,948
241855,856,987
103057,865,989
271280,884,1009
311803,902,996
187974,906,1013
381686,919,999
275729,922,1046
284397,928,1006
246675,930,986
338811,930,1005
367106,935,983
5490,940,1001
227508,940,1019
104136,944,1019
123841,946,1010
82625,946,1024
271279,946,1055
71396,949,1027
388997,950,1030
307853,955,1031
206589,964,1062
206590,969,1066
32215,971,1082
279600,988,1058
179284,988,1061
123843,989,1082
188604,995,1067
279601,995,1090
308191,996,1085
210520,997,1066
179285,997,1102
2930,999,1075
179286,1036,1136
197346,1043,1118
167051,1177,1252
285430,1177,1272
19027,1177,1292
92903,1178,1299
318963,1182,1299
153724,1185,1302
52417,1191,1310
165254,1191,1326
312746,1192,1298
49058,1194,1301
65856,1194,1318
196651,1199,1326
71398,1200,1309
393573,1206,1267
371764,1217,1298
333332,1219,1351
39576,1221,1343
71399,1226,1329
360263,1243,1367
115884,1244,1364
50250,1251,1374
371765,1253,1366
299053,1256,1350
50249,1258,1373
25974,1258,1379
153725,1259,1400
96983,1262,1327
138015,1265,1328
129837,1267,1342
103055,1271,1342
62542,1276,1400
313767,1290,1364
34889,1290,1399
255524,1293,1361
383271,1294,1384
261893,1296,1381
78684,1303,1365
9349,1304,1374
63177,1306,1372
278445,1316,1376
278446,1317,1380
153726,1328,1473
177254,1354,1476
256727,1367,1466
217976,1391,1476
17638,1405,1476
65388,1594,1652
187434,1632,1708
125966,1635,1706
141636,1658,1736
21969,1685,1789
99326,1715,1765
125968,1730,1803
381687,1739,1804
155450,1881,1942
176506,1883,1938
120002,1885,1949
39373,1888,1971
378510,1889,1959
380293,1890,1983
379273,1892,1977
54592,1893,1975
311948,1899,1971
167049,1907,1973
205319,1907,1978
178108,1907,1981
273361,1933,1983
210798,2042,2087
313995,2042,2094
123840,2042,2105
11978,2287,2351
34887,2322,2384
323442,2323,2406
273362,2333,2400
14956,2341,2402
155934,2344,2410
12772,2358,2428
81696,2359,2405
32216,2359,2441
375070,2378,2439
326650,2378,2442
65436,2521,2618
155338,2522,2584
309107,2527,2588
279602,2605,2684
287613,2627,2700
63176,2632,2709
78221,2742,2823
5880,2742,2849
49527,2744,2811
104393,2746,2828
205448,2746,2831
5881,2746,2850
87777,2750,2812
76187,2762,2828
311801,2773,2857
371762,2774,2843
230603,2778,2865
115885,2779,2854
225138,2781,2823
316580,2781,2851
24406,2794,2858
117203,2796,2912
140199,2797,2859
172787,2800,2861
12806,2815,2886
51787,3089,3159
177253,3101,3154
66996,3105,3170
266557,3109,3179
158388,3113,3175
19307,3119,3226
19306,3135,3235
59789,3137,3231
403392,3139,3208
134846,3140,3240
65435,3142,3219
205447,3144,3208
382651,3145,3204
281845,3151,3208
257899,3156,3207
58490,3165,3206
62382,3165,3236
275731,3187,3268
36882,3210,3293
171791,3217,3310
334150,3286,3347
393575,3366,3446
333958,3403,3478
10390,3572,3670
107871,3581,3669
130375,3617,3669
311804,3721,3802
3513,3722,3789
343976,3723,3795
156247,3724,3809
310822,3726,3790
237655,3731,3793
245054,3737,3801
397866,3754,3815
303485,3754,3818
111677,3755,3824
385417,3767,3824
71397,3792,3870
116864,3794,3876
51786,3796,3862
210796,3941,4022
360916,4147,4279
252214,4154,4269
261581,4175,4268
94477,4176,4266
359733,4216,4300
9162,4221,4295
260187,4224,4300
26439,4232,4300
358957,4241,4291
83931,4242,4299
322337,4248,4301
182256,4524,4588
275730,4525,4586
85433,4526,4580
105100,4526,4595
339721,4528,4591
384567,4530,4589
266113,4530,4591
299051,4534,4602
328223,4543,4607
262942,4627,4711
128901,4629,4696
389617,4629,4732
28780,4644,4709
395141,4646,4708
209695,4646,4729
261892,4663,4721
285431,4670,4732
173232,4680,4775
392605,4696,4807
392606,4721,4803
399714,4781,4879
117202,4935,4987
210795,5032,5108
5879,5032,5121
292448,5033,5106
182257,5042,5109
5037,5182,5256
219478,5184,5248
178629,5190,5249
173232,5228,5315
256669,5320,5375
323441,5444,5526
279603,5684,5762
294456,5686,5759
318964,5687,5750
11976,5688,5755
381850,5688,5760
308947,5691,5760
256354,5694,5755
153179,5694,5768
153180,5798,5883
355644,5798,5893
299052,5801,5853
167052,5802,5865
152595,5802,5881
90811,5802,5899
308946,5802,5927
417,5803,5849
19026,5803,5887
185382,5803,5895
294319,5804,5865
18241,5804,5884
311802,5829,5895
378511,5831,5887
300402,5869,5935
252215,5924,5986
64908,6003,6069
96207,6039,6090
402596,6160,6259
130295,6172,6279
327708,6174,6243
351200,6174,6247
316579,6175,6290
126,6179,6258
126,6179,6279
126,6179,6305
255525,6181,6300
126,6203,6309
30194,6212,6308
360862,6478,6539
12622,6478,6546
327699,6479,6544
403391,6481,6542
256668,6481,6545
102634,6485,6539
38703,6486,6548
51108,6491,6554
327707,6496,6554
17140,6614,6732
125967,6631,6753
14729,6634,6751
355666,6639,6758
10735,6657,6766
280628,6668,6736
177577,6670,6764
104394,6675,6767
210797,6677,6765
107215,6698,6759
92775,6702,6766
300166,6703,6764
76186,6798,6869
34886,6799,6919
182255,6803,6921
354848,6805,6868
313994,6812,6874
56625,6812,6877
392607,6813,6888
222747,6814,6873
176507,6814,6924
31768,6815,6867
163365,6816,6907
9196,6816,6921
16063,6818,6868
323356,6818,6880
87883,6820,6869
1282,6820,6873
310821,6855,6924
266479,6982,7040
36883,6984,7039
92776,6984,7039
