233669,84,158
333,84,255
68627,85,225
31762,86,209
399334,100,267
87195,103,214
4022,105,226
66259,106,237
271995,106,258
259986,107,218
331397,107,274
40214,111,249
336717,112,255
3030,114,190
184472,116,229
9613,117,242
307658,117,248
309498,119,252
333,120,258
38828,123,231
101642,123,284
35075,127,238
131260,130,246
123461,136,290
219955,137,256
41162,139,274
13722,146,292
333,147,257
45531,147,299
113180,148,282
335087,148,289
74702,152,295
6359,155,277
259460,158,293
190441,162,289
122062,170,285
377098,171,297
259459,178,297
104593,180,275
382451,180,286
120132,181,295
199888,184,265
106482,186,260
35073,191,284
160244,192,297
267607,193,260
203502,194,256
362459,196,305
398786,197,266
313159,197,299
139244,201,264
298806,201,295
45741,201,303
70082,203,288
313160,204,260
70083,204,274
233668,204,300
45742,209,324
95051,215,285
376466,216,280
129142,217,281
347125,218,355
113182,221,283
189960,224,295
341751,224,299
107847,224,321
15517,226,307
72074,227,310
59240,227,330
355397,228,299
249502,228,316
79569,229,294
194238,231,308
368901,231,326
237719,238,309
92907,257,318
336695,258,310
180056,258,336
85881,259,322
13256,259,340
13255,259,351
327209,261,310
272002,262,312
243616,262,323
331393,263,311
55075,263,380
55074,266,352
173114,269,387
405618,289,406
162851,290,375
393767,291,364
139243,291,369
93601,293,372
143075,299,371
230716,299,379
14376,300,382
370380,302,377
65659,308,371
228475,309,403
189814,312,427
74217,313,411
139242,314,386
310067,316,377
18103,328,378
168713,331,452
184290,337,448
8809,346,513
20843,377,518
38827,382,513
132022,386,502
272281,386,511
72073,388,494
33222,388,514
38040,390,501
362458,390,543
247792,394,502
397516,399,522
259464,401,451
352615,405,519
382840,406,540
36100,411,519
84644,413,532
10783,415,507
39992,415,543
189815,416,525
14539,416,531
38041,416,535
382452,417,562
14377,418,516
331957,421,544
107638,425,544
7585,426,558
19015,427,504
168714,429,566
347124,436,554
280055,452,502
10215,452,544
39511,455,563
405619,457,556
87193,461,511
405620,464,563
13577,468,532
348727,473,543
179850,475,541
298807,516,567
190077,626,706
71290,630,699
8807,637,735
2972,641,702
336712,670,736
128818,673,734
113181,674,729
5951,742,797
7258,746,816
175670,799,884
114738,853,910
327873,873,948
330322,911,983
256269,917,1004
24268,929,991
5954,930,1041
359002,933,1000
120393,934,994
376464,934,1039
38826,936,1051
36960,938,1066
129141,940,1012
29276,942,1003
240567,944,1013
164652,946,1057
303262,947,1000
272003,950,1003
190078,957,1080
24344,960,1086
199638,964,1076
219043,965,1031
387378,980,1058
308545,980,1092
294510,988,1070
37678,992,1091
5953,997,1087
390808,1005,1068
37679,1007,1091
2537,1009,1073
335085,1184,1272
268492,1185,1263
142816,1186,1255
174017,1190,1258
265202,1192,1276
53013,1195,1265
267603,1196,1277
240804,1197,1272
358695,1198,1266
95558,1204,1255
6308,1209,1270
204932,1211,1313
26845,1219,1277
326029,1221,1300
326030,1221,1313
106483,1226,1311
35071,1227,1278
101645,1227,1318
225216,1229,1323
240809,1244,1331
290941,1260,1315
304696,1289,1341
189817,1309,1364
257394,1318,1388
279573,1319,1391
74703,1335,1406
204935,1345,1438
349691,1352,1442
351587,1354,1416
20844,1355,1425
55072,1364,1432
9791,1369,1435
28179,1388,1432
139241,1389,1448
239716,1391,1452
27780,1392,1434
243247,1393,1451
132020,1393,1454
243246,1394,1452
132021,1399,1481
3573,1412,1484
387765,1414,1460
373852,1414,1481
233002,1414,1486
63155,1416,1468
127930,1419,1483
164653,1426,1499
204933,1489,1550
240568,1490,1552
376465,1490,1557
274994,1493,1554
306422,1493,1559
265196,1493,1564
259463,1493,1567
285222,1493,1572
157537,1495,1574
134217,1496,1586
304371,1497,1562
101777,1500,1562
382508,1503,1580
179595,1504,1574
29145,1514,1581
265200,1517,1579
320248,1524,1587
272004,1531,1596
240635,1533,1586
184263,1534,1602
93907,1539,1591
304369,1664,1785
13578,1688,1762
10972,1695,1760
273765,1706,1763
271741,1714,1771
307657,1715,1798
20845,1719,1771
113184,1733,1809
387384,1740,1837
298809,1742,1822
240807,1742,1825
267604,1745,1808
96202,1748,1813
362460,1750,1852
35074,1755,1834
106479,1755,1839
37684,1759,1850
267605,1775,1847
37686,1780,1845
147982,1785,1834
111334,1811,1885
63344,1824,1899
63345,1837,1899
252417,1840,1902
108677,1842,1896
204932,1843,1943
240811,1870,1937
336714,1872,1954
382509,1922,1983
377099,1931,1981
397517,1939,2000
124357,1959,2052
160646,1960,2049
35148,1968,2037
57496,1969,2035
215995,1973,2035
397254,1974,2045
265199,1974,2060
380963,1975,2079
362050,1976,2037
211865,1980,2047
382511,1981,2064
131261,1981,2072
240805,1983,2036
182734,1983,2057
286283,1986,2068
102694,1990,2070
245101,1991,2060
127929,1993,2051
157538,1995,2057
28347,1995,2060
240637,1997,2052
1859,1998,2071
22930,1999,2078
271994,2004,2067
403875,2004,2070
199506,2004,2073
271992,2006,2069
271993,2008,2070
75808,2010,2078
246329,2011,2070
210887,2011,2073
306037,2014,2065
35072,2014,2068
55071,2017,2070
184266,2137,2208
308544,2137,2213
90510,2138,2202
240808,2138,2210
267608,2145,2257
134218,2157,2221
113284,2157,2223
12068,2165,2224
204934,2229,2293
243614,2230,2283
185472,2265,2316
106480,2296,2352
204933,2302,2355
298810,2310,2353
14381,2312,2354
272282,2409,2499
19658,2409,2505
132160,2410,2458
76026,2410,2510
73582,2414,2492
19642,2417,2474
60367,2417,2508
14379,2418,2470
294509,2418,2477
121216,2419,2491
82729,2423,2489
351585,2426,2500
258921,2451,2567
179002,2455,2508
93906,2457,2515
304226,2461,2570
336713,2462,2540
304224,2477,2549
169226,2479,2542
252673,2480,2582
293099,2480,2601
304223,2481,2585
22146,2484,2581
184265,2486,2573
259462,2486,2584
317420,2487,2597
169225,2491,2586
293098,2496,2583
304225,2502,2591
307656,2503,2564
201425,2503,2570
265201,2508,2585
336711,2511,2574
132019,2511,2584
37683,2511,2592
387379,2513,2574
131093,2564,2665
304697,2565,2679
144766,2576,2670
78659,2581,2687
229218,2586,2681
265198,2617,2696
278435,2618,2679
188041,2629,2690
36959,2650,2754
106474,2660,2745
214469,2663,2745
147928,2667,2722
99403,2669,2724
189962,2685,2747
102712,2690,2755
86219,2691,2765
106478,2692,2747
166794,2692,2755
397255,2692,2760
1925,2693,2751
106475,2693,2781
240806,2693,2788
1925,2698,2767
294508,2717,2817
366684,2718,2772
103800,2793,2858
189961,2815,2899
15821,2820,2935
313161,2823,2934
304367,2825,2913
263710,2829,2903
88899,2829,2940
68626,2830,2906
14378,2830,2918
19969,2831,2913
240564,2839,2905
88129,2840,2907
86220,2840,2955
312416,2841,2910
312415,2844,2910
387380,2844,2959
122439,2846,2909
304222,2846,2949
56120,2848,2945
80571,2855,2928
190442,2857,2937
24982,2857,2948
147981,2870,2925
267606,2870,2933
254231,2873,2934
240565,2878,2937
129143,2878,3012
190440,2889,3026
387381,2928,3039
304368,2959,3060
131092,2962,3026
8808,2997,3054
149094,3118,3204
49666,3120,3202
349966,3233,3328
201989,3235,3299
362332,3241,3314
321786,3249,3312
14540,3265,3335
358288,3395,3471
61213,3417,3474
103962,3419,3469
41163,3480,3587
87194,3501,3552
272001,3509,3587
298582,3661,3721
331399,3665,3792
352988,3670,3809
259461,3674,3805
135666,3684,3794
331398,3702,3816
68286,3704,3789
352989,3705,3809
380623,3706,3817
336716,3712,3812
298581,3714,3809
101644,3717,3805
277871,3717,3816
321044,3723,3793
243615,3729,3810
176095,3732,3795
37681,3732,3805
257393,3734,3798
108590,3741,3802
1940,3741,3805
72562,3742,3793
208412,3752,3817
145984,3757,3816
387382,3882,3965
265197,3883,3972
358651,3883,3999
335088,3887,3994
358028,3889,3990
5952,3890,3972
123464,3892,3967
240566,3895,3997
37682,3899,3997
56970,3905,3966
147927,3905,3990
106473,3906,3969
106477,3906,3972
78513,3908,3976
191815,3922,3980
362457,3923,4000
388277,3924,3995
192532,3927,3995
34711,3929,3998
101643,3931,3994
231764,3937,4000
277872,3977,4051
34713,4000,4149
71949,4029,4138
123463,4031,4145
320249,4038,4151
174619,4043,4119
164651,4043,4166
132634,4045,4150
359001,4047,4148
331395,4047,4165
13579,4049,4157
240810,4050,4147
29910,4056,4140
331394,4056,4164
122061,4057,4148
34712,4061,4165
290940,4068,4161
387383,4072,4165
119736,4076,4142
132023,4077,4150
6435,4078,4158
110348,4085,4143
28371,4086,4147
311817,4086,4165
106476,4088,4159
135943,4089,4151
7526,4090,4150
206933,4090,4161
53445,4093,4141
55073,4093,4166
110349,4094,4150
306549,4094,4160
300372,4096,4143
304370,4096,4157
14375,4097,4160
142817,4104,4163
38829,4105,4192
158281,4106,4157
23134,4107,4165
96201,4112,4156
362334,4114,4177
351586,4172,4237
349692,4172,4261
204935,4177,4259
258426,4217,4292
245102,4256,4359
153114,4274,4342
388278,4283,4342
336715,4292,4348
20522,4294,4354
269235,4311,4357
123465,4398,4487
75228,4418,4505
2816,4424,4497
349967,4428,4502
2801,4434,4497
27808,4440,4525
113183,4453,4516
135667,4459,4539
325724,4463,4543
33345,4507,4570
22488,4543,4609
214467,4574,4655
214468,4574,4678
358029,4672,4755
184264,4706,4787
37685,4708,4772
359000,4710,4755
34710,4711,4779
358652,4724,4786
298808,4725,4790
215326,4730,4790
208411,4916,4986
303602,4922,4999
362456,4942,5043
16575,4949,5029
218406,4954,5028
358653,4954,5041
12704,4958,5026
96200,4958,5043
70567,4959,5019
94715,4967,5041
16398,4969,5043
33344,4970,5052
189816,4971,5046
233666,4975,5068
396606,4987,5048
172970,4987,5064
184289,4987,5072
214466,4987,5083
384387,4991,5043
204934,5014,5074
387377,5026,5108
12069,5059,5111
68628,5173,5228
75807,5174,5222
221171,5174,5246
135668,5174,5264
106481,5174,5329
99661,5175,5258
14729,5176,5282
34714,5178,5249
37680,5179,5264
38755,5182,5238
314559,5184,5246
42089,5185,5307
160826,5187,5318
158386,5195,5279
185473,5200,5276
68629,5205,5337
362335,5209,5290
142798,5215,5303
14380,5218,5334
21234,5224,5304
283999,5227,5281
397253,5238,5306
185617,5316,5385
317976,5322,5384
382510,5378,5439
401983,5379,5474
18192,5396,5454
368900,5400,5461
23177,5401,5486
69053,5401,5490
368902,5402,5454
107846,5405,5464
341448,5407,5476
305786,5408,5458
265195,5410,5483
303261,5417,5523
358650,5419,5478
240636,5421,5538
251268,5425,5478
254815,5430,5495
73410,5430,5503
147983,5436,5531
59635,5438,5505
331396,5440,5567
123462,5448,5529
362333,5449,5536
357071,5452,5523
11782,5454,5531
218049,5458,5538
144767,5459,5552
233667,5459,5575
333580,5460,5569
254230,5460,5578
68410,5461,5546
218897,5468,5581
358027,5473,5580
390857,5476,5581
394534,5480,5553
307655,5492,5578
2464,5528,5579
171884,5530,5579
335086,5545,5588
