40780,134,275
13103,138,269
71181,142,204
259933,144,215
183770,146,264
30386,146,272
312935,147,208
217873,150,278
333,150,300
116144,152,265
46490,157,248
101618,159,222
90421,163,275
220054,163,304
175657,164,295
385645,166,288
19422,167,270
97608,167,284
406636,172,241
18905,174,265
391745,175,317
118871,175,355
333,178,309
53508,181,254
74702,203,340
268853,204,315
140442,204,330
164483,205,355
289006,206,335
259460,208,341
13032,210,311
295375,210,329
88177,210,336
399287,211,317
13722,211,339
104818,215,338
73706,222,365
257746,224,386
402307,225,398
35891,227,353
147286,227,384
349603,228,310
143922,231,379
169207,233,330
325227,233,365
259459,235,344
346004,238,368
347585,240,330
328932,241,366
250377,242,384
372184,245,310
313987,245,342
117082,247,388
283033,249,343
328931,250,380
257799,253,385
165342,254,389
115095,256,386
128689,257,367
352239,258,321
283034,258,395
268854,259,354
289012,264,332
314388,265,363
304274,269,336
18588,270,331
312793,270,334
201933,270,412
372185,270,420
97609,271,397
384856,275,336
305850,275,407
177939,277,368
42337,277,386
114352,278,346
127627,282,344
169211,284,340
10851,285,407
170726,287,402
231899,295,386
352240,299,400
183218,301,426
233757,306,420
138454,311,422
178786,312,426
77735,314,379
310205,315,384
141154,316,387
216516,318,393
36461,334,422
40340,346,424
170727,476,575
338720,476,604
368320,485,587
42336,485,616
42334,488,584
233806,489,623
233327,495,587
147467,496,583
90633,496,607
90872,499,583
171269,533,608
372352,534,575
402306,543,655
343591,558,607
279267,562,612
249025,579,656
170728,583,656
23010,589,653
83276,592,656
235264,595,654
273461,595,656
157745,722,787
38620,722,833
283769,722,842
73838,724,798
11870,725,785
408247,725,788
217872,727,789
192873,728,799
90420,728,843
170729,734,864
70197,736,836
60008,737,866
388513,742,809
233808,742,841
233807,743,871
61241,750,872
51133,754,865
192872,756,872
391746,760,870
89360,763,855
23593,767,872
395038,770,868
350670,771,873
259927,776,855
12555,777,872
8984,783,850
247213,786,869
288633,788,872
199498,807,871
683,1124,1210
120172,1125,1206
372167,1126,1185
21321,1127,1189
73847,1127,1216
168579,1128,1197
222383,1137,1198
318143,1273,1347
257800,1275,1336
90873,1281,1352
322249,1282,1383
102794,1305,1378
232326,1311,1428
259932,1321,1411
8374,1323,1425
220495,1325,1434
30384,1327,1426
31667,1350,1420
368321,1363,1432
31547,1366,1434
143152,1367,1441
69051,1367,1451
157238,1374,1449
289843,1379,1440
18840,1380,1449
299325,1380,1458
249026,1381,1444
332057,1382,1436
223628,1382,1443
321627,1382,1445
282167,1382,1451
15184,1382,1464
299326,1382,1467
356528,1383,1430
289008,1383,1497
77848,1386,1461
362851,1402,1466
144263,1402,1483
38112,1404,1465
330143,1408,1491
130897,1410,1471
73708,1429,1490
183213,1430,1491
61240,1436,1506
30118,1441,1492
295373,1441,1503
53745,1442,1498
38625,1442,1504
259931,1841,1904
40341,1842,1906
25,1843,1908
164485,1992,2045
179211,1992,2064
291679,1997,2046
5893,1997,2057
282148,1997,2079
59032,2001,2075
314390,2020,2074
90874,2029,2106
60093,2031,2095
13207,2034,2096
303804,2298,2378
312114,2311,2401
312113,2313,2426
249031,2348,2433
129131,2351,2428
136628,2352,2416
73709,2474,2532
190040,2631,2686
5394,2640,2711
169865,2643,2711
233803,2828,2873
220413,2828,2898
256698,2828,2904
231900,2828,2907
13206,2828,2910
115094,2828,2916
233804,2828,2922
259929,2829,2891
190041,2829,2920
52853,2830,2906
8761,2834,2901
80583,2838,2917
168243,2847,2918
369223,2853,2915
90871,2854,2923
249027,2857,2924
164484,2980,3067
159709,2993,3073
280080,2994,3081
39950,2995,3050
42335,2999,3057
296818,3005,3084
310204,3027,3084
233802,3027,3090
405222,3029,3151
346944,3051,3115
87153,3051,3134
324020,3080,3132
324022,3082,3155
102355,3082,3181
271988,3083,3129
183219,3083,3133
253172,3085,3141
102350,3107,3197
81002,3108,3206
389895,3109,3184
268856,3117,3178
13202,3121,3206
219994,3122,3180
39951,3122,3208
130179,3132,3177
388306,3135,3196
277342,3307,3371
180491,3309,3371
289009,3327,3410
389355,3331,3394
270952,3751,3870
69015,3756,3841
59498,3768,3834
6175,3768,3843
9925,3768,3858
313678,3768,3868
7250,3768,3878
110704,3774,3841
152858,3776,3870
72497,3781,3871
249022,3822,3943
190042,3914,4013
122712,4126,4201
183212,4126,4208
183210,4127,4189
289013,4127,4221
259809,4127,4224
165593,4128,4198
77704,4137,4243
164482,4138,4223
233799,4138,4229
12218,4139,4217
318141,4139,4255
192375,4143,4204
140793,4144,4225
80969,4154,4232
368225,4155,4249
233800,4155,4257
80968,4156,4218
368224,4157,4251
383904,4158,4239
304273,4158,4243
141392,4161,4238
383905,4162,4251
159703,4162,4255
304275,4164,4247
13201,4166,4254
54271,4166,4265
356394,4168,4243
200080,4169,4284
91921,4170,4256
303802,4171,4265
350672,4173,4262
304272,4177,4239
223626,4177,4315
162202,4178,4244
303801,4178,4265
141389,4182,4264
79974,4187,4248
196406,4187,4255
54270,4188,4269
199961,4189,4259
308522,4189,4286
20478,4190,4254
146060,4190,4256
289845,4196,4261
303803,4204,4265
199505,4216,4286
26089,4224,4310
223625,4250,4345
375430,4612,4711
72496,4612,4716
278830,4618,4677
26090,4626,4700
318142,4644,4735
51134,4817,4884
200079,4821,4910
223627,4823,4915
327448,4823,4918
251931,4826,4887
321993,4827,4910
160083,4832,4904
60007,4833,4906
270953,4834,4917
223624,4834,4921
313679,4840,4910
13539,4858,4921
273455,4861,4920
219996,4976,5075
200077,4980,5052
257798,4980,5076
388302,4991,5057
101809,4992,5059
30986,4999,5070
365556,5105,5183
273465,5111,5186
42340,5118,5226
349602,5147,5213
57785,5150,5202
102351,5150,5230
303805,5156,5226
257745,5172,5259
344901,5174,5245
42331,5186,5248
399288,5186,5289
11915,5189,5262
73707,5191,5293
373348,5192,5287
166402,5207,5262
164486,5207,5281
60006,5207,5326
85043,5209,5263
331799,5211,5322
134308,5212,5291
38624,5214,5317
102358,5217,5283
82960,5218,5299
223623,5219,5280
14460,5221,5316
283768,5224,5289
327449,5224,5335
45075,5230,5276
197430,5230,5289
232325,5244,5311
154378,5252,5316
349604,5263,5325
43842,5277,5383
219992,5291,5402
138453,5305,5395
43815,5310,5403
126,5329,5403
44732,5337,5403
97612,5340,5402
271617,5539,5600
169208,5539,5626
196721,5541,5593
318146,5555,5643
140440,5558,5630
152857,5573,5638
182693,5575,5651
334648,5740,5831
334649,5749,5815
219993,5790,5904
73704,5834,5917
352241,5852,5904
389896,5853,5910
13200,5854,5916
22817,5855,5910
293210,5855,5918
98714,5874,5963
98712,5878,5991
234828,5891,5971
2498,5901,5993
288636,5902,5989
98716,5905,5993
12904,5914,5969
257747,5923,5985
254058,5933,6012
371304,5952,6017
289844,5963,6020
278829,5987,6084
282459,5990,6072
183214,5995,6072
220055,6027,6093
312874,6029,6092
310210,6034,6093
105760,6080,6136
249030,6113,6225
60562,6116,6168
270949,6128,6219
80983,6139,6214
333129,6141,6213
365555,6143,6227
233801,6150,6215
304270,6151,6213
80967,6153,6226
270950,6154,6228
249023,6155,6221
357827,6156,6208
207598,6159,6215
244497,6161,6262
332056,6166,6222
388990,6252,6305
391187,6252,6314
38622,6404,6472
192871,6408,6454
56875,6415,6499
343590,6432,6497
200076,6452,6513
277003,6635,6688
390110,6635,6708
131973,6677,6752
299327,6678,6780
271704,6684,6740
14763,6687,6772
98710,6688,6822
396035,6692,6772
199960,6694,6760
277002,6695,6759
169204,6695,6804
249028,6696,6798
249029,6704,6814
405226,6721,6780
169210,6741,6806
102359,6755,6822
313988,7198,7273
102352,7223,7342
62419,7225,7321
304271,7226,7354
169209,7227,7347
87138,7228,7324
169206,7228,7340
38623,7230,7336
147287,7230,7364
144264,7231,7349
42341,7264,7324
338721,7270,7374
38619,7274,7389
270951,7308,7378
352242,7323,7396
220411,7326,7381
11567,7326,7401
235287,7327,7395
344563,7328,7402
408245,7329,7409
354891,7334,7396
259928,7334,7401
325228,7337,7398
405225,7357,7422
13203,7391,7496
283770,7398,7495
13204,7412,7495
289011,7433,7495
42333,7605,7673
259930,7605,7708
402305,7607,7675
73846,7613,7678
195570,7616,7683
257046,7629,7677
289005,7631,7685
38111,7897,7981
38116,7897,8011
289004,7898,8023
102356,7901,8024
120042,7920,7983
102353,7922,8045
199962,7927,8001
287979,7930,8001
57907,7939,8036
233758,7940,8021
388992,7942,8009
183209,7942,8018
321628,7944,8016
32012,7945,8007
338719,7945,8013
12919,7951,8044
293206,7952,8030
210546,7956,8081
270948,7958,8045
388303,7959,8059
388304,7970,8095
293207,7988,8079
277004,8012,8107
273462,8013,8125
50399,8013,8137
338718,8015,8129
268857,8016,8135
395039,8019,8084
13205,8021,8078
159702,8028,8130
183217,8036,8141
60011,8038,8145
233326,8040,8147
52225,8046,8103
310211,8059,8146
42342,8059,8157
69053,8060,8141
228969,8063,8133
97610,8065,8156
390111,8075,8126
97613,8082,8164
100962,8083,8149
159902,8085,8143
267886,8089,8134
276579,8091,8153
614,8099,8161
405910,8108,8173
310208,8119,8197
282294,8236,8303
159708,8266,8317
325229,8309,8385
375431,8313,8385
45901,8317,8385
187150,8330,8385
73703,8335,8385
332058,8732,8783
339602,8835,8907
132856,9033,9090
172144,9052,9112
314389,9056,9115
402607,9057,9126
223620,9085,9169
249024,9094,9139
240461,9095,9161
69052,9098,9170
249019,9098,9192
141390,9112,9166
73702,9113,9200
195571,9114,9198
154799,9117,9174
126435,9128,9177
273456,9135,9198
198759,9140,9200
164481,9285,9346
140204,9286,9348
266070,9287,9349
165344,9361,9495
259461,9361,9500
347582,9381,9484
244638,9405,9470
6033,9409,9490
132243,9417,9481
347583,9426,9488
275596,9427,9494
146619,9430,9483
405224,9433,9490
188392,9434,9483
98711,9606,9670
388308,9606,9697
141386,9610,9662
352243,9611,9667
141391,9614,9697
886,9622,9706
87082,9630,9727
144262,9671,9766
145430,9696,9762
164479,9701,9796
102795,9704,9778
195572,9713,9780
326754,9714,9795
283767,9721,9784
83330,9721,9793
134640,9731,9796
102357,9831,9920
233755,9834,9895
327447,9834,9900
200083,9834,9904
223621,9836,9907
223622,9836,9921
363795,9837,9902
104423,9840,9903
98717,9841,9895
347584,9842,9903
317493,9842,9907
97174,9844,9898
327212,9845,9896
356395,9845,9907
282461,9846,9895
97173,9846,9917
220412,9850,9917
178783,9854,9920
39949,9855,9906
305851,9857,9923
159704,9872,9925
91042,9881,9944
361577,9914,9977
294306,9926,9976
102796,10285,10347
225318,10287,10341
363343,10465,10521
233809,10473,10578
44556,10476,10579
269755,10483,10544
332055,10484,10580
325230,10486,10581
31704,10487,10570
390304,10488,10564
259923,10490,10579
195569,10525,10582
159707,10742,10807
136629,10742,10811
73839,10745,10811
363342,10759,10817
42332,11035,11099
38621,11036,11106
293211,11037,11103
233756,11038,11096
143898,11039,11100
273464,11044,11118
156787,11046,11116
107513,11048,11111
247212,11051,11112
190685,11051,11117
406637,11156,11233
159700,11306,11357
38123,11306,11360
287977,11306,11365
73845,11306,11367
346940,11306,11402
190684,11307,11392
67071,11309,11404
220496,11311,11372
310206,11320,11405
405223,11322,11385
98720,11343,11402
346435,11345,11408
152222,11346,11389
183216,11468,11535
321629,11586,11648
199506,11592,11649
159706,11598,11648
12918,12106,12167
289840,12106,12187
199960,12107,12174
45903,12134,12242
233805,12141,12253
67970,12143,12258
45902,12144,12247
77092,12149,12251
277006,12248,12327
105759,12253,12327
131112,12264,12318
375429,12264,12334
201932,12265,12339
350671,12266,12332
30385,12267,12331
22577,12271,12320
119639,12274,12337
57784,12278,12335
374844,12278,12339
310209,12280,12341
244639,12281,12332
31342,12285,12340
181858,12286,12336
38114,12289,12339
42347,12472,12553
310201,12473,12561
231898,12483,12562
366779,12497,12563
55557,12501,12566
102798,12510,12564
289842,13061,13134
249021,13061,13151
312115,13061,13162
271987,13062,13127
156740,13062,13136
277005,13062,13155
26088,13062,13159
291678,13064,13128
23413,13064,13130
98715,13064,13135
140205,13064,13150
40339,13064,13160
15042,13066,13143
40338,13083,13172
346939,13094,13178
342701,13100,13161
310200,13104,13177
304269,13105,13173
304268,13105,13183
190690,13106,13169
151116,13111,13177
141385,13111,13206
220057,13114,13190
324021,13114,13204
97175,13117,13178
257750,13118,13179
343589,13120,13215
233811,13122,13232
199149,13125,13182
249385,13126,13218
282146,13127,13222
11912,13136,13241
389954,13138,13197
116142,13138,13219
291925,13140,13202
144582,13141,13205
159699,13141,13224
73844,13142,13229
381365,13143,13216
253110,13143,13254
310195,13147,13245
55558,13148,13224
161530,13148,13232
115568,13151,13218
199961,13151,13222
155590,13151,13241
78895,13164,13258
289002,13165,13256
38615,13167,13230
38616,13168,13235
174897,13172,13278
167144,13176,13242
279266,13177,13278
374845,13179,13236
77718,13179,13245
102801,13179,13254
12302,13180,13260
206647,13185,13256
330142,13185,13280
278749,13192,13255
396838,13192,13273
156759,13193,13260
33252,13200,13265
161531,13203,13285
116143,13220,13280
310197,13235,13330
347586,13245,13325
141388,13254,13369
38120,13269,13368
103705,13273,13337
331800,13275,13375
359582,13276,13354
94000,13276,13379
2801,13279,13372
98718,13284,13371
331801,13286,13375
27808,13290,13375
32297,13378,13485
22002,13379,13449
4540,13380,13483
388307,13381,13495
277787,13384,13455
194686,13386,13508
13198,13390,13504
164480,13390,13518
388991,13393,13469
405221,13394,13475
99684,13394,13489
259924,13394,13521
269759,13398,13462
148690,13402,13461
331803,13404,13516
227395,13407,13470
293208,13407,13482
219995,13407,13513
199958,13412,13476
401344,13426,13491
270947,13437,13526
169202,13453,13529
102360,13476,13551
37900,13645,13699
282147,13645,13718
127422,13645,13726
144259,13649,13748
140206,13650,13711
144260,13652,13762
372186,13653,13772
335470,13654,13730
312875,13661,13738
349607,13662,13740
349606,13667,13775
314387,13669,13736
223618,13672,13731
38612,13672,13736
288632,13672,13761
199963,13672,13775
259926,13672,13781
200081,13673,13734
200078,13673,13743
102362,13674,13736
318147,13674,13765
295376,13675,13732
102800,13675,13737
367748,13675,13741
146161,13676,13740
232365,13678,13743
43179,13679,13733
57835,13680,13741
168242,13681,13760
30400,13682,13767
204353,13683,13745
259925,13688,13790
169205,13690,13747
341009,13690,13753
126119,13698,13760
398339,13703,13763
98095,13703,13772
228070,13704,13765
88178,13707,13769
59371,13710,13772
287980,13711,13793
337566,13712,13756
190687,13712,13769
342672,13712,13782
42339,13712,13790
195573,13764,13826
389894,13773,13837
183208,13774,13840
42346,13778,13885
223619,13781,13901
289841,13785,13872
233810,13807,13886
73836,13814,13888
343587,13816,13887
267887,13857,13925
314383,13859,13927
97598,13998,14064
82851,13998,14103
157498,14000,14113
364695,14002,14093
38118,14011,14137
73833,14014,14074
199959,14015,14117
140441,14015,14139
38124,14025,14096
38113,14026,14137
339599,14026,14144
165343,14027,14114
249020,14031,14104
97603,14054,14140
339601,14072,14161
42348,14193,14269
272030,14194,14257
283765,14203,14266
323454,14203,14276
201531,14204,14258
283766,14204,14273
38618,14209,14299
102799,14211,14303
105756,14212,14291
102361,14220,14299
73835,14224,14301
310203,14226,14302
295374,14227,14295
231897,14233,14292
228471,14241,14302
357828,14244,14306
393991,14254,14363
133295,14270,14340
185152,14274,14339
343586,14290,14364
346006,14295,14363
352244,14310,14375
146525,14324,14375
49332,14344,14405
183215,14352,14426
408246,14525,14621
97601,14526,14589
408244,14536,14602
132245,14537,14618
99955,14541,14603
354278,14544,14621
11914,14547,14647
318140,14548,14616
104424,14555,14627
251002,14564,14629
190043,14564,14657
190686,14566,14658
137994,14573,14655
159705,14575,14662
68932,14577,14652
362805,14580,14646
391186,14588,14677
346943,14590,14659
39948,14595,14671
279265,14604,14665
199208,14605,14679
130176,14661,14751
310196,14735,14796
192925,14749,14798
142723,14774,14890
126,14784,14871
169203,14786,14899
38617,14791,14905
126,14794,14889
126,14794,14920
65063,14798,14916
134638,14802,14906
304267,14825,14925
13679,14830,14924
321630,14834,14924
74553,14836,14925
399289,14844,14925
356396,14856,14919
315075,15046,15113
183206,15046,15128
30387,15137,15204
352247,15137,15220
344902,15140,15208
237025,15143,15209
35532,15147,15209
287978,15342,15403
203992,15342,15420
259463,15343,15406
38614,15348,15423
195575,15349,15417
28505,15349,15456
259922,15349,15464
307016,15351,15407
356529,15354,15398
42343,15355,15459
310202,15356,15464
35795,15359,15466
287976,15365,15462
97382,15367,15420
93496,15368,15464
244496,15369,15459
102354,15370,15461
102797,15374,15463
205212,15380,15463
116141,15386,15458
224498,15394,15459
402308,15399,15463
293209,15400,15462
199958,15402,15456
182194,15404,15461
97600,15405,15458
226487,15561,15662
55556,15610,15671
268855,15622,15687
314384,15670,15736
73837,15673,15741
233325,15677,15740
132244,15696,15756
77736,15705,15770
109356,15709,15772
98397,15710,15764
314385,15712,15833
314386,15724,15838
233754,15748,15835
136630,15759,15827
251069,15759,15830
318149,15764,15827
102800,15772,15827
232324,15772,15844
38610,15773,15828
313986,15773,15835
278828,15774,15836
11913,15775,15840
26773,15778,15821
60094,15861,15917
346938,15974,16041
220410,15986,16042
200082,15986,16051
24420,15990,16040
73834,15990,16057
287753,15990,16061
170725,16184,16236
178781,16184,16243
38119,16184,16246
293212,16184,16256
293213,16184,16262
179210,16185,16240
42338,16185,16253
349605,16185,16289
61242,16188,16253
283035,16189,16252
266068,16189,16275
31928,16190,16242
303972,16191,16253
136539,16192,16246
181098,16192,16252
168241,16193,16249
273458,16193,16260
97605,16194,16281
352245,16195,16243
339600,16196,16252
75564,16198,16249
242552,16198,16269
5963,16199,16247
137995,16199,16290
375306,16200,16248
211361,16201,16270
134639,16202,16311
178785,16203,16249
13676,16203,16254
338716,16218,16302
289010,16218,16312
169201,16220,16310
273457,16227,16304
259462,16230,16321
334132,16231,16300
38122,16231,16333
73705,16235,16342
346005,16236,16306
175651,16237,16321
187152,16237,16336
128679,16249,16304
74549,16251,16303
388305,16251,16334
219111,16251,16338
46476,16251,16341
96881,16254,16307
178784,16254,16323
10096,16261,16318
343588,16261,16324
110219,16261,16354
318145,16262,16323
144258,16274,16355
98713,16277,16344
249018,16278,16340
51131,16279,16347
97611,16282,16353
28824,16292,16346
39947,16588,16640
256811,16588,16651
81242,16589,16641
104521,16594,16647
31929,16696,16776
61488,16698,16777
73832,16705,16774
105757,16706,16777
175652,16715,16776
82961,16720,16776
147285,16853,16933
338715,16853,16949
27475,16857,16948
219997,16857,16952
187153,16859,16940
249017,16859,16954
249016,16870,16982
318152,16875,16970
4917,16876,16981
886,16876,16986
27808,16888,16984
159191,16889,16982
42353,16906,16995
390112,16934,16981
105758,16936,16988
368223,16963,17019
175656,16980,17056
38115,16988,17058
365554,16990,17057
219998,16992,17056
402310,16993,17057
331802,17130,17246
277007,17133,17240
312112,17137,17241
42350,17139,17248
346942,17147,17212
346941,17147,17248
60009,17147,17258
130177,17149,17228
223616,17151,17251
9201,17154,17227
356397,17155,17219
334647,17156,17217
5446,17156,17239
172815,17156,17255
177042,17158,17219
291677,17158,17276
347843,17159,17273
277343,17160,17219
13199,17160,17248
244836,17162,17240
60010,17163,17279
38121,17199,17316
144261,17203,17313
395177,17205,17301
277008,17206,17280
130175,17209,17313
19968,17215,17315
406635,17218,17312
279264,17221,17275
199959,17224,17317
134127,17225,17278
113200,17228,17290
154483,17230,17294
321994,17231,17309
82788,17237,17300
8650,17239,17300
257748,17246,17309
41665,17246,17312
241749,17251,17315
24990,17254,17316
336142,17255,17317
199962,17259,17316
367611,17529,17583
148724,17533,17641
220056,17537,17630
303806,17762,17822
282459,17795,17873
402309,17852,17929
321996,17855,17922
277341,17857,17920
405220,17860,17932
259464,17865,17930
375040,17989,18081
266069,17991,18079
305852,17994,18078
261974,17999,18063
220497,17999,18079
391744,18016,18079
97599,18237,18290
273459,18237,18313
73701,18243,18294
321631,18310,18373
159701,18316,18389
318148,18318,18384
79971,18571,18624
118156,18571,18626
42352,18571,18661
2461,18630,18724
90634,18630,18742
219999,18632,18727
389891,18634,18761
97606,18635,18745
25079,18638,18725
338717,18640,18737
97604,18642,18739
24862,18648,18724
64130,18651,18741
79973,18652,18715
288631,18659,18777
60013,18676,18787
314381,18678,18740
261,18684,18802
142218,18688,18756
204300,18693,18786
269758,18715,18788
165345,18725,18800
28218,18738,18807
28217,18745,18807
42351,18749,18801
79972,18762,18866
82962,18765,18840
197445,18766,18830
138634,18766,18834
294304,18766,18879
97596,18767,18842
140207,18769,18830
227483,18770,18836
187489,18772,18836
397777,18773,18833
249014,18773,18842
178782,18775,18840
175653,18776,18831
197431,18776,18841
30388,18779,18884
61240,18785,18853
183207,18786,18849
223615,18787,18857
289001,18790,18889
289007,18791,18846
282460,18804,18884
102363,18812,18890
74551,18820,18889
270946,18828,18889
321995,19263,19338
310207,19685,19744
13196,19830,19898
223617,19830,19902
165346,19831,19892
352248,19831,19927
310198,19832,19893
200822,19836,19887
175650,19836,19900
363794,19841,19900
270945,19841,19911
282145,19847,19975
389892,19853,19921
352249,19856,19934
274445,19880,19942
402311,19885,19950
83034,19885,19967
42355,19886,19956
74550,19888,19967
152856,19889,19970
277340,19903,19977
141387,19922,19983
273460,19924,19985
318150,19926,19987
26087,19930,20003
164478,19931,19993
185628,19936,20004
61388,19939,19997
26085,19941,19995
16375,19941,20002
51130,20043,20115
143476,20045,20117
77398,20049,20104
318151,20050,20116
362611,20062,20127
273466,20065,20122
288634,20066,20131
274446,20067,20129
314380,20069,20140
31930,20156,20225
148725,20269,20327
195576,20270,20349
38126,20286,20357
183211,20288,20355
310199,20491,20537
383540,20495,20542
257797,20764,20824
363344,20785,20846
97602,20838,20895
55554,20944,21009
97597,20945,21047
361444,20950,21035
57783,20952,21038
299200,20964,21045
127027,20970,21039
55555,20977,21026
73700,20983,21063
152428,21008,21070
309289,21014,21064
279950,21017,21072
191126,21115,21190
97607,21116,21229
257749,21120,21228
349608,21126,21197
343585,21157,21230
220000,21236,21295
162034,21237,21300
38842,21240,21303
268852,21242,21304
261892,21432,21493
344562,21432,21499
195574,21433,21494
53847,21434,21497
233812,21435,21516
198775,21437,21500
108217,21439,21531
73699,21441,21544
44723,21445,21564
139405,21447,21498
163093,21447,21541
200168,21448,21526
206968,21448,21530
231895,21448,21539
233412,21453,21518
364694,21457,21520
90403,21457,21578
159698,21458,21533
277009,21458,21551
66703,21458,21555
38125,21459,21575
183205,21460,21537
339598,21460,21542
47056,21461,21531
206967,21463,21541
42354,21464,21525
294305,21465,21576
188014,21469,21532
22362,21471,21532
389893,21472,21560
177829,21473,21539
137517,21474,21534
339596,21474,21558
138941,21479,21551
339597,21480,21577
182194,21491,21559
48781,21499,21563
287973,21500,21598
175655,21501,21610
88179,21502,21566
38117,21506,21584
269756,21565,21645
38611,21582,21661
38613,21582,21710
267634,21583,21638
42344,21583,21678
42345,21583,21701
53620,21592,21690
43180,21596,21652
349609,21612,21738
314382,21614,21708
50372,21620,21719
42349,21622,21723
175654,21632,21739
232912,21634,21696
318144,21652,21732
205213,21655,21720
26084,21657,21722
102364,21658,21723
315074,21660,21724
231896,21666,21727
10542,21673,21738
276352,21689,21735
13197,21799,21862
15042,21799,21870
383541,21800,21875
269757,21800,21881
23413,21801,21868
82963,21801,21888
347844,21803,21862
129205,21804,21869
178602,21841,21907
87154,21857,21936
199507,21863,21930
190689,21968,22075
288635,21971,22024
73843,21971,22071
22960,21971,22099
906,21977,22085
102365,21984,22089
200084,21995,22098
187151,22002,22109
130178,22015,22141
393989,22024,22129
356398,22027,22152
393990,22055,22152
383222,22062,22152
286237,22065,22134
60012,22072,22127
97176,22075,22124
287974,22079,22124
317349,22080,22140
190688,22085,22152
347845,22092,22152
261893,22172,22254
408243,22219,22307
182193,22258,22330
383005,22263,22327
394779,22263,22333
360988,22265,22317
212633,22266,22330
260876,22268,22332
70650,22269,22369
352246,22278,22372
287975,22278,22384
126,22288,22389
190691,22348,22413
130174,22469,22525
330141,22487,22541
159697,22488,22539
226980,22494,22541
271986,22575,22644
271985,22877,22947
277010,22877,22998
90870,22878,22929
169200,22880,22927
395304,22880,22942
14412,22880,22944
72495,22882,22934
165347,23102,23169
232323,23496,23573
199963,23505,23620
259921,23512,23619
40428,23520,23603
318153,23520,23631
26086,23521,23619
273463,23525,23639
135398,23529,23607
205214,23534,23602
147468,23539,23602
249015,23539,23647
313680,23540,23610
98868,23542,23607
283041,23546,23624
241750,23546,23644
335469,23548,23600
364693,23548,23634
313985,23549,23610
98719,23549,23644
254067,23551,23619
143369,23555,23601
283042,23555,23633
225793,23557,23630
344900,23561,23657
215827,23568,23640
259920,23569,23637
289003,23579,23676
308521,23840,23920
74552,23844,23927
304266,23991,24058
233324,23991,24064
21700,23991,24073
4912,23991,24077
12917,23991,24087
9196,23991,24110
51132,23992,24084
372187,24001,24109
5895,24032,24111
15033,24036,24101
57782,24040,24102
196407,24040,24104
