333,120,300
164867,128,204
352278,133,221
142989,133,260
399334,133,304
40214,144,283
230950,148,282
4919,149,250
200912,149,274
212187,150,217
151630,158,327
71976,162,334
364608,163,245
333,163,291
232403,165,230
32844,175,266
143731,176,331
274656,176,337
283721,178,349
45531,179,333
115184,179,373
14334,180,252
333,180,303
6359,181,316
81125,186,313
385246,186,329
184201,186,338
294729,188,382
194273,193,309
328116,196,274
203423,197,289
183022,198,334
308336,201,359
91094,204,325
395591,212,322
225334,213,385
57240,214,280
352459,218,379
224334,219,316
114428,222,366
374443,223,299
385247,223,317
101189,223,360
389088,224,315
69623,224,353
19318,226,287
396539,226,316
384957,227,290
41641,230,328
402097,230,399
402098,232,295
255044,236,334
101190,237,381
121865,241,304
44728,250,394
27904,251,314
282940,252,321
111986,253,369
119255,259,332
329321,260,316
206848,260,324
252900,262,316
121348,262,350
330248,263,396
28523,264,338
104336,265,373
313277,265,401
196062,267,343
101538,267,369
245737,274,358
385241,277,345
79826,277,386
10851,280,402
274657,284,393
194680,292,389
301003,293,379
360593,296,364
390200,296,407
27900,298,381
284185,302,456
212716,303,425
254085,308,429
101191,308,438
105338,310,431
395588,321,453
25872,323,429
4918,324,417
237331,325,419
24267,327,447
71977,327,454
391804,328,439
11244,329,428
178162,331,434
92298,332,440
99395,334,397
327318,336,439
333149,337,427
91095,340,488
40414,341,519
109,342,472
241322,347,535
124124,350,475
886,353,461
163192,353,501
252952,357,452
113,357,503
274658,358,455
125381,358,484
357258,359,490
76017,360,482
11249,365,436
886,365,477
260747,366,465
172490,368,447
357225,369,523
255045,372,500
886,376,455
53632,376,507
390909,380,493
209004,384,505
12472,386,473
69041,386,510
116029,388,476
116147,395,544
389087,396,480
374446,402,474
196077,403,548
141635,405,523
12478,409,579
248531,418,528
77963,420,509
68836,421,535
274659,424,571
114429,426,529
125177,429,513
259141,429,534
485,431,512
395589,437,573
284186,438,580
351711,441,568
148933,443,586
48391,444,571
143732,448,610
24213,449,565
156292,450,513
29336,458,513
148934,458,601
11245,461,581
71567,462,599
159080,469,596
52740,471,587
24212,474,565
263932,474,617
187225,484,564
112446,485,546
114433,487,573
326464,494,573
387821,504,617
156164,506,565
260763,506,569
1394,508,574
37509,509,569
329670,511,566
294728,511,691
154649,513,566
320844,516,612
270090,516,618
304348,516,666
387825,517,599
375031,518,596
159693,520,598
135517,520,626
246353,521,590
200046,523,597
387824,540,651
146975,543,645
313278,543,674
310080,544,623
1266,548,639
154252,548,656
154253,553,657
124719,555,618
239955,556,679
142600,557,640
11250,560,653
146976,560,656
154174,563,658
330842,569,667
387548,570,679
330139,572,646
148935,572,686
83276,577,639
203424,577,641
211106,577,646
224335,578,689
385245,578,746
43914,579,676
329669,579,699
21715,580,644
203425,580,650
219703,580,679
15021,581,632
203427,581,647
259307,582,655
235079,582,694
223294,584,679
154053,585,646
313228,587,656
143736,588,670
357528,589,686
7346,592,679
144184,593,683
75848,597,684
395590,597,687
79825,597,758
362698,599,679
196680,600,788
262633,601,678
293338,601,683
115185,601,712
24268,603,676
252953,603,724
130498,605,705
142928,606,741
328060,607,681
12477,608,712
27903,609,671
143733,609,752
3535,612,686
23436,614,681
35852,614,704
404365,616,699
274660,616,717
304317,616,738
27902,616,745
237332,617,689
366422,617,711
52001,619,692
37743,619,721
6080,619,782
48392,621,749
146969,621,776
387822,621,786
112,622,678
11246,622,720
40415,622,759
313279,623,803
401102,624,722
319312,624,766
375325,624,794
195647,625,690
317274,625,783
256147,626,751
252954,626,776
19027,634,739
92903,634,745
293642,637,770
235080,637,781
96942,638,730
283471,642,749
267931,642,803
143734,643,782
142990,643,824
317237,644,765
168293,645,739
200914,647,758
89359,649,791
404364,652,816
10751,653,759
114435,653,767
99397,655,750
231890,656,782
56967,658,804
304349,660,739
313229,662,764
200411,665,765
156189,669,794
295668,670,797
115186,671,792
327317,676,827
349858,684,816
209003,689,766
71975,692,812
7636,692,828
316192,694,863
239954,697,867
114430,704,813
94265,707,877
274661,708,842
313280,710,867
303010,716,877
58129,721,884
327795,724,776
184202,724,873
237333,728,785
298476,732,838
199901,732,878
119233,733,867
196679,734,899
330137,735,848
40416,737,875
203426,738,857
240650,738,865
50320,739,884
88146,740,879
317543,744,817
8760,746,882
99396,756,886
97934,757,898
262634,761,902
31442,762,856
200412,762,894
24214,768,887
23149,769,881
79824,778,872
293337,783,915
385244,784,905
299732,785,856
124770,786,844
268081,789,890
339880,796,899
145995,797,862
146970,798,913
14955,810,882
4231,816,909
262635,818,914
105340,821,915
39797,823,899
1244,824,914
1244,843,914
260748,1028,1095
287530,1028,1103
238650,1028,1110
262632,1029,1092
283722,1035,1115
141277,1053,1137
206849,1053,1155
276536,1056,1145
351791,1071,1146
13201,1077,1152
206624,1077,1155
303008,1079,1135
25869,1080,1144
385248,1080,1153
169405,1082,1143
27901,1083,1162
159817,1094,1144
83329,1096,1164
19475,1106,1178
238653,1111,1219
301000,1152,1226
83325,1168,1246
320843,1174,1240
374445,1198,1274
136388,1301,1418
136389,1301,1430
203429,1303,1391
203171,1303,1397
11491,1304,1409
94796,1304,1415
130596,1314,1415
203428,1318,1419
365295,1322,1423
353146,1401,1475
37533,1405,1468
284189,1410,1471
48394,1426,1530
324255,1430,1503
368996,1439,1515
303007,1440,1524
303006,1440,1541
50531,1441,1532
313481,1445,1510
274094,1445,1513
13198,1445,1548
315919,1445,1553
75676,1446,1506
116097,1447,1542
159302,1448,1516
256143,1450,1540
36554,1451,1517
32843,1452,1502
360632,1452,1568
306128,1453,1526
351792,1453,1548
241325,1456,1525
18207,1456,1548
13202,1458,1557
63138,1459,1541
108,1459,1561
390203,1460,1568
243059,1462,1528
116096,1463,1557
334248,1464,1544
169195,1465,1532
304315,1465,1540
293339,1469,1581
102393,1474,1578
296403,1477,1570
107,1545,1632
48405,1652,1749
351790,1684,1748
103997,1688,1750
246965,1690,1751
317238,1699,1762
385249,1708,1785
226562,1773,1836
238654,1835,1906
263929,1839,1928
66670,1860,1925
110993,1877,1929
54741,1953,2019
192861,1955,2015
56966,1971,2072
110,1972,2030
259892,1978,2034
385243,1990,2106
222014,2004,2122
12588,2007,2075
242571,2024,2126
170739,2026,2137
404366,2027,2143
91096,2031,2153
170738,2039,2158
182498,2065,2183
194274,2068,2177
37990,2075,2195
347781,2076,2138
25,2076,2184
42816,2079,2182
25,2091,2200
349857,2095,2191
25,2110,2194
25,2117,2183
25,2127,2197
362699,2272,2351
330843,2277,2346
8208,2279,2362
225333,2279,2384
330844,2281,2346
33137,2281,2356
56971,2282,2359
178164,2285,2348
23014,2285,2362
246354,2286,2345
389711,2287,2343
375326,2289,2355
146940,2290,2353
79822,2290,2357
264843,2292,2352
296404,2294,2357
19473,2295,2363
71157,2297,2358
12480,2301,2362
23829,2302,2382
83324,2302,2385
40417,2302,2397
260749,2303,2395
64634,2305,2389
308335,2307,2362
90119,2307,2397
327796,2311,2375
300578,2311,2389
323823,2312,2386
146973,2312,2417
366421,2312,2425
300997,2315,2418
252956,2315,2428
53638,2317,2402
212624,2318,2382
238367,2318,2392
35992,2320,2400
221062,2321,2382
148155,2323,2417
200913,2325,2386
92721,2325,2401
194275,2327,2405
154175,2327,2418
180647,2328,2391
83326,2328,2414
84155,2329,2404
21050,2331,2410
146972,2333,2409
255826,2333,2435
225335,2334,2382
64890,2338,2405
8088,2338,2415
74025,2339,2389
366295,2340,2401
389710,2340,2413
229817,2340,2416
139812,2341,2410
9984,2341,2419
167406,2343,2435
244713,2344,2401
25866,2346,2437
13200,2347,2403
116146,2347,2432
42705,2349,2435
173270,2350,2432
297146,2351,2412
252651,2352,2407
2697,2353,2428
248905,2354,2410
20272,2354,2435
62095,2356,2417
95885,2358,2429
114434,2358,2447
279075,2359,2436
387823,2361,2427
1336,2363,2413
17484,2363,2415
5729,2363,2431
22812,2364,2410
24286,2366,2431
313276,2366,2462
112445,2369,2435
238657,2370,2437
321366,2372,2446
365293,2378,2443
226908,2381,2449
136985,2382,2474
12474,2383,2487
206715,2387,2444
305192,2387,2482
70568,2388,2478
276539,2389,2494
219704,2389,2500
91093,2392,2481
259143,2393,2487
79827,2397,2492
102392,2401,2513
301002,2410,2501
19476,2413,2501
402096,2414,2518
25864,2419,2481
374444,2419,2490
18195,2421,2502
261642,2422,2485
237327,2422,2494
315920,2423,2492
390202,2423,2510
111,2426,2502
11248,2429,2500
13196,2430,2497
56970,2431,2492
83327,2433,2509
267930,2435,2510
47952,2436,2497
352460,2436,2520
238650,2440,2510
141636,2444,2507
92299,2444,2526
12475,2453,2523
92456,2463,2509
70560,2463,2530
283268,2466,2524
1337,2466,2530
247539,2467,2519
218354,2467,2528
238648,2485,2582
336008,2673,2740
12471,2685,2770
103018,2695,2775
252951,2704,2765
95317,2704,2775
200911,2705,2780
79823,2707,2771
395681,2708,2766
13887,2708,2775
132845,2708,2790
156265,2711,2775
3904,2712,2770
386904,2714,2768
81956,2715,2778
293643,2715,2782
203169,2717,2789
143740,2717,2801
295669,2719,2782
223244,2721,2775
196897,2723,2800
327316,2728,2790
39236,2729,2841
334486,2730,2794
104472,2732,2786
177176,2733,2813
130599,2746,2827
267932,2747,2842
886,2748,2852
395593,2751,2841
19727,2752,2813
24101,2752,2839
4917,2752,2854
71978,2754,2836
75597,2756,2822
146974,2759,2838
163191,2772,2864
238651,2850,2978
256144,2886,2992
303009,2899,3019
203170,2900,2995
130598,2901,3041
136387,2902,3007
117057,2907,3021
136388,2907,3029
223295,2909,3011
203429,2910,2998
136385,2911,2986
203172,2913,2982
92720,2914,3053
249115,2975,3045
80574,2982,3044
148245,2982,3067
68310,2999,3065
48390,3010,3068
238648,3241,3332
313438,3260,3355
36553,3276,3357
240937,3293,3356
55659,3295,3356
304316,3295,3358
401101,3299,3360
40419,3385,3458
6537,3397,3459
306684,3399,3460
7836,3401,3478
391803,3415,3478
219657,3418,3484
258617,3420,3476
214042,3421,3477
163570,3427,3488
282415,3917,3970
211021,3919,3975
170300,4351,4477
47953,4362,4435
238645,4367,4456
238647,4369,4470
294727,4371,4460
196078,4372,4452
170301,4373,4465
130597,4373,4488
136388,4376,4504
203430,4380,4480
256145,4383,4467
92719,4384,4495
241326,4445,4509
74351,4485,4531
238651,4498,4635
241324,4537,4612
238645,4554,4642
136386,4561,4642
391075,4599,4652
14937,4605,4686
348925,4606,4703
7283,4608,4684
306072,4615,4678
264003,4616,4685
389709,4616,4703
305560,4618,4700
46897,4622,4703
141633,4623,4696
288191,4624,4700
357259,4625,4677
218900,4626,4702
212625,4627,4683
330136,4628,4696
365276,4629,4698
84747,4630,4672
104287,4630,4703
317145,4635,4702
12482,4641,4703
112447,4643,4702
25874,4644,4697
305450,4648,4698
170298,4958,5040
170299,4958,5047
238647,4960,5051
252957,4964,5039
188044,4974,5036
136385,4975,5043
156188,5019,5100
330135,5023,5084
12476,5040,5114
327061,5043,5112
320841,5044,5109
79829,5048,5104
5597,5049,5103
223297,5050,5112
223296,5050,5114
246352,5108,5172
6310,5122,5189
68839,5135,5189
24211,5147,5189
115187,5166,5220
21322,5338,5399
176005,5339,5395
362700,5344,5401
41018,5345,5425
343344,5350,5414
212768,5355,5414
238653,5378,5469
238655,5414,5510
238656,5430,5497
293640,5438,5498
296180,5474,5557
12479,5501,5576
276538,5502,5556
184427,5502,5558
33140,5505,5571
402099,5505,5574
404368,5518,5594
11247,5521,5579
53347,5521,5594
106882,5525,5573
33136,5525,5576
259142,5534,5590
105339,5534,5603
25870,5636,5683
19478,5650,5707
19480,5650,5745
63089,5655,5748
365296,5657,5720
267933,5662,5723
19474,5663,5729
13199,5663,5744
25865,5664,5734
13197,5665,5721
334914,5665,5758
276534,5669,5737
276535,5688,5745
19479,5688,5748
142927,5688,5750
16131,5693,5745
183021,5698,5759
252955,5701,5764
40413,5701,5774
9508,5702,5767
330138,5704,5772
214430,5708,5776
255421,5710,5781
395592,5719,5783
320842,5754,5796
300994,5808,5889
57733,5816,5874
314056,5828,5881
313230,5828,5893
387549,5844,5912
170740,5874,5951
304351,5880,5960
241323,5990,6103
314055,5998,6051
194083,6002,6102
263819,6012,6103
392367,6222,6309
48529,6228,6317
313296,6231,6320
83328,6233,6313
102391,6239,6322
54740,6250,6320
54742,6257,6322
343343,6259,6322
142988,6263,6322
5728,6264,6321
206847,6420,6500
304346,6431,6522
13203,6477,6576
238654,6479,6535
45040,6482,6610
8374,6483,6588
32364,6490,6589
13204,6497,6580
254084,6505,6603
212767,6509,6600
40418,6515,6579
89530,6515,6599
276537,6516,6611
284188,6525,6600
168089,6529,6602
360633,6529,6607
109678,6529,6610
404367,6530,6583
149622,6531,6590
385250,6534,6610
91097,6535,6598
123287,6539,6605
132908,6541,6592
320840,6726,6782
184200,6726,6806
320839,6730,6781
13276,6730,6807
196681,6741,6787
404361,6742,6788
10945,6753,6827
19481,6788,6851
247156,6793,6851
259535,7004,7071
13204,7004,7080
387820,7008,7082
31667,7020,7081
158911,7198,7256
203168,7198,7276
146890,7480,7534
209005,7493,7608
230949,7493,7619
177178,7498,7597
401103,7501,7573
115188,7502,7568
293340,7508,7620
142991,7510,7606
86056,7514,7601
237330,7548,7612
59758,7824,7894
48404,7844,7918
171814,7865,7914
68834,8252,8346
369708,8267,8324
12484,8269,8330
93970,8271,8328
246351,8274,8326
40412,8393,8450
389089,8393,8456
186600,8393,8477
32842,8395,8467
38126,8397,8470
68311,8402,8504
115,8408,8476
263931,8408,8490
287529,8410,8475
256146,8412,8480
327115,8418,8481
254086,8423,8480
313804,8424,8475
334484,8430,8491
375327,8443,8494
25867,8545,8616
164868,8714,8777
300227,8714,8792
317235,8714,8797
35206,8716,8785
401435,8720,8794
114,8721,8782
198286,8723,8804
274655,8732,8795
313316,8737,8821
313317,8738,8839
224333,8744,8813
14954,8744,8854
144559,8746,8802
109635,8749,8811
18302,8749,8819
23570,8749,8842
214043,8750,8813
141632,8750,8855
237329,8750,8862
225330,8751,8823
43328,8752,8819
143729,8754,8853
187525,8760,8845
68835,8765,8851
402101,8767,8857
387817,8768,8842
95884,8768,8869
200413,8769,8851
102387,8775,8860
143739,8776,8898
12473,8779,8900
315918,8780,8843
42704,8781,8851
284190,8781,8867
141634,8782,8878
390201,8783,8852
225332,8784,8868
257627,8786,8888
1036,8788,8850
365294,8788,8876
48402,8789,8846
365708,8791,8887
21088,8792,8883
300998,8792,8894
401104,8794,8856
44736,8805,8891
25875,8814,8905
402095,8817,8881
46896,8817,8887
33138,8819,8896
230948,8821,8888
346103,8822,8883
240170,8822,8886
19472,8824,8888
33139,8824,8902
56969,8825,8887
313231,8830,8903
55868,8832,8898
300999,8842,8907
287531,8910,8982
25873,8918,8986
238657,8932,8987
319311,8945,9023
313437,8947,9017
385242,8955,9008
143735,8961,9008
320838,8977,9040
391805,8977,9043
243572,8978,9039
56968,8987,9049
405080,8987,9051
305561,8988,9043
349859,9017,9089
365292,9234,9311
48403,9253,9304
25868,9515,9570
1078,9548,9621
96370,9619,9697
300714,9621,9686
266363,9635,9698
366420,9654,9740
26808,9661,9710
262636,9793,9873
304347,9810,9881
203431,9812,9879
276533,9823,9889
372269,9824,9880
387819,9824,9887
189900,9864,9934
188778,9947,10008
11243,9948,10010
31743,9949,10014
145997,9953,10014
104471,9954,10040
388107,9955,10036
146971,9957,10045
358317,9959,10049
389090,9961,10039
48393,9961,10050
178163,9967,10041
19477,9970,10041
69446,9975,10037
102390,9977,10042
187226,9981,10042
12483,9981,10088
263999,9983,10074
256148,9984,10071
44610,9986,10040
68837,9986,10049
109358,9986,10057
27591,9994,10057
20161,9995,10060
317236,9996,10062
169816,10002,10067
237328,10005,10074
12757,10005,10098
93971,10007,10073
226561,10009,10099
342121,10012,10062
264002,10043,10105
390198,10044,10114
12485,10051,10165
48528,10053,10121
68833,10055,10148
390199,10057,10158
238646,10059,10160
105280,10062,10152
218366,10063,10146
404363,10064,10165
282416,10068,10157
208372,10071,10141
218367,10073,10159
301598,10077,10143
284187,10088,10150
362697,10090,10151
290245,10093,10140
316191,10232,10277
405326,10314,10385
238646,10362,10458
206716,10369,10432
110436,10371,10435
261759,10372,10449
261760,10375,10462
304580,10383,10459
282210,10384,10451
168353,10390,10453
149872,10393,10466
186599,10394,10447
174777,10399,10514
244714,10402,10463
301001,10409,10500
57858,10409,10505
143730,10410,10475
105557,10411,10473
317234,10411,10480
274654,10411,10494
130600,10412,10507
264000,10414,10468
48389,10415,10476
102616,10417,10503
120966,10421,10496
82379,10421,10500
263820,10422,10487
199902,10425,10493
79828,10430,10497
102386,10431,10501
206846,10431,10520
42703,10432,10513
385573,10435,10501
242570,10438,10504
178161,10448,10519
219065,10473,10535
68838,10487,10569
161509,10526,10601
300995,10607,10701
154254,10617,10683
313315,10620,10687
300996,10631,10747
324515,10647,10730
238655,10652,10748
238652,10655,10743
238649,10667,10730
214044,10670,10751
196896,10672,10734
74582,10680,10749
369693,10686,10747
13205,10687,10748
196895,10691,10757
357224,10867,10954
83323,10872,10952
153156,10890,10950
148932,10899,10953
295666,10916,10969
7363,10982,11070
44221,11030,11084
265192,11031,11077
18277,11032,11094
145996,11328,11386
11242,11328,11390
201405,11328,11411
18196,11329,11383
177177,11330,11391
18232,11335,11390
327320,11357,11428
238649,11747,11805
238656,11747,11810
5539,11749,11805
295667,11754,11833
263817,11758,11818
105281,11765,11819
183020,11834,11903
387818,11907,11968
40533,11910,11968
263934,12003,12047
404362,12004,12064
143737,12007,12062
97186,12117,12190
26103,12125,12193
12481,12129,12214
252022,12131,12205
212766,12134,12219
102388,12146,12214
330841,12152,12230
214041,12154,12232
169817,12178,12241
109357,12304,12349
334485,12343,12422
183019,12343,12438
176006,12348,12415
272414,12366,12431
339879,12366,12461
101192,12372,12443
264001,12386,12455
254330,12387,12481
69678,12401,12462
385251,12402,12467
196682,12414,12503
387550,12447,12541
238652,12589,12667
142926,12750,12815
142925,12754,12818
4769,12794,12876
226906,12794,12891
293641,12796,12917
314057,12804,12876
387815,12804,12922
40006,12810,12879
263818,12810,12941
40663,12812,12876
175608,12852,12911
185975,12895,12970
1266,13249,13312
154255,13250,13331
79583,13251,13313
263930,13251,13337
23015,13262,13326
194084,13264,13324
313281,13267,13349
101193,13292,13362
15708,13302,13351
402100,13325,13390
123295,13330,13381
229819,13342,13461
357260,13370,13475
402102,13376,13465
170741,13379,13479
48388,13381,13471
369707,13390,13458
300001,13397,13461
12147,13397,13472
170634,13403,13470
334406,13405,13457
214639,13406,13468
183018,13406,13518
357667,13407,13458
368293,13408,13479
48942,13412,13469
67224,13414,13458
223191,13415,13459
329668,13415,13473
225331,13415,13476
317542,13418,13475
33135,13607,13692
25,13607,13698
267934,13608,13690
48489,13616,13685
25,13622,13690
229818,13626,13695
25,13632,13698
260985,13838,13892
87836,13838,13900
327319,13876,13942
263998,13877,13931
143738,13877,13935
18208,13884,13937
13207,13885,13951
151402,13969,14027
303011,13975,14052
226907,14007,14097
71855,14037,14119
374442,14048,14097
146968,14053,14097
12486,14069,14161
237334,14101,14170
327321,14111,14221
222015,14115,14222
146967,14118,14212
286114,14118,14221
263933,14123,14183
387816,14123,14202
22453,14123,14207
366419,14138,14231
4769,14139,14209
13206,14141,14216
340988,14141,14221
357226,14145,14251
132018,14147,14246
146966,14150,14208
134734,14150,14220
16689,14151,14222
305191,14151,14226
25871,14164,14208
142924,14176,14249
304350,14185,14252
105337,14337,14396
352461,14337,14400
48387,14337,14402
114431,14338,14395
209006,14549,14633
114432,14552,14636
102389,14561,14636
262637,14581,14632
404360,14582,14637
187526,14583,14636
81607,14583,14637
