85422,121,190
69794,128,182
306394,140,203
397116,142,186
4263,387,448
51626,387,499
391074,489,556
164003,491,552
313897,491,554
169098,493,555
43090,498,557
152186,648,706
69101,652,708
363282,819,877
169096,819,881
133124,820,882
191012,821,886
363283,822,884
193795,842,886
115590,1084,1149
301974,1085,1165
341937,1120,1214
335377,1126,1207
214777,1127,1194
393730,1143,1202
176370,1143,1214
96825,1144,1195
227061,1168,1251
202232,1170,1238
273342,1178,1229
22332,1264,1349
51625,1268,1350
28803,1275,1349
5042,1280,1350
70045,1283,1348
189231,1286,1348
368988,1287,1351
260068,1291,1351
244502,1296,1349
195361,1303,1348
150171,1439,1503
244503,1591,1673
284708,1607,1668
393451,1616,1673
206364,1617,1676
286733,1643,1742
213843,1659,1757
147901,1669,1779
40042,1673,1769
264143,1676,1753
133291,1677,1773
133290,1677,1783
8861,1679,1743
14400,1679,1762
265673,1680,1754
14332,1680,1779
40043,1687,1796
87916,1689,1757
6785,1689,1763
286730,1690,1781
88988,1691,1753
133009,1691,1761
12619,1691,1766
113457,1693,1786
357422,1700,1786
65173,1720,1783
94586,1724,1784
404191,1907,1959
190658,1907,1976
193796,1919,1987
165232,1922,1976
20159,1922,1981
146425,1922,1985
117389,1925,1984
201624,1970,2034
400717,1973,2033
36986,2057,2112
209279,2084,2175
316732,2272,2345
278364,2272,2355
69795,2292,2359
115589,2295,2424
321599,2301,2355
23699,2338,2402
260841,2376,2445
32314,2380,2442
139904,2380,2453
177065,2385,2449
316732,2386,2459
64015,2389,2449
213846,2389,2458
113456,2630,2688
399318,2826,2915
321175,2830,2887
10477,2846,2939
273943,2850,2910
233710,2851,2925
8858,2851,2942
37739,2851,2951
284707,2854,2952
213845,2855,2913
326152,2855,2972
218638,2861,2907
243424,2868,2965
348725,2877,2953
316745,2888,2951
129810,2974,3049
284211,2981,3050
246515,2993,3110
14779,2995,3103
73047,3000,3083
73048,3000,3107
11999,3001,3075
213836,3006,3076
213837,3006,3085
375383,3031,3093
296795,3034,3094
296796,3034,3098
257388,3046,3108
67826,3061,3125
286732,3115,3179
399319,3332,3396
371884,3332,3404
54421,3332,3413
302690,3332,3437
12619,3333,3394
264141,3334,3411
202167,3335,3415
40040,3335,3418
133292,3338,3406
399320,3366,3449
141062,3570,3632
226686,3649,3712
261605,3667,3726
127015,3669,3754
164980,3676,3763
99185,3695,3749
162725,3699,3764
171107,3700,3765
321024,3716,3784
53181,3721,3782
144050,3729,3791
381974,3733,3815
202166,3733,3847
216850,3735,3850
55986,3742,3839
14293,3745,3850
213842,3747,3831
269014,3750,3834
133291,3755,3855
246154,3756,3849
4720,3757,3831
14332,3757,3858
12619,3760,3839
12682,3764,3829
43089,3805,3875
213844,4018,4087
316741,4045,4142
109062,4053,4156
213589,4054,4133
39780,4056,4138
82317,4059,4138
254762,4061,4128
184904,4071,4149
154223,4076,4143
213838,4080,4153
316747,4080,4216
62418,4081,4164
243422,4081,4169
264142,4083,4134
245782,4090,4138
273771,4091,4154
55645,4091,4157
85312,4116,4216
380412,4125,4181
265672,4125,4187
199607,4137,4202
316742,4138,4209
199679,4716,4768
174616,4716,4772
87914,4717,4769
226685,4718,4772
282651,4914,5009
362200,4917,5002
182632,4917,5009
297870,4918,4981
56092,4918,4997
18466,4919,4973
202164,4929,5018
213588,4931,5016
181957,4931,5026
8859,4937,5014
213841,5004,5075
316739,5008,5080
132450,5016,5104
260842,5101,5165
316740,5311,5461
133126,5316,5432
213833,5332,5446
301973,5337,5434
243425,5338,5471
289246,5341,5428
137740,5342,5474
213840,5343,5434
62517,5346,5474
128411,5347,5402
45998,5349,5418
137741,5349,5484
183698,5350,5478
40041,5351,5436
150170,5355,5437
264140,5357,5416
26724,5357,5434
370465,5357,5488
3838,5359,5435
133015,5360,5432
8862,5360,5438
159042,5360,5521
85310,5362,5508
187747,5364,5449
44418,5364,5479
137739,5365,5489
169097,5369,5434
36987,5384,5450
391426,5385,5448
129809,5387,5448
1119,5397,5451
85311,5397,5480
23697,5409,5479
194410,5433,5481
316746,5433,5519
62217,5454,5527
407564,5492,5548
250516,5962,6014
98661,5964,6019
257676,5964,6028
271337,5971,6024
51430,6006,6056
213839,6015,6102
196755,6530,6623
202163,6531,6604
113679,6531,6628
71073,6540,6634
75509,6548,6635
316743,6548,6651
5641,6550,6616
282697,6552,6618
66267,6558,6653
87915,6562,6636
24256,6563,6647
182634,6749,6818
265800,6809,6864
142306,6829,6904
208132,6834,6907
312563,6847,6929
133125,7053,7119
283502,7086,7143
104553,7255,7322
258265,7280,7354
368986,7283,7354
145933,7289,7354
368987,7291,7354
355052,7295,7354
117236,7458,7520
8611,7504,7558
243420,7506,7595
35312,7713,7773
39814,7713,7778
345128,7713,7790
183696,7713,7799
153177,7713,7807
287520,7714,7763
220460,7719,7783
331777,7722,7780
75149,7728,7841
198699,7735,7852
62516,7768,7865
326151,7817,7907
23698,7840,7901
37980,7840,7908
159043,8063,8120
51624,8066,8120
153176,8244,8367
307792,8255,8359
90415,8256,8323
24930,8259,8325
14780,8264,8356
4263,8271,8329
346104,8272,8361
29512,8273,8329
53976,8273,8339
5594,8280,8364
368989,8293,8405
363281,8296,8372
61039,8302,8383
153658,8310,8371
247860,8322,8385
40039,8344,8404
293399,8344,8410
305466,8348,8410
72930,8548,8601
185201,8705,8764
165398,8705,8766
389578,8860,8920
75266,8879,8959
221415,8892,8976
99322,8895,8958
284706,8900,8973
272294,8901,8958
240289,8902,8976
46429,8915,8977
383286,8918,8971
91733,8918,8976
100631,8919,8974
19927,8919,8977
234453,8921,8975
269246,8922,8974
113455,9187,9249
314766,9209,9285
62417,9224,9281
328334,9363,9414
376681,9480,9557
403048,9507,9549
141061,9566,9639
397397,9574,9640
238725,9588,9657
198140,9596,9650
82208,9775,9819
106888,9778,9845
381260,9818,9877
316741,10025,10136
286731,10046,10121
8860,10048,10134
281367,10049,10104
33331,10049,10118
61722,10050,10128
202165,10051,10141
213587,10054,10135
268573,10058,10136
272897,10061,10131
239631,10063,10125
115712,10066,10118
316742,10167,10238
396704,10228,10290
213835,10232,10323
152658,10236,10288
316737,10252,10330
113047,10306,10369
401710,10358,10426
82304,10382,10443
4585,10382,10451
213834,10398,10525
370462,10402,10458
316739,10435,10506
193794,10671,10728
5326,10756,10805
316738,10783,10853
316740,10932,11081
264139,10942,11070
133123,10944,11053
213831,10961,11064
150169,10969,11052
183697,10972,11096
243423,10974,11106
55984,10976,11050
176912,10977,11052
45995,10978,11040
316744,10980,11069
137738,10980,11090
55985,10982,11054
46019,10984,11073
44418,10985,11098
85309,10986,11091
370464,10995,11108
269247,11021,11082
362801,11051,11118
347707,11254,11311
62142,11883,11976
370277,11912,11988
260541,11919,11983
38771,11952,12002
31186,11969,12014
299864,11970,12030
22438,12102,12158
316737,12310,12384
195553,12311,12366
213832,12311,12386
381261,12315,12378
8019,12487,12549
395475,12755,12823
180938,12884,12975
252251,12919,12969
385808,12921,12985
263359,12925,12994
401711,12926,12989
129811,12927,12985
284210,13136,13186
213829,13253,13326
55983,13693,13751
57601,13702,13755
214958,13703,13766
85300,13801,13869
316734,13819,13903
263280,13828,13889
263279,13828,13892
398300,14194,14243
375643,14196,14251
71075,14586,14681
206753,14587,14654
71076,14593,14701
162726,14604,14697
370463,14607,14674
37740,14607,14697
316743,14607,14713
257675,14624,14695
14778,14626,14712
23696,14629,14692
137409,14629,14695
319527,14629,14739
369565,14632,14745
316738,14676,14739
316734,14815,14902
235675,14914,14997
90414,15420,15499
145932,15427,15499
264137,15436,15497
405070,15870,15954
182633,15887,15958
223062,15887,15969
10373,15901,15976
24929,15902,15971
35086,15908,15968
180410,16004,16062
61523,16004,16078
316745,16211,16266
348724,16211,16271
370255,16211,16299
298978,16212,16273
159041,16212,16275
213830,16212,16277
70632,16343,16409
117295,16343,16440
196515,16346,16411
272896,16364,16426
142307,16365,16454
176863,16372,16446
12883,16373,16453
135642,16379,16440
313896,16387,16457
127168,16389,16453
87880,16390,16458
357421,16783,16906
362199,16785,16910
38322,16788,16907
244258,16793,16907
49033,16794,16910
261583,16796,16879
18465,16802,16908
97433,16803,16919
133014,16807,16907
14777,16807,16927
297710,16809,16912
20274,16821,16901
559,16825,16904
301972,16826,16891
171106,16826,16908
40310,16827,16882
289631,16829,16884
398089,16829,16927
66266,16830,16921
53975,16834,16924
88111,16834,16927
90413,16835,16890
23695,16839,16893
400718,16840,16917
316735,16841,16928
78759,16852,16906
185133,17065,17127
31323,17072,17132
346504,17072,17137
316736,17398,17451
246162,17492,17557
401235,17543,17604
396889,17554,17612
348464,17769,17845
343965,17782,17846
298747,17829,17940
306088,17851,17928
316733,17853,17944
372811,17859,17927
160919,18088,18146
359174,18090,18143
4263,18093,18157
255136,18094,18158
246790,18094,18201
43466,18104,18203
357420,18105,18191
169095,18106,18170
19409,18110,18185
23694,18119,18193
316733,18120,18211
98026,18122,18203
316735,18122,18210
257674,18124,18220
46361,18127,18210
70044,18127,18215
336785,18128,18190
14776,18128,18220
133016,18131,18230
319528,18363,18419
403833,18376,18455
243680,18394,18453
75295,18398,18452
345135,18434,18493
164004,18569,18638
316747,18573,18692
213586,18577,18640
336550,18802,18845
316736,19096,19160
178344,19097,19150
110799,19212,19281
69221,19466,19554
316744,19466,19566
173272,19472,19548
243421,19473,19565
3838,19480,19553
235171,19525,19577
289630,19529,19571
264138,19564,19658
316746,19567,19669
67902,19576,19633
213375,19578,19671
73309,19595,19671
367957,19596,19658
346503,19609,19670
125849,19767,19822
55982,19846,19918
130584,19846,19948
164005,19856,19916
196156,19871,19933
310152,19899,19948
18416,20145,20201
320497,20287,20373
73046,20287,20417
268158,20289,20399
399317,20289,20414
5620,20290,20394
396384,20291,20453
356722,20293,20382
19814,20293,20402
323465,20294,20410
202804,20297,20369
15664,20298,20352
183695,20298,20359
367611,20298,20365
23693,20300,20429
213585,20304,20394
117294,20305,20464
381165,20309,20421
145931,20309,20445
211150,20310,20375
62181,20311,20464
284209,20324,20454
329952,20331,20449
203022,20332,20391
216849,20342,20485
145930,20350,20468
283970,20353,20469
323466,20365,20481
284212,20376,20493
272456,20380,20492
78479,20382,20445
73045,20383,20486
68760,20391,20496
71074,20394,20487
93225,20398,20488
381973,20401,20466
209310,20415,20481
342407,20423,20477
376937,20433,20494
203863,20445,20487
300,20621,20683
8612,20628,20694
