121739,100,161
342709,100,167
400419,101,158
201376,104,170
115553,106,171
270221,107,163
99989,111,214
95554,116,298
308010,119,259
31250,123,197
111957,167,224
405428,213,334
281,214,306
277121,215,292
71014,215,319
386599,215,323
25313,218,331
161840,227,328
215157,228,290
283907,229,326
71016,230,293
263761,230,350
153031,230,377
240504,231,322
55489,234,300
267858,235,298
217101,235,330
349551,237,331
27788,253,346
229276,260,321
88896,261,353
260557,268,334
349550,307,454
277122,368,492
308121,372,506
72073,403,511
172604,404,527
211590,413,527
324047,424,539
81023,428,531
36100,432,539
201275,441,538
172605,445,539
100567,452,539
29847,464,538
279470,467,538
386985,476,539
192267,598,723
22450,605,716
328437,611,724
206702,613,709
343791,613,729
183299,614,737
117270,616,707
381553,620,715
331909,622,725
255992,627,709
121735,633,742
130905,637,734
251079,639,700
161839,639,755
240503,640,745
267859,659,766
308192,663,753
369515,731,824
201378,896,961
408439,896,983
114274,897,959
31342,897,962
185385,897,965
13974,897,976
1925,898,994
361033,900,955
333782,900,958
406506,900,972
14991,903,993
355162,906,988
229403,907,970
81802,909,974
10437,910,971
63609,910,987
308598,912,976
1925,912,988
308599,917,981
71015,918,995
66573,1030,1085
225225,1030,1106
240461,1031,1082
164934,1031,1092
153032,1031,1097
259225,1033,1105
261782,1033,1109
120958,1034,1084
324048,1036,1093
240502,1050,1108
308120,1051,1124
215160,1067,1121
286,1093,1205
15938,1111,1193
179507,1111,1203
324046,1139,1228
259218,1147,1219
399153,1151,1255
300839,1159,1226
191483,1161,1275
240501,1164,1237
12158,1166,1254
31251,1166,1261
8760,1166,1300
328438,1167,1272
134306,1168,1265
225352,1168,1277
215159,1175,1265
215158,1180,1329
201371,1187,1276
349549,1194,1344
134412,1195,1264
212106,1201,1267
364272,1202,1278
167067,1211,1332
315779,1211,1340
205189,1222,1334
59773,1224,1326
4231,1224,1342
116084,1229,1338
37679,1242,1332
1244,1256,1339
45233,1263,1329
143014,1448,1500
386627,1448,1525
172607,1448,1580
369604,1449,1513
335833,1462,1556
193628,1462,1560
53829,1473,1570
108872,1473,1592
290160,1483,1593
114753,1484,1583
13996,1492,1558
274440,1494,1602
247205,1496,1572
264865,1498,1605
231469,1498,1610
120634,1498,1622
310610,1499,1563
240498,1499,1593
82806,1501,1612
167068,1505,1557
339945,1507,1573
387623,1510,1572
32092,1511,1620
201373,1516,1628
291504,1518,1581
310609,1518,1583
264866,1521,1624
225585,1522,1598
305377,1528,1606
171209,1530,1604
22174,1543,1604
196194,1556,1608
386987,1614,1706
97222,1657,1729
328374,1684,1748
72074,1701,1784
326403,1724,1787
297432,1725,1784
215156,1838,1936
32706,1838,1947
57224,1840,1902
14470,1840,1921
33504,1845,1935
88893,1849,1959
215161,1850,1910
99830,1855,1945
260335,1856,1919
188990,1857,1947
211591,1860,1948
116085,1865,1970
89157,1870,1986
121734,1877,1980
180154,1878,1990
234181,1884,1992
329624,1886,1989
32709,1890,2004
280926,1901,2032
225226,1903,1981
280927,1903,2038
369603,1906,2014
116086,1949,2029
97221,1960,2029
259223,1985,2052
89057,2024,2077
328068,2123,2184
91973,2125,2183
76024,2371,2443
255993,2371,2473
120706,2372,2438
212105,2374,2462
304607,2380,2460
109021,2381,2463
201372,2388,2489
135845,2391,2459
360979,2400,2487
16302,2409,2481
88894,2409,2496
251078,2410,2472
148321,2410,2488
164829,2466,2527
193766,2466,2530
97219,2480,2598
259220,2480,2607
193630,2486,2591
279468,2491,2581
279467,2496,2608
88895,2601,2698
193629,2657,2731
386626,2664,2759
172606,2680,2803
31883,2683,2774
161842,2701,2778
73294,2705,2814
370529,2716,2800
110206,2716,2805
200324,2731,2814
394393,2732,2823
15038,2736,2815
198618,2738,2808
404294,2745,2806
311339,2746,2807
97747,2749,2813
289906,2754,2816
92356,2754,2818
307982,2900,2945
386625,2900,2964
363749,2902,2973
186407,2904,2974
263301,2911,3016
112295,2918,3026
212104,2923,3038
334823,2926,3004
12939,2926,3032
378184,2934,3037
251080,2940,3054
180153,2941,3042
211592,2942,3003
121736,2942,3057
192269,2944,3035
50356,2950,3051
234182,2951,3032
97218,2953,3023
311405,2960,3051
243047,2961,3043
285,2962,3048
284,2962,3056
311340,2963,3042
63419,2964,3032
406238,2969,3064
175852,2971,3038
37356,2974,3054
310287,2981,3037
251081,2984,3051
267857,2991,3065
290159,2995,3088
329623,3001,3062
55162,3001,3066
19473,3002,3065
386986,3002,3070
154657,3002,3075
20935,3002,3093
62404,3002,3099
48312,3003,3073
180152,3026,3104
305378,3027,3091
125010,3027,3107
246306,3043,3096
334822,3411,3505
32707,3413,3458
214318,3433,3493
201374,3450,3558
76422,3455,3522
215450,3461,3526
201375,3465,3554
99987,3471,3562
351259,3472,3529
192266,3481,3571
98172,3483,3560
267861,3485,3558
126182,3486,3564
233908,3489,3553
65377,3489,3570
59213,3491,3557
99988,3491,3564
99137,3491,3568
308118,3492,3560
308119,3492,3566
78221,3493,3572
2239,3498,3579
284824,3498,3583
335614,3499,3559
29080,3500,3561
298929,3500,3630
65376,3502,3568
90843,3502,3571
204672,3510,3578
304823,3513,3578
264864,3538,3630
128768,3539,3602
240499,3541,3603
138928,3673,3727
267860,3674,3735
343790,3678,3768
322744,3944,3997
87486,3944,3999
120956,3944,4051
36098,3945,4056
186406,3945,4066
46446,3949,4001
110463,3949,4061
95555,3964,4031
338434,3966,4015
21323,3968,4060
87484,3968,4064
402277,3968,4067
24900,4013,4075
259221,4131,4185
404065,4190,4257
334821,4281,4343
408440,4285,4347
329620,4289,4343
225316,4292,4347
172546,4292,4360
11481,4294,4380
67477,4295,4359
364273,4296,4381
334559,4297,4391
101870,4300,4358
72005,4301,4367
225317,4301,4377
32705,4304,4384
94154,4305,4369
88892,4305,4390
116519,4308,4373
240505,4309,4390
57506,4311,4380
262843,4315,4375
24424,4315,4391
43367,4316,4385
99986,4319,4391
317140,4320,4373
391120,4322,4397
338435,4324,4387
15039,4324,4390
329621,4326,4390
284822,4327,4393
335160,4330,4391
15037,4336,4419
308193,4337,4390
191482,4339,4394
1448,4340,4392
338112,4341,4384
62167,4341,4419
249306,4342,4406
291310,4344,4414
160082,4346,4420
91254,4352,4416
386598,4353,4414
59646,4360,4417
59645,4360,4422
108183,4442,4512
259222,4443,4509
322743,4446,4511
80085,4446,4516
143012,4447,4512
274441,4449,4510
358619,4458,4513
172725,4560,4606
87485,4571,4651
130904,4580,4659
154033,4583,4665
172545,4584,4651
59644,4971,5066
29729,4973,5036
120957,4977,5039
378185,4978,5056
95556,4979,5070
121738,4986,5083
193627,4988,5084
405427,4995,5066
109022,5015,5096
197323,5020,5081
66572,5033,5096
100566,5033,5112
168664,5043,5099
84211,5043,5115
405429,5049,5126
145904,5138,5190
212107,5435,5541
206701,5515,5591
318733,5640,5709
229838,5649,5730
375142,5728,5834
230824,5741,5836
229839,5741,5839
405430,5742,5845
322742,5754,5854
12588,5769,5848
9763,5771,5839
304606,5783,5853
326500,5803,5853
138751,5804,5852
307038,5881,5933
120955,5881,5985
110463,5881,5994
36099,5882,5979
95553,5885,5984
186406,5885,5995
72740,5890,5941
71692,5894,5951
368133,5898,5953
87484,5898,5994
31427,6061,6110
201377,6115,6180
97220,6120,6228
284823,6121,6223
329622,6131,6225
10760,6138,6230
391119,6140,6224
357660,6157,6223
117271,6179,6240
49681,6181,6256
279469,6248,6328
121737,6364,6457
273696,6407,6468
230825,6408,6522
205190,6410,6489
140923,6412,6469
192268,6416,6473
308195,6422,6521
318970,6432,6497
343792,6433,6524
290158,6438,6522
32708,6443,6519
64464,6444,6513
284223,6448,6510
385207,6453,6519
72841,6455,6519
401013,6456,6518
177812,6456,6522
259224,6463,6521
240500,6464,6524
143013,6606,6677
192265,6666,6734
161841,6840,6896
11095,6840,6905
177811,6840,6943
344528,6841,6929
349552,6842,6906
57507,6845,6922
381552,6848,6903
177810,6871,6965
62405,6876,6928
240506,6933,6983
16303,7003,7061
385206,7096,7158
225350,7096,7180
96442,7097,7189
282,7097,7202
338111,7097,7243
99661,7101,7187
14729,7104,7208
308194,7105,7170
277119,7107,7192
277120,7109,7228
259219,7110,7238
89664,7114,7234
782,7115,7227
132533,7118,7232
283,7119,7245
270277,7122,7227
225351,7123,7234
225224,7153,7234
386624,7154,7207
272092,7164,7224
387411,7164,7245
259226,7296,7348
279466,7296,7351
324045,7297,7355
