353764,81,216
388744,92,221
116887,96,166
376178,100,243
241497,103,202
195387,106,239
219577,108,232
276144,109,224
167791,110,241
333149,114,213
28339,114,267
134413,118,272
110284,119,235
396254,124,250
289423,127,241
403512,127,295
370904,129,245
12569,131,233
4355,131,238
6320,134,234
396255,135,228
886,135,244
236399,135,282
395766,136,223
10802,136,254
76870,136,268
31690,136,286
290755,140,227
330438,140,251
886,140,267
35510,142,201
272182,142,206
279135,142,253
85964,142,284
190810,143,210
307363,143,275
293700,144,236
214180,146,279
50309,146,286
6321,149,250
886,152,230
293701,153,226
308774,155,247
269358,157,229
9545,157,246
175831,157,280
60970,158,287
216115,159,249
319603,159,284
153767,162,264
298540,163,290
98448,165,280
53548,166,293
41218,169,298
395208,171,271
35143,175,308
101302,179,298
394815,181,284
18648,183,269
216116,184,249
8186,186,272
8513,187,306
39435,188,279
56185,196,288
376125,198,306
398426,206,271
87557,207,343
485,208,308
9553,212,298
485,227,298
84629,228,272
3804,231,360
13095,235,359
113579,250,292
87556,252,379
356776,257,376
148742,272,376
402435,288,379
388745,330,396
121635,386,497
115294,389,474
300229,390,458
906,390,504
304567,403,518
236400,412,518
161307,414,503
290754,416,516
6955,416,525
293694,417,528
97646,418,477
43931,418,484
304566,421,477
293696,422,519
214179,423,476
148785,423,512
293695,423,547
290757,424,477
121637,424,479
1345,424,518
1345,426,501
293698,426,508
22564,427,519
28978,427,541
6955,432,517
153772,436,542
190815,450,520
219578,452,541
256530,460,527
370110,462,560
9917,465,526
345641,490,559
292806,493,560
131568,498,561
279482,502,567
8791,506,565
347342,522,606
252331,560,634
101523,565,629
380094,642,728
110295,647,746
166635,653,727
144898,653,741
329405,654,739
110294,657,733
345336,660,742
387713,661,722
148389,670,748
297560,673,749
323718,674,740
278312,678,736
31732,689,781
190545,702,816
355248,703,824
41219,705,810
28395,706,794
212215,706,805
72916,706,813
365653,707,792
112396,712,817
389564,713,801
190813,714,828
59487,717,840
274941,719,795
222894,723,811
272547,729,814
395765,732,805
72915,735,833
290137,740,820
629,743,810
272548,747,864
138320,753,839
328375,766,843
356775,770,836
388589,770,865
87555,776,837
41217,1070,1125
64241,1072,1115
283406,1077,1128
363251,1154,1206
160292,1269,1363
218617,1272,1396
169772,1273,1362
320705,1275,1337
221644,1282,1349
286457,1283,1360
218618,1286,1354
118956,1287,1352
107954,1290,1351
345337,1311,1372
123446,1329,1400
28392,1341,1433
258875,1343,1451
199867,1356,1447
74730,1369,1443
389263,1372,1492
217530,1422,1480
127913,1440,1510
190814,1445,1509
211119,1451,1510
305029,1452,1507
407079,1650,1736
9848,1656,1752
383181,1657,1718
74233,1657,1720
56186,1657,1745
357548,1661,1714
82051,1661,1747
377889,1662,1723
407772,1662,1737
274940,1664,1732
290756,1668,1731
213478,1670,1733
365655,1671,1735
61611,1692,1796
395210,1694,1793
279139,1695,1787
207586,1696,1764
212367,1697,1772
207587,1697,1782
395211,1697,1800
395209,1704,1775
297941,1715,1777
106827,1716,1794
53554,1718,1781
144900,1720,1842
84045,1721,1794
97920,1726,1824
380092,1730,1823
80359,1732,1817
99458,1735,1810
376179,1737,1820
279134,1738,1828
397110,1740,1805
327721,1745,1818
364648,1747,1809
380095,1751,1846
3092,1755,1817
148724,1755,1863
110289,1757,1818
33206,1757,1866
105099,1761,1810
394366,1762,1825
218616,1764,1868
98446,1978,2049
28340,1982,2052
10146,1986,2055
82050,1994,2058
279479,2005,2077
237705,2005,2080
190542,2005,2084
279480,2013,2084
141201,2017,2099
224364,2019,2101
233114,2020,2081
282890,2023,2105
249083,2024,2084
262902,2024,2113
128906,2028,2107
117430,2028,2113
19522,2030,2116
214181,2039,2106
267022,2039,2115
9278,2043,2111
274882,2043,2116
13816,2046,2107
384246,2048,2114
244117,2050,2113
230710,2052,2113
25744,2052,2115
148784,2054,2115
39662,2163,2218
77750,2163,2252
84570,2164,2235
387714,2164,2240
293697,2164,2250
61146,2165,2216
121636,2168,2240
152270,2169,2253
77751,2177,2253
216957,2195,2250
289424,2197,2252
383438,2269,2315
279432,2274,2339
79891,2277,2341
150335,2289,2350
148787,2436,2495
33203,2436,2500
337349,2436,2503
209474,2444,2512
224570,2480,2542
77414,2481,2544
214182,2483,2546
273180,2484,2549
329527,2486,2548
252831,2501,2549
328241,2662,2738
292805,2664,2754
347343,2666,2768
212365,2666,2840
377994,2667,2744
219809,2668,2730
90783,2674,2738
201841,2675,2778
321204,2676,2757
396440,2679,2740
404999,2680,2745
164696,2684,2753
156874,2685,2788
252830,2685,2803
347344,2686,2757
10708,2686,2773
387717,2687,2826
4783,2687,2841
355554,2688,2751
666,2688,2753
10709,2691,2774
395215,2692,2777
283407,2705,2774
219810,2708,2774
212364,2715,2837
199863,2722,2811
77087,2722,2825
187885,2723,2832
6955,2724,2836
293692,2726,2838
1345,2729,2824
199866,2731,2825
293690,2732,2841
4064,2736,2841
131571,2739,2835
171056,2740,2841
93053,2743,2806
21552,2743,2832
77745,2744,2796
184676,2744,2820
1345,2746,2832
355558,2747,2835
293694,2748,2841
305582,2753,2818
28342,2753,2830
22564,2753,2836
1345,2757,2825
6955,2757,2838
201840,2776,2840
329526,2889,2959
258870,2889,2963
77030,2889,2994
10337,2892,2954
322896,2894,2947
337784,2904,2971
77031,2907,2973
319601,2908,2961
272549,2911,2963
38238,2914,2973
320995,2937,3046
212364,2942,3051
293691,2944,3076
111569,2945,3058
293689,2948,3051
171057,2952,3049
293771,2954,3021
77028,2957,3018
394817,2958,3069
320996,2959,3053
236400,2962,3054
6955,2965,3051
16600,2966,3054
1345,2970,3045
77749,2970,3054
153774,2971,3051
28341,2971,3067
355679,2975,3067
332400,2977,3056
1930,2978,3053
6955,2987,3068
184675,3024,3091
74234,3040,3095
162386,3256,3345
74762,3276,3346
92723,3279,3347
188096,3280,3342
179458,3281,3348
328779,3281,3361
305030,3285,3347
284471,3287,3355
249573,3293,3356
9554,3435,3517
9555,3436,3502
131570,3436,3506
8193,3436,3510
293721,3467,3532
58433,3468,3518
108497,3468,3526
337783,3473,3562
352934,3482,3540
213478,3483,3526
318327,3484,3560
293703,3493,3569
9248,3497,3557
1925,3497,3562
212368,3497,3569
23382,3500,3562
293687,3793,3916
293689,3795,3910
212363,3801,3917
293690,3802,3922
131569,3811,3917
171058,3812,3898
227403,3812,3936
394818,3814,3899
1345,3820,3893
355559,3820,3913
293695,3820,3935
290758,3823,3933
6955,3828,3920
292951,3831,3940
387716,3832,3937
380093,3836,3935
153775,3838,3945
6955,3845,3927
110293,3848,3926
344637,3849,3933
219576,3852,3941
252208,3860,3937
367513,3869,3938
144899,3871,3933
360138,3876,3942
222506,3876,3977
101320,3877,3938
153768,3883,3944
230498,3883,3948
300776,3884,3945
39619,3885,3940
333819,3885,3953
287081,3886,3931
15582,3886,3934
80620,3886,3938
48807,3887,3936
211332,3887,3954
344138,3887,3964
258871,3888,3970
12363,3891,3952
96198,3892,3953
214743,3894,3972
53545,3894,3977
238583,3895,3938
277572,3895,3951
333481,3895,3954
323669,3896,3949
219853,4202,4258
78297,4202,4268
293691,4215,4361
293687,4218,4332
293692,4227,4332
25746,4234,4319
387715,4235,4332
395216,4238,4330
394819,4238,4350
1345,4239,4320
6955,4240,4337
73694,4242,4345
293696,4245,4335
55786,4245,4343
31119,4248,4335
28341,4248,4347
7877,4249,4325
355678,4249,4351
1345,4254,4317
6955,4261,4351
201842,4274,4328
156870,4274,4345
9554,4275,4350
252828,4279,4351
187348,4289,4365
390286,4290,4371
319600,4310,4381
130775,4312,4361
45735,4312,4379
258869,4316,4378
63123,4316,4383
319604,4321,4381
72914,4322,4382
63124,4322,4388
77029,4322,4425
23383,4323,4377
293702,4323,4390
112145,4326,4379
87553,4330,4381
77027,4589,4653
102264,4590,4650
111570,4596,4657
208045,4597,4663
156872,4598,4662
355684,4599,4678
216955,4605,4673
266900,4607,4663
84825,4607,4669
200760,4609,4674
2814,4612,4681
183133,4620,4679
33204,4620,4723
221645,4626,4694
74236,4629,4723
53549,4647,4739
74235,4650,4747
156080,4651,4720
97647,4652,4756
161710,4660,4742
43932,4663,4725
347345,4665,4716
22895,4665,4740
37129,4668,4734
9998,4668,4742
327080,4669,4724
144901,4669,4744
33207,4670,4739
153496,4673,4759
131433,4674,4744
289422,4675,4727
348748,4675,4739
35142,4675,4747
283830,4678,4742
403844,4679,4767
83872,4680,4742
18393,4681,4739
260548,4681,4745
190710,4684,4745
120607,4684,4778
293772,4690,4777
187647,4692,4775
154161,4693,4739
10158,4699,4778
301811,4703,4768
302021,4706,4769
251888,4708,4769
355798,4710,4774
53556,4808,4885
222508,4809,4915
110286,4811,4878
293693,4814,4881
25747,4815,4918
190812,4816,4887
153773,4825,4917
293698,4834,4924
1345,4835,4920
77749,4837,4917
387718,4856,4917
148743,4856,4925
276145,4994,5084
293699,4995,5079
25639,5003,5084
315637,5004,5070
241496,5008,5084
9552,5020,5084
95147,5021,5083
353243,5025,5081
351448,5127,5185
252832,5130,5185
22109,5136,5185
280980,5138,5185
355683,5232,5346
270203,5238,5286
39556,5244,5315
33200,5253,5368
323716,5255,5336
10711,5262,5368
200658,5263,5338
10710,5264,5345
389385,5265,5369
178501,5266,5335
79646,5267,5321
33201,5267,5365
45738,5268,5338
355682,5272,5366
5042,5287,5367
328780,5291,5357
307364,5298,5362
66268,5303,5369
204859,5315,5367
207747,5549,5615
232450,5768,5867
28394,5769,5842
178500,5769,5861
79892,5773,5832
389384,5774,5840
82969,5775,5839
27788,5796,5885
200659,5797,5888
21316,5801,5892
145178,5802,5871
200660,5803,5890
53944,5809,5869
320998,5814,5890
190807,5838,5932
190808,5841,5939
345338,5846,5949
293688,5850,5954
148783,5861,5922
394365,5861,5928
110285,5861,5976
279136,5865,5955
241494,5873,5927
293700,5873,5976
286453,5874,5964
28337,5875,5979
110292,5875,5989
171062,5879,5991
886,5881,5985
337782,5882,5959
34450,5883,5994
228455,5888,5983
18394,5889,5990
15479,5914,5995
215506,5930,5995
297562,5931,5994
286454,5932,5995
10130,5944,6012
341588,5945,6049
215852,5946,5999
18395,5961,6035
204858,5962,6032
225055,5967,6045
303921,5968,6036
392824,5969,6030
45633,5969,6041
299816,5970,6038
332399,5972,6037
96640,5972,6057
208044,5973,6036
351449,5987,6075
387712,5991,6105
318892,5993,6050
355556,6000,6072
270256,6031,6123
293697,6032,6116
77750,6032,6129
319602,6033,6131
148725,6039,6105
149094,6040,6134
356777,6041,6150
97644,6044,6137
87554,6060,6122
395218,6061,6129
41583,6064,6126
50839,6064,6149
199864,6064,6157
355681,6064,6173
187882,6066,6139
165076,6068,6125
83577,6071,6147
56188,6074,6135
153640,6075,6147
378802,6076,6140
83021,6078,6178
64243,6079,6144
163081,6080,6133
18747,6080,6158
218621,6080,6182
130774,6082,6136
153769,6083,6143
402434,6085,6140
38243,6086,6158
148786,6088,6149
105768,6092,6203
258874,6093,6173
53550,6142,6218
245449,6149,6230
76038,6208,6273
187884,6214,6274
60674,6239,6304
388743,6240,6309
121634,6276,6360
84839,6302,6360
268652,6303,6359
105767,6304,6358
98447,6436,6505
77743,6436,6520
111574,6436,6532
293688,6438,6529
284519,6441,6511
190811,6443,6506
53553,6444,6532
293693,6447,6508
32928,6447,6523
45736,6447,6530
110290,6455,6528
110291,6461,6532
75222,6464,6527
318328,6464,6531
53547,6466,6532
34451,6469,6533
293701,6470,6531
55815,6775,6823
190544,6789,6855
286456,6842,6946
28397,6854,6956
6319,6857,6945
375269,6858,6936
34338,6871,6946
275904,6873,6948
293773,6874,6956
4275,6877,6941
251045,6877,6955
22903,6878,6948
297943,6878,6979
258734,6880,6958
297942,6881,6955
172282,6881,6962
212216,6882,6992
222657,6884,6945
3425,6892,6981
109796,6893,6945
5934,6893,6947
223,6893,6956
17921,6893,6959
238577,6894,6958
74237,6894,6968
403845,6897,6960
270954,6906,6986
282209,6906,6991
69706,6911,6987
388742,6911,6991
246451,6914,6986
10336,6921,6986
377901,6921,6991
75854,6930,6978
124122,6930,6992
392823,6949,6991
190546,6999,7072
77022,6999,7075
174538,6999,7082
154883,7000,7080
41584,7001,7083
123446,7002,7068
173573,7002,7101
214183,7006,7071
190541,7006,7080
351141,7008,7085
216117,7013,7075
1878,7014,7079
395214,7015,7068
33205,7018,7068
70255,7020,7081
218622,7028,7079
187881,7030,7164
269359,7031,7151
389113,7032,7082
284413,7041,7159
100035,7043,7171
92522,7044,7163
255398,7051,7150
28027,7063,7162
353986,7072,7156
39555,7074,7149
39554,7074,7162
320344,7086,7149
374553,7101,7181
225022,7102,7167
15590,7103,7164
195386,7104,7166
145179,7107,7181
307696,7109,7171
374552,7110,7175
258873,7183,7247
43299,7220,7286
240185,7270,7332
7824,7330,7391
289821,7374,7430
131565,7379,7430
41220,7561,7636
37936,7562,7629
155748,7567,7637
228454,7568,7639
40836,7569,7635
300712,7571,7634
86205,7573,7639
992,7575,7635
240183,7577,7638
124217,7583,7639
100671,7585,7637
44437,7585,7640
172281,7588,7637
298541,7706,7774
290138,7706,7787
187240,7709,7768
108140,7710,7799
49645,7711,7755
315639,7713,7791
290139,7719,7785
376519,7721,7859
28338,7722,7793
377899,7729,7783
190543,7740,7812
376180,7740,7865
323715,7745,7861
320997,7767,7834
323714,7778,7895
286455,7821,7871
200657,7832,7934
148744,7837,7891
355685,7838,7893
69338,7842,7899
14622,7848,7915
128907,7862,7929
323713,7866,7932
216118,7867,7935
304568,7875,7939
114212,7875,7948
340768,7877,7934
122317,8024,8099
53555,8025,8081
18392,8025,8088
49786,8025,8093
116803,8025,8101
190809,8027,8091
43388,8028,8092
24169,8030,8098
105769,8031,8123
206356,8033,8111
285875,8034,8113
213479,8037,8108
37937,8043,8123
201844,8045,8104
212653,8045,8115
152875,8048,8104
9446,8048,8110
150865,8051,8099
321450,8051,8110
218401,8051,8114
365850,8053,8106
221830,8053,8112
401531,8053,8114
82357,8054,8115
304160,8055,8124
255336,8058,8134
45737,8058,8144
14034,8063,8125
16623,8066,8132
159369,8067,8120
330437,8069,8144
171060,8071,8149
348498,8072,8145
171059,8072,8173
130773,8073,8133
115296,8074,8125
33447,8086,8157
394816,8092,8168
111572,8097,8208
276146,8101,8199
111573,8118,8208
393345,8174,8249
153770,8188,8244
153771,8188,8249
370903,8201,8248
148782,8201,8266
397666,8206,8251
245450,8232,8294
190805,8435,8507
262373,8662,8731
71522,8846,8906
264179,8850,8906
249877,8852,8906
381749,8876,8972
289419,8878,8962
6317,8884,8970
323712,8903,8964
279486,8907,8962
279487,8907,8964
25748,8915,8963
134414,8916,8969
218619,8916,8990
292760,8917,8984
347934,8918,8966
251046,8921,8985
227404,8922,8986
110282,8923,8970
12495,8927,8998
40696,8931,9006
311213,8954,9010
77348,8956,9013
180343,8956,9027
195385,8966,9027
180342,8975,9030
261153,9021,9124
241495,9025,9106
315638,9038,9104
143908,9041,9103
248015,9047,9104
355797,9047,9108
252827,9053,9114
34453,9053,9119
333483,9056,9149
353987,9056,9174
245448,9059,9180
333482,9070,9178
261154,9070,9197
395767,9086,9210
383331,9095,9181
355557,9095,9222
98793,9096,9202
222895,9097,9183
119210,9115,9220
77746,9117,9181
54478,9130,9223
153777,9283,9341
7142,9283,9343
28393,9283,9356
4912,9283,9362
9196,9283,9374
216121,9284,9345
163365,9284,9369
267023,9284,9387
246959,9288,9346
289418,9291,9338
252829,9291,9349
280981,9296,9359
43714,9300,9365
353988,9302,9358
292761,9320,9372
223960,9416,9480
290759,9416,9502
14272,9417,9483
156871,9421,9494
356778,9437,9505
145974,9444,9492
131566,9448,9552
388185,9459,9503
395219,9462,9550
261152,9463,9533
362349,9463,9546
301853,9465,9521
365652,9466,9531
362350,9468,9532
102264,9468,9535
111571,9471,9533
35256,9477,9552
6318,9495,9550
358470,9625,9688
77023,9681,9786
77020,9686,9749
25638,9686,9758
110281,9687,9748
110283,9688,9759
212214,9689,9752
341456,9689,9771
33199,9690,9750
315636,9690,9792
190547,9692,9783
246916,9714,9794
255397,9715,9770
138866,9716,9775
381125,9731,9794
384250,9737,9793
234177,9924,9983
356774,10072,10135
77026,10072,10137
97643,10072,10145
241491,10073,10121
171476,10073,10143
322898,10074,10134
97642,10074,10147
131563,10076,10145
355680,10125,10219
293699,10126,10203
241493,10132,10197
218620,10172,10221
56187,10284,10339
77747,10285,10340
231180,10287,10338
287080,10386,10444
41221,10387,10448
105802,10387,10459
84044,10389,10472
88692,10397,10449
247183,10399,10468
145233,10400,10470
245900,10402,10468
279488,10402,10495
37508,10404,10453
363870,10404,10467
53192,10406,10468
94446,10407,10470
249981,10408,10462
25745,10408,10471
323711,10409,10453
236544,10411,10460
47456,10412,10467
208043,10415,10460
158392,10415,10467
363611,10430,10484
396438,10430,10502
391165,10437,10501
199865,10437,10503
234710,10438,10500
200286,10443,10501
268198,10451,10502
71966,10557,10607
285874,10557,10611
329525,10587,10650
148745,10588,10657
407983,10592,10647
43462,10592,10652
45720,10628,10689
355555,10632,10689
384247,10818,10873
9706,10818,10896
365651,10819,10881
279138,10819,10901
846,10820,10899
64242,10850,10943
77742,10854,10945
396439,10858,10956
341933,10858,10990
18391,10860,10922
140252,10862,10942
280100,10867,10971
311207,10871,10978
280101,10875,10990
152810,10878,10939
53544,10879,10945
85965,10886,10941
279481,10893,10997
187883,10895,10943
160188,10896,10977
215776,10898,10971
92523,10900,10943
22535,10900,10946
355677,10900,10963
392209,10904,10965
233113,10906,10973
223959,10917,10972
355561,10921,10990
365654,10946,11000
110288,10987,11071
293703,10995,11080
318329,10995,11084
1765,10997,11067
130771,11000,11060
320317,11000,11066
1765,11001,11081
1925,11004,11070
122011,11004,11075
238827,11005,11069
388746,11005,11083
134492,11006,11080
71965,11012,11066
329404,11292,11376
259197,11309,11397
111575,11311,11393
67970,11312,11398
322897,11313,11376
130772,11314,11392
384248,11317,11398
111576,11319,11393
186347,11343,11413
222507,11343,11443
352971,11346,11452
141760,11357,11423
72794,11362,11425
43934,11367,11463
62917,11371,11463
214184,11384,11462
28396,11401,11464
33198,11404,11463
14805,11529,11594
292239,11529,11600
297561,11529,11616
323717,11530,11588
144500,11530,11598
24907,11530,11604
216123,11530,11613
130770,11531,11581
277904,11531,11585
110287,11532,11622
21716,11533,11602
43778,11534,11591
328414,11534,11611
20690,11539,11622
293702,11540,11617
105803,11541,11606
57297,11545,11604
142616,11546,11611
160703,11547,11608
6029,11552,11611
240184,11834,11893
329402,11834,11898
61748,11834,11920
134415,11834,11952
171061,11850,11956
351447,11860,11969
94477,11862,11951
33202,11862,11954
175452,11863,11957
364649,11863,11979
10145,11866,11924
296306,11906,11986
279484,11908,12027
355676,11913,11967
78934,11914,11981
279483,11920,12030
115742,11921,11994
216122,11932,12031
251044,11935,12007
164542,11936,11997
336505,11955,12035
289421,11955,12064
389565,11959,12031
18390,11978,12032
286452,11991,12064
252833,12313,12406
267024,12318,12422
279485,12366,12482
296895,12392,12476
375282,12392,12480
53551,12400,12472
53552,12402,12482
131567,12406,12477
87552,12549,12618
329403,12551,12631
266898,12561,12611
68177,12696,12765
279141,12714,12781
275939,12741,12858
36713,12748,12845
380097,12752,12838
321449,12753,12814
238578,12754,12845
241492,12754,12869
384249,12755,12807
195384,12755,12819
195383,12755,12840
276143,12758,12843
289420,12762,12844
16023,12763,12870
94180,12766,12838
320704,12772,12844
245899,12774,12852
403513,12775,12859
266750,12780,12830
266552,12780,12855
110278,12781,12842
77744,12790,12856
223536,12798,12871
179540,12799,12876
241498,12803,12856
39620,12803,12879
318026,12805,12915
231117,12808,12873
79893,12809,12875
221643,12811,12874
151113,12814,12878
386390,12819,12920
331844,12822,12904
43336,12827,12915
140649,12831,12925
219575,12832,12921
3392,12838,12943
209872,12844,12914
97645,12847,12914
22162,12864,12933
156873,12893,12947
200661,12917,13016
105765,12926,13008
105766,12933,13014
43933,13081,13143
279137,13085,13202
77021,13086,13151
131564,13092,13189
286451,13092,13200
72309,13095,13176
327722,13096,13160
277903,13096,13168
44227,13097,13185
42992,13097,13203
77025,13103,13209
153776,13105,13194
394820,13105,13233
186924,13106,13206
299932,13112,13172
388588,13112,13246
241490,13113,13197
74238,13118,13196
230397,13118,13219
247182,13119,13237
258872,13119,13252
256529,13121,13177
194302,13121,13195
332114,13122,13200
41223,13125,13226
75637,13126,13186
153778,13128,13189
6316,13134,13178
49474,13135,13225
41222,13135,13232
345180,13136,13188
389114,13136,13203
87550,13136,13260
5804,13147,13231
391915,13148,13239
10851,13148,13243
63121,13148,13259
206632,13151,13256
308775,13154,13211
368208,13154,13248
387648,13155,13233
193683,13175,13274
171063,13187,13262
322899,13191,13259
26195,13192,13272
21764,13195,13260
161308,13210,13277
377900,13210,13282
2805,13363,13450
200760,13366,13446
87551,13368,13486
220038,13369,13445
110280,13374,13480
84840,13375,13437
297945,13376,13452
395213,13378,13479
190806,13380,13452
216120,13380,13494
216119,13381,13476
380096,13382,13449
74239,13386,13469
116888,13392,13494
337781,13393,13479
395212,13398,13483
121633,13405,13480
110279,13418,13479
116889,13422,13490
274881,13424,13486
114213,13430,13496
53551,13533,13602
215022,13540,13602
53546,13707,13770
115295,13715,13769
297944,13715,13799
376126,13743,13814
28336,13743,13826
77024,13745,13827
395217,13755,13808
387710,13797,13900
387711,13801,13905
216956,13810,13901
284926,13811,13872
201843,13815,13925
283377,13822,13933
355560,13826,13900
330806,13829,13891
34531,13831,13901
330805,13838,13914
304143,13861,13914
311958,13865,13921
398416,13870,13928
238582,13876,13934
23427,14050,14119
110277,14073,14133
320825,14226,14282
34452,14268,14331
77019,14270,14332
171475,14751,14801
40599,14756,14799
212366,14881,14945
35458,14885,14956
255950,14885,14968
63122,14889,14931
77748,14892,14963
33208,14896,14959
221697,14902,14958
349194,14908,14970
