31118,133,196
144393,133,213
145703,134,203
168115,144,212
331319,148,210
371345,152,214
163753,337,398
34482,337,401
1530,343,405
372422,351,419
348731,450,501
247307,450,531
161409,450,534
9553,450,539
70794,450,542
139870,450,549
218645,450,556
64070,451,512
145288,451,526
192465,451,536
114402,452,506
248089,460,566
238553,484,529
230519,623,734
286662,624,747
273214,625,726
31103,631,737
5532,631,746
193213,633,707
348730,635,741
7346,651,747
328466,652,745
35615,656,747
12754,659,747
386171,665,723
35015,668,748
230520,676,747
184613,689,747
12284,690,748
86983,700,747
103570,817,871
397392,817,876
260593,818,859
32815,825,887
57181,831,899
4232,1137,1235
221805,1137,1246
270121,1138,1227
114316,1138,1241
63960,1151,1255
158104,1166,1232
218646,1171,1231
279656,1172,1249
173198,1173,1234
334906,1192,1274
221806,1192,1301
280172,1208,1273
4084,1210,1261
37850,1211,1290
191377,1213,1286
347168,1215,1280
196394,1219,1295
107285,1233,1296
78458,1254,1307
175081,1261,1336
30999,1263,1333
298550,1266,1334
70795,1332,1408
374307,1334,1416
282081,1341,1416
377058,1342,1418
391988,1342,1423
75193,1351,1412
267060,1363,1424
175080,1519,1591
268057,1525,1590
282079,1582,1635
333525,1582,1642
127422,1584,1637
64073,1584,1655
51923,1593,1641
64074,1645,1753
9552,1691,1753
106624,1933,1975
124552,2056,2146
268058,2062,2142
238611,2078,2140
40832,2080,2147
133476,2082,2146
404537,2083,2147
273213,2175,2273
18680,2175,2317
193004,2177,2276
193003,2178,2288
94872,2187,2318
321404,2195,2331
194829,2198,2264
264680,2207,2327
106627,2232,2359
41977,2245,2326
34163,2245,2359
49560,2269,2359
273212,2272,2328
24804,2278,2359
238612,2297,2358
300191,2300,2359
282648,2396,2470
53124,2514,2594
329071,2518,2592
145848,2525,2594
53125,2526,2590
269706,2528,2578
82564,2529,2590
100759,2533,2594
196332,2534,2593
360730,2535,2594
350032,2727,2849
3440,2744,2858
126,2758,2860
173199,2760,2854
157260,2764,2838
134482,2766,2845
126,2767,2848
297824,2771,2853
133473,2785,2859
133474,3080,3199
385483,3086,3182
123869,3097,3184
18684,3100,3166
147656,3101,3195
254448,3103,3197
245194,3105,3177
35616,3109,3211
244269,3111,3172
335831,3111,3175
385482,3117,3207
29828,3117,3211
312388,3117,3260
133475,3121,3210
32020,3133,3185
244497,3143,3248
238555,3151,3250
114165,3177,3252
365017,3178,3235
8878,3181,3261
18681,3183,3247
106626,3184,3250
68366,3184,3255
350033,3184,3274
63961,3185,3247
192945,3185,3263
305677,3187,3256
214164,3187,3264
372789,3188,3261
248154,3193,3269
350034,3193,3274
329884,3196,3260
115307,3201,3270
176788,3212,3271
221856,3212,3274
175079,3299,3366
268057,3311,3367
40830,3434,3492
51924,3434,3504
276005,3439,3503
368631,3729,3794
311118,3840,3895
289108,3840,3949
179570,3845,3940
31001,3847,3943
256242,3847,3956
4275,3848,3918
182759,3850,3959
82652,3858,3923
178544,3858,3928
382368,3858,3953
53126,3858,3962
286983,3860,3972
276672,3861,3931
228798,3862,3962
398141,3864,3939
262247,3868,3970
149461,3870,3946
163774,3871,3939
167299,3871,3948
323197,3876,3938
23016,3877,3934
331980,3879,3979
216177,3879,3983
67932,3880,3969
296691,3889,3976
305678,3890,3997
404538,3900,3977
286982,3916,4014
245089,4092,4190
286981,4094,4237
279654,4117,4174
15355,4119,4235
40831,4120,4175
40833,4122,4216
369286,4123,4228
192464,4124,4219
25,4130,4237
132683,4134,4234
178859,4152,4213
25,4153,4230
25,4167,4237
372790,4168,4232
81086,4172,4233
13312,4173,4235
298779,4309,4370
39290,4309,4410
4113,4310,4429
22519,4311,4371
282080,4312,4415
15928,4314,4434
88535,4315,4428
108271,4333,4462
84306,4334,4424
1345,4337,4429
31119,4338,4449
256493,4339,4461
273557,4344,4451
6955,4345,4467
264679,4353,4452
1345,4355,4428
77663,4355,4454
21250,4356,4444
59624,4361,4429
6955,4363,4452
386172,4377,4454
9554,4377,4457
9555,4382,4468
27047,4416,4462
149723,4421,4481
192466,4421,4490
156404,4422,4492
12363,4427,4493
175192,4428,4480
63751,4428,4488
64071,4437,4531
155685,4449,4512
1269,4456,4530
2393,4463,4527
58740,4708,4795
61017,4710,4789
163776,4724,4795
377450,4725,4789
187719,4728,4811
21249,4729,4781
194571,4729,4805
31104,4731,4806
214585,4733,4780
212138,4733,4813
108268,4734,4852
108269,4736,4868
177410,4738,4802
4567,4739,4870
220748,4745,4816
22504,4746,4799
64121,4746,4805
194572,4746,4821
87675,4746,4825
377057,4747,4808
108161,4748,4815
10782,4748,4829
144394,4748,4856
15930,4776,4846
117338,4789,4867
270136,4797,4867
372788,4804,4864
31105,4805,4877
369287,4828,4897
223196,4880,4936
330340,4884,4942
274478,4885,4938
31102,4933,5029
256497,4950,5045
175400,4951,5016
31106,4951,5032
400192,4952,5020
31108,4964,5048
132681,4972,5056
51922,4973,5047
31107,4977,5029
328465,4978,5052
31000,4978,5056
109627,4996,5060
181110,5071,5193
237428,5072,5131
237845,5072,5133
156441,5078,5153
334908,5078,5223
398140,5080,5162
30700,5082,5159
132682,5083,5165
21895,5084,5138
102893,5085,5137
33674,5096,5160
108267,5100,5217
144395,5109,5226
273313,5113,5161
195647,5118,5172
357067,5119,5173
132680,5168,5237
85389,5170,5238
88102,5188,5237
15549,5299,5346
32932,5299,5357
238554,5299,5365
181108,5301,5372
181109,5301,5379
307513,5302,5368
7991,5308,5354
401202,5310,5380
349870,5354,5480
206947,5364,5459
279655,5364,5490
15929,5369,5490
163780,5372,5437
11554,5373,5470
103569,5374,5417
116949,5374,5450
4566,5375,5494
175082,5376,5476
238556,5376,5502
114403,5378,5468
57180,5378,5490
98490,5381,5434
112852,5385,5477
144392,5386,5492
218647,5434,5486
100815,5467,5533
17055,5490,5554
163775,5495,5570
328467,5498,5604
163779,5503,5569
129107,5514,5569
191760,5516,5584
108272,5550,5624
106625,5554,5625
108266,5587,5672
144396,5598,5672
298780,5610,5672
114315,5855,5924
260591,5855,5953
256496,5857,5942
387105,5858,5926
260590,5859,5944
343772,5860,5940
248155,5866,5943
334907,5873,5952
58741,5879,5970
397527,5882,5938
321403,5882,5942
401695,5883,5946
401694,5886,5939
132679,5898,5952
138033,6077,6142
256494,6078,6157
103568,6087,6140
118187,6098,6159
221807,6101,6155
305674,6105,6175
63962,6110,6168
245195,6127,6225
331981,6131,6172
9098,6140,6226
375971,6151,6223
24286,6156,6220
360995,6167,6237
64072,6171,6227
44871,6194,6264
259981,6614,6726
42860,6615,6679
30699,6615,6710
369288,6619,6680
256495,6620,6695
214165,6621,6700
47223,6622,6721
289935,6624,6698
68367,6625,6705
391916,6627,6676
268058,6632,6727
134481,6638,6714
18790,6654,6724
51760,6654,6735
133477,6655,6752
118186,6655,6773
238610,6657,6716
41976,6658,6747
163752,6673,6750
153089,6679,6791
74792,6686,6773
29574,6688,6786
158962,6689,6751
7944,6691,6783
39795,6692,6771
66991,6692,6776
97517,6693,6798
54272,6694,6781
31101,6694,6788
247364,6695,6752
163777,6697,6808
11735,6698,6814
377056,6703,6778
122247,6705,6749
221855,6705,6819
86438,6708,6788
350031,6709,6850
244496,6711,6812
44099,6713,6784
255789,6714,6807
18254,6715,6801
386173,6715,6819
163778,6715,6836
88974,6717,6809
195004,6718,6798
208640,6718,6843
118458,6720,6784
31120,6720,6819
391989,6720,6837
290958,6722,6783
386170,6724,6786
72066,6724,6788
30975,6724,6792
18682,6724,6799
150814,6728,6791
310323,6730,6791
235479,6746,6816
260592,6746,6855
31646,6747,6794
31117,6752,6808
106623,6753,6809
323198,6756,6852
259980,6762,6856
124396,6765,6827
333526,7011,7063
196935,7011,7081
74,7012,7079
50664,7013,7100
159195,7018,7066
270531,7018,7113
2043,7027,7084
73496,7027,7095
305676,7031,7112
290173,7033,7090
23138,7033,7094
70622,7035,7111
64249,7037,7092
42298,7037,7095
129106,7038,7094
163231,7038,7109
238165,7041,7107
30885,7053,7107
386763,7056,7114
1345,7178,7276
349871,7184,7284
248634,7186,7286
42821,7234,7289
121917,7354,7458
61614,7519,7581
391539,7637,7698
108270,7761,7819
114926,7761,7822
267,7761,7825
330428,7762,7823
214166,7780,7825
126,7860,7936
126,7865,7951
131535,7867,7931
161408,7878,7963
2735,8240,8316
193005,8240,8321
114317,8240,8325
113395,8240,8339
18683,8240,8370
26358,8242,8335
51539,8243,8339
114318,8247,8341
289364,8247,8362
386174,8247,8388
175084,8250,8379
305675,8257,8369
138032,8270,8366
175083,8276,8390
133478,8278,8367
198090,8281,8349
97413,8282,8351
9974,8283,8337
78375,8286,8348
