128682,136,188
383282,138,194
178148,226,293
268118,227,283
331960,342,457
120574,370,435
208158,386,460
52155,533,614
268119,533,641
242702,535,609
301616,536,664
69667,537,612
402617,537,619
172482,541,602
289177,542,609
121746,542,642
289180,544,606
1266,544,635
111114,544,672
36540,545,613
218813,548,608
60710,548,619
67648,557,657
286662,560,666
5532,560,672
323704,564,639
99472,564,646
2558,565,629
121745,565,671
72158,569,629
309396,569,657
255448,574,669
7346,582,672
362698,588,670
116373,592,670
203643,598,671
326500,608,671
206539,609,670
213968,611,670
154719,611,672
4192,612,665
111115,730,825
300975,744,809
121747,744,840
243640,747,813
69523,840,961
260393,843,943
314575,846,951
94334,846,970
22327,847,975
104215,848,946
32184,849,921
81027,849,930
218655,853,916
378398,870,930
378399,870,941
393199,876,941
5953,877,977
61022,899,977
128579,918,975
202869,920,975
111219,1463,1526
232323,1485,1571
396620,1504,1567
175439,1521,1586
232324,1522,1588
192838,1607,1678
5100,1756,1814
177225,1788,1918
96907,1795,1903
126235,1804,1905
178149,1809,1880
19400,1810,1906
386833,1811,1878
924,1815,1902
369781,1816,1926
383349,1818,1879
52065,1820,1919
331959,1828,1941
242027,1831,1925
87486,1832,1904
218814,1842,1945
269718,1844,1906
103216,1847,1926
278804,1849,1954
276924,1851,1928
396615,1858,1942
314522,1860,1931
176029,1879,1948
287032,1881,1929
127277,1883,1931
25,2032,2093
289179,2463,2527
318014,2463,2530
60711,2466,2549
398112,2467,2529
370027,2468,2530
75158,2473,2525
268120,2474,2528
1266,2476,2554
32484,2488,2549
183629,2488,2552
388704,2490,2553
298590,2499,2564
210894,2710,2772
151956,2712,2792
13304,2724,2770
261152,2818,2889
289178,2822,2888
276923,2841,2899
99471,2847,2916
323869,2998,3048
2873,2998,3066
69630,2998,3073
56768,2999,3082
348354,3000,3057
383283,3000,3072
383281,3003,3064
337847,3004,3046
99470,3007,3059
367638,3033,3123
130467,3053,3121
95945,3058,3128
162459,3064,3120
306329,3065,3122
13306,3065,3126
13308,3065,3145
150895,3067,3134
76960,3068,3129
327345,3068,3148
73933,3069,3125
376270,3070,3131
6086,3071,3119
311046,3071,3132
13309,3074,3168
346629,3076,3139
388708,3077,3148
350795,3082,3148
98013,3082,3160
44981,3085,3141
43854,3087,3159
298550,3088,3170
298588,3094,3163
210896,3237,3289
115078,3239,3335
319650,3243,3314
11567,3247,3313
286614,3247,3322
13307,3249,3314
286660,3250,3324
112838,3254,3315
177748,3254,3326
150896,3254,3333
150891,3254,3339
119708,3262,3312
58999,3262,3328
362699,3271,3350
151958,3278,3336
258933,3278,3356
241988,3279,3341
175760,3283,3345
388706,3294,3372
99770,3398,3467
393094,3407,3472
127470,3420,3485
205269,3462,3524
151955,3626,3690
153186,3626,3701
153187,3631,3692
299532,3631,3696
108602,3632,3689
298589,3633,3691
13301,3637,3688
210895,3641,3726
246723,3644,3690
388705,3652,3711
370188,3669,3747
218656,3671,3738
406226,3832,3901
70329,3832,3905
181819,3854,3922
397787,3859,3954
337725,3862,3958
3856,3874,3928
189989,3876,3946
396699,3891,3959
364408,3898,3962
262625,4102,4167
351741,4214,4279
41401,4415,4471
175825,4436,4496
14126,4810,4864
351743,4810,4868
367423,4812,4873
133069,4819,4883
400235,4822,4883
226069,4822,4893
102416,4830,4885
276922,4997,5061
886,5014,5112
1704,5016,5093
886,5021,5134
886,5022,5092
133067,5024,5128
162461,5054,5125
2875,5065,5155
31666,5135,5187
108780,5234,5313
95943,5246,5300
386588,5259,5343
178147,5261,5322
292084,5281,5343
282316,5286,5346
237126,5373,5439
273159,5373,5458
250447,5375,5439
351740,5376,5465
106626,5383,5443
52066,5392,5468
13302,5401,5462
242147,5410,5462
254472,5509,5570
99771,5679,5726
242026,5874,5936
218659,5957,6012
155508,5960,6014
210893,5962,6018
25,6116,6181
327293,6118,6179
138301,6119,6188
25,6119,6195
13311,6120,6185
1266,6483,6578
52154,6490,6560
376653,6503,6564
2558,6503,6571
58093,6503,6578
212163,6504,6562
28106,6522,6578
52067,6689,6750
139339,6853,6912
231404,6853,6917
95942,6853,6945
202868,6854,6918
336719,6854,6922
20887,6855,6909
267187,6870,6941
370028,7033,7117
192485,7056,7118
305654,7057,7125
52152,7059,7138
153803,7061,7155
232325,7062,7136
70325,7063,7156
348355,7092,7165
103614,7096,7165
250766,7146,7213
3130,7158,7221
27729,7336,7419
106227,7348,7413
33343,7356,7414
324042,7358,7412
65023,7361,7418
275972,7508,7576
63586,7520,7572
396614,7521,7585
297630,7534,7610
99776,7592,7650
31665,7597,7677
111113,7601,7665
108280,7602,7675
108629,7609,7677
326494,7876,7925
351744,7887,7945
156507,7917,7983
76607,8076,8128
387169,8081,8123
292085,8228,8298
30558,8399,8466
12077,8400,8475
28860,8408,8497
150567,8411,8473
386834,8411,8492
42684,8413,8504
396619,8417,8504
51879,8420,8493
375456,8421,8483
95941,8423,8500
241987,8430,8494
226854,8433,8509
10468,8437,8498
150568,8437,8500
310392,8442,8504
400238,8444,8504
286613,8446,8508
242699,8563,8629
242701,8563,8645
381537,8610,8662
339714,8610,8675
77424,8610,8691
211941,8610,8703
230058,8611,8667
12071,8611,8715
260392,8628,8723
26326,8629,8691
323868,8629,8725
289176,8630,8693
393093,8634,8707
134789,8634,8722
192484,8634,8737
389950,8638,8706
262626,8651,8714
309397,8654,8728
242393,8670,8734
350464,8678,8725
218658,8720,8792
351742,8723,8780
151957,8755,8820
2876,8761,8820
24077,9138,9201
403523,9141,9208
212165,9208,9268
212164,9209,9266
142108,9218,9279
52151,9224,9303
406678,9225,9294
142109,9229,9288
2877,9230,9278
25724,9230,9314
70326,9230,9321
12076,9232,9315
191916,9233,9311
55129,9235,9296
286659,9238,9321
52152,9268,9346
162211,9269,9357
124856,9270,9322
369782,9270,9344
185824,9272,9348
8055,9273,9346
107313,9403,9464
301389,9404,9455
387166,9405,9472
96367,9410,9474
341148,9415,9494
99772,9431,9493
298903,9431,9498
314576,9432,9501
52151,9434,9513
167152,9436,9485
30064,9436,9507
25724,9440,9509
387168,9441,9506
55128,9441,9512
12073,9448,9510
39467,9450,9513
151960,9587,9673
296007,9592,9669
18254,9593,9672
80125,9596,9655
396612,9599,9673
176030,9602,9673
289172,9615,9665
52153,9615,9672
2874,9705,9803
95940,9860,9905
108785,9861,9937
15873,9862,9927
5894,9862,9940
111116,9865,9942
95944,9868,9930
14417,9872,9941
231403,9872,9945
187197,9877,9929
151959,9882,9952
309395,9886,9966
10803,9894,9967
276927,9895,9974
276926,9895,9992
158858,9896,9968
150566,9896,9983
150894,9900,9981
292362,9910,9977
108278,9922,9994
193127,9933,10014
108781,9934,10016
323165,9935,9994
108784,9935,10033
393198,9936,9997
14770,9938,10017
61176,9943,9993
388710,9943,10021
109061,9944,10032
394036,9945,10024
96366,9945,10027
12072,9947,10014
77893,9947,10023
30065,9948,10012
4624,9949,10013
383770,9952,10010
388709,9955,10017
104634,9956,10016
362697,9966,10018
104214,9975,10046
260391,10036,10117
308792,10043,10109
351427,10426,10471
289174,10541,10591
108783,10541,10603
205268,10541,10605
388707,10542,10589
297493,10543,10595
231263,10674,10738
99774,10705,10767
246724,10822,10894
406679,10834,10893
23915,10879,10962
405169,10965,11040
70324,10965,11082
13303,10967,11060
71431,10974,11061
112836,11089,11204
105114,11108,11170
195705,11109,11151
396618,11133,11226
177339,11145,11207
79075,11146,11228
99469,11147,11221
343927,11154,11220
298314,11155,11216
397788,11156,11208
23064,11156,11226
339628,11157,11222
178146,11157,11254
13310,11158,11229
185822,11161,11214
367637,11166,11232
284401,11183,11251
364409,11202,11254
400233,11202,11258
208210,11280,11341
51306,11611,11658
242028,11644,11709
210892,11853,11910
278802,11854,11916
112835,11855,11934
111117,11856,11932
278477,11971,12053
169736,12062,12151
242700,12082,12148
121748,12082,12166
71430,12086,12153
157454,12097,12159
55126,12098,12214
191026,12110,12185
26756,12124,12203
108473,12127,12231
55127,12128,12224
250329,12129,12190
107312,12129,12227
11450,12140,12209
11781,12140,12219
346628,12140,12222
99773,12147,12241
128761,12148,12226
162460,12157,12218
239532,12157,12221
286661,12157,12227
12070,12157,12230
289173,12157,12233
10840,12158,12223
268124,12159,12219
343926,12159,12222
139338,12160,12221
387167,12161,12231
23133,12167,12225
16033,12325,12370
389945,12325,12388
289171,12327,12375
52153,12327,12388
162212,12342,12397
289175,12634,12706
111122,12634,12710
52155,12634,12717
260432,12635,12699
396616,12635,12702
310080,12635,12714
132161,12639,12708
1921,12640,12704
127884,12641,12710
42537,12642,12726
52154,12648,12725
242697,12649,12719
263278,12650,12727
326357,12651,12714
95938,12658,12725
230991,12660,12723
101447,12664,12724
18259,12666,12727
393522,12682,12727
167375,12783,12831
111121,12806,12906
111111,12807,12916
108283,12812,12891
13305,12864,12930
218183,12867,12931
108279,12878,12934
268126,12879,12950
394146,12886,12950
350465,12892,12946
108786,12893,12945
278806,12907,12989
150889,12932,12989
25,13027,13123
42009,13027,13130
270686,13027,13154
25,13028,13098
81086,13038,13102
13312,13039,13103
164865,13050,13139
77670,13071,13164
112837,13075,13124
252902,13075,13152
366813,13076,13141
226170,13076,13148
95939,13077,13174
108782,13079,13141
366452,13080,13133
2455,13080,13151
366453,13080,13154
194238,13080,13157
361902,13081,13140
72636,13081,13172
130409,13083,13151
191025,13095,13180
383245,13099,13193
104672,13100,13154
39329,13101,13172
253005,13101,13185
247760,13101,13194
36404,13103,13154
128684,13103,13173
42008,13103,13179
212162,13106,13179
57855,13106,13190
114086,13114,13175
402616,13117,13222
286663,13121,13188
400237,13135,13208
1706,13138,13200
91719,13138,13218
1705,13145,13212
90466,13369,13427
127198,13377,13465
150890,13377,13469
33026,13380,13431
253311,13381,13436
131592,13384,13465
56104,13391,13475
111112,13392,13443
134319,13393,13471
153802,13393,13488
268123,13393,13494
41884,13394,13473
108281,13396,13463
224667,13399,13463
295506,13401,13476
393197,13403,13503
45498,13405,13461
95936,13405,13486
268125,13405,13501
176028,13407,13470
52068,13409,13471
59149,13413,13469
212161,13414,13501
243637,13415,13508
99779,13415,13511
99775,13419,13520
289169,13420,13499
389948,13421,13504
66565,13421,13518
196346,13425,13518
10841,13432,13497
394147,13436,13503
108282,13445,13505
268122,13447,13502
29604,13449,13499
28859,13480,13547
389946,13481,13556
176027,13481,13569
344529,13483,13547
388711,13483,13557
386832,13485,13547
323550,13488,13564
379943,13492,13561
268121,13499,13562
323551,13513,13577
192839,13521,13610
99777,13529,13611
367000,13549,13612
98792,13555,13645
128683,13556,13649
23916,13557,13618
75433,13557,13625
23917,13557,13630
72472,13557,13659
321457,13561,13623
380311,13564,13637
107315,13566,13643
3742,13574,13643
75434,13575,13652
366454,13576,13638
322658,13576,13646
108472,13579,13641
130456,13580,13644
12075,13581,13654
6728,13583,13644
389949,13583,13647
42538,13584,13652
394145,13587,13659
276301,13591,13652
326604,13592,13656
231264,13595,13659
278803,13703,13751
398110,13899,13966
346627,13913,13981
218657,13914,13984
380506,13927,13986
368238,13928,14004
388688,13954,14030
354736,14257,14317
151961,14257,14344
243639,14257,14382
375422,14258,14318
103213,14258,14323
64073,14258,14331
278805,14258,14351
12074,14259,14335
226255,14260,14327
91127,14264,14316
232326,14272,14393
223745,14276,14344
8374,14279,14392
370029,14281,14384
400236,14283,14341
242698,14284,14344
32364,14285,14391
201147,14287,14349
36982,14292,14360
323552,14310,14389
186885,14323,14389
5101,14326,14393
398111,14330,14392
389947,14332,14393
142107,14334,14393
28242,14341,14393
70322,14606,14649
396613,14608,14677
108788,14857,14915
10782,14862,14919
94333,14885,14949
150887,14885,14970
301615,14885,14996
121980,14889,14962
108277,14890,15000
150888,14894,15003
276925,14898,14970
276928,14898,15002
178855,14900,14952
153753,14905,14962
2163,14905,15000
5532,14905,15007
7346,14916,15004
246194,14921,15003
73718,14923,15004
14125,14935,15007
69524,14945,15006
369783,14953,15000
273160,14957,15007
95937,15075,15150
107314,15102,15207
127472,15115,15205
400234,15118,15176
305653,15123,15196
212989,15274,15334
133192,15276,15344
362700,15419,15483
226070,15419,15488
8056,15419,15500
150892,15420,15480
388712,15420,15490
133068,15420,15506
278479,15420,15524
46792,15421,15484
178856,15421,15513
70327,15422,15515
128760,15428,15485
99778,15440,15506
279108,15449,15514
279109,15449,15530
356031,15451,15522
230214,15452,15516
105081,15455,15516
175954,15455,15525
278482,15456,15521
111118,15459,15542
3131,15462,15551
111120,15463,15506
105803,15467,15539
70328,15501,15592
185823,15509,15591
246902,15518,15581
121751,15645,15698
259912,15799,15852
278480,15802,15915
396617,15804,15853
70323,15925,15993
278481,15928,16055
251901,15938,16012
111119,16117,16213
369784,16131,16213
14124,16133,16188
383350,16133,16209
205267,16134,16212
326495,16136,16199
121750,16138,16214
104539,16142,16205
9040,16142,16209
123937,16154,16207
303834,16154,16209
294898,16171,16212
251899,16252,16313
335411,16383,16424
243638,16406,16472
134320,16428,16495
310108,16434,16501
389944,16445,16507
70321,16446,16504
225129,16447,16501
191490,16654,16707
376654,16654,16724
41402,16654,16727
322659,16657,16721
52030,16658,16722
219798,16658,16724
159514,16660,16712
150893,16661,16725
41022,16662,16724
142239,16675,16730
2578,16676,16727
326578,16798,16861
289170,16801,16859
261153,16850,16969
17654,16870,16945
251900,16904,17025
261154,16907,17048
278478,16926,17024
119941,16926,17047
121749,16932,17022
226071,16935,17047
107943,16940,17047
366814,16943,17032
52128,16960,17046
77746,16964,17031
232276,16966,17045
95946,16976,17046
99468,17134,17205
375423,17137,17209
237125,17142,17213
239533,17148,17221
297494,17150,17222
218812,17440,17529
246725,17441,17524
41121,17441,17532
70319,17441,17535
70320,17450,17527
25,17457,17519
25,17458,17535
98014,17460,17524
108787,17462,17527
13312,17465,17529
55991,17467,17529
