10715,123,186
6819,127,188
285600,127,202
10714,129,193
1924,130,212
247192,132,194
122796,136,197
185694,143,207
273941,151,210
10551,153,204
159111,247,302
192673,248,305
13525,249,313
357285,251,304
161600,251,312
288648,252,301
192057,252,307
105870,252,311
251350,253,334
13532,264,386
156344,267,382
349263,269,388
217933,271,375
47326,271,416
20736,284,338
307433,284,378
1824,285,342
134736,300,379
402855,305,415
163963,309,400
176364,312,376
83575,352,452
29555,366,442
193105,377,499
41120,377,505
340061,377,525
345773,378,438
41132,381,460
222156,381,493
172223,381,500
349264,382,524
27823,387,461
1809,401,483
485,411,498
13526,428,498
239480,429,501
323768,563,640
230415,597,658
58660,601,658
83576,737,860
68651,739,816
365921,739,864
202472,740,859
292588,741,807
127392,742,872
371891,744,807
25974,744,852
204330,745,865
256455,746,813
352304,746,876
196891,749,821
133400,752,814
126636,752,833
43951,753,816
156145,753,870
55133,757,811
134290,759,854
287410,762,845
58661,763,886
230416,767,924
365922,767,949
243854,787,909
343670,790,857
260353,797,925
27827,830,946
122797,831,949
396789,835,942
13530,840,934
250455,842,944
285014,847,912
40810,848,921
247025,848,931
7810,849,914
193104,849,917
87469,850,908
232070,850,925
8826,854,918
204331,856,921
245891,861,938
383139,863,944
251351,865,948
112364,868,947
91268,876,949
192663,1091,1141
232069,1092,1157
300994,1092,1177
47327,1093,1213
289874,1095,1172
6769,1096,1174
77475,1096,1200
390992,1097,1170
383140,1097,1195
116289,1099,1152
363754,1103,1172
208278,1106,1151
402854,1106,1176
290051,1108,1186
289880,1109,1155
29320,1109,1175
290050,1109,1196
58885,1110,1164
128923,1112,1185
178173,1114,1224
68986,1115,1164
68987,1116,1180
312447,1117,1222
80033,1119,1212
169499,1124,1212
106146,1129,1222
34698,1130,1176
278159,1131,1193
373760,1131,1235
53638,1133,1216
23536,1134,1196
281823,1134,1219
300997,1134,1244
63379,1135,1202
383741,1136,1230
356176,1137,1199
373761,1138,1238
106145,1139,1235
34697,1140,1212
322021,1142,1257
68988,1146,1227
374597,1147,1276
265196,1152,1221
323761,1153,1278
28111,1155,1231
365919,1156,1223
8088,1156,1233
9984,1156,1245
1926,1157,1209
141013,1157,1294
340363,1158,1224
100789,1159,1281
122709,1160,1255
216898,1161,1223
353774,1161,1239
24569,1161,1270
122711,1162,1251
361152,1166,1240
77893,1167,1254
392317,1169,1236
247322,1169,1273
26174,1169,1279
3830,1171,1253
332183,1173,1317
18254,1174,1268
24004,1175,1273
97382,1182,1239
64761,1182,1252
396612,1182,1268
11735,1183,1278
290054,1186,1273
41129,1187,1290
354469,1188,1251
58078,1195,1265
44191,1197,1272
303317,1197,1275
147079,1198,1302
110918,1199,1281
89552,1202,1263
280365,1202,1265
279908,1204,1317
181342,1212,1276
20255,1218,1289
365920,1220,1281
80036,1248,1317
323815,1349,1403
93980,1349,1410
335295,1349,1435
335296,1349,1451
8374,1349,1455
70366,1349,1471
134291,1354,1480
138346,1356,1474
13204,1357,1447
331588,1367,1475
276537,1378,1476
32471,1390,1453
264,1393,1463
26173,1394,1460
225004,1398,1464
383137,1401,1462
108450,1407,1469
371431,1419,1473
374817,1421,1483
147923,1431,1485
296004,1539,1608
202444,1542,1605
11631,1556,1607
17766,1557,1601
17767,1558,1604
396615,1694,1772
229767,1694,1780
367170,1697,1758
278160,1697,1765
322018,1699,1771
178875,1699,1787
335297,1700,1776
218352,1701,1762
335298,1732,1851
342698,1740,1802
379153,1740,1847
41118,1740,1851
323801,1741,1793
307815,1744,1805
41121,1762,1851
25,1780,1841
25,1784,1852
396793,1788,1850
161161,1956,2027
340009,1956,2031
322015,1957,2070
141012,1959,2034
124741,1961,2044
5650,1962,2027
148019,1972,2035
133582,1973,2027
223304,1980,2062
327772,1987,2051
278015,1987,2083
217549,1990,2096
112363,1992,2056
148018,1994,2111
198934,1995,2088
28915,1996,2082
40344,1997,2119
15940,1999,2111
309403,2002,2076
334365,2002,2089
270334,2003,2084
60506,2006,2095
363753,2007,2099
309402,2007,2102
90250,2007,2113
323747,2007,2145
214420,2009,2076
88524,2009,2101
34699,2010,2096
192826,2012,2059
266381,2016,2115
198933,2018,2085
59811,2019,2110
215200,2019,2150
126627,2020,2103
384213,2021,2141
290053,2024,2112
81800,2024,2144
28320,2025,2090
6818,2026,2083
36509,2026,2091
332186,2026,2141
217835,2027,2118
396653,2029,2083
65600,2030,2094
396790,2031,2156
242162,2033,2103
299738,2034,2096
108952,2034,2099
217598,2035,2100
340672,2036,2098
51585,2036,2102
262646,2037,2130
252400,2038,2103
13903,2041,2103
401255,2048,2117
360297,2053,2127
342718,2055,2118
183209,2064,2132
259980,2069,2166
247321,2070,2172
290049,2074,2150
126626,2092,2181
226509,2321,2387
93500,2322,2396
935,2323,2386
102616,2323,2393
217935,2324,2378
196892,2331,2387
385936,2333,2391
178880,2741,2837
218353,2742,2795
134297,2742,2826
323752,2744,2861
204043,2750,2864
58663,2776,2842
68018,2782,2842
230363,2782,2845
316356,2787,2855
323782,2787,2891
327621,2792,2845
26177,2793,2882
26176,2803,2901
363058,2809,2895
3216,2812,2883
350646,2815,2891
253366,2816,2916
323817,2830,2901
250457,2833,2890
334466,2853,2928
215889,2853,2943
331810,2854,2916
221271,2854,2953
383141,2861,2924
229770,2861,2948
236889,2862,2957
90808,2864,2922
183520,2865,2953
323747,2865,3003
173700,2866,2931
265195,2869,2941
322014,2871,2955
266380,2872,2990
933,2872,3002
332185,2874,2995
88974,2877,2980
63333,2883,2964
322013,2883,3035
163964,2886,2954
287545,2886,3016
41131,2891,2953
262645,2891,2982
18828,2892,2956
126614,2892,2974
102797,2892,2992
289877,2893,2965
162182,2894,2956
34457,2894,2970
40148,2897,2963
126621,2898,2978
393577,2899,2961
35487,2900,2962
12448,2902,2965
279908,2902,3026
126628,2907,3024
38947,2907,3028
55919,2909,2981
83573,2919,3033
322009,2919,3070
95707,2922,3040
253368,2925,2989
269908,2928,3008
122710,2930,3017
163962,2930,3036
106144,2931,2995
201310,2931,3027
51699,2932,3031
383988,2933,2995
204332,2986,3078
82706,2988,3055
171305,3000,3069
404055,3007,3085
217597,3010,3071
288608,3011,3077
138343,3037,3112
323790,3058,3145
210934,3072,3146
160335,3082,3146
160336,3084,3147
301402,3095,3148
90009,3214,3263
247325,3214,3275
340670,3214,3292
63532,3215,3277
226510,3216,3288
13531,3222,3293
373756,3238,3290
93907,3251,3301
386730,3265,3332
5008,3265,3349
126620,3265,3372
384212,3272,3348
13529,3280,3358
13527,3302,3358
332182,3302,3386
385937,3303,3370
323761,3311,3438
196229,3314,3424
88471,3327,3396
192714,3327,3415
83572,3327,3421
247324,3329,3409
343676,3330,3401
296007,3331,3416
19386,3332,3403
129761,3333,3394
13522,3333,3432
147080,3335,3406
170982,3335,3410
18254,3335,3421
41128,3337,3409
396791,3339,3426
93496,3339,3439
41130,3340,3394
216487,3340,3403
122717,3340,3415
88974,3340,3432
262644,3340,3460
178175,3341,3402
156343,3343,3403
95677,3343,3437
142266,3346,3399
63333,3346,3407
340008,3346,3420
323785,3346,3521
193106,3348,3409
287405,3348,3411
343673,3349,3405
113380,3349,3415
287406,3349,3449
179839,3350,3412
379161,3351,3407
88608,3355,3428
183206,3357,3444
49934,3357,3454
138402,3362,3427
257131,3363,3449
156143,3363,3453
269534,3366,3425
24514,3368,3463
295500,3373,3434
343672,3378,3431
323787,3416,3519
108449,3436,3502
398251,3447,3514
157538,3447,3520
57185,3449,3515
295501,3450,3514
171306,3456,3519
323773,3457,3527
118795,3462,3527
310429,3614,3671
47329,3614,3678
219111,3614,3685
80035,3615,3676
27826,3619,3685
350408,3620,3667
323745,3663,3755
234327,3689,3771
323776,3695,3778
272922,3700,3760
38945,3707,3775
106818,3714,3779
374250,3715,3778
27762,3720,3791
95701,3921,3998
108451,3921,4012
323752,3925,4043
287403,3958,4036
328910,3975,4027
219112,3979,4052
232068,3985,4038
27825,3985,4045
183208,3986,4043
105834,3988,4039
183210,3989,4042
323745,4033,4115
219114,4065,4152
45595,4077,4169
159858,4086,4189
31443,4091,4177
169578,4092,4162
134036,4094,4196
323784,4095,4209
65395,4099,4180
1925,4102,4218
328912,4103,4188
87233,4103,4203
20746,4104,4175
116642,4104,4197
234856,4107,4188
139560,4107,4208
219110,4109,4195
201308,4109,4206
205250,4110,4172
229760,4111,4204
134042,4111,4210
235812,4112,4181
1781,4113,4224
87225,4114,4207
643,4115,4176
65301,4116,4177
195404,4118,4226
83075,4119,4200
102934,4121,4194
1765,4121,4203
229763,4121,4208
49840,4122,4185
255291,4122,4187
1777,4122,4192
196894,4124,4195
94862,4124,4210
1925,4125,4188
72365,4126,4205
211919,4127,4191
250456,4127,4220
116639,4128,4204
323768,4128,4217
222832,4134,4222
213659,4137,4208
193102,4137,4212
30972,4138,4223
385931,4140,4204
196890,4153,4226
363752,4159,4225
26593,4180,4225
1927,4272,4352
126619,4273,4342
323816,4284,4364
379157,4286,4351
277468,4413,4486
201309,4414,4482
29558,4414,4500
229762,4420,4528
199916,4423,4510
287409,4423,4527
228216,4429,4501
217831,4435,4507
128619,4440,4521
934,4442,4526
118794,4446,4524
376809,4449,4521
6985,4450,4519
229761,4450,4527
1933,4451,4524
132391,4460,4554
322289,4460,4559
289873,4461,4581
241114,4464,4553
192051,4476,4568
93498,4477,4576
1780,4480,4537
258869,4480,4560
118793,4481,4564
122798,4482,4553
2734,4482,4567
227457,4483,4547
265633,4484,4557
269010,4485,4548
21716,4485,4563
140426,4486,4532
257229,4486,4588
220143,4487,4566
289875,4487,4577
289373,4488,4569
122624,4494,4556
264952,4494,4564
139561,4494,4573
152083,4495,4559
331809,4495,4561
366627,4496,4567
257237,4497,4563
258249,4497,4572
93499,4497,4584
222288,4498,4558
18829,4498,4590
87553,4499,4567
124378,4499,4577
69935,4502,4567
323800,4502,4620
84082,4503,4570
41114,4504,4584
95706,4504,4590
396614,4509,4561
124379,4511,4561
340059,4528,4606
13528,4531,4611
396792,4541,4606
323799,4545,4620
44192,4615,4678
193103,4748,4805
133580,4748,4818
179837,4748,4826
22116,4749,4824
205095,4750,4812
5974,4751,4830
108828,4754,4824
352303,4757,4828
69756,4758,4825
6966,4768,4821
332180,4777,4881
80395,4779,4823
323748,4816,4882
368348,4966,5072
139555,4967,5028
87228,4969,5050
55920,4972,5044
165711,4973,5069
84233,4975,5054
105830,4976,5059
230421,4976,5080
328910,4979,5059
227458,4981,5047
87226,4982,5043
199917,4988,5049
253369,4988,5054
141022,4989,5089
13521,4991,5096
3325,4993,5077
48504,4993,5086
44678,4995,5057
403182,4995,5098
133577,4996,5073
10717,4996,5086
60285,4998,5062
376808,4998,5101
376807,5002,5099
1936,5003,5080
150601,5007,5118
327088,5009,5073
10716,5010,5072
136225,5010,5100
340060,5011,5112
41963,5012,5082
1935,5012,5097
106141,5013,5139
399002,5014,5078
340671,5016,5099
41117,5023,5102
247194,5024,5094
13139,5025,5115
267530,5026,5077
83574,5026,5137
219897,5027,5079
307432,5028,5091
178274,5028,5095
187186,5029,5090
13830,5030,5105
34456,5031,5096
321431,5032,5103
323814,5057,5141
87471,5058,5138
87234,5060,5136
138066,5062,5127
133581,5068,5139
176363,5071,5146
322012,5080,5133
382002,5080,5142
237610,5083,5160
38948,5086,5160
344941,5092,5155
386607,5095,5176
200608,5096,5159
85234,5096,5161
1931,5128,5201
139559,5128,5207
354359,5131,5198
217834,5132,5208
42191,5132,5213
48503,5136,5201
2930,5136,5212
217829,5137,5219
68653,5139,5217
29557,5140,5206
122714,5360,5425
47330,5360,5428
43361,5360,5449
289878,5360,5464
210938,5368,5450
322011,5371,5457
358381,5377,5440
230422,5377,5489
382022,5380,5464
176850,5380,5469
196841,5382,5501
205285,5383,5496
327087,5383,5514
10719,5386,5438
66864,5386,5499
48904,5386,5506
230366,5387,5487
287543,5389,5490
340062,5391,5481
8848,5393,5485
398578,5396,5514
406196,5398,5459
227311,5398,5493
42937,5399,5501
116640,5400,5463
406197,5401,5455
44193,5403,5466
162396,5403,5513
17669,5404,5484
215646,5406,5477
262826,5407,5481
58886,5407,5487
44194,5408,5511
322770,5408,5519
221272,5411,5488
353995,5411,5516
405897,5412,5501
260602,5414,5465
276239,5415,5474
195403,5416,5472
166873,5416,5491
192055,5416,5509
353771,5418,5483
9070,5418,5541
319570,5420,5488
128470,5421,5482
322288,5421,5502
188746,5425,5538
192056,5426,5512
264321,5427,5487
46969,5427,5493
404562,5429,5521
201368,5430,5491
198932,5430,5518
249319,5430,5526
361153,5433,5599
156148,5435,5497
243459,5438,5488
93981,5440,5496
139550,5440,5523
353773,5441,5502
237072,5441,5504
34696,5441,5535
67617,5442,5524
168591,5452,5536
138345,5453,5531
401330,5459,5526
211250,5461,5537
265445,5469,5529
288453,5469,5531
252592,5472,5536
165710,5473,5533
187326,5473,5549
241487,5474,5538
84131,5494,5592
287579,5508,5588
323090,5515,5583
16010,5517,5597
108828,5520,5585
41771,5528,5595
45757,5536,5598
196890,5539,5599
148006,5550,5599
323748,5699,5754
122712,5834,5923
248460,5836,5905
183212,5838,5939
382001,5841,5919
223305,5841,5946
106140,5842,5933
200956,5850,5937
87360,5855,5925
33717,5856,5928
278014,5858,5937
81799,5859,5942
84122,5861,5932
91151,5862,5952
396788,5864,5932
27824,5865,5942
3569,5867,5959
209171,5868,5948
389599,5869,5967
339468,5873,5937
28108,5873,5944
126624,5874,5980
318407,5878,5940
327771,5881,5942
405993,5883,5958
340006,5885,5977
310423,5889,5952
34458,5890,5988
86515,5893,5956
186441,5894,5964
332181,5897,5960
261614,5902,5963
265416,5903,5972
183205,5904,5994
136226,5906,5968
290046,5906,6001
387308,5908,5972
183518,5908,5996
25071,5912,5991
378008,5913,5976
325377,5914,6004
126623,5915,5996
403736,5917,6009
192735,5922,6009
261481,5928,5970
104972,5929,5993
327385,5929,6009
386606,5934,5996
10625,5934,5998
290052,5936,6013
183522,5937,6007
202947,5940,6005
230082,5942,6005
152434,5943,6003
287402,5945,6059
126613,5946,6049
374652,5947,6009
374825,5948,6010
289278,5948,6014
328065,5965,6036
168489,5968,6038
217830,5973,6047
192049,5978,6038
183213,5979,6042
217595,5981,6049
374602,5983,6044
138344,5985,6046
267146,5986,6044
217832,5986,6048
253367,5986,6050
178303,5988,6042
217833,5988,6048
247330,5988,6050
374824,5988,6071
374973,5994,6076
33141,6008,6087
399077,6009,6103
26179,6015,6137
192054,6016,6078
171256,6018,6086
14638,6022,6096
51969,6031,6104
139558,6035,6128
134041,6037,6116
247323,6041,6135
56639,6044,6113
68031,6045,6115
1925,6045,6120
1765,6048,6148
105829,6049,6112
203560,6049,6114
213660,6052,6120
354360,6054,6130
235776,6063,6126
150005,6064,6129
221857,6067,6141
192053,6072,6160
196888,6076,6135
26181,6094,6161
121686,6110,6169
355976,6172,6245
374598,6188,6258
288728,6190,6237
1932,6191,6259
323763,6196,6308
138347,6204,6265
247745,6207,6268
289879,6207,6284
323762,6207,6308
320951,6226,6308
156346,6235,6308
89370,6244,6308
323748,6250,6308
156341,6358,6417
207811,6359,6423
287407,6359,6435
257231,6390,6507
95705,6398,6524
323797,6404,6539
143906,6422,6555
95704,6443,6549
139557,6448,6554
26180,6453,6546
257230,6460,6555
257232,6478,6555
211995,6479,6546
350131,6486,6545
80403,6494,6549
185695,6624,6707
385934,6633,6702
323796,6637,6742
323795,6693,6771
178275,6701,6771
118795,6714,6771
44192,6716,6771
347153,6860,6932
24907,6860,6936
93497,6860,6949
78148,6860,6959
29464,6862,6925
95703,6862,6948
257229,6866,6954
213661,6867,6924
219437,6867,6948
156142,6867,6960
235540,6868,6935
26182,6870,6948
204333,6871,6941
6029,6871,6952
156149,6873,6932
29467,6873,6945
95702,6876,6960
3856,6879,6932
323770,6932,7011
41125,6959,7014
192662,6961,7025
52387,6982,7046
20735,7005,7058
322016,7012,7076
28439,7012,7086
156347,7037,7162
218131,7052,7119
3321,7053,7153
128471,7086,7153
176361,7290,7345
95687,7290,7365
127419,7291,7353
81798,7293,7365
72604,7294,7351
87224,7294,7392
227459,7294,7406
257235,7297,7359
259981,7298,7410
382046,7312,7396
229768,7314,7412
80034,7314,7416
350132,7317,7387
87476,7317,7401
979,7321,7401
134481,7322,7403
281588,7324,7412
1771,7326,7403
32470,7326,7424
323805,7327,7419
1937,7329,7427
979,7330,7410
343674,7341,7405
27512,7349,7418
1929,7350,7413
40343,7357,7458
205869,7360,7412
206173,7363,7430
225834,7365,7408
385930,7369,7452
334918,7371,7437
269533,7371,7441
57318,7376,7453
209170,7377,7426
141015,7377,7436
44195,7377,7460
230364,7378,7428
122718,7378,7465
147081,7378,7475
7094,7379,7440
95691,7380,7468
217594,7381,7458
385933,7382,7441
195405,7382,7495
29465,7384,7479
300995,7400,7509
195406,7411,7499
374818,7416,7476
183207,7419,7477
229064,7432,7479
300996,7433,7561
396613,7434,7503
322022,7436,7499
301000,7457,7532
332174,7493,7582
247198,7497,7604
58657,7499,7568
343679,7500,7577
63576,7502,7584
247328,7504,7608
80032,7510,7585
294368,7514,7601
309401,7530,7598
309404,7541,7602
246552,7544,7603
360719,7568,7631
20229,7585,7666
135555,7587,7648
322019,7587,7663
134292,7590,7663
215620,7594,7663
360298,7603,7667
64762,7609,7677
173495,7612,7679
354362,7733,7794
37716,7733,7801
77335,7733,7805
16014,7734,7803
369233,7734,7809
41122,7734,7825
344038,7737,7801
1981,7737,7803
37754,7738,7799
369234,7739,7812
199804,7747,7819
277522,7750,7816
863,7751,7812
265777,7751,7814
307746,7753,7805
374819,7753,7812
141018,7753,7816
251400,7754,7813
1921,7758,7815
129163,7759,7813
323786,7760,7881
95688,7762,7838
379156,7762,7862
373753,7763,7830
47322,7764,7845
141021,7769,7831
170375,7777,7836
209167,7835,7916
323773,7860,7918
937,8007,8077
323781,8008,8150
250453,8011,8110
300998,8020,8123
1773,8021,8105
41124,8022,8083
23292,8023,8079
287544,8023,8096
10720,8025,8079
66864,8028,8138
108936,8030,8097
150338,8038,8135
88693,8044,8110
247193,8044,8141
214153,8054,8144
374827,8055,8173
200609,8060,8139
290075,8063,8142
374970,8064,8179
162766,8067,8135
142474,8080,8141
102695,8081,8146
269906,8082,8170
156342,8086,8147
116647,8086,8179
2087,8087,8151
92447,8087,8162
170981,8088,8177
72603,8091,8160
244997,8092,8163
14952,8095,8179
126299,8096,8139
29559,8098,8172
383145,8099,8181
87231,8122,8210
191847,8125,8221
88942,8130,8194
292587,8131,8251
195434,8139,8224
4769,8151,8224
126618,8151,8252
116188,8152,8217
176553,8152,8222
394621,8153,8215
290369,8154,8241
323793,8154,8250
141019,8155,8253
34459,8158,8216
49750,8158,8218
98970,8158,8260
98970,8159,8237
323792,8159,8257
323746,8159,8278
176554,8160,8229
141014,8164,8227
322017,8165,8238
3324,8167,8228
373657,8171,8248
320952,8173,8223
192052,8177,8254
379160,8178,8249
379154,8181,8242
253365,8185,8257
403735,8199,8265
277466,8203,8271
357301,8226,8270
207412,8226,8357
325911,8248,8315
285013,8254,8362
328911,8257,8334
323780,8257,8344
110862,8260,8329
213433,8265,8329
215621,8267,8357
49051,8273,8353
258870,8276,8362
350409,8280,8332
3322,8282,8380
382000,8284,8383
243853,8292,8357
266723,8438,8489
287408,8440,8502
323763,8445,8548
323762,8451,8548
314294,8482,8548
323777,8609,8679
323782,8619,8729
134296,8631,8735
26176,8638,8728
253364,8652,8737
350647,8652,8744
105835,8653,8730
363057,8659,8739
219436,8659,8766
26183,8668,8733
350648,8669,8754
290048,8669,8765
319351,8671,8725
290047,8673,8776
5022,8675,8771
397447,8679,8750
98970,8680,8777
323746,8680,8798
323788,8682,8769
120765,8685,8756
169580,8686,8776
213434,8687,8761
326225,8688,8735
55917,8690,8788
45756,8699,8775
129458,8700,8761
195407,8704,8778
63571,8713,8775
334576,8714,8772
20626,8716,8788
338823,8717,8818
66938,8718,8789
185696,8724,8780
367552,8724,8792
268668,8736,8798
210087,8738,8815
47328,8742,8803
237609,8744,8787
342707,8776,8833
219116,8777,8847
213435,8777,8853
323776,8791,8875
285599,8804,8892
133578,8930,9019
323811,8937,9029
95695,8947,9013
47324,8952,9015
80285,9071,9127
56609,9077,9127
294188,9077,9154
247326,9083,9192
87470,9083,9197
343006,9087,9150
122713,9087,9163
106143,9087,9195
48781,9088,9153
80029,9088,9180
80030,9088,9191
291728,9089,9164
55703,9090,9154
368197,9091,9156
327262,9094,9164
247327,9097,9200
323807,9143,9274
323806,9158,9276
323808,9167,9286
260354,9168,9275
26175,9175,9238
29554,9178,9274
23064,9197,9276
56551,9198,9284
197565,9199,9288
217936,9201,9284
139551,9203,9268
179835,9203,9277
176362,9203,9294
133579,9207,9290
58662,9209,9268
359463,9210,9273
179836,9210,9293
217932,9211,9276
217930,9211,9285
241508,9215,9284
332179,9216,9276
229775,9221,9276
343675,9233,9293
221833,9260,9341
253363,9273,9348
214240,9275,9347
126616,9276,9339
90009,9280,9342
374820,9281,9347
265198,9282,9351
343677,9284,9350
178955,9292,9353
222289,9299,9353
259764,9388,9451
10051,9389,9436
106619,9389,9440
336639,9389,9466
125721,9389,9470
181448,9389,9473
282722,9394,9457
22186,9394,9474
188249,9397,9473
122799,9400,9467
287404,9438,9513
230365,9454,9513
87229,9571,9617
87463,9725,9784
323813,9839,9894
217931,9839,9896
165709,9842,9897
14279,9889,9974
196893,9893,9965
216113,9895,9971
378082,9900,9973
379149,9900,10002
172063,9901,9969
95685,9901,9976
357712,9901,9979
106139,9902,10011
141020,9905,9968
171647,9911,10001
323785,9912,10084
300999,9914,9972
7793,9914,9975
400036,9916,9970
374599,9924,9980
99720,9926,10020
943,9936,9999
323741,9956,10085
126625,9981,10054
209172,9994,10061
193101,9999,10090
323790,10008,10082
126622,10009,10080
127929,10011,10087
209165,10019,10089
209164,10031,10095
374601,10126,10216
134037,10127,10230
4055,10129,10193
44199,10130,10216
95697,10132,10204
192661,10133,10193
391663,10139,10190
196809,10141,10202
139556,10144,10202
323741,10153,10266
265199,10178,10271
81797,10179,10242
323787,10179,10269
402853,10190,10254
295502,10192,10258
396724,10196,10261
127418,10199,10268
118792,10204,10267
5024,10337,10388
317678,10337,10400
265197,10337,10420
150340,10337,10425
936,10337,10428
44197,10341,10434
247199,10342,10428
1778,10349,10425
323804,10352,10415
1779,10366,10447
103709,10369,10432
150513,10369,10436
134039,10370,10485
217934,10372,10462
87473,10372,10468
257233,10375,10434
104671,10375,10477
134038,10376,10492
1772,10379,10508
250451,10380,10449
323784,10380,10488
379159,10380,10500
229765,10381,10466
139553,10382,10492
116641,10384,10450
379790,10384,10460
1925,10385,10483
397445,10390,10451
160337,10392,10462
318406,10393,10464
39866,10395,10445
379158,10395,10522
80244,10397,10496
87238,10402,10506
38951,10403,10466
87225,10403,10502
234918,10404,10471
201311,10404,10496
95699,10407,10496
122587,10408,10509
4058,10410,10483
1776,10410,10499
137559,10412,10485
137422,10414,10475
94862,10414,10487
1925,10414,10502
1925,10415,10483
99552,10475,10528
355723,10484,10547
355722,10484,10549
1919,10488,10540
43864,10488,10547
201312,10488,10569
95686,10489,10549
323750,10489,10598
124376,10492,10548
352300,10507,10602
325910,10511,10572
142376,10511,10581
28933,10512,10575
345771,10512,10599
345772,10517,10614
38946,10519,10594
165708,10520,10580
214241,10520,10585
219115,10524,10598
41770,10533,10613
401891,10534,10606
217596,10541,10602
69937,10541,10610
35485,10545,10608
274132,10555,10613
325907,10652,10728
139390,10653,10724
323758,10653,10730
36130,10653,10739
105831,10655,10731
323798,10655,10746
87475,10668,10747
323803,10677,10778
10217,10679,10745
95700,10679,10792
323770,10680,10751
340007,10681,10772
87237,10685,10764
340063,10689,10747
374822,10690,10782
68033,10691,10767
176359,10694,10796
189061,10695,10793
218132,10696,10791
122800,10696,10812
248770,10698,10799
230404,10699,10780
404092,10699,10814
193100,10700,10775
193099,10700,10778
87230,10700,10782
40533,10702,10747
108937,10707,10769
29556,10707,10777
81794,10712,10780
196886,10715,10818
40346,10719,10776
93151,10726,10794
222157,10744,10818
397446,10749,10812
183214,10749,10828
325914,10752,10841
136560,10753,10822
95680,10753,10828
144850,10753,10831
220183,10787,10854
402480,10790,10857
309339,10792,10861
399321,10795,10864
313082,10795,10875
5971,10800,10868
231061,10821,10893
242757,10878,10939
4056,10879,10936
147082,11016,11123
383138,11017,11068
192050,11018,11129
7049,11019,11110
106142,11023,11073
203125,11023,11087
238868,11027,11097
374826,11029,11098
314293,11030,11105
340362,11031,11137
5023,11034,11097
10725,11034,11129
192253,11034,11150
173496,11035,11111
215319,11037,11103
354361,11038,11143
85254,11045,11109
196030,11046,11112
351294,11046,11124
136077,11047,11144
85256,11050,11112
178174,11051,11162
247197,11053,11118
177342,11053,11126
229764,11055,11109
58659,11055,11151
142083,11070,11174
99553,11074,11166
99554,11083,11168
225835,11084,11136
3317,11085,11167
3316,11085,11197
69424,11086,11152
287541,11108,11204
369067,11114,11180
110643,11119,11195
23306,11119,11206
23305,11121,11217
85233,11122,11201
23305,11133,11208
343668,11133,11221
171307,11160,11221
210937,11197,11307
313083,11200,11259
142475,11240,11316
230368,11242,11315
156797,11258,11323
352301,11258,11333
334575,11260,11321
83577,11260,11329
122720,11264,11328
109225,11271,11339
352302,11274,11346
58658,11278,11333
161162,11279,11367
217094,11294,11359
238866,11310,11382
238867,11334,11409
196887,11338,11445
247332,11341,11436
58367,11344,11443
13524,11345,11423
41126,11346,11445
68032,11351,11431
41127,11351,11462
154319,11353,11436
38950,11367,11466
219591,11370,11425
159709,11371,11459
176358,11372,11436
323750,11372,11490
242759,11375,11436
108939,11379,11467
139552,11382,11454
325912,11385,11502
47325,11395,11456
23537,11396,11449
323801,11397,11461
68652,11397,11464
8825,11398,11499
986,11405,11480
108938,11405,11494
375946,11407,11508
178276,11410,11475
376806,11414,11513
325915,11415,11507
374823,11416,11483
62554,11419,11492
82545,11419,11505
179844,11422,11485
52328,11424,11497
10722,11425,11506
139554,11428,11494
150339,11428,11502
251445,11429,11489
15057,11429,11497
169581,11431,11494
124377,11431,11505
4313,11432,11503
112365,11433,11494
234855,11433,11511
3323,11435,11502
396787,11437,11521
323802,11438,11528
139549,11441,11503
8322,11441,11529
368349,11443,11504
269907,11443,11525
85255,11444,11509
213662,11447,11524
383144,11455,11538
332184,11460,11547
29551,11461,11529
290045,11464,11532
170979,11483,11561
339569,11492,11554
402852,11492,11564
213399,11497,11562
399322,11499,11578
123997,11514,11586
179845,11524,11572
309783,11526,11580
55914,11526,11583
127420,11527,11585
44200,11547,11610
328750,11548,11613
349265,11555,11609
147920,11590,11695
277467,11607,11669
100843,11612,11695
289871,11620,11694
397633,11622,11686
322020,11622,11695
265200,11623,11704
4318,11626,11700
257227,11626,11717
306885,11627,11703
209158,11627,11724
192252,11628,11690
311801,11628,11701
284859,11628,11716
306886,11629,11687
42197,11630,11694
183521,11631,11686
354468,11631,11688
252593,11631,11692
28110,11632,11696
28109,11632,11698
386916,11634,11683
353772,11635,11701
340361,11635,11716
179846,11636,11699
353041,11638,11704
28112,11638,11711
42196,11638,11724
23333,11641,11699
218135,11641,11728
77976,11641,11742
223426,11643,11725
405896,11644,11694
340360,11644,11706
374821,11644,11756
81795,11645,11720
407830,11648,11711
277393,11650,11711
25325,11651,11713
217828,11652,11718
296009,11652,11778
224813,11654,11721
218136,11662,11768
122715,11674,11805
41693,11676,11786
230419,11676,11790
287401,11678,11744
147922,11678,11752
40811,11681,11784
48289,11685,11782
165713,11685,11802
48037,11692,11788
64676,11695,11761
129760,11703,11805
141011,11706,11812
221029,11706,11822
156345,11711,11778
150844,11711,11813
108589,11715,11792
232148,11715,11806
101792,11717,11793
140516,11717,11825
169579,11719,11819
40345,11721,11798
213663,11726,11788
312386,11727,11789
134294,11727,11824
46132,11730,11821
296003,11731,11806
286038,11737,11799
287395,11742,11809
228339,11742,11833
114305,11743,11811
258871,11743,11815
91367,11743,11822
280390,11744,11808
212864,11746,11812
171443,11747,11819
325376,11748,11812
170550,11748,11823
61384,11750,11801
402856,11752,11820
233621,11758,11822
4894,11779,11845
156144,11786,11844
126610,11851,11926
323812,11882,11958
13523,11888,11946
170743,11896,11958
47080,11896,11971
47079,11896,12002
320664,11897,11957
240876,11898,11963
217929,11898,11982
232066,11899,11957
404565,11900,11946
108935,11900,11953
116643,11900,11958
61369,11900,11966
5021,11903,11959
134293,11906,11979
10723,11910,11976
232067,11911,11984
139465,11917,11975
95698,11918,11982
123996,11919,12001
242570,11920,11975
179843,11920,11985
84794,11923,11990
131183,11924,12006
255231,11929,11997
323744,11934,12024
209169,11943,12005
323091,11945,12005
122716,11952,12001
209163,11961,12024
352299,12065,12144
47081,12067,12128
156146,12074,12129
168733,12090,12162
298441,12096,12168
385695,12109,12168
385696,12113,12169
33597,12115,12170
385932,12232,12292
126612,12232,12296
323810,12232,12307
260355,12234,12309
323744,12235,12327
105833,12240,12308
87474,12242,12307
327382,12245,12306
133402,12245,12328
270641,12246,12307
122719,12250,12327
77334,12252,12328
36131,12254,12349
323758,12263,12336
325908,12264,12341
105832,12267,12372
287540,12295,12361
1769,12339,12408
92559,12353,12409
251444,12356,12410
320953,12400,12466
338010,12545,12625
3320,12545,12638
24180,12548,12658
122724,12550,12670
95681,12552,12639
122723,12553,12659
95692,12555,12645
323088,12557,12680
44196,12559,12657
101179,12563,12652
399027,12565,12646
95683,12569,12686
211994,12570,12629
126615,12570,12663
44198,12572,12646
26184,12573,12657
201674,12574,12626
222290,12576,12663
359464,12584,12657
322009,12591,12737
318408,12594,12655
47323,12594,12721
322010,12595,12703
87227,12602,12680
95693,12637,12734
391630,12678,12746
169758,12678,12771
217593,12682,12773
198562,12710,12773
10718,12710,12804
209162,12713,12788
209161,12717,12808
41684,12721,12791
23857,12726,12808
250454,12726,12814
138188,12730,12793
313084,12738,12811
141016,12738,12822
7724,12741,12818
250450,12743,12790
373754,12743,12814
339630,12748,12821
29549,12773,12859
231060,12774,12829
3285,12787,12866
165712,12795,12861
247331,12795,12864
323771,12835,12959
196889,12874,12936
73922,12905,12966
170374,13034,13089
644,13034,13098
58654,13034,13101
374600,13034,13118
80127,13034,13126
18236,13035,13088
26178,13035,13156
253126,13036,13089
368809,13036,13094
64854,13038,13102
359466,13043,13104
384211,13045,13150
3509,13047,13108
229769,13047,13145
122721,13048,13172
13533,13052,13159
287542,13053,13153
173497,13058,13155
396786,13060,13152
36132,13061,13124
120197,13061,13169
87467,13061,13182
335300,13064,13179
340004,13110,13168
247195,13112,13189
88892,13112,13193
257236,13113,13168
270189,13115,13195
86730,13116,13185
1775,13118,13194
169093,13119,13169
34487,13122,13190
195436,13123,13169
371432,13124,13188
119737,13128,13190
150341,13129,13197
387498,13132,13181
42192,13133,13193
296005,13136,13211
296006,13136,13230
339570,13137,13182
939,13137,13198
407827,13138,13196
217922,13138,13204
323740,13138,13238
210073,13139,13182
342699,13139,13185
307434,13141,13208
233821,13143,13205
400035,13170,13220
323740,13202,13298
179842,13225,13304
49329,13226,13279
273940,13242,13297
40809,13243,13295
199805,13259,13364
360092,13260,13309
374969,13260,13328
187982,13261,13323
10342,13264,13337
169759,13270,13339
266724,13271,13337
27175,13284,13366
2801,13306,13414
247329,13320,13430
26188,13323,13415
66423,13327,13425
151815,13331,13394
58655,13336,13424
1934,13336,13430
178957,13338,13419
349266,13340,13416
219122,13341,13399
269532,13341,13402
227460,13341,13420
245889,13343,13416
165714,13347,13419
230370,13354,13415
238069,13361,13420
311946,13368,13420
178912,13370,13427
198805,13500,13571
257234,13505,13589
80031,13507,13573
204335,13508,13586
386337,13511,13579
26189,13514,13595
124374,13515,13586
323756,13518,13590
222291,13521,13589
237387,13525,13588
18829,13526,13609
95696,13527,13589
289870,13527,13605
46572,13528,13593
399323,13529,13588
378820,13530,13585
87553,13530,13601
323800,13530,13629
93494,13532,13588
69935,13532,13594
95694,13533,13624
386608,13541,13602
337785,13556,13625
323799,13569,13629
95690,13628,13715
323809,13644,13713
9915,13650,13716
89370,13656,13715
163961,13766,13827
323777,13766,13836
27828,13766,13882
88021,13766,13888
2086,13772,13835
938,13776,13845
290044,13777,13843
257186,13780,13853
299532,13781,13858
323781,13781,13921
277465,13782,13883
209168,13783,13853
287539,13788,13877
124375,13790,13851
250559,13790,13883
230420,13797,13870
227456,13800,13856
204334,13801,13862
287399,13805,13866
87240,13805,13907
404909,13811,13883
289876,13811,13887
32469,13816,13907
247196,13817,13917
127417,13819,13883
166158,13822,13887
166157,13822,13894
392318,13823,13885
374829,13827,13922
379155,13828,13904
287400,13828,13909
210931,13833,13894
290075,13834,13907
379150,13854,13934
170980,13855,13919
373757,13857,13918
5009,13858,13920
385935,13859,13923
158949,13869,13933
277701,13910,13972
323780,13926,13997
176360,13937,14019
258870,13939,14014
269531,13954,13999
323742,13957,14057
323743,13981,14060
323778,13987,14043
323749,14048,14110
335302,14051,14129
134289,14051,14134
269905,14134,14206
176351,14147,14260
38949,14154,14212
134040,14157,14247
218133,14158,14252
165426,14162,14249
272588,14162,14253
218134,14162,14261
33716,14165,14237
323742,14184,14301
323743,14215,14305
85258,14226,14290
94693,14245,14309
95689,14249,14311
85257,14251,14307
209160,14254,14310
91152,14347,14395
1918,14348,14432
373758,14351,14435
230405,14360,14434
35486,14363,14474
95682,14370,14442
95688,14373,14454
323786,14373,14497
396616,14374,14432
379151,14374,14477
1921,14375,14433
83579,14376,14435
174852,14401,14474
373759,14411,14495
85259,14483,14547
323797,14550,14667
1305,14574,14668
65347,14583,14738
137,14596,14668
238070,14617,14736
383142,14628,14685
323796,14671,14761
323795,14717,14785
250449,14774,14831
15732,14780,14842
28438,14819,14921
283030,14835,14911
264969,14836,14899
150898,14868,14950
238072,14870,14953
23764,14871,14933
401168,14871,14941
82697,14880,14954
165334,14888,14977
157422,14904,14961
340669,14904,14989
323756,14914,14987
323749,14921,14973
382559,14926,14988
6029,14929,14990
87553,14930,14988
93493,14930,14991
41109,14934,14988
328909,15061,15147
287201,15063,15126
176353,15064,15138
133576,15067,15165
9246,15070,15149
96105,15071,15133
379152,15071,15154
163958,15071,15163
134031,15073,15176
288977,15075,15141
72220,15075,15169
93495,15076,15149
229776,15078,15182
42193,15079,15139
229766,15079,15158
1767,15082,15146
1765,15083,15150
137422,15086,15145
1925,15086,15151
294187,15116,15188
382045,15128,15193
307814,15129,15191
340003,15130,15192
340002,15130,15195
156839,15140,15195
275942,15140,15217
41123,15141,15207
243458,15145,15216
291737,15154,15216
183978,15155,15231
23334,15157,15243
172064,15162,15228
68023,15187,15243
63378,15332,15383
4061,15332,15385
4993,15332,15397
47082,15332,15412
238071,15332,15439
48654,15333,15417
236967,15334,15407
175664,15335,15414
400210,15338,15388
50393,15360,15433
147919,15397,15462
134295,15435,15544
98970,15455,15545
240088,15458,15532
140273,15459,15520
323793,15459,15543
230367,15459,15551
309340,15462,15540
323792,15462,15543
196420,15463,15532
290043,15463,15581
350649,15464,15530
142375,15467,15543
323788,15468,15545
134288,15469,15535
276238,15471,15545
213436,15471,15557
250452,15473,15540
104709,15474,15543
335301,15479,15587
305525,15480,15548
142267,15480,15566
116902,15485,15543
99732,15488,15579
38952,15491,15579
142476,15494,15549
179830,15494,15580
106138,15495,15587
356844,15498,15582
13201,15503,15587
31820,15504,15582
940,15511,15586
284861,15514,15583
375763,15514,15599
48502,15516,15596
135376,15518,15587
331811,15521,15589
188248,15524,15585
340005,15525,15587
25137,15527,15597
204041,15528,15594
204042,15531,15594
343678,15541,15601
102235,15549,15601
354357,15658,15708
163961,15744,15802
12710,15745,15810
277464,15750,15813
217827,15752,15831
82632,15752,15850
108934,15765,15844
141017,15767,15842
317677,15768,15833
295499,15770,15848
29469,15782,15847
323783,15819,15922
335299,15821,15924
323774,15834,15932
287398,15835,15918
10721,15836,15905
306297,15840,15904
258279,15868,15926
168286,15871,15929
402848,15874,15931
226317,15874,15935
126617,15876,15930
87472,15877,15945
138349,15878,15947
395829,15893,15969
178277,15948,16028
209156,15961,16028
209157,15977,16028
192048,15982,16028
68030,16181,16282
176357,16193,16280
195435,16196,16253
23718,16198,16254
343666,16219,16339
57827,16284,16351
391260,16311,16388
125268,16312,16394
230258,16318,16380
187170,16318,16382
369952,16319,16383
80394,16320,16374
375718,16320,16382
219120,16322,16385
108452,16326,16387
270655,16328,16383
1770,16332,16409
373752,16335,16424
229779,16336,16406
48088,16337,16417
382044,16340,16422
354358,16347,16401
374972,16348,16442
202446,16352,16397
202445,16354,16397
127286,16361,16431
217738,16375,16424
223306,16417,16464
391259,16549,16605
143226,16549,16610
171442,16549,16613
396652,16551,16605
102233,16560,16615
400034,16572,16614
258149,16579,16647
156147,16580,16643
229773,16583,16644
114390,16584,16649
58656,16584,16655
1920,16585,16650
149849,16585,16666
1774,16587,16648
327384,16588,16650
210935,16604,16666
189149,16713,16770
176356,16713,16790
262643,16714,16797
343671,16769,16835
318405,16774,16846
5020,16774,16857
219431,16774,16864
153552,16783,16856
167434,16795,16856
58653,16809,16857
325913,16809,16868
216488,16833,16900
290371,16836,16917
141010,16974,17034
323771,17046,17172
36508,17076,17140
287391,17255,17303
136224,17272,17336
295493,17274,17373
309158,17276,17352
230418,17283,17365
327086,17291,17360
26592,17297,17362
251959,17300,17371
77332,17309,17369
256788,17316,17369
2085,17477,17541
311802,17478,17553
242758,17531,17615
373305,17547,17604
273548,17550,17633
308346,17554,17622
134029,17559,17616
207414,17560,17617
209166,17560,17627
27702,17566,17630
196884,17582,17636
349268,17584,17637
378819,17668,17726
13539,17669,17729
349267,17809,17872
230369,17810,17944
91269,17811,17859
404093,17812,17877
139548,17815,17858
277462,17816,17877
229780,17817,17953
82200,17819,17886
47320,17819,17890
253362,17820,17883
352297,17820,17925
323767,17823,17936
182583,17829,17942
173613,17840,17903
101791,17844,17914
290041,17845,17954
189152,17869,17946
219432,18008,18074
173499,18008,18080
314291,18012,18079
79454,18128,18207
68809,18130,18198
129759,18130,18210
248771,18131,18203
26187,18140,18205
66865,18143,18223
195440,18147,18217
236406,18157,18220
322005,18158,18255
79165,18163,18219
38953,18167,18240
269903,18171,18233
322008,18174,18235
352296,18175,18237
129758,18178,18240
266523,18178,18262
296011,18185,18267
306331,18196,18250
296012,18199,18300
260601,18201,18266
163955,18201,18276
343576,18202,18255
7117,18208,18283
142084,18215,18286
54228,18218,18279
214998,18220,18286
246855,18223,18286
176352,18254,18322
6340,18254,18328
139546,18332,18444
196882,18337,18430
81796,18346,18424
121199,18368,18433
150345,18373,18433
219119,18387,18459
80028,18421,18476
340064,18450,18502
5019,18451,18512
227453,18464,18517
55918,18475,18535
383143,18643,18696
314292,18644,18693
97319,18645,18698
91330,18645,18701
29553,18645,18744
83578,18646,18741
287397,18646,18784
378796,18648,18694
42000,18648,18702
289872,18649,18703
57972,18650,18744
295491,18651,18770
151814,18654,18742
36133,18659,18723
247326,18661,18750
325909,18661,18759
168592,18704,18772
95673,18712,18785
40806,18723,18772
165708,18726,18789
230400,18727,18778
3318,18727,18797
1126,18730,18807
219113,18735,18811
116651,18736,18789
99866,18736,18797
369335,18743,18789
215622,18743,18796
217927,18745,18789
40347,18762,18819
323794,18776,18830
258873,18790,18850
222292,18814,18895
370741,18816,18884
385925,18824,18894
331756,18826,18895
14417,18832,18895
68029,18957,19023
126609,18957,19033
287393,18960,19053
343319,18961,19033
230414,18979,19032
232065,18981,19031
56564,18988,19052
323789,19013,19072
100883,19144,19205
89551,19144,19210
57187,19144,19216
6281,19144,19224
210936,19144,19231
209283,19145,19203
62555,19145,19206
47319,19145,19221
234086,19145,19226
47321,19145,19233
287396,19148,19214
192658,19161,19216
58651,19163,19215
323798,19194,19275
196936,19288,19362
323778,19290,19356
39408,19294,19355
150342,19304,19381
203894,19306,19354
229771,19307,19355
37669,19414,19496
154263,19421,19497
343669,19501,19591
343667,19520,19582
37669,19582,19658
142724,19589,19656
29468,19719,19787
323089,19723,19798
165715,19792,19855
41116,19918,20004
296008,19919,20002
149848,19919,20042
106689,19921,20000
296090,19922,19996
213398,19925,19969
55702,19930,19986
219433,19942,20051
139656,19945,19992
219434,19947,20057
322006,19957,20072
13540,19957,20076
396784,19960,20079
135029,19970,20085
322007,19988,20072
290036,19991,20051
147913,19993,20060
304005,20000,20066
340000,20007,20085
230083,20010,20074
122725,20015,20085
195408,20016,20068
207576,20038,20138
95679,20040,20149
230417,20049,20170
289904,20056,20127
374606,20056,20174
90251,20068,20132
398145,20068,20134
386731,20083,20155
196937,20083,20166
323765,20084,20194
213667,20085,20199
174037,20085,20203
106135,20086,20147
108454,20087,20205
1406,20088,20231
297761,20089,20152
15210,20091,20154
222158,20091,20235
314837,20092,20199
108930,20096,20228
332171,20098,20199
181915,20098,20203
47316,20098,20209
7482,20099,20222
26194,20101,20179
322001,20101,20184
83581,20101,20225
3428,20102,20213
59108,20108,20209
287389,20117,20243
158699,20118,20230
61386,20125,20210
126608,20126,20231
84763,20131,20221
193095,20132,20272
886,20134,20223
170746,20134,20255
290040,20138,20235
53499,20140,20256
199918,20143,20230
374831,20144,20254
323759,20144,20282
219124,20150,20258
211403,20152,20280
259,20155,20271
247337,20157,20247
230411,20158,20275
323772,20179,20286
13544,20181,20291
382042,20192,20327
485,20201,20265
126611,20205,20273
244999,20209,20318
485,20211,20276
251352,20213,20314
196881,20219,20328
305411,20224,20298
244998,20236,20304
311803,20238,20317
230398,20243,20334
349270,20267,20330
11008,20274,20346
285016,20275,20354
137360,20283,20345
328908,20303,20367
42201,20305,20388
227452,20309,20418
116648,20313,20375
237380,20314,20373
149850,20318,20425
401107,20322,20389
55915,20322,20395
122722,20341,20458
51070,20346,20418
238073,20346,20454
40348,20348,20447
45736,20349,20433
39236,20349,20455
247201,20349,20459
10727,20352,20439
126608,20352,20467
13541,20353,20420
335303,20353,20433
13534,20353,20464
10724,20354,20459
195439,20357,20439
290372,20358,20463
38957,20359,20450
295489,20360,20446
886,20360,20453
95671,20362,20447
29906,20363,20450
374603,20363,20455
294367,20365,20439
161164,20365,20448
138348,20369,20459
327084,20371,20450
247200,20371,20458
385928,20376,20459
95678,20386,20470
210933,20464,20530
116646,20473,20575
178956,20474,20544
229772,20474,20570
373755,20475,20561
87468,20483,20593
40349,20483,20597
23588,20487,20573
147918,20490,20552
40350,20490,20601
144867,20501,20574
340066,20504,20574
1763,20509,20586
327261,20514,20575
42200,20526,20586
56552,20528,20585
18290,20529,20591
110917,20531,20593
373748,20532,20591
287537,20534,20585
245890,20534,20588
89334,20535,20598
42195,20535,20601
112366,20540,20598
29548,20541,20602
287394,20586,20680
323774,20604,20700
323757,20606,20778
138352,20648,20706
323775,20684,20800
183519,20713,20778
93491,20734,20800
13542,20860,20950
384210,20861,20943
402850,20861,20965
250444,20869,20940
14417,20871,20966
250443,20877,20984
385924,20882,21011
290370,20886,20985
55242,20889,20944
374971,20890,20966
38958,20890,20979
332176,20890,20986
88893,20890,21003
230409,20890,21009
159112,20891,20972
213438,20891,20990
93644,20891,21013
252466,20893,20967
385927,20895,20976
118791,20897,21026
42202,20898,20965
42194,20899,21004
179838,20909,20970
295494,20909,21003
217591,20909,21035
170744,20910,21011
41110,20919,21032
230413,20919,21040
269904,20920,21023
886,20925,21042
195438,20927,21029
13535,20929,21042
170745,20933,21028
230407,20935,21029
277463,20935,21046
230408,20943,21023
42204,20945,21022
41119,20945,21037
4060,20952,21049
218138,20959,21027
385697,20965,21046
322000,20971,21029
340001,20975,21041
193098,20982,21044
381999,20985,21049
192047,21081,21130
402849,21142,21237
179828,21144,21246
29545,21145,21226
322003,21145,21235
95667,21145,21243
396783,21145,21250
163960,21145,21261
122728,21146,21256
165224,21147,21228
50706,21149,21222
41113,21152,21229
322004,21153,21273
170373,21156,21229
119147,21159,21228
24573,21159,21233
16023,21159,21265
379146,21162,21242
41105,21162,21262
3319,21163,21239
247335,21163,21245
63266,21165,21255
290039,21167,21259
176355,21168,21237
229781,21171,21237
206174,21173,21251
323751,21180,21291
309400,21182,21238
173500,21185,21282
217592,21188,21246
10052,21188,21278
396617,21190,21252
387307,21190,21254
134035,21194,21277
69936,21196,21246
196885,21196,21268
179841,21197,21275
179840,21197,21280
69981,21203,21267
296010,21204,21273
250857,21205,21285
134034,21210,21317
87232,21216,21282
323087,21229,21309
131631,21233,21301
26191,21234,21329
87235,21238,21331
357711,21239,21303
374828,21239,21316
41108,21240,21318
149543,21250,21321
323805,21255,21327
979,21256,21317
345345,21270,21331
80025,21275,21394
95684,21282,21397
404054,21283,21355
64050,21285,21358
209159,21287,21384
162395,21289,21353
176345,21290,21413
396785,21291,21356
1917,21291,21404
219430,21292,21354
201313,21292,21369
80127,21292,21391
4992,21294,21352
290493,21295,21406
72635,21296,21411
170185,21301,21397
83578,21302,21412
219121,21303,21415
95677,21309,21384
29546,21315,21437
235223,21318,21380
290037,21319,21425
179151,21323,21377
124372,21323,21435
81793,21324,21411
323767,21325,21425
378821,21329,21412
124373,21369,21446
1766,21374,21465
305413,21376,21466
229782,21381,21456
183211,21389,21456
127421,21394,21466
72983,21399,21465
219117,21409,21506
219118,21416,21522
148007,21476,21557
1768,21479,21552
192683,21485,21573
99555,21486,21548
159210,21486,21569
403734,21488,21571
147887,21495,21582
226490,21496,21560
267958,21497,21569
321815,21502,21566
369950,21504,21569
381997,21507,21569
305412,21510,21572
273135,21514,21576
270656,21517,21577
221270,21517,21579
221342,21518,21569
171304,21518,21576
38954,21520,21579
184104,21521,21575
195409,21527,21582
150344,21634,21691
150343,21635,21723
179834,21636,21697
4059,21636,21721
116649,21638,21700
230410,21638,21714
29475,21643,21724
29471,21645,21713
195437,21649,21733
74593,21652,21724
230399,21655,21787
41111,21657,21713
230084,21658,21723
229063,21658,21742
89985,21659,21714
97988,21660,21772
122727,21660,21789
116354,21661,21716
29552,21661,21719
215318,21661,21748
56289,21664,21741
325917,21664,21792
13477,21667,21720
238302,21667,21723
329072,21667,21746
329073,21667,21757
258872,21667,21795
80022,21668,21777
147915,21668,21785
13546,21675,21816
130111,21678,21760
323779,21678,21799
29477,21679,21776
10851,21679,21791
147916,21679,21796
154890,21680,21766
269530,21680,21771
195443,21680,21803
156349,21683,21754
77331,21684,21811
5804,21685,21776
227451,21685,21779
183218,21686,21803
247428,21688,21782
92252,21689,21756
289868,21692,21811
247339,21693,21795
287386,21694,21775
16660,21694,21783
295487,21696,21823
285017,21703,21835
290038,21705,21831
291727,21709,21781
185697,21709,21842
328907,21710,21831
287384,21711,21756
12449,21711,21823
345770,21712,21776
116653,21712,21787
17518,21712,21807
48500,21712,21838
323764,21714,21831
124157,21717,21840
54356,21719,21800
85260,21719,21853
380228,21721,21810
169582,21721,21828
58646,21722,21835
129757,21727,21851
26195,21728,21813
230371,21732,21802
295498,21732,21852
87241,21736,21801
94924,21738,21859
260356,21739,21889
323753,21752,21895
10724,21753,21845
126807,21755,21849
4917,21756,21839
13536,21759,21837
222159,21760,21883
886,21761,21838
269902,21762,21879
265462,21763,21824
95669,21764,21836
55911,21765,21889
323759,21767,21895
95670,21768,21837
18927,21768,21847
886,21768,21854
193097,21768,21883
277458,21772,21887
26185,21774,21884
374966,21776,21873
247338,21776,21888
95674,21780,21857
26186,21789,21895
129125,21800,21886
374967,21812,21887
378007,21819,21910
485,21822,21892
247026,21822,21899
179325,21836,21911
13485,21842,21905
57332,21843,21911
339571,21859,21923
375717,21883,21946
34460,21883,21955
187515,21884,21969
128469,21885,21946
217921,21899,21962
217922,21900,21960
147921,21909,21983
217824,21920,21967
47315,21922,21984
381998,21929,22003
2787,21934,21984
29541,21934,21991
29476,21943,22040
93492,21949,22004
209153,21949,22029
41106,21950,22036
27829,21954,22040
292586,21955,22034
29473,21960,22046
325301,21967,22053
161163,21973,22039
274090,21975,22047
398252,21975,22062
82698,21978,22053
227455,21980,22038
108931,21982,22044
238480,21983,22041
292585,21996,22058
296014,21998,22059
210930,22000,22048
188247,22000,22058
352298,22011,22070
323783,22020,22127
323757,22046,22215
236405,22078,22140
323769,22123,22232
319522,22171,22224
26087,22171,22246
354467,22175,22240
247203,22179,22254
357986,22183,22288
245000,22186,22255
177606,22192,22254
369951,22194,22243
227450,22194,22254
58652,22195,22273
210086,22196,22248
192657,22196,22278
237071,22199,22240
398250,22199,22268
378808,22200,22253
227017,22202,22261
349662,22203,22276
227310,22208,22274
172231,22211,22289
11713,22219,22275
310756,22219,22288
323791,22220,22301
407826,22224,22292
172065,22224,22306
323751,22225,22345
38955,22230,22302
204040,22231,22331
287390,22238,22326
199138,22241,22289
127422,22242,22308
134033,22242,22326
1923,22245,22355
285015,22250,22354
173498,22257,22347
223744,22262,22328
234028,22264,22335
10427,22266,22334
223745,22271,22358
323085,22272,22354
376805,22275,22357
58649,22275,22368
250447,22276,22353
327620,22278,22357
323815,22280,22353
8878,22282,22356
301995,22284,22353
138354,22287,22356
116652,22287,22359
150347,22289,22358
204039,22292,22354
87459,22294,22362
380229,22399,22456
41104,22533,22633
176446,22536,22591
319272,22541,22602
250442,22541,22622
127422,22543,22612
245886,22546,22609
4057,22546,22636
289867,22547,22630
29540,22548,22657
25365,22557,22637
8094,22559,22671
374830,22574,22642
245885,22577,22630
374604,22579,22670
166159,22583,22671
10726,22589,22663
108453,22591,22666
33625,22592,22654
249318,22592,22668
108932,22593,22656
292440,22596,22657
303712,22599,22663
175339,22601,22655
218137,22601,22668
58648,22602,22663
41107,22602,22705
48501,22603,22666
229576,22603,22671
196754,22603,22684
271559,22605,22651
213664,22607,22728
70958,22620,22676
213665,22624,22704
213666,22625,22706
171308,22640,22703
252591,22642,22711
216655,22642,22744
147917,22660,22762
38956,22661,22756
133574,22662,22732
386076,22665,22732
129164,22667,22735
26190,22667,22757
401106,22672,22734
14470,22676,22774
349269,22678,22726
402847,22678,22773
256787,22679,22749
250448,22680,22781
262855,22681,22729
328748,22681,22765
80023,22682,22735
378081,22682,22737
404908,22683,22726
31802,22683,22729
339999,22683,22775
200046,22684,22754
156796,22705,22778
122726,22712,22787
80027,22743,22806
108933,22745,22810
77333,22749,22809
96046,22764,22829
109226,22773,22837
134030,22777,22835
16328,22790,22852
366626,22824,22877
327383,22835,22922
321985,22848,22901
29542,22966,23023
291736,22966,23026
287381,22967,23082
158950,22968,23012
362375,22974,23064
126607,22975,23118
13545,22992,23084
230406,23006,23131
352078,23008,23071
44201,23008,23120
374607,23010,23074
1125,23016,23137
12450,23016,23148
323765,23018,23114
160338,23020,23068
320242,23021,23083
124158,23021,23156
284862,23022,23084
13548,23022,23098
379147,23025,23183
287536,23027,23152
3816,23027,23159
10728,23031,23141
285018,23031,23149
385923,23032,23156
192659,23034,23160
352295,23039,23138
129756,23040,23169
389178,23045,23164
163192,23046,23176
345769,23049,23162
323753,23053,23196
122733,23054,23177
31690,23059,23175
185698,23060,23184
886,23062,23165
247341,23063,23169
55909,23063,23192
886,23064,23139
85232,23064,23177
193095,23064,23188
24983,23065,23153
21090,23068,23139
163959,23068,23161
27808,23069,23150
53632,23069,23183
260358,23071,23180
44202,23075,23174
85261,23077,23161
126605,23077,23187
323754,23077,23212
26186,23080,23191
163951,23084,23190
287383,23085,23193
245001,23088,23186
277460,23091,23158
112369,23091,23188
193096,23091,23199
285019,23099,23191
373744,23101,23160
21469,23103,23162
485,23113,23188
485,23128,23192
323807,23164,23304
277459,23166,23220
4062,23184,23251
289869,23190,23289
323806,23190,23308
260357,23200,23311
323808,23200,23325
384209,23202,23269
40807,23202,23281
176354,23202,23302
213668,23206,23297
396618,23206,23300
29547,23208,23315
139547,23214,23296
229777,23214,23318
217928,23215,23315
217926,23216,23292
323803,23217,23300
175665,23219,23305
134974,23221,23285
134284,23221,23299
23064,23221,23308
179829,23221,23315
152968,23222,23317
265201,23224,23316
390993,23225,23326
215623,23227,23324
18530,23228,23306
340065,23228,23329
95666,23228,23346
17792,23230,23312
29550,23230,23334
122800,23230,23341
147912,23231,23338
219429,23233,23328
385926,23235,23348
113947,23236,23310
88289,23236,23323
111081,23237,23297
29556,23237,23302
204038,23238,23349
284860,23239,23313
110219,23239,23342
133575,23240,23324
59191,23242,23307
10921,23242,23337
301001,23242,23340
143093,23243,23326
26192,23247,23327
209152,23247,23343
10785,23254,23319
172066,23255,23342
247340,23260,23327
299533,23267,23320
323802,23269,23353
321999,23271,23349
235634,23272,23338
29470,23273,23354
229778,23274,23335
222096,23275,23351
230412,23276,23347
236253,23277,23368
359467,23278,23344
258250,23280,23348
404485,23300,23373
107022,23304,23379
46396,23305,23367
316722,23306,23372
258148,23308,23376
148008,23459,23521
137359,23460,23513
381984,23464,23554
169686,23468,23535
258875,23476,23585
116654,23479,23566
116680,23479,23571
334883,23486,23559
68021,23487,23573
83580,23488,23598
68026,23489,23580
5042,23490,23575
189231,23491,23562
81037,23498,23575
84783,23502,23563
325572,23502,23582
163953,23502,23597
176348,23506,23566
163954,23508,23571
163957,23511,23583
110760,23512,23576
202946,23514,23581
19311,23520,23582
87466,23529,23606
332170,23596,23734
68028,23604,23693
252182,23635,23698
107527,23655,23720
67260,23655,23732
80776,23658,23734
68027,23669,23760
301599,23696,23759
373749,23736,23794
85288,23752,23829
42198,23782,23846
232064,23790,23846
204036,23925,23992
161165,23925,24016
88894,23925,24021
27831,23926,23984
87465,23926,24000
40808,23926,24006
219428,23927,23994
343664,23928,23996
345680,23928,24015
165716,23929,24012
385698,23931,24016
199920,23937,23985
179324,23954,24007
108949,23955,24016
26193,23979,24075
13538,23980,24052
209154,23980,24064
87464,23983,24057
404564,23985,24055
332178,23986,24051
41112,23987,24054
397444,23988,24065
68655,23988,24071
229785,23988,24104
287538,23991,24078
122731,23991,24096
224288,23993,24057
41115,23993,24059
87461,23995,24072
323804,23996,24059
209155,23999,24062
122730,24005,24099
176347,24013,24111
75613,24016,24098
68025,24016,24116
55323,24017,24075
258874,24028,24101
122729,24035,24099
323755,24038,24142
55912,24040,24123
122735,24041,24097
99540,24042,24102
87462,24048,24096
85287,24065,24126
171908,24079,24146
149853,24110,24188
29539,24120,24219
106137,24120,24239
23152,24120,24245
183215,24121,24212
373743,24123,24232
192660,24126,24206
68022,24129,24204
382041,24130,24244
247202,24132,24212
183217,24132,24247
383146,24132,24258
88895,24136,24235
68654,24138,24211
322002,24138,24239
396781,24139,24213
245888,24142,24265
260600,24146,24218
95668,24146,24254
290042,24147,24221
83100,24152,24213
210929,24152,24225
99556,24153,24214
374605,24155,24212
47084,24156,24224
36507,24156,24248
170978,24158,24243
177591,24159,24216
81791,24159,24221
245887,24160,24258
47085,24160,24284
206622,24162,24260
361796,24164,24225
181821,24164,24246
142082,24167,24219
148605,24168,24215
65500,24168,24255
111621,24170,24251
97610,24171,24262
230372,24174,24254
382040,24174,24279
92826,24175,24250
83143,24176,24238
217923,24176,24267
366538,24180,24258
352669,24181,24242
398410,24181,24251
27830,24181,24266
116679,24181,24276
217925,24183,24300
307413,24185,24246
235811,24185,24268
337311,24187,24248
192046,24187,24292
185491,24188,24240
290864,24190,24304
21263,24191,24256
350687,24192,24267
172068,24192,24273
311804,24195,24295
238680,24197,24306
168941,24200,24261
407828,24200,24270
214154,24201,24262
99557,24203,24264
198931,24211,24295
8736,24211,24298
277461,24213,24293
7810,24213,24304
172067,24214,24275
396619,24214,24306
196883,24214,24309
3314,24216,24305
384208,24220,24273
353042,24220,24281
23324,24220,24283
270190,24220,24290
75758,24220,24298
10050,24224,24298
131184,24224,24313
356415,24227,24305
202194,24227,24326
190304,24231,24301
402481,24231,24305
279331,24232,24303
278955,24235,24297
320955,24238,24294
406288,24238,24330
361894,24240,24303
178524,24242,24304
171133,24243,24305
392316,24245,24307
130480,24246,24305
19157,24261,24306
229783,24273,24341
53241,24278,24338
323760,24305,24395
10729,24306,24391
222475,24307,24378
139125,24310,24385
124756,24311,24374
370595,24311,24378
170747,24314,24391
151813,24327,24384
36134,24329,24394
11833,24330,24393
382043,24330,24402
287380,24331,24388
163950,24331,24391
323764,24331,24439
59795,24332,24393
295495,24332,24410
95675,24332,24442
323766,24337,24406
230086,24339,24398
295496,24339,24422
325918,24341,24452
295497,24347,24439
327085,24374,24437
385929,24375,24439
290374,24376,24440
323754,24387,24509
323772,24406,24498
287382,24411,24490
485,24414,24487
230403,24416,24508
147914,24428,24502
402851,24435,24501
1764,24640,24724
391664,24641,24700
138351,24641,24703
210932,24643,24716
123999,24646,24712
323086,24671,24764
51732,24682,24777
42203,24696,24825
76608,24709,24809
179832,24710,24790
5037,24713,24785
217924,24713,24794
396842,24714,24799
288727,24721,24806
377064,24728,24812
159006,24730,24797
172069,24733,24797
130702,24734,24790
53056,24736,24788
170168,24736,24798
29472,24737,24807
281822,24738,24788
99539,24740,24788
319352,24740,24805
402846,24740,24808
30777,24741,24802
213437,24744,24800
392129,24746,24802
39702,24747,24803
88381,24754,24806
45755,24757,24811
230085,24821,24880
133573,24868,24942
159114,24877,24955
156348,24883,24957
374832,24886,24951
168488,24892,24953
268859,24895,24949
282758,24897,24955
165718,24905,24958
137841,24906,24957
9706,25018,25096
217920,25018,25103
311945,25019,25084
29474,25024,25090
257228,25026,25095
122732,25044,25127
288452,25048,25112
68024,25053,25129
35484,25059,25135
227454,25060,25137
340359,25106,25168
192656,25172,25254
31883,25178,25264
88896,25189,25282
134601,25191,25277
106246,25193,25259
46354,25198,25259
188745,25205,25256
102234,25205,25265
123232,25205,25271
385111,25210,25274
43175,25210,25303
288031,25221,25308
349271,25222,25316
31821,25224,25310
274091,25226,25287
90252,25227,25313
276237,25230,25277
108928,25230,25315
171441,25232,25277
323814,25232,25321
1916,25234,25313
178958,25239,25324
106134,25252,25362
381996,25266,25376
217823,25278,25379
323811,25280,25371
302421,25282,25375
112368,25288,25375
47318,25290,25367
81792,25290,25371
87458,25292,25408
327083,25293,25384
176349,25294,25357
384209,25294,25361
169823,25300,25365
404907,25302,25391
376804,25311,25385
179833,25311,25410
87460,25317,25408
122734,25319,25409
271504,25320,25371
298141,25323,25378
229786,25331,25414
323755,25341,25448
296013,25346,25413
55910,25349,25444
299530,25360,25440
343663,25361,25478
127423,25368,25443
299531,25368,25462
4063,25382,25460
379148,25413,25496
34513,25414,25475
287392,25427,25478
328749,25427,25507
265202,25433,25517
399026,25439,25524
142132,25442,25507
260333,25446,25516
306611,25449,25510
209284,25449,25525
1928,25457,25525
159113,25462,25531
406835,25483,25550
179831,25514,25605
299528,25578,25659
34461,25579,25654
222338,25584,25639
319017,25591,25669
325916,25592,25662
343665,25596,25667
299529,25601,25662
169583,25624,25702
178172,25740,25803
266524,25740,25810
340358,25742,25812
323769,25745,25838
323775,25745,25861
93490,25785,25863
323789,25798,25867
112002,25802,25869
77330,25811,25863
201436,25927,25981
199919,25927,25992
3502,25927,26016
3315,25927,26027
219435,25927,26035
359465,25930,26020
338322,25932,26003
367553,25934,26007
101375,25939,26025
195441,25941,26030
993,25945,26023
166160,25946,26044
5522,25951,26029
169584,25954,26033
42199,25955,26024
176350,25964,26027
163956,25965,26030
176346,25971,26018
289865,25973,26029
339997,25974,26028
332173,25981,26063
118790,25985,26050
260359,25986,26082
247334,25990,26059
389179,25990,26082
323760,25997,26083
29481,26013,26081
17517,26018,26081
41102,26021,26066
273939,26022,26076
269900,26023,26077
13537,26128,26192
229879,26128,26203
149834,26129,26201
229880,26131,26203
170169,26133,26194
165109,26268,26329
288726,26269,26330
217826,26269,26332
14332,26269,26358
242362,26269,26373
117762,26270,26333
51968,26270,26353
81410,26271,26332
134715,26271,26334
4720,26271,26350
103767,26271,26362
199921,26271,26366
134286,26272,26327
174363,26272,26338
318404,26272,26372
295488,26272,26414
116644,26278,26409
32666,26281,26358
217825,26281,26404
115805,26289,26352
61368,26291,26367
279464,26522,26597
168942,26530,26603
27512,26544,26605
147911,26548,26605
46624,26559,26608
331337,26659,26712
97695,26659,26718
1922,26659,26732
41769,26660,26710
399324,26660,26740
25506,26662,26703
266943,26663,26719
169687,26663,26722
176885,26663,26725
48936,26663,26728
14470,26663,26736
101956,26663,26753
149854,26664,26800
318403,26665,26796
163952,26666,26733
165720,26668,26727
250445,26669,26733
138350,26669,26748
351713,26670,26718
323794,26670,26732
318402,26674,26749
149851,26681,26816
116650,26682,26811
123998,26683,26749
391151,26683,26758
112367,26683,26801
183219,26684,26746
207413,26686,26766
138353,26687,26748
405994,26689,26753
29220,26694,26751
2088,26706,26778
161166,26709,26806
149852,26709,26820
207415,26713,26799
295490,26715,26811
176344,26717,26799
78659,26717,26816
3313,26732,26816
58650,26742,26817
55913,26754,26817
55916,26758,26832
373751,26788,26856
116645,26792,26888
353994,26864,26933
313085,26874,26941
183216,26883,26942
149855,26947,27011
204037,26957,27022
355724,26960,27025
109142,26986,27055
1622,26988,27054
80024,26997,27088
345768,27057,27135
44731,27137,27214
374968,27137,27249
320954,27138,27202
314290,27185,27262
34695,27186,27257
165763,27194,27250
122737,27195,27300
374651,27196,27261
90809,27200,27270
53055,27204,27264
21262,27205,27251
217919,27215,27315
97955,27216,27289
407829,27217,27258
134032,27221,27294
16661,27224,27290
21927,27225,27288
29543,27227,27302
323813,27229,27298
47317,27237,27315
29466,27239,27316
202122,27245,27311
122736,27247,27318
58647,27250,27335
403181,27253,27310
325676,27261,27371
247333,27266,27349
230402,27267,27345
396782,27270,27347
230397,27272,27379
287385,27275,27343
193094,27275,27347
340067,27281,27340
132390,27282,27335
102935,27288,27335
4065,27288,27346
227449,27288,27382
42583,27291,27344
323779,27292,27415
269529,27297,27381
245003,27303,27381
110229,27305,27385
27832,27310,27380
301003,27311,27389
222095,27311,27413
340068,27314,27392
4066,27319,27381
323766,27340,27413
247026,27446,27524
1915,27447,27508
485,27447,27512
13549,27448,27510
389180,27448,27518
245002,27448,27539
289866,27450,27516
115505,27454,27539
294713,27474,27535
57186,27481,27553
252589,27495,27553
381995,27499,27555
199806,27506,27558
139545,27617,27676
301002,27650,27737
229774,27654,27745
217917,27659,27744
133462,27660,27737
27159,27664,27721
217918,27664,27745
58645,27665,27747
112792,27666,27723
111014,27666,27749
134287,27668,27730
150346,27671,27740
2949,27672,27750
24248,27675,27733
217932,27684,27744
215319,27704,27750
219123,27738,27797
183517,27752,27815
252590,27756,27818
192045,27759,27825
379144,27761,27813
290035,27774,27825
174853,27844,27899
269901,27848,27938
295486,27858,27942
3216,27859,27936
287387,27859,27944
32468,27876,27939
81790,27876,27944
189569,27877,27942
53789,27877,27949
264951,27879,27931
295485,27881,27944
41103,27955,28035
57495,27956,28004
209151,27957,28042
223743,27960,28037
80026,27962,28028
292584,27962,28035
17932,27964,28029
206550,27967,28031
46645,27971,28027
404094,27985,28076
373750,27988,28092
119611,27988,28115
47083,27993,28086
250446,27993,28114
77087,27995,28107
212364,27999,28113
130896,28005,28117
4064,28012,28117
13547,28013,28114
21553,28017,28104
238074,28017,28123
21552,28019,28114
1345,28022,28108
16600,28022,28114
13550,28022,28117
48499,28026,28116
95676,28027,28114
295492,28027,28121
332175,28029,28113
126606,28029,28135
106136,28031,28140
1930,28032,28113
332177,28033,28116
230401,28097,28184
112370,28099,28182
87239,28124,28182
323810,28404,28485
327082,28408,28467
165719,28411,28496
293559,28414,28468
287535,28433,28511
244766,28450,28519
339998,28467,28574
29538,28468,28519
165717,28469,28516
379145,28473,28557
38959,28489,28581
287388,28502,28583
367554,28504,28584
1345,28508,28579
244273,28509,28622
48498,28514,28583
1930,28516,28581
134285,28581,28645
323812,28583,28651
196022,28596,28660
171310,28596,28679
151812,28597,28648
404906,28600,28662
350596,28601,28684
29544,28602,28686
171309,28610,28684
170977,28618,28680
229784,28618,28686
108929,28621,28686
68020,28950,29018
128154,28952,29020
112371,29067,29122
323816,29090,29168
95690,29097,29172
323809,29113,29175
332172,29163,29224
77329,29164,29259
323791,29165,29231
247336,29172,29237
80021,29190,29271
376803,29192,29266
105836,29196,29269
373747,29203,29292
373745,29222,29292
95672,29236,29327
290373,29239,29318
13543,29380,29445
216114,29385,29455
81789,29387,29454
100882,29388,29458
255230,29391,29484
157672,29397,29453
87236,29411,29481
56708,29421,29481
365748,29425,29481
195442,29525,29577
141009,29526,29578
323817,29526,29581
373746,29641,29696
101285,29701,29766
12451,29708,29789
114389,29711,29782
385686,29828,29890
396620,29938,29998
