164861,134,195
375601,152,206
408156,270,322
56981,384,449
21029,384,471
380491,384,480
189517,386,452
364047,386,487
124576,387,472
186012,389,463
109007,392,475
165763,394,460
356871,394,466
199531,397,483
385211,399,463
1138,401,462
236896,401,472
353204,401,492
44304,404,469
331613,411,484
164310,411,494
271717,422,540
342675,426,487
326795,428,535
244834,430,568
328908,434,508
173196,436,498
24428,439,528
24429,450,540
42651,458,523
59775,467,582
326206,494,607
125435,498,626
126797,513,658
111771,544,635
51555,544,661
24430,546,681
9314,548,663
115623,561,684
164272,567,654
18673,569,683
36751,573,637
212969,575,655
113688,577,640
13064,578,637
10783,581,683
367534,583,685
77367,587,684
210323,597,684
166025,608,685
191230,620,683
315571,623,678
370701,807,870
256301,808,862
285017,809,945
54277,811,879
328907,814,940
91158,816,879
94082,818,934
197276,826,913
89527,847,976
241716,851,969
227149,856,964
76017,856,976
886,858,941
886,862,962
107301,862,975
53279,863,989
69540,868,984
192978,873,978
317514,883,1007
271716,895,1008
193021,897,1017
91121,902,1014
265,904,971
101810,905,1017
296038,909,1027
203181,915,1028
241715,925,995
485,936,1005
184426,958,1028
378411,1093,1181
18672,1094,1160
85038,1094,1183
55955,1103,1179
187268,1104,1177
315075,1104,1181
249479,1105,1175
270667,1106,1162
407690,1107,1168
179448,1111,1169
25792,1111,1173
366821,1111,1182
359715,1113,1181
25795,1114,1161
138915,1114,1178
128726,1114,1183
101809,1116,1201
193019,1118,1198
359716,1123,1198
71243,1136,1212
71242,1158,1219
5571,1338,1402
402715,1341,1421
129680,1399,1513
129679,1429,1535
332411,1440,1533
83675,1442,1504
1925,1445,1512
375600,1445,1534
20512,1447,1522
1765,1453,1546
1925,1456,1527
253480,1495,1566
60160,1616,1673
220377,1616,1675
244835,1618,1679
203180,1619,1671
206539,1619,1678
364463,1814,1878
145396,2058,2119
728,2058,2123
107302,2096,2155
235130,2099,2206
226653,2100,2172
117513,2101,2219
271715,2111,2247
64024,2122,2236
12903,2123,2206
155773,2126,2227
153820,2126,2242
195561,2126,2255
271714,2130,2227
223203,2139,2227
71241,2143,2259
79647,2144,2262
242570,2146,2205
164270,2164,2260
79186,2170,2251
222748,2188,2250
295039,2195,2253
360141,2198,2252
117512,2293,2379
39706,2312,2379
370294,2323,2377
223304,2428,2509
280499,2440,2518
272478,2452,2517
284705,2454,2524
242571,2871,2976
215725,2872,2921
304606,2872,2934
366820,2872,3025
101740,2873,2958
226654,2874,2982
5572,2891,3025
378410,2892,2975
223204,2892,2993
51266,2892,3010
360356,2918,2992
215726,2921,3026
19400,2929,3019
315395,2931,2992
151502,2931,3026
163768,2960,3021
368031,2968,3025
263457,3147,3226
246182,3173,3215
4519,3348,3431
56983,3348,3443
227150,3350,3422
349138,3351,3410
315074,3396,3444
111770,3482,3533
291497,3482,3537
371353,3482,3543
111769,3482,3551
1139,3676,3744
304607,3678,3746
246641,3687,3749
263455,3687,3766
263458,3691,3771
370700,3694,3749
2719,3717,3783
99703,3935,4001
99704,3936,4009
46385,3943,4010
263456,3984,4070
263455,3992,4061
263457,3992,4074
328910,4009,4069
69095,4018,4089
92013,4201,4269
31067,4209,4269
244894,4342,4388
5494,4342,4406
212968,4342,4430
229765,4342,4433
113931,4343,4422
42060,4345,4438
218341,4349,4412
219352,4349,4423
195457,4350,4416
40167,4358,4410
184017,4364,4434
80244,4364,4454
185125,4366,4438
243358,4367,4431
95576,4374,4438
93979,4375,4434
101808,4375,4444
25793,4376,4438
91156,4383,4435
316180,4582,4648
366819,4584,4653
263456,4825,4912
263458,4826,4895
235131,4852,4925
85037,4853,4914
351441,4855,4918
125436,4857,4919
127184,4905,4983
125437,5545,5599
75570,5545,5612
194120,5557,5619
113687,5609,5688
113686,5623,5688
232426,5623,5693
91157,5628,5713
365235,5635,5687
372376,5635,5701
336399,5637,5700
355335,5643,5696
102821,5935,5989
103906,5939,6002
139468,5943,6004
351459,5952,5998
234716,5959,6003
127927,6177,6241
152787,6178,6227
361127,6178,6233
289686,6206,6273
99088,6207,6256
91120,6214,6299
72567,6893,6948
128406,6893,6961
993,6894,6955
235129,6897,7007
308943,6898,6982
210038,6908,7006
111768,6948,7033
294902,6949,7030
263270,6980,7034
19303,7068,7122
405013,7232,7296
342671,7237,7310
223621,7416,7476
371439,7417,7472
119663,7419,7477
321327,7543,7606
23413,7543,7609
69541,7543,7616
227151,7543,7631
18821,7543,7642
244833,7543,7650
164271,7543,7659
244836,7545,7626
128407,7564,7667
193022,7582,7666
305724,7594,7672
253481,7884,7946
328909,7884,7969
39707,7885,7948
391920,7886,7952
192340,7886,7955
364462,7887,7975
373099,7888,7951
96105,7896,7956
172134,7896,7965
185126,7897,7959
284704,7902,7968
375602,7908,7965
91155,7909,7966
128727,7914,7973
129678,7915,7983
18671,8096,8160
164767,8096,8181
358598,8098,8171
375599,8100,8161
46386,8100,8183
72473,8104,8168
27285,8104,8173
103964,8104,8180
97969,8108,8181
249480,8110,8179
277763,8111,8173
18822,8118,8179
100300,8118,8182
314512,8119,8174
103737,8126,8183
67426,8368,8433
164396,8368,8442
18820,8451,8516
140313,8455,8516
8986,8763,8825
302629,8763,8832
328912,8764,8834
1925,8765,8863
136293,8766,8821
67427,8770,8864
1925,8780,8844
249477,8918,8971
215139,8920,8975
246181,8924,8978
344726,9148,9252
24431,9162,9249
125025,9452,9501
164863,9468,9542
145397,9469,9530
316181,9472,9556
328911,9506,9572
193020,9516,9610
249478,9702,9763
139221,9706,9775
332410,9718,9768
172133,9718,9779
282107,9722,9794
143244,9724,9806
383684,9725,9788
332409,9727,9789
15586,9728,9801
129780,9732,9798
56982,9739,9800
24432,9903,9962
371352,10006,10082
22887,10273,10338
164862,10274,10335
130455,10275,10340
244837,10275,10352
127183,10355,10419
132012,10641,10705
221705,10645,10689
125694,10778,10895
164395,10788,10910
404791,10789,10904
355336,10825,10886
33949,10827,10889
377800,10832,10893
68762,10996,11056
164766,10996,11061
123193,10998,11052
303380,11012,11075
239643,11052,11117
25794,11053,11115
236895,11075,11156
125695,11080,11177
291496,11106,11177
253482,11234,11298
21578,11235,11304
315570,11241,11288
399890,11251,11314
12252,11453,11506
193702,11752,11801
126,11752,11856
111767,11754,11841
85198,11756,11818
140312,11758,11845
9423,11761,11855
246180,11767,11855
215727,11797,11858
50547,11798,11863
