6197,846,922
150956,1258,1341
294871,1259,1325
40,1262,1326
200731,1263,1319
101771,1270,1332
55594,1270,1337
36255,1274,1341
1666,1275,1326
188580,1275,1333
65430,1277,1330
201104,1278,1362
372176,1282,1374
359404,1290,1369
203354,1291,1371
266866,1292,1348
298284,1292,1365
368557,1293,1362
147007,1297,1362
17670,1300,1353
55141,1326,1384
168936,1345,1386
26891,1349,1422
70210,1367,1427
255991,1406,1461
246114,1411,1459
133487,1545,1609
27887,1546,1607
59981,1546,1621
297166,1547,1608
406746,1550,1618
241122,1552,1617
213267,1830,1892
357520,1867,1932
153847,1906,1970
179461,1908,1970
373254,1926,1996
209416,2030,2100
29950,2033,2094
148856,2038,2126
332797,2043,2106
167832,2060,2121
375882,2065,2111
121533,2084,2151
353532,2084,2155
298276,2084,2164
221599,2087,2152
342101,2091,2161
16745,2105,2164
291581,2108,2161
233622,2110,2168
298282,2113,2203
52876,2185,2236
336399,2210,2258
150982,2275,2390
218065,2282,2346
32536,2299,2366
150973,2315,2393
150984,2318,2394
150955,2321,2390
150960,2325,2390
150972,2330,2391
147327,2330,2394
289638,2334,2404
170165,2383,2449
147326,2384,2446
203870,2684,2755
373466,2685,2749
307958,2692,2753
79773,2749,2810
68398,2751,2817
374939,2755,2842
90153,2898,2954
386247,3057,3124
201103,3064,3120
219355,3075,3145
159993,3228,3294
150969,3228,3306
682,3230,3292
150967,3230,3294
150975,3235,3308
150981,3235,3315
34096,3236,3313
312874,3328,3381
96327,3343,3405
377165,3355,3427
105472,3523,3601
232720,3524,3581
70956,3525,3607
278777,3526,3602
217192,3531,3599
312898,3531,3608
374065,3533,3602
261214,3537,3608
146155,3538,3617
39448,3541,3603
314685,3541,3623
278778,3545,3607
150956,3561,3637
1665,3564,3623
32642,3576,3632
114936,3580,3633
44721,3581,3660
146473,3583,3632
133434,3586,3631
16191,3587,3639
63131,3587,3662
65384,3594,3661
298277,3597,3663
43434,3599,3660
16706,3599,3670
152509,3600,3661
16741,3600,3664
388391,3603,3661
313567,3603,3664
161134,3605,3660
298287,3605,3669
398502,3666,3741
297558,3690,3750
246113,3691,3752
158084,3724,3786
307260,3724,3794
204705,3904,3947
389770,3976,4026
78282,3990,4087
297559,3992,4052
151484,3994,4085
47310,3997,4058
41372,3999,4073
158082,4009,4082
148820,4028,4087
327879,4248,4311
328115,4303,4377
16012,4519,4585
285555,4520,4583
371906,4530,4591
150980,4540,4666
150983,4546,4659
150976,4584,4692
150959,4586,4661
150952,4589,4660
150940,4590,4669
150955,4592,4654
8866,4594,4645
293434,4888,4967
309679,4902,4966
150954,5002,5091
298290,5037,5114
150940,5145,5228
150960,5146,5205
150974,5146,5213
385528,5148,5214
150942,5150,5231
161854,5152,5205
150961,5152,5209
347551,5155,5233
151906,5159,5229
264736,5491,5537
98190,5492,5580
296791,5494,5558
298292,5494,5575
150978,5498,5563
264418,5499,5570
158990,5716,5824
406721,5739,5814
217115,5756,5812
84083,5756,5829
84084,5756,5836
79290,5757,5827
95914,5759,5853
377611,5761,5812
247155,5762,5825
297480,5763,5812
39433,5769,5823
31342,5772,5845
208431,5772,5853
323425,5772,5856
196051,5773,5836
7093,5773,5859
189851,5778,5857
196052,5792,5860
150963,5813,5905
150966,5813,5908
150962,5825,5910
150942,5838,5930
150979,5842,5910
150953,5845,5909
148857,5857,5904
402142,5872,5943
193399,5881,5950
120816,5891,5951
321328,5899,5957
210016,6148,6214
346982,6154,6217
230895,6232,6312
381707,6273,6318
92260,6538,6593
99963,6540,6610
296691,6540,6616
364164,6545,6613
165540,6546,6607
150958,6599,6688
150977,6603,6672
150952,6604,6669
124380,6629,6692
298286,6792,6857
194523,6807,6860
20865,7127,7184
150954,7267,7349
21481,7355,7413
150957,7355,7427
150950,7361,7449
225569,7368,7425
217191,7382,7459
90554,7389,7454
133038,7389,7459
336829,7396,7490
307588,7397,7459
94817,7402,7474
131407,7409,7489
403604,7416,7477
217193,7425,7500
45126,7433,7502
196075,7434,7497
231118,7460,7522
7685,7655,7713
255990,7729,7813
379357,7730,7811
7686,7736,7801
217475,7766,7873
133037,7789,7867
101935,7798,7873
297817,7800,7867
293433,7802,7873
194522,7804,7867
150941,7807,7874
223004,7918,7963
154274,7918,7965
224607,7918,7968
150970,7919,7987
171905,7923,7967
150967,7924,7987
150965,7935,8001
150951,7938,8015
150953,7940,7990
402728,8251,8307
56703,8252,8323
322420,8256,8319
131479,8259,8333
278776,8262,8328
306038,8277,8336
158083,8393,8456
374940,8395,8463
193400,8402,8455
5387,8403,8456
311715,8405,8464
150941,8407,8462
350115,8408,8463
54010,8416,8462
188743,8510,8571
150968,8511,8572
150969,8511,8593
150971,8514,8576
150972,8519,8575
150961,8519,8585
150949,8520,8579
240164,8629,8671
240165,8754,8836
214711,8757,8821
189091,8759,8823
202884,8767,8818
139277,8771,8815
47552,8771,8820
188033,8771,8837
121759,8847,8913
97949,8849,8927
201101,8850,8912
156495,8851,8916
51854,8855,8920
254596,8855,8945
61827,8857,8943
167831,8859,8924
209162,8867,8944
105211,8870,8946
51967,8883,8946
84281,8897,8958
198007,8902,8977
158989,8909,8990
203869,8914,8980
13758,8915,8982
379358,8941,9011
84955,8948,9019
174765,8948,9023
186786,8976,9030
76365,9068,9127
237364,9071,9128
401819,9097,9155
84954,9099,9161
406722,9160,9238
55231,9170,9239
187455,9185,9287
8077,9186,9250
79782,9202,9272
260604,9203,9266
150962,9225,9292
150950,9226,9318
150944,9227,9287
150973,9230,9288
150958,9231,9318
83815,9238,9311
134398,9346,9403
282518,9579,9643
84956,9625,9680
187456,9629,9713
300761,9644,9712
198621,9648,9712
70957,9750,9822
156496,9762,9823
150939,9767,9862
148858,9768,9825
150963,9774,9863
150957,9782,9867
297818,9783,9846
150149,9805,9869
150951,9806,9890
80505,10052,10121
80506,10052,10127
175325,10100,10178
104245,10105,10175
60712,10107,10178
186948,10109,10174
296269,10110,10164
112766,10120,10193
203539,10282,10333
150939,10287,10379
150966,10293,10393
150944,10304,10383
150948,10311,10411
150975,10320,10405
385527,10321,10371
150964,10321,10397
150949,10322,10387
118401,10322,10413
146154,10326,10396
83599,10333,10397
217476,10337,10403
63880,10342,10408
317911,10345,10418
178612,10346,10408
17103,10374,10427
298278,10586,10659
298293,10586,10714
298294,10586,10720
114362,10587,10657
150943,10587,10674
148687,10588,10642
16716,10588,10671
16704,10588,10677
298279,10604,10705
298289,10610,10725
240163,10612,10711
298280,10636,10705
378910,10636,10710
207775,10636,10726
107454,10637,10723
298281,10637,10729
54058,10638,10704
23522,10647,10737
233443,10648,10716
264248,10649,10707
104065,10766,10830
3611,10807,10863
364026,10862,10935
402143,10880,10934
253128,10882,10977
105471,10884,10954
253129,10885,10977
92587,10887,10975
105212,10888,10984
121417,10889,10933
264737,10895,10958
365182,10898,10965
314162,10899,10963
230603,10899,10973
133036,10901,10958
80930,10901,10983
291827,10912,11003
138451,10914,10990
392382,10917,10984
80929,10919,10980
235937,10924,10980
238200,10935,10996
76992,10936,10983
150960,10967,11020
160518,11194,11258
298283,11197,11260
154428,11199,11260
156158,11199,11272
382489,11200,11253
283635,11203,11276
331065,11217,11272
34831,11291,11352
312967,11332,11406
406720,11337,11428
353661,11339,11404
321329,11349,11410
233506,11352,11422
59622,11369,11430
381708,11479,11531
278775,11479,11548
106318,11484,11549
382490,11485,11551
153006,11491,11548
148859,11511,11584
148686,11512,11589
148688,11514,11575
176022,11516,11593
128041,11518,11575
158845,11518,11585
390255,11527,11604
5285,11528,11601
331066,11534,11588
136049,11535,11607
14784,11540,11601
264735,11541,11595
216818,11541,11612
266424,11544,11602
84957,11546,11607
63114,11548,11593
254595,11548,11610
332595,11549,11591
406133,11549,11606
238446,11549,11616
157476,11559,11629
150943,11569,11655
298295,11570,11649
150982,11676,11779
18649,11687,11734
139902,11700,11758
312875,11701,11759
150948,11704,11804
150938,11712,11805
150959,11715,11796
114521,11721,11800
348955,11726,11803
34096,11726,11807
140802,11727,11800
381420,11733,11800
151907,11735,11806
306039,11740,11823
310885,11760,11822
291826,11775,11834
266514,11943,12001
283636,12078,12142
150976,12170,12279
356196,12171,12229
150938,12173,12256
231315,12178,12237
150965,12178,12257
150947,12178,12262
150974,12179,12248
80722,12180,12241
297816,12181,12249
150981,12182,12257
5286,12572,12638
226562,12582,12645
99009,12586,12635
285556,12642,12721
298285,12708,12794
385686,12727,12793
213104,12749,12820
351209,12810,12877
26888,12818,12879
114935,12856,12914
372091,12857,12930
188579,12860,12928
203538,12965,13013
32231,13179,13237
169966,13179,13243
148860,13179,13275
298288,13184,13293
27582,13186,13231
161232,13188,13229
80504,13193,13261
188880,13211,13303
133134,13239,13307
47311,13240,13313
150945,13240,13350
150980,13240,13377
1664,13245,13315
298296,13246,13309
241121,13246,13313
150946,13250,13372
378286,13269,13336
150970,13272,13356
231315,13284,13352
150968,13288,13361
150947,13293,13385
39446,13298,13352
34096,13298,13379
248697,13390,13447
128154,13393,13447
201102,13394,13442
341613,13571,13639
78941,13572,13644
294872,13575,13640
226561,13578,13673
173020,13582,13638
125716,13582,13688
150978,13583,13657
80775,13588,13665
131480,13602,13688
9645,13607,13672
125717,13608,13697
39447,13621,13704
224069,13680,13746
102206,13698,13749
184031,13709,13772
189852,13722,13803
251133,13757,13834
139707,13956,13999
387465,13956,14010
58379,13967,14027
383513,14116,14180
370832,14188,14241
14783,14191,14241
63881,14227,14286
328340,14305,14399
275703,14310,14380
360461,14316,14381
174501,14316,14384
367606,14317,14378
150945,14318,14444
330276,14319,14387
298291,14322,14403
96247,14323,14411
347311,14325,14378
9122,14327,14377
329146,14330,14410
214542,14331,14403
148861,14333,14408
150983,14333,14463
32112,14334,14429
89331,14337,14412
150946,14337,14465
173019,14342,14420
403056,14343,14409
53808,14345,14411
39434,14354,14431
17669,14356,14422
2107,14358,14427
76993,14363,14410
32517,14363,14412
52261,14368,14448
150959,14379,14464
150971,14382,14458
150979,14382,14464
150977,14385,14465
278774,14386,14442
150984,14387,14457
148819,14388,14433
78150,14397,14458
150964,14397,14463
41373,14415,14496
12801,14446,14490
