337105,94,155
243324,94,192
164665,94,222
83535,98,162
377897,99,161
333,103,261
155668,104,278
130374,105,216
14025,107,207
4022,112,212
346693,112,250
18905,120,204
213631,123,240
359908,125,247
130499,128,278
219955,129,256
339557,130,281
394695,135,304
87950,143,283
83419,148,270
333,149,251
317996,149,257
256126,149,276
45531,149,286
115184,149,335
303213,150,280
204708,151,340
291373,152,310
363185,158,286
80683,159,270
83418,160,283
99689,163,316
388808,165,304
256125,166,272
166135,168,312
143922,172,331
46316,173,356
73267,174,300
325227,174,311
35891,175,296
230846,181,347
394694,182,253
131268,183,274
325500,183,319
155667,183,332
4895,185,303
258356,191,315
14881,192,255
275524,192,260
318633,192,269
103489,192,357
41641,193,287
136283,193,374
206664,195,274
306527,197,268
62897,199,276
325501,201,362
165028,203,303
303212,209,363
150100,211,272
201933,212,361
315455,213,306
303215,214,277
210372,216,277
190672,217,295
394493,219,352
168415,221,289
232174,223,286
328573,226,283
374196,228,295
66103,229,289
315454,229,292
154665,229,300
67662,229,314
10851,229,352
344966,232,307
45062,235,373
265435,238,318
260167,238,376
25845,244,364
106468,248,379
315456,254,358
204032,255,323
281352,256,320
8831,258,317
82607,258,385
174009,262,387
363184,264,353
252847,266,394
16353,276,336
264281,277,348
74524,278,372
87710,281,342
103052,282,408
296504,284,345
160086,285,346
383828,289,390
118713,297,360
88860,310,377
142191,311,427
317995,318,425
14428,323,386
260674,331,440
388811,341,448
347863,367,492
176071,368,454
23717,368,498
8186,369,460
17795,369,522
87712,371,469
157138,375,476
280678,377,485
156902,380,476
260673,383,498
60883,387,500
347802,390,456
485,390,475
47151,391,497
14900,395,473
485,399,499
49311,401,514
318481,407,510
177908,412,475
48998,413,499
174391,413,511
44825,628,706
115185,629,744
318634,632,748
130498,636,738
136703,640,740
268589,643,776
103488,646,760
368845,650,776
251025,651,740
109863,652,738
232122,657,709
35893,657,745
11246,658,753
55981,659,709
272560,672,806
17612,674,793
167290,677,738
292025,680,753
236980,680,796
99688,684,775
49312,685,751
200522,685,756
127032,685,801
281338,688,748
204880,689,735
213489,689,740
307461,692,806
4877,692,815
260168,694,795
136284,694,799
207392,700,810
115186,701,834
236984,714,792
143881,717,860
292026,754,869
204709,760,887
280681,768,844
306280,769,912
158445,774,878
44933,774,898
103051,774,915
394696,782,906
220282,784,896
225154,787,906
274933,788,891
23593,788,899
209850,791,858
362250,808,915
8984,812,878
17796,814,882
99687,822,915
49310,829,915
42694,844,905
309946,1166,1211
46045,1166,1233
258835,1166,1247
295085,1167,1209
80682,1167,1224
68831,1167,1226
29724,1167,1231
209855,1167,1283
246912,1168,1261
373774,1170,1256
388810,1170,1285
332981,1172,1233
303245,1175,1240
115887,1175,1267
227100,1176,1248
77020,1176,1253
78671,1177,1277
64521,1178,1286
310859,1182,1271
19623,1182,1286
34261,1184,1248
246118,1184,1265
251023,1185,1254
303211,1192,1286
310860,1225,1287
332983,1227,1287
301756,1298,1369
222401,1298,1381
177907,1306,1376
176345,1367,1483
121248,1380,1447
17609,1381,1476
142488,1383,1485
93382,1388,1484
71438,1389,1477
363183,1396,1473
256127,1396,1499
174000,1397,1485
402907,1401,1475
332982,1402,1496
44143,1473,1538
68131,1521,1562
339556,1522,1585
331149,1522,1630
92323,1525,1599
92324,1525,1607
310998,1525,1614
331150,1534,1645
378595,1546,1613
174006,1549,1610
172250,1573,1642
83529,1588,1635
83570,1621,1679
157139,1625,1696
388816,1626,1670
334058,1635,1700
24181,1646,1695
306798,1647,1701
4552,1652,1701
14829,1656,1701
99690,1747,1803
373773,1747,1825
80307,1748,1805
99691,1748,1807
160080,1748,1811
17797,1830,1918
174002,1843,1915
171900,1843,1919
179873,1845,1911
15067,1845,1936
350474,1846,1900
246117,1848,1928
332984,1849,1910
258986,1852,1948
179871,1859,1920
249612,1863,1933
87713,1876,1976
60998,1877,1932
167520,1877,1979
173999,1880,1946
173472,1881,1936
246116,1882,1945
301138,1883,1974
397646,1887,1948
276832,1893,1983
299279,1898,1968
301136,1902,1983
244002,2026,2083
106465,2027,2088
179870,2028,2080
385537,2031,2092
307224,2031,2120
106467,2182,2241
317591,2182,2243
133266,2182,2245
59250,2182,2260
273657,2182,2264
160082,2182,2268
92739,2182,2271
130058,2183,2229
137677,2183,2244
103050,2184,2233
378594,2184,2235
77022,2188,2256
131095,2189,2270
318635,2203,2272
158446,2205,2268
303220,2205,2283
321026,2206,2259
209853,2206,2272
402380,2207,2289
302153,2210,2271
339558,2210,2285
310994,2211,2274
402381,2211,2288
47917,2214,2279
2725,2228,2284
93381,2228,2292
95438,2229,2286
203530,2233,2317
92325,2235,2315
292027,2235,2340
337166,2241,2309
118631,2242,2315
379885,2243,2340
81960,2247,2332
165525,2248,2311
241427,2250,2315
256130,2255,2315
273359,2267,2319
347323,2270,2327
310993,2271,2334
303217,2277,2332
400693,2371,2463
373776,2378,2467
12161,2384,2437
249341,2386,2448
392964,2387,2437
66619,2397,2461
256129,2661,2722
48346,2665,2746
391383,2667,2728
82461,2674,2748
92326,2682,2745
18017,2688,2746
230824,2822,2928
394697,2827,2917
48347,2829,2942
62844,2831,2932
34161,2839,2935
136281,2840,2926
222266,2841,2931
47678,2856,2924
130500,2857,2937
288107,2892,2957
87711,2894,3026
288108,2896,3000
74525,2911,3029
402382,2930,3056
69973,2932,3049
45991,2933,3036
83417,2933,3054
25,2944,3046
87709,2950,3057
45014,2970,3034
25,2972,3058
101443,2984,3059
379759,2988,3057
25,2989,3054
399648,3099,3152
307225,3099,3191
174005,3108,3191
253083,3115,3185
103046,3122,3189
226521,3124,3193
251019,3125,3189
103048,3128,3189
103487,3281,3349
92321,3314,3382
166134,3371,3436
318636,3376,3437
17610,3407,3454
142346,3578,3666
106469,3623,3685
64520,3813,3903
57470,3832,3896
309947,3833,3904
248123,3834,3898
242969,3837,3919
230825,3837,3941
373777,3838,3899
374195,3842,3915
222263,3845,3905
206663,3847,3898
142347,3850,3940
130497,3855,3932
301755,3856,3948
61776,3859,3935
295087,3862,3919
302431,3869,3930
295406,3869,3933
205070,3869,3938
103483,3869,3946
113490,3869,3951
194838,3869,3962
301137,3872,3945
292039,3873,3942
18016,3874,3974
161218,3875,3941
103047,3875,4020
257269,3876,3937
244003,3880,3941
402379,3880,3964
336064,3881,3955
15063,3881,3988
160084,3884,3950
403997,3887,3948
324177,3887,3957
339439,3888,3965
63079,3892,3953
160083,3897,3957
383529,3902,3969
275525,3902,4022
83534,3913,3990
83533,3913,4020
292041,3919,3985
255451,3920,3984
87949,3924,3996
256128,3924,4020
244004,3936,4024
17798,3938,4020
244005,3939,4022
251020,3943,4036
103049,3945,4022
77019,3946,4014
51943,3947,4018
87714,3972,4020
63725,3992,4059
179872,4085,4167
15066,4085,4190
368843,4088,4151
161880,4088,4179
24180,4088,4199
337102,4089,4149
247515,4090,4164
383829,4091,4169
15065,4092,4153
174004,4093,4160
371985,4094,4188
368844,4095,4164
78807,4095,4171
101433,4095,4180
237626,4095,4208
49375,4095,4220
252848,4097,4172
174001,4097,4215
195169,4099,4171
169658,4099,4193
160081,4101,4221
59084,4106,4195
9975,4108,4169
331153,4110,4201
56204,4110,4209
379760,4112,4185
246115,4113,4200
17611,4114,4226
212452,4116,4177
3807,4116,4213
215050,4117,4234
74523,4120,4229
3456,4122,4195
276838,4124,4185
237629,4126,4186
373770,4128,4225
209849,4130,4222
158447,4135,4208
187368,4140,4205
280679,4141,4239
257270,4142,4214
252397,4147,4214
260997,4154,4215
400409,4177,4229
123583,4180,4235
349372,4193,4257
7373,4193,4259
243325,4197,4258
164664,4203,4254
4894,4203,4259
154921,4205,4256
236978,4207,4256
242674,4207,4258
382118,4208,4257
142487,4209,4256
66919,4474,4552
115615,4506,4575
303214,4509,4577
231736,4510,4569
215052,4516,4576
368846,4693,4760
236411,4693,4772
237630,4693,4776
88352,4693,4780
31695,4693,4785
164663,4694,4754
346024,4695,4783
331151,4697,4776
21724,4698,4782
134569,4708,4775
21726,4840,4901
184152,5266,5337
181923,5267,5339
247185,5268,5330
103484,5270,5334
103486,5273,5338
350471,5274,5336
373772,5275,5332
49558,5276,5334
65000,5277,5328
78808,5278,5332
246437,5278,5339
350196,5279,5342
168765,5281,5339
324178,5281,5341
101675,5284,5341
101434,5284,5353
351013,5419,5477
185822,5419,5481
174003,5674,5737
209856,5675,5766
157137,5675,5771
346026,5681,5783
348209,5682,5738
87715,5726,5792
281335,5793,5845
289348,5793,5855
366776,5795,5851
68132,5799,5866
341819,5801,5859
99780,5802,5865
116651,5805,5876
8232,5805,5884
171137,5805,5901
86369,5813,5936
371983,5816,5926
197017,5826,5933
402906,5833,5943
226523,5834,5898
273565,5836,5915
397695,5837,5926
242291,5837,5937
371454,5839,5884
15072,5840,5900
226522,5841,5908
179874,5843,5925
276833,5845,5920
397697,5846,5913
301651,5848,5918
233647,5848,5962
83416,5856,5919
227101,5861,5978
311932,5865,5964
4899,5867,5953
215051,5868,6006
123558,5869,5930
62896,5870,5961
280680,5882,5964
171898,5893,5967
215056,5909,5964
236979,5939,6016
378596,5970,6034
257181,5971,6028
243322,5988,6049
65076,6044,6094
332979,6098,6203
6876,6123,6202
77023,6123,6245
297837,6128,6202
142489,6132,6199
163975,6137,6199
236977,6139,6197
364900,6146,6245
388814,6163,6246
28326,6168,6246
176344,6173,6245
302152,6179,6245
347864,6437,6494
243852,6474,6518
247186,6498,6549
237627,6522,6585
64518,6524,6598
160166,6529,6583
15069,6530,6594
33682,6534,6601
176070,6733,6799
65024,6737,6797
31892,6747,6795
31891,6747,6803
119163,6752,6816
360898,6935,7004
157136,6968,7034
4891,6972,7036
249613,6985,7047
306279,6994,7071
317590,7035,7093
252896,7072,7126
131267,7081,7177
388734,7082,7145
56202,7082,7156
10077,7084,7166
236412,7085,7158
100387,7087,7150
293215,7088,7152
324170,7088,7175
309028,7089,7155
342371,7091,7137
27699,7092,7139
128241,7092,7154
303216,7093,7161
20907,7094,7155
382117,7094,7172
56203,7094,7175
131800,7104,7178
80682,7111,7172
290338,7113,7176
306525,7116,7174
50171,7116,7179
82828,7119,7176
164666,7119,7180
83420,7119,7182
207393,7123,7177
194907,7130,7178
149041,7130,7185
236983,7132,7177
176351,7172,7279
329112,7173,7275
49048,7186,7267
243327,7189,7243
350472,7189,7289
49047,7192,7255
282601,7195,7246
171899,7197,7265
297835,7212,7279
297836,7213,7273
171898,7233,7298
212284,7659,7721
136282,7664,7730
32011,7665,7725
160087,7666,7724
77021,8127,8182
83532,8127,8225
4517,8128,8180
390541,8129,8195
310997,8129,8220
9638,8133,8186
94450,8133,8210
116607,8133,8214
290339,8144,8241
337104,8146,8211
78809,8147,8217
383830,8147,8221
49313,8148,8209
4889,8149,8240
194905,8151,8212
383528,8154,8230
383527,8154,8238
7049,8157,8241
81227,8174,8239
60334,8180,8238
303074,8349,8410
227365,8349,8418
184150,8352,8403
281336,8354,8427
277017,8355,8403
113060,8355,8410
331152,8356,8421
178435,8357,8402
249270,8426,8508
116606,8433,8512
267906,8436,8498
301139,8436,8501
49868,8438,8505
174008,8440,8508
96727,8446,8498
174393,8455,8516
178355,8457,8520
53746,8468,8539
169334,8470,8533
408743,8472,8539
163124,8475,8538
339668,8481,8560
260671,8499,8552
176353,8501,8558
93310,8503,8574
245880,8519,8580
331032,8519,8586
347801,8521,8585
155665,8741,8837
258985,8743,8819
310995,8744,8827
130501,8804,8900
26500,8808,8889
53039,8821,8890
242673,8823,8876
166136,8824,8883
46317,8825,8900
103485,8825,8929
219620,8829,8889
94777,8832,8898
204710,8833,8895
337101,8834,8943
291201,8838,8901
252849,8839,8924
252850,8839,8940
15064,8840,8932
197020,8841,8894
176358,8841,8897
197019,8841,8900
131799,8842,8883
17614,8845,8888
77027,8865,8934
155666,8875,8944
388809,8880,8964
176347,8900,9006
197462,8905,9025
236689,8906,9015
103490,8923,9014
142491,8924,8991
406481,8928,8994
292038,8930,8990
197461,8931,9004
5042,8933,9014
4607,8933,9018
218674,8933,9036
88351,8937,9011
54541,8940,9014
68026,8940,9030
131744,8950,9016
106881,8958,9034
239249,8959,9010
347862,8959,9037
110760,8965,9027
35890,8989,9058
317588,8992,9069
220281,8994,9054
134107,8995,9056
220280,8995,9070
63977,8997,9053
301140,8998,9057
23330,9001,9057
142490,9007,9109
227102,9019,9075
172249,9028,9124
306796,9105,9179
306526,9107,9176
236410,9107,9200
236688,9112,9201
165863,9118,9176
391382,9122,9234
176072,9124,9175
62895,9124,9223
362249,9125,9180
311798,9125,9183
236409,9126,9200
63726,9127,9241
213632,9131,9199
222402,9131,9272
222404,9133,9275
245931,9134,9180
103018,9135,9203
405872,9138,9259
14284,9139,9201
200975,9142,9203
360897,9144,9207
222403,9149,9200
69046,9151,9193
134308,9157,9243
325502,9159,9200
60336,9159,9212
38624,9160,9260
80681,9162,9238
197430,9178,9236
155064,9178,9243
222405,9184,9288
185824,9189,9275
197018,9195,9278
95076,9198,9260
46315,9218,9312
303219,9219,9282
260672,9219,9338
46313,9220,9315
346025,9224,9329
46314,9226,9316
378598,9234,9288
381131,9234,9310
378597,9236,9288
3440,9240,9350
21725,9243,9368
126,9245,9346
191057,9245,9373
4892,9246,9367
194906,9249,9370
80684,9254,9385
80308,9256,9345
34735,9258,9361
199435,9258,9367
160085,9259,9389
256123,9261,9400
174392,9262,9365
260675,9267,9382
31754,9270,9381
126,9271,9357
282586,9274,9386
388812,9275,9355
343496,9277,9354
126,9279,9375
126,9283,9400
30194,9307,9400
371984,9310,9399
13679,9315,9399
83531,9322,9399
281337,9330,9399
406483,9478,9541
176348,9478,9553
243323,9478,9610
304185,9479,9540
394698,9479,9542
23955,9479,9547
309826,9481,9549
406482,9487,9555
213757,9495,9557
30609,9589,9638
231740,9673,9762
240152,9821,9901
164667,9822,9940
291374,9837,9899
101435,9838,9933
176346,9841,9902
237628,9841,9926
176359,9844,9962
288102,9846,9905
307226,9847,9951
231741,9848,9923
44934,9848,9926
115615,9848,9932
332980,9848,9969
310999,9849,9946
81453,9849,9962
197463,9850,9911
131229,9852,9965
131230,9852,9969
243326,9856,9930
345057,9856,9967
188036,9857,9951
316004,9865,9918
176361,9865,9927
177909,9867,9920
236981,9868,9941
318482,9871,9939
101398,9878,9968
1052,9895,9966
64519,9900,9969
339669,9908,9963
99087,9913,9967
236413,9916,9968
251021,9924,9969
24179,10026,10080
388815,10027,10089
76285,10028,10073
83415,10028,10084
324169,10029,10071
325503,10029,10086
231738,10033,10130
222265,10034,10127
48781,10037,10109
54543,10038,10122
191959,10057,10125
247429,10064,10133
16131,10068,10127
331227,10092,10155
115187,10103,10171
222896,10137,10202
350473,10137,10232
46175,10139,10202
83796,10142,10198
185823,10146,10211
310996,10147,10230
406479,10263,10331
209851,10263,10349
346027,10263,10354
122722,10263,10366
165351,10267,10355
39236,10269,10366
49049,10270,10331
402905,10273,10372
886,10274,10377
160090,10275,10357
237631,10278,10360
295083,10279,10346
303206,10281,10369
886,10283,10357
345058,10288,10361
146257,10501,10566
17794,10501,10573
288106,10502,10563
47049,10514,10573
306795,10546,10615
72978,10591,10644
303208,10591,10682
372509,10593,10660
303209,10598,10691
46495,10615,10690
64530,10616,10696
11006,10618,10680
373775,10619,10691
383526,10631,10694
89008,10646,10704
406478,10757,10814
303244,10784,10837
48345,10951,11013
190015,10963,11012
236982,11067,11132
252846,11068,11136
288104,11074,11133
210435,11311,11374
41656,11311,11378
352587,11312,11373
364224,11313,11375
152052,11313,11377
28058,11314,11376
77297,11341,11393
62047,11536,11592
347803,11537,11584
291200,11598,11662
379688,11603,11667
234792,11641,11743
2550,11646,11741
347511,11653,11724
177630,11654,11752
52943,11655,11744
345059,11656,11735
184151,11657,11722
197859,11657,11741
177629,11658,11759
6340,11660,11743
22874,11662,11716
176352,11662,11733
155009,11664,11718
64517,11668,11778
70216,11670,11731
165350,11679,11742
302151,11679,11744
128130,11680,11743
370500,11683,11744
215054,11684,11796
303218,11689,11751
191782,11691,11742
30818,11694,11744
215055,11726,11827
45015,11733,11795
242677,11735,11849
258577,11739,11855
242676,11745,11855
100379,11748,11825
24824,11750,11821
275718,11750,11862
115616,11752,11877
24251,11753,11857
19951,11757,11835
21847,11757,11842
59657,11758,11840
93477,11758,11845
317589,11758,11874
62845,11763,11868
103053,11764,11858
18018,11764,11865
98221,11769,11831
36112,11769,11844
3771,11769,11847
295086,11771,11852
49050,11773,11865
347865,11775,11850
34624,11783,11855
106182,11784,11847
382410,11784,11864
179869,11786,11866
379886,11788,11867
103491,11791,11870
292037,11797,11878
216433,11798,11862
24177,11800,11867
260996,11806,11870
62776,11808,11873
36346,11810,11866
74522,11810,11868
61777,11811,11873
224553,11812,11870
88350,11817,11877
24178,11819,11896
292040,11822,11878
292036,11824,11874
306319,11824,11907
176068,11825,11890
392507,11825,11937
101436,11829,11897
385535,11832,11902
351011,11839,11898
176349,11845,11906
77024,11847,11922
306278,11870,11954
8985,11880,11942
50534,11938,12000
300462,11951,12022
95708,12214,12262
1703,12373,12436
63049,12374,12434
95439,12385,12446
15946,12385,12454
62843,12396,12449
276835,12503,12587
332978,12513,12579
30195,12518,12601
169338,12519,12585
155063,12525,12596
397443,12538,12598
150099,12543,12611
64444,12544,12596
92328,12545,12604
299207,12548,12596
225624,12548,12598
94915,12548,12605
325228,12548,12614
325360,12549,12599
153722,12549,12617
94075,12551,12593
104257,12756,12822
258983,12903,12966
272707,12904,12963
197884,12906,12967
307460,12908,12958
1765,12908,12969
373769,13131,13198
99683,13146,13197
2800,13146,13200
307228,13147,13202
351012,13148,13215
384199,13348,13396
275863,13348,13411
176356,13565,13634
176357,13565,13640
303207,13566,13642
397645,13566,13652
47048,13568,13671
91296,13575,13661
160088,13575,13682
54542,13579,13693
64515,13590,13673
343497,13592,13690
91295,13594,13691
106470,13597,13673
129836,13601,13714
343499,13602,13697
292023,13604,13724
103492,13611,13690
347804,13613,13726
185117,13615,13676
276834,13616,13721
14100,13644,13728
15070,13729,13853
142345,13730,13805
101438,13730,13827
347807,13730,13859
101437,13730,13864
44935,13734,13847
256124,13735,13786
80311,13737,13823
251022,13737,13856
83530,13742,13849
80309,13743,13820
379687,13746,13847
80310,13751,13841
80312,13755,13841
101439,13763,13870
89006,13765,13858
4897,13768,13859
158444,13771,13885
126,13773,13871
126,13775,13841
142343,13775,13856
322348,13775,13868
142344,13781,13870
8984,13807,13863
226524,13809,13863
51547,13809,13870
361076,13809,13875
359907,13810,13886
247514,13811,13873
259168,13813,13884
284911,13814,13876
399647,13815,13873
172248,13820,13886
266412,13821,13874
315873,13823,13873
154538,13826,13870
394662,13828,13873
10972,13834,13887
406480,13848,13922
160091,13867,13922
325229,13878,13967
388813,13882,13990
332539,13888,13950
337103,13889,13954
194653,13890,13964
383554,13890,13969
174010,13890,13985
406484,13892,13955
93380,13892,13967
258037,13893,13949
99684,13896,13988
80680,13897,13999
54544,13898,14013
50767,13900,14019
4887,13906,13999
194904,13911,13996
391380,13912,13983
288105,13912,13993
231739,13913,13976
325505,13914,13997
213630,13915,14008
83413,13917,14021
237632,13920,14019
158443,13921,14012
101585,13979,14045
133990,13980,14063
6945,13983,14064
63199,13985,14047
236415,13985,14057
332744,13987,14058
236414,13987,14062
156121,13990,14061
89007,13990,14095
83414,13993,14056
24173,13998,14060
7909,14010,14072
303210,14014,14083
60335,14016,14092
368847,14016,14105
15073,14018,14080
325504,14020,14082
277018,14021,14084
142493,14021,14093
355239,14022,14068
307227,14024,14085
292024,14025,14096
378599,14033,14124
46767,14043,14107
249614,14064,14125
77028,14065,14124
281070,14067,14123
77026,14071,14124
251028,14077,14124
176364,14080,14126
197459,14250,14311
115451,14251,14296
62097,14252,14327
186983,14256,14336
360583,14261,14330
152110,14265,14330
53944,14268,14324
260169,14268,14340
35892,14269,14342
377210,14272,14322
4896,14272,14338
347861,14273,14335
95288,14273,14344
189941,14274,14333
391384,14274,14337
385536,14274,14363
278678,14279,14337
174007,14279,14341
130502,14280,14345
405995,14282,14329
252845,14294,14352
212283,14296,14380
70200,14298,14340
355214,14298,14342
321100,14327,14376
83976,14493,14543
1922,14493,14553
76607,14493,14562
155664,14493,14581
236976,14493,14586
388807,14494,14571
130023,14494,14583
90979,14495,14544
197460,14495,14564
91297,14495,14593
371982,14497,14555
14899,14497,14561
115188,14497,14566
295081,14498,14564
280676,14498,14620
15071,14505,14632
33681,14509,14570
209852,14518,14626
49054,14523,14623
15068,14527,14642
92327,14528,14637
136286,14531,14642
6953,14535,14651
209854,14543,14636
15075,14543,14662
215058,14545,14623
66423,14551,14641
243321,14555,14613
242675,14565,14651
251026,14567,14666
300461,14568,14660
189942,14568,14663
300463,14569,14636
295082,14575,14663
159418,14579,14664
363186,14585,14688
77025,14586,14685
155663,14587,14642
344025,14587,14656
295084,14600,14684
43051,14602,14703
138701,14613,14690
370499,14614,14702
338810,14616,14676
123823,14617,14696
25582,14618,14675
80313,14628,14677
91939,14628,14688
408742,14637,14697
77579,14651,14697
49051,14867,14935
176360,14867,14941
249624,14868,14917
77030,14868,14967
310983,14874,14948
373771,14885,14935
347805,14939,15024
4890,14944,15029
106466,14952,15047
171900,14972,15045
343498,14975,15028
40757,14995,15064
158625,15489,15549
8986,15491,15548
176067,15493,15544
18805,15494,15546
347808,15494,15549
258984,15495,15550
165352,15497,15550
215053,15501,15550
17799,15632,15682
251024,15633,15695
289252,15636,15701
118633,15640,15705
386016,15651,15697
171899,15774,15833
49053,15774,15836
6339,15775,15856
297839,15777,15835
49052,15778,15834
77031,15778,15851
171897,15778,15874
24175,15780,15853
24176,15797,15875
346153,15828,15898
185420,15838,15905
118632,15839,15899
80679,15840,15912
21716,15845,15904
77029,15846,15953
49314,15847,15903
46572,15850,15905
183917,15851,15904
93494,15854,15903
4898,15859,15912
297838,16090,16187
301141,16095,16158
310982,16109,16212
24174,16119,16212
171897,16127,16223
223754,16178,16234
46176,16182,16235
234732,16186,16256
142492,16187,16259
371981,16190,16257
231743,16505,16599
92329,16508,16579
213629,16508,16588
91261,16509,16565
8987,16509,16597
136285,16511,16578
92330,16513,16584
176363,16514,16598
288103,16516,16580
292990,16516,16597
152194,16518,16590
302150,16519,16577
86314,16522,16583
17615,16525,16580
276839,16543,16648
237147,16554,16638
276836,16557,16675
311000,16558,16648
7856,16563,16634
4888,16563,16683
106471,16564,16646
44556,16564,16656
325230,16571,16658
364901,16572,16644
237633,16574,16656
11258,16585,16681
21087,16613,16684
347806,16622,16706
88353,16662,16707
231737,16844,16940
80314,16850,16945
332745,16861,16943
164668,16867,16956
301142,16872,16943
83412,16879,16941
318632,16881,16943
164669,16882,16947
176350,16883,16944
160089,16886,16962
54387,16897,16963
341701,16898,16961
222407,16898,16973
393557,16917,16963
84081,16919,16965
9759,16943,17010
273658,17064,17109
176354,17086,17182
176362,17103,17203
391381,17106,17182
276837,17116,17170
10096,17127,17183
176069,17132,17181
355215,17135,17194
158442,17146,17203
101399,17182,17256
4893,17199,17270
135155,17201,17247
176355,17295,17349
49315,17296,17351
99685,17907,18011
215057,17908,17988
222406,17928,18029
15074,17929,18004
288101,17931,17995
14050,17947,18029
381392,17972,18033
399646,17992,18053
176485,18030,18106
130565,18030,18120
1981,18038,18109
217720,18038,18118
49037,18043,18116
8670,18044,18111
231742,18044,18128
290340,18045,18132
37754,18046,18109
192944,18048,18118
222264,18056,18139
240535,18061,18109
251027,18287,18352
155061,18581,18633
103493,18582,18634
146521,18582,18639
231970,18585,18640
155062,18586,18631
106472,18706,18785
197021,18706,18789
203551,18713,18784
95655,19024,19068
303205,19332,19378
99686,19417,19514
280677,19417,19527
49560,19418,19508
80678,19420,19515
64516,19420,19518
24804,19421,19513
8832,19448,19517
17613,19477,19570
52221,19483,19537
300460,19486,19554
62894,19497,19569
306797,19505,19568
397696,19726,19773
307229,19823,19887
27392,19862,19924
