20815,104,167
96552,106,170
290711,123,190
278745,123,235
326209,126,278
46490,130,218
315778,137,300
22021,143,287
212580,145,230
333,153,296
254039,156,303
115438,158,287
227817,160,300
204537,167,291
333,168,282
322552,171,297
367262,178,332
83273,185,305
11381,187,307
192415,190,308
319980,196,324
392458,197,321
367263,197,332
228429,202,326
268596,207,337
302780,211,286
379117,213,306
7910,223,284
308247,225,289
283907,229,325
45741,233,332
268595,235,316
79818,237,332
81079,239,312
201331,243,360
300430,244,307
20814,245,310
45742,245,362
81078,246,307
311604,248,310
385172,253,363
45585,254,329
38325,254,333
32735,255,306
222681,257,330
248469,259,362
236933,259,409
105064,262,333
338536,263,319
87024,263,349
175896,263,362
40311,264,334
228823,265,330
13228,267,335
72074,267,344
122707,267,360
333029,268,338
15007,270,320
333028,277,364
309119,281,356
60471,283,364
6627,289,363
29457,292,351
43315,294,365
20816,296,363
20813,299,392
180884,305,366
249217,307,425
131196,320,375
347767,321,387
289505,323,472
270954,331,410
393803,332,389
289607,336,420
280122,341,422
351714,351,488
110174,366,487
44843,367,490
53688,368,420
345127,388,492
28632,430,551
94471,434,553
10783,449,552
123530,465,552
48704,471,552
210323,477,552
77591,493,552
115315,692,800
351715,730,792
147423,764,868
267482,767,861
28042,771,874
485,776,853
485,789,859
357995,804,883
7597,806,873
287579,961,1032
2571,969,1034
372473,1010,1099
367264,1016,1082
391742,1025,1088
372474,1032,1099
61288,1041,1100
201736,1132,1180
213101,1132,1193
108799,1132,1208
391743,1132,1215
201332,1153,1208
315779,1226,1341
44842,1231,1316
250980,1237,1342
39797,1256,1328
227816,1449,1513
48921,1451,1500
198187,1814,1890
397455,1828,1903
