24974,93,155
149487,93,162
196170,93,198
96637,94,202
258200,95,166
335472,96,184
46710,98,168
278674,105,227
146637,106,179
90223,113,176
397093,113,178
154280,115,189
91280,115,281
304761,117,180
333,117,252
216806,126,195
187639,127,273
59239,128,246
86793,131,173
13994,131,306
177647,132,202
334778,137,278
333,138,274
385115,140,295
140035,146,297
129023,150,235
105887,153,284
154008,154,278
45531,155,313
268853,157,276
196171,157,286
216807,159,283
14473,159,290
218179,164,281
11388,166,275
96638,166,291
38195,167,280
240269,168,305
328212,173,326
111949,175,269
154007,178,311
124947,178,321
104818,179,297
109771,179,304
105246,180,307
326503,181,318
113075,183,283
388808,183,331
348018,184,289
342859,185,311
352217,188,299
246911,189,303
169389,191,315
119817,193,291
348017,194,309
90481,201,313
19318,203,266
118649,205,274
385116,205,333
210121,208,272
374443,208,286
376828,209,318
133862,211,275
104819,211,285
100845,214,279
121773,215,291
90482,216,304
109772,217,324
268854,220,318
9765,221,296
311771,224,315
185651,225,301
201331,225,342
325379,230,339
311990,232,308
45713,241,316
26438,244,367
99583,245,307
306007,246,303
196604,246,312
393275,248,355
307017,275,339
81831,313,435
129218,322,404
376031,326,455
104800,327,403
218823,327,428
193614,333,472
145445,336,441
26266,344,460
342860,356,489
125435,364,486
187237,367,494
243933,385,487
206862,393,544
404901,398,514
286696,399,521
9314,409,524
366253,412,526
129224,415,579
376032,422,532
10783,429,538
26267,437,569
300575,446,512
47195,448,587
107638,453,584
7585,453,589
385264,454,559
52445,454,569
276023,478,592
39511,488,595
326502,490,572
154830,491,610
267237,495,576
105891,500,579
304995,573,670
145444,574,672
22963,582,684
370304,582,692
120677,584,680
146240,584,708
13993,594,672
366895,595,663
295487,601,728
2479,602,740
282999,615,754
124158,617,762
376829,620,732
146636,620,748
129219,625,751
363876,625,765
153070,630,759
105886,632,781
40700,645,768
300571,650,754
91279,651,763
26265,653,795
113077,655,730
129024,655,786
238511,660,742
328210,661,735
886,661,750
240268,661,770
293235,665,781
132944,667,763
53936,668,787
255045,669,782
89827,670,741
389043,670,789
23772,672,751
187638,673,785
61297,677,795
104817,684,792
90850,687,793
154006,688,798
69399,695,799
196994,705,792
283000,707,796
77963,710,791
485,712,777
300572,715,792
198266,718,795
485,721,796
129223,725,830
3804,731,859
149491,751,867
160637,752,859
22965,756,847
46523,756,863
190114,758,827
174891,761,839
164585,761,880
19316,764,881
129222,765,866
78654,782,852
9772,782,867
106411,789,872
83222,821,874
10688,937,998
259513,937,1015
199389,937,1019
22960,937,1073
22966,938,1083
243932,946,1063
297645,950,1068
149492,950,1079
120673,952,1030
21668,955,1055
35751,959,1075
1345,964,1057
16600,964,1065
10553,970,1073
267,970,1083
267,1008,1100
343288,1008,1138
166896,1012,1083
120828,1018,1150
384867,1019,1145
325873,1020,1092
199390,1025,1175
49188,1040,1190
259514,1042,1158
118651,1068,1201
4439,1078,1163
19659,1078,1217
4440,1082,1174
154829,1087,1183
129221,1111,1208
37913,1116,1208
78654,1122,1186
36709,1123,1183
49617,1125,1223
106412,1129,1185
22967,1130,1192
200528,1140,1241
350580,1151,1254
10815,1153,1219
188442,1156,1218
199385,1170,1255
276152,1195,1255
146049,1198,1255
25608,1297,1351
164629,1297,1353
250233,1297,1367
22964,1297,1372
147538,1297,1375
81830,1297,1386
189474,1298,1354
154010,1298,1419
120830,1299,1363
114560,1300,1366
119816,1300,1382
321624,1300,1436
128154,1301,1363
386034,1301,1390
324343,1303,1381
22964,1303,1384
187239,1303,1401
9769,1305,1388
83276,1305,1396
154009,1305,1437
221184,1306,1369
9349,1307,1368
344685,1310,1368
145446,1313,1398
37914,1325,1441
199388,1326,1503
124946,1331,1460
145442,1334,1395
286698,1334,1397
232420,1334,1461
117406,1335,1398
155321,1335,1415
53933,1338,1400
380089,1338,1411
169388,1338,1431
9768,1338,1455
321623,1338,1461
243930,1339,1417
376269,1339,1425
4442,1343,1448
259349,1343,1455
100844,1344,1461
243223,1352,1468
252882,1355,1428
110299,1357,1418
248777,1363,1452
239606,1371,1487
293975,1374,1572
154735,1376,1461
308495,1397,1460
176,1423,1476
225609,1441,1561
164115,1442,1507
243931,1443,1527
129220,1446,1540
106450,1459,1524
300570,1459,1565
9771,1461,1572
319797,1461,1584
164586,1467,1532
127550,1468,1553
197222,1470,1546
198267,1476,1537
82195,1489,1572
322475,1498,1567
164587,1500,1561
385063,1513,1574
185879,1513,1577
113074,1513,1579
19317,1759,1873
263591,1760,1840
53934,1760,1850
232131,1760,1861
128797,1764,1825
212160,1764,1837
323548,1766,1824
126982,1769,1833
316628,1771,1827
187238,1772,1852
270988,1773,1824
149299,1774,1873
123216,1775,1847
89184,1775,1877
330596,1779,1847
381199,1783,1858
263594,1783,1906
24959,1789,1851
265581,1791,1888
148782,1792,1877
277678,1794,1860
322476,1797,1869
7022,1820,1872
43488,1868,1939
114839,1871,1959
293236,1949,2016
10671,1956,2045
125189,1957,2063
103593,1990,2066
366451,1994,2069
328213,1994,2072
193627,2001,2078
276238,2006,2078
112695,2010,2064
40533,2017,2071
80748,2017,2081
196605,2018,2074
164584,2019,2078
125597,2038,2081
130372,2266,2331
126486,2269,2331
218178,2627,2689
9763,2627,2691
90014,3034,3111
201332,3035,3096
22964,3035,3100
326504,3035,3113
306008,3037,3112
132941,3039,3121
58093,3040,3112
22971,3041,3127
243224,3071,3156
276020,3072,3170
19968,3075,3190
276021,3076,3209
2481,3077,3202
282998,3082,3197
12305,3087,3213
61578,3088,3143
240564,3088,3169
24975,3088,3204
113076,3090,3196
53932,3097,3143
210119,3097,3146
149490,3098,3201
78664,3100,3210
9764,3101,3219
384868,3103,3195
232419,3103,3225
104820,3107,3226
352216,3109,3207
198269,3113,3191
91832,3114,3209
90403,3114,3227
4441,3115,3230
177602,3117,3192
116759,3117,3211
2480,3134,3206
154012,3138,3204
104821,3139,3200
149898,3146,3223
198268,3147,3262
214544,3148,3219
83652,3405,3471
408515,3408,3467
388881,3410,3471
238767,3427,3472
36055,3530,3590
284541,3535,3604
13997,3538,3584
110691,3538,3613
125598,3544,3614
272318,3545,3612
95471,3547,3644
161410,3548,3612
128152,3548,3620
374442,3550,3611
24382,3551,3612
239602,3557,3663
2244,3575,3662
22955,3747,3805
149488,3748,3799
197763,3907,3974
105884,3918,3995
33026,3919,3990
53931,3922,4020
19315,3927,3990
105890,3944,4021
23197,3945,4007
329581,3945,4010
100843,3945,4017
325872,3951,4016
301033,3951,4021
105905,3952,4007
325380,3954,4020
102808,3957,4007
347708,3973,4062
145443,3979,4077
243992,3986,4069
27317,4011,4071
26263,4014,4075
24981,4042,4100
147326,4076,4140
3900,4110,4152
105883,4220,4351
37915,4221,4319
129020,4227,4311
40532,4228,4292
267238,4229,4296
1791,4229,4300
61295,4230,4298
104816,4236,4307
58441,4237,4293
221176,4237,4352
392150,4238,4289
123700,4242,4312
82407,4263,4345
388810,4263,4370
246912,4264,4349
221180,4266,4328
111947,4266,4385
62740,4267,4351
222210,4268,4346
78671,4268,4369
193607,4268,4381
210545,4269,4330
2819,4269,4366
185729,4269,4399
132933,4269,4411
17730,4271,4355
34261,4272,4334
28759,4272,4345
82198,4272,4380
105882,4274,4415
384569,4275,4372
82199,4275,4385
17417,4276,4422
104452,4280,4347
149493,4280,4421
90186,4281,4355
158878,4292,4420
384570,4296,4428
120831,4298,4411
246323,4300,4357
82197,4300,4417
221181,4302,4451
111946,4307,4438
196603,4313,4429
28569,4315,4399
45736,4315,4409
133863,4315,4431
148783,4316,4375
221177,4316,4388
245214,4316,4423
37463,4318,4414
210474,4318,4427
132932,4318,4432
384869,4323,4431
120675,4330,4426
886,4331,4439
24958,4333,4420
213474,4334,4415
295489,4334,4425
24956,4335,4423
196169,4335,4435
149489,4336,4459
12331,4339,4416
65346,4339,4431
328215,4342,4443
886,4343,4417
384870,4343,4448
132934,4347,4457
26264,4348,4436
388811,4349,4454
337795,4349,4461
124948,4352,4437
193610,4359,4437
198851,4363,4460
154733,4369,4437
78666,4370,4473
94001,4371,4470
299698,4377,4504
210471,4381,4461
326505,4384,4453
367463,4400,4503
82196,4423,4512
132938,4425,4509
399720,4427,4478
132937,4429,4510
50805,4434,4500
4438,4434,4511
10502,4444,4512
141247,4445,4502
246249,4446,4508
213787,4449,4510
39096,4452,4502
59807,4455,4503
397014,4603,4658
129021,4603,4677
132790,4604,4668
232422,4604,4690
276019,4604,4707
50478,4605,4679
73398,4608,4682
182284,4608,4688
193628,4608,4705
10234,4609,4718
6161,4609,4724
2346,4615,4666
35752,4618,4680
299699,4619,4687
337090,4628,4689
76580,4629,4740
274058,4630,4719
199396,4633,4725
18254,4635,4702
278675,4635,4719
221182,4636,4711
169387,4638,4705
132936,4649,4746
100842,4650,4732
164114,4656,4750
399761,4658,4754
81793,4663,4744
24976,4666,4743
399760,4666,4751
295500,4668,4709
118653,4697,4763
111950,4887,4948
31173,4888,4949
237964,4888,4963
333180,4889,4956
40531,4890,4946
120676,4891,4990
216803,4892,4941
124450,4895,4968
199386,4901,4988
119820,4909,4992
52672,4910,4963
246909,4910,4997
127505,4913,4998
50477,4914,4991
137663,4916,4971
316889,4917,4970
384046,4917,4982
78670,4917,5000
26268,4922,4986
91278,4925,4990
215067,4929,5009
188504,4931,5002
57914,4932,4989
53928,4933,4995
50337,4942,5003
311293,4949,5016
136207,4950,4998
36056,4970,5056
324346,4971,5068
165590,4984,5080
283579,4986,5077
384568,4988,5065
56597,4993,5077
13996,5004,5065
8354,5004,5089
110991,5010,5080
128155,5019,5076
22961,5025,5096
76748,5351,5428
283580,5351,5444
216808,5351,5454
12088,5353,5433
363877,5355,5439
363875,5356,5441
22456,5365,5426
58440,5389,5442
183948,5390,5453
193613,5393,5455
61296,5393,5457
237965,5403,5513
337674,5418,5495
221179,5421,5507
105449,5425,5512
385114,5426,5494
105450,5429,5525
9767,5451,5513
106659,5452,5510
210120,5456,5513
221175,5456,5521
180018,5457,5535
33757,5461,5523
20203,5461,5529
388172,5463,5526
131933,5464,5542
395059,5473,5539
213443,5480,5526
154005,5481,5569
390996,5485,5554
6667,5486,5535
193617,5486,5601
10890,5494,5551
146435,5515,5576
105889,5515,5593
128153,5528,5600
166585,5530,5605
199397,5533,5600
22969,5611,5695
84004,5632,5693
13990,5635,5693
78655,5642,5702
52966,5645,5701
295501,5649,5696
105885,5894,5948
10687,5894,5970
120674,5895,5945
274965,5895,5954
53930,5895,5976
169904,5896,5953
145447,5975,6070
38224,5983,6041
40530,5989,6066
293976,5989,6078
385117,5989,6101
283347,5992,6041
360393,6013,6082
360390,6018,6087
129206,6020,6100
263589,6024,6087
360392,6025,6092
78655,6025,6100
132935,6170,6241
100215,6171,6224
133864,6174,6241
338098,6252,6317
49657,6254,6320
331793,6256,6319
243226,6260,6322
321514,6409,6457
392610,6409,6474
268856,6411,6479
274057,6414,6487
197782,6417,6478
119750,6417,6504
75059,6422,6485
2480,6422,6487
385265,6555,6616
240267,6561,6653
286695,6574,6644
295486,6575,6642
230070,6577,6644
295485,6591,6646
238513,6602,6668
63883,6619,6670
344179,6734,6788
216805,6762,6837
138864,6826,6878
177646,6837,6916
125436,6838,6891
119818,6838,6935
355923,6840,6899
75061,6841,6905
243446,6860,6922
312226,6873,6944
219217,6876,6942
184818,6877,6940
129225,6878,6942
328211,6878,6980
328010,6904,6970
7810,6905,6988
199387,6907,6981
84581,6917,6982
84005,6922,6984
90688,6926,6987
60591,6928,6990
62095,6931,6990
58438,6934,6986
354672,6937,6989
82525,6942,6989
58439,6943,6985
314790,6944,6989
243225,7039,7090
9770,7089,7158
9766,7107,7166
295033,7113,7169
101101,7142,7228
363874,7149,7209
129022,7155,7228
300576,7158,7228
385263,7161,7222
260545,7167,7223
180015,7168,7228
13992,7299,7349
45920,7404,7465
246115,7405,7505
22956,7409,7498
305189,7410,7480
120832,7412,7482
283581,7413,7504
348019,7418,7488
154732,7421,7483
300574,7423,7500
344684,7424,7466
221183,7431,7498
108775,7434,7496
160780,7435,7498
300568,7438,7490
385062,7438,7501
263593,7721,7842
261436,7722,7805
259515,7723,7784
248778,7723,7808
5212,7723,7837
304760,7725,7787
259516,7726,7846
118654,7734,7841
22973,7740,7848
113073,7744,7811
154279,7745,7815
53941,7746,7889
36057,7747,7875
193608,7749,7830
130126,7749,7841
300567,7749,7871
193609,7751,7842
22968,7758,7849
221178,7764,7837
31163,7768,7863
4437,7777,7888
84003,7785,7871
2483,7786,7899
297685,7787,7862
261435,7790,7872
78669,7790,7893
886,7791,7896
245227,7794,7901
324344,7803,7862
132944,7805,7896
36058,7809,7896
292861,7818,7888
65215,7824,7888
22959,8009,8067
325871,8014,8075
199392,8019,8075
199857,8152,8254
286159,8156,8207
295491,8156,8269
199395,8163,8301
274059,8164,8253
240565,8169,8230
130790,8196,8262
154731,8268,8318
237561,8293,8345
101519,8294,8368
213473,8295,8386
295488,8302,8438
316890,8303,8369
202076,8621,8664
198849,8621,8682
239603,8622,8665
397015,8622,8672
401460,8622,8675
104801,8622,8681
199391,8622,8683
210475,8714,8769
118650,8714,8775
352215,8714,8792
352220,8715,8783
389195,8730,8790
141249,8737,8805
193629,8746,8808
122109,8981,9045
164583,8981,9051
3780,8982,9030
130789,8982,9040
33624,8982,9057
91282,8982,9062
210122,8982,9066
384872,8982,9078
49276,8983,9043
91281,8983,9073
384873,8983,9089
399449,8984,9060
221174,8991,9077
1223,8992,9063
105451,8995,9067
377574,9000,9087
221173,9006,9074
45515,9007,9076
221172,9009,9074
49601,9009,9081
20627,9025,9088
238604,9030,9128
28326,9045,9135
228801,9050,9136
209526,9251,9314
141250,9251,9316
238512,9286,9357
185241,9291,9352
105878,9291,9355
5042,9299,9384
384078,9306,9401
22957,9318,9385
338600,9322,9384
119814,9563,9636
366254,9563,9639
289137,9564,9641
276151,9566,9622
238510,9573,9693
223103,9575,9636
65216,9586,9650
280093,9586,9694
64884,9590,9667
75060,9595,9679
198850,9597,9678
105881,9597,9698
239604,9599,9677
240566,9606,9704
111948,9608,9671
184899,9610,9688
118656,9617,9682
393276,9618,9687
319796,9620,9718
42493,9622,9706
40067,9625,9713
379127,9648,9712
97788,9650,9711
318480,9651,9703
90487,9651,9731
53929,9656,9733
78660,9665,9769
83651,9669,9730
73,9670,9724
105453,9672,9733
338598,9672,9748
329580,9672,9756
105446,9672,9773
236417,9674,9769
338343,9680,9763
120679,9680,9783
2482,9683,9768
78664,9690,9783
112305,9696,9758
199393,9777,9894
193630,9783,9892
233843,9849,9912
46709,10125,10182
56608,10127,10207
78668,10144,10223
199394,10169,10227
11977,10182,10244
242551,10190,10246
243935,10229,10328
53942,10251,10334
177648,10261,10314
251918,10262,10334
2484,10263,10312
232421,10270,10375
69719,10284,10345
120829,10288,10344
24957,10288,10350
138865,10289,10354
238517,10302,10397
61943,10306,10375
203441,10309,10375
308496,10316,10402
193619,10317,10374
23771,10317,10389
82942,10327,10384
56606,10329,10431
198847,10329,10443
295493,10350,10448
154734,10353,10441
24960,10354,10417
169261,10354,10431
240266,10356,10442
111952,10360,10417
363880,10362,10435
236434,10365,10417
40529,10380,10456
111733,10381,10441
246250,10382,10459
198848,10389,10453
319798,10399,10501
187236,10419,10483
122578,10507,10575
232132,10511,10574
329582,10515,10576
83654,10617,10685
216697,10633,10700
337092,10660,10727
104459,10661,10723
154003,10664,10736
180017,10665,10725
17002,10682,10737
119819,10689,10736
13989,10689,10738
104551,10763,10824
9761,10950,11024
56407,10953,11015
286693,10957,11041
117404,10958,11026
363878,10960,11056
52923,10963,11016
378568,10963,11019
167492,10965,11026
154011,10971,11055
301980,10974,11057
338097,10979,11047
401448,10979,11061
286697,10980,11042
154002,10980,11079
149299,10984,11058
363879,10984,11065
12121,10994,11046
324323,10995,11057
384874,10996,11072
118780,10999,11047
7021,10999,11055
141253,11001,11047
78663,11020,11109
306009,11030,11090
37561,11031,11098
388882,11034,11090
193615,11174,11240
78665,11174,11244
22972,11197,11275
149720,11217,11278
13995,11227,11300
199399,11231,11301
215066,11232,11305
351392,11235,11296
184573,11236,11287
40764,11236,11298
164116,11236,11323
24990,11239,11304
62741,11241,11298
388809,11359,11441
91283,11409,11470
26213,11444,11527
300569,11449,11527
69931,11455,11538
360391,11457,11526
289127,11462,11536
126609,11468,11536
274060,11472,11534
81832,11473,11535
111953,11645,11707
261432,11647,11702
2949,11652,11719
140034,11653,11756
246914,11662,11717
85468,11662,11746
105448,11663,11733
36059,11664,11801
78660,11667,11773
360395,11669,11733
40369,11670,11755
114562,11670,11806
136051,11671,11731
2485,11671,11770
187234,11672,11779
78667,11672,11788
322474,11679,11756
26578,11680,11737
105447,11680,11796
19314,11684,11756
156625,11684,11764
59003,11684,11806
384571,11690,11786
149494,11690,11819
300566,11691,11790
321625,11692,11801
276022,11692,11812
105459,11693,11818
187235,11696,11807
4436,11702,11817
13892,11704,11774
246910,11704,11794
227666,11717,11776
24989,11722,11780
24986,12221,12298
110164,12232,12299
82,12248,12294
148784,12249,12296
324347,12250,12298
24991,12361,12465
2801,12362,12435
22958,12363,12426
24983,12363,12458
39197,12363,12484
24985,12364,12441
22962,12364,12454
28196,12366,12451
27808,12366,12456
116029,12371,12482
63309,12373,12456
236948,12375,12502
374444,12384,12458
245226,12385,12463
397016,12386,12479
78666,12390,12503
374446,12392,12480
49259,12412,12480
197764,12415,12478
374445,12450,12537
297684,12453,12566
76619,12453,12572
193612,12459,12551
148621,12461,12521
401321,12463,12522
376033,12469,12584
145448,12472,12566
24988,12476,12575
78658,12477,12545
328214,12478,12573
61294,12480,12544
246915,12480,12553
133865,12481,12541
22974,12481,12581
355922,12483,12565
145449,12484,12569
400269,12485,12548
60247,12485,12551
146241,12486,12562
193611,12487,12551
166586,12491,12572
119813,12501,12575
198265,12548,12613
170994,12561,12623
314789,12562,12616
390282,12564,12632
384077,12566,12646
105888,12568,12647
352218,12569,12667
238766,12570,12632
352219,12574,12676
75064,12577,12658
141135,12579,12652
238518,12580,12633
246251,12581,12657
75446,12582,12645
155221,12583,12647
12191,12597,12657
282997,12616,12665
246917,12633,12725
105876,12634,12717
105436,12655,12722
197221,12660,12728
129226,12667,12723
399051,12930,12985
105877,13073,13131
105880,13073,13136
213472,13073,13174
396856,13074,13156
238516,13084,13186
129832,13104,13214
104815,13104,13219
128156,13110,13174
111951,13110,13216
120678,13114,13212
26272,13115,13196
13157,13117,13209
325382,13120,13247
13987,13122,13242
388807,13123,13203
216809,13123,13221
141245,13125,13229
120680,13126,13260
36324,13127,13214
154730,13127,13223
59217,13129,13247
370305,13132,13195
276024,13132,13275
83653,13133,13208
154281,13133,13226
180016,13135,13211
22519,13138,13201
255964,13138,13235
4113,13138,13253
154278,13142,13247
333181,13142,13256
15928,13143,13251
9762,13147,13247
148785,13158,13255
267,13158,13268
229850,13159,13251
1345,13161,13243
141246,13166,13254
127549,13170,13285
1345,13173,13253
45616,13182,13256
6955,13188,13255
218180,13322,13375
126,13322,13416
35750,13324,13386
388812,13327,13415
243934,13332,13393
126,13337,13410
78658,13521,13581
26269,13521,13608
13160,13523,13579
129028,13526,13620
132939,13557,13636
238605,13571,13666
78659,13571,13678
138863,13575,13657
376830,13575,13673
197220,13575,13690
305188,13593,13658
268857,13597,13711
185283,13614,13679
53945,13615,13712
64272,13625,13701
1169,13630,13711
260546,13632,13716
77242,13649,13737
218181,13650,13712
117405,13664,13745
328073,13665,13732
40070,13671,13753
40071,13671,13756
98428,13671,13759
243227,13676,13731
239605,13676,13752
77839,13677,13740
178669,13677,13755
299700,13685,13732
40068,13685,13753
295502,13875,13926
154004,13875,13944
51026,13876,13923
190115,13876,13929
187637,13876,13947
61655,13877,13939
212420,13878,13952
240567,13879,13948
223101,13881,13943
56607,13882,13946
263590,13883,13944
53943,13883,13949
261434,13887,13949
105455,13889,13950
174293,13890,13936
129026,13890,13952
374355,13893,13965
166899,13895,13967
118655,13898,13964
166900,13906,13967
62097,14130,14192
19311,14134,14189
53944,14146,14189
30015,14146,14193
120681,14383,14466
4780,14384,14459
295494,14391,14466
300573,14391,14477
384079,14523,14603
154001,14527,14607
249213,14575,14651
121472,14597,14668
160313,14599,14673
4435,14603,14668
94132,14603,14688
114023,14605,14663
32080,14610,14662
146638,14611,14680
99582,14613,14679
143077,14616,14684
249212,14620,14684
401201,14634,14700
148009,14728,14781
138866,14728,14798
6785,14728,14806
388814,14728,14816
238606,14728,14821
246916,14728,14829
282996,14732,14782
78659,14732,14833
52275,14735,14814
295490,14735,14823
376831,14735,14826
197219,14737,14853
40069,14742,14810
140033,14763,14840
206861,14791,14841
384080,14936,14999
81833,14938,14999
103549,14940,15000
90486,14941,15015
119815,14941,15042
295499,14952,15032
324348,14954,15015
132940,14955,15041
154285,14956,15029
96490,14957,15031
325381,14966,15046
154284,15217,15270
96640,15217,15285
96639,15217,15302
118652,15218,15260
360989,15222,15286
261433,15229,15307
140032,15230,15317
367595,15263,15309
78662,15275,15364
52105,15374,15435
10439,15379,15440
59061,15384,15441
166897,15397,15500
401200,15410,15476
324345,15533,15599
187636,15534,15632
91192,15536,15617
53940,15536,15623
216804,15543,15606
314630,15545,15620
59721,15547,15642
360394,15548,15625
290346,15548,15636
238519,15557,15626
188317,15560,15621
328217,15563,15640
277723,15574,15648
52670,15577,15648
141599,15589,15646
24295,15758,15813
243936,15761,15814
132943,15762,15815
133869,16194,16300
252478,16195,16250
63399,16195,16257
348803,16196,16247
333182,16196,16255
32944,16196,16262
76105,16196,16266
375027,16198,16250
238514,16199,16255
392915,16200,16258
52008,16201,16268
246913,16201,16287
221342,16202,16247
139923,16204,16260
246918,16204,16262
156754,16204,16268
53935,16205,16269
224605,16206,16267
15909,16210,16284
53939,16210,16294
263587,16211,16260
52210,16211,16273
319768,16211,16275
140603,16214,16284
96451,16215,16260
24780,16215,16291
47252,16220,16281
37562,16222,16289
248305,16223,16296
326148,16223,16302
49658,16225,16286
221170,16225,16293
76104,16226,16287
268855,16227,16285
10134,16227,16300
243228,16227,16304
101102,16228,16292
121771,16229,16288
210473,16229,16302
254475,16230,16294
355921,16232,16319
24980,16235,16296
150935,16235,16298
89828,16237,16282
133866,16241,16310
145972,16242,16301
129027,16249,16304
132945,16250,16305
56605,16252,16304
40763,16618,16704
232423,16621,16695
343775,16622,16685
14004,16622,16691
24984,16627,16701
28981,16632,16698
309044,16633,16695
109743,16634,16700
293199,16743,16799
154729,16743,16802
366450,16747,16799
281581,16747,16802
384871,16815,16870
276150,16829,16897
263592,16830,16893
4434,16831,16911
238515,16832,16882
247782,16846,16899
148787,16863,16932
388401,16879,16949
401449,16935,16989
200301,16936,16981
96641,16947,17003
24978,16952,17015
241188,16952,17023
23217,16966,17022
173436,17206,17260
198261,17207,17283
377405,17213,17275
78661,17246,17311
105454,17257,17316
78663,17288,17380
141248,17328,17422
241816,17334,17420
141254,17335,17407
80746,17342,17403
127548,17346,17424
190116,17346,17428
34112,17348,17406
139924,17349,17400
221171,17349,17438
4552,17353,17420
51098,17359,17428
22970,17361,17424
37919,17361,17452
382610,17368,17423
261539,17374,17422
70808,17375,17423
24977,17375,17437
109773,17376,17441
328216,17378,17440
37918,17391,17450
22978,17404,17454
26270,17407,17494
133867,17426,17490
210470,17426,17493
163555,17428,17496
319795,17434,17509
114561,17489,17559
255,17499,17551
297644,17500,17559
329579,17502,17631
364357,17512,17582
37916,17514,17629
385061,17516,17587
332275,17522,17583
178436,17528,17620
35753,17538,17623
3400,17554,17613
198262,17564,17629
197932,17626,17705
212186,17642,17709
206859,17739,17792
90483,17739,17799
69974,17739,17806
104814,17739,17828
337091,17760,17822
300406,17765,17826
145450,17771,17889
152945,17784,17845
104552,17789,17891
101103,17797,17890
26439,17798,17874
75063,17799,17889
149497,17803,17890
53937,17807,17873
249168,17809,17864
91042,17812,17869
275189,17813,17879
379128,17820,17885
215805,17821,17878
330179,17823,17887
125437,17826,17889
347139,17827,17890
129227,17831,17889
398495,17831,17891
13996,17832,17890
124949,17834,17889
138402,17840,17891
151923,17842,17889
303666,18142,18196
90489,18143,18197
240265,18145,18195
314631,18145,18217
132946,18201,18282
197765,18206,18307
56872,18208,18272
90488,18212,18300
28305,18229,18272
26275,18236,18325
193340,18237,18299
24979,18268,18334
120679,18336,18445
399762,18336,18456
22980,18344,18412
259348,18345,18429
259347,18345,18453
142474,18346,18411
22979,18347,18414
197299,18347,18424
199398,18349,18412
196601,18355,18433
104453,18356,18419
283578,18367,18461
232133,18367,18483
268852,18370,18427
82200,18370,18435
109029,18373,18507
103569,18377,18419
15929,18379,18496
24987,18380,18479
297686,18383,18481
111955,18385,18509
256861,18392,18482
388815,18662,18708
120827,18663,18710
297643,18664,18726
104813,18664,18751
344859,18715,18765
129025,18818,18874
132811,18847,18892
127547,18848,18905
263586,18849,18906
324349,18851,18906
78665,18863,18936
109775,18864,18950
132263,19067,19113
116873,19068,19124
294995,19070,19135
75065,19072,19139
219445,19084,19135
99502,19086,19152
164582,19091,19160
212558,19094,19151
53938,19110,19190
118657,19172,19243
325869,19175,19257
133868,19175,19267
13988,19198,19256
239607,19198,19259
308497,19198,19270
145451,19198,19281
109774,19210,19280
23276,19212,19278
355919,19219,19277
118659,19223,19281
193616,19226,19282
26276,19234,19307
83655,19237,19316
61293,19241,19317
119812,19242,19313
302908,19244,19307
379129,19255,19316
78661,19259,19315
129030,19498,19547
147628,19515,19572
123215,19517,19579
166587,19596,19657
9760,19617,19713
388813,19623,19737
289126,19638,19710
105875,19645,19752
245228,19647,19713
66716,19683,19745
4433,19687,19739
148786,19697,19754
388171,19711,19807
1345,19715,19809
36426,19723,19830
193160,19728,19808
149500,19733,19829
1345,19734,19809
78657,19736,19825
199401,19741,19807
259345,19966,20034
206860,19967,20026
300399,19967,20029
7932,19967,20038
13985,19967,20061
27005,19968,20031
148009,19985,20041
260547,19988,20063
325870,19995,20056
249167,20111,20169
232135,20111,20172
239573,20112,20167
129980,20114,20168
187718,20114,20170
141105,20114,20187
199407,20114,20215
62742,20116,20197
10851,20177,20280
156624,20178,20245
5804,20179,20276
109903,20183,20259
22981,20183,20299
109902,20184,20272
146242,20190,20277
295495,20199,20293
13983,20202,20319
149502,20203,20303
324350,20203,20327
12738,20204,20314
329578,20206,20305
295496,20209,20307
197766,20211,20347
263585,20216,20325
199402,20216,20346
295497,20219,20326
22518,20220,20337
295498,20223,20342
393277,20225,20344
123873,20227,20329
2486,20229,20347
61292,20236,20348
78669,20250,20345
886,20251,20330
26274,20254,20328
886,20254,20347
149498,20263,20340
132948,20270,20374
126605,20273,20382
38963,20281,20383
485,20311,20384
83657,20424,20493
199404,20496,20573
128158,20509,20574
283079,20520,20592
337089,20598,20705
78656,20599,20701
132942,20602,20703
243938,20613,20690
105879,20614,20709
295492,20616,20704
1345,20617,20688
267,20617,20710
78657,20621,20706
261431,20644,20708
31770,20644,20714
127546,20647,20720
105874,20649,20708
67080,20672,20732
125599,20674,20729
337088,20690,20749
132947,21049,21106
67470,21049,21126
97787,21050,21117
76068,21050,21130
15930,21050,21135
202075,21051,21098
215594,21052,21108
337086,21052,21166
363689,21053,21116
199408,21054,21189
196602,21073,21150
24383,21080,21148
8331,21113,21174
126485,21121,21171
140031,21183,21249
118658,21185,21257
396370,21221,21290
83656,21228,21325
337087,21237,21334
199406,21239,21321
78662,21243,21340
141251,21245,21363
199405,21254,21349
13986,21255,21335
26271,21262,21356
78656,21265,21375
300565,21267,21342
13984,21268,21363
180014,21275,21340
129029,21278,21343
21552,21281,21371
1345,21285,21363
149501,21288,21379
248780,21292,21364
19668,21292,21380
362940,21293,21377
213255,21412,21473
154282,21525,21605
261430,21527,21621
24982,21527,21627
295670,21532,21581
49659,21549,21611
146001,21557,21624
259346,21737,21790
114170,21737,21799
193621,21737,21801
221169,21737,21807
179994,21737,21812
232136,21738,21795
388883,21739,21800
26695,21742,21811
1365,21749,21803
78668,21751,21840
141252,21766,21834
89829,21768,21846
388816,21769,21831
155747,21780,21864
145453,21792,21864
3914,21795,21872
185652,21800,21864
78670,21800,21896
290347,21802,21906
22977,21804,21897
114564,21806,21922
210469,21808,21872
105452,21808,21924
325868,21812,21873
239608,21813,21877
149499,21813,21909
328219,21814,21868
53946,21819,21891
57914,21820,21880
78667,21820,21937
65334,21822,21900
84268,21822,21924
37917,21823,21889
36061,21823,21918
105456,21824,21940
196600,21825,21909
67328,21826,21937
232134,21828,21940
311338,21829,21904
223102,21830,21913
105873,21830,21948
105872,21831,21916
96642,21831,21938
402470,21832,21890
193620,21832,21894
36060,21834,21927
76665,21835,21900
66086,21835,21914
76327,21836,21945
210472,21837,21892
166471,21838,21905
227667,21838,21928
282995,21839,21921
86398,21841,21916
316286,21849,21914
199403,21849,21968
89830,21854,21930
37007,21855,21916
96615,21855,21919
154283,21857,21942
197301,21863,21921
197300,21865,21943
198264,21865,21966
198263,21866,21953
124950,21866,21956
127758,21867,21924
326147,21868,21925
104454,21872,21923
61654,21872,21945
48944,21875,21925
154728,21875,21944
398494,21876,21940
366679,21876,21946
62907,21879,21964
214197,21882,21951
210467,21928,22013
210468,21938,22027
322477,21972,22046
319794,22010,22071
355920,22015,22113
328218,22032,22099
105458,22033,22097
105457,22034,22125
90485,22036,22108
76861,22069,22137
99035,22072,22123
376034,22072,22133
243937,22073,22121
377575,22073,22144
263588,22073,22156
113072,22076,22137
221167,22080,22167
78671,22080,22175
221168,22083,22175
100841,22086,22140
2819,22092,22174
198260,22093,22158
149503,22097,22175
81677,22113,22174
384573,22119,22172
384572,22121,22175
252239,22394,22454
135066,22413,22473
108290,22838,22899
22976,22838,22960
308275,22855,22975
278672,22864,22975
286694,22866,22954
22975,22869,22941
132791,22869,22974
397907,22872,22957
3440,22872,22967
166898,22874,22955
26273,22876,22936
126,22876,22951
126,22880,22968
9423,22886,22975
240568,22921,22978
19309,22926,22978
248779,22931,22978
90490,23086,23150
80747,23087,23225
338599,23096,23220
19313,23100,23227
193618,23107,23229
385119,23109,23220
121769,23114,23171
128157,23114,23229
121770,23119,23211
149495,23123,23224
13991,23124,23229
22005,23127,23205
23762,23128,23227
90484,23135,23183
176,23135,23207
196172,23138,23222
22459,23138,23228
145452,23139,23208
78054,23141,23221
5824,23142,23208
385118,23142,23228
184819,23143,23206
400240,23146,23207
158238,23154,23226
12947,23157,23223
4779,23158,23210
322858,23161,23224
129031,23167,23228
50053,23169,23226
114563,23170,23229
319793,23181,23228
111954,23325,23408
199400,23326,23420
218182,23330,23421
4238,23336,23408
19312,23342,23409
149496,23342,23417
75062,23346,23421
278673,23348,23417
28553,23351,23420
147327,23363,23412
51519,23578,23633
24384,23841,23901
111216,23841,23906
4432,23841,23913
121772,23841,23925
19310,23842,23956
100840,23897,23956
