166597,140,287
21860,147,286
120458,148,293
333,155,317
388313,157,295
39301,165,227
233288,165,288
46787,165,295
158876,167,256
197699,170,266
392013,170,289
146998,172,248
185457,174,278
346693,176,306
171420,177,293
101642,178,344
367369,181,297
333,182,327
213631,183,294
281695,185,240
315534,185,286
79602,185,313
85858,187,335
356357,190,351
46820,195,325
95961,199,258
369610,199,350
333,203,318
38195,206,339
396598,217,322
14473,217,331
13032,219,315
292182,229,349
388314,242,322
344195,251,361
396599,253,322
344194,255,334
58908,257,323
230798,263,317
100940,263,331
401064,273,335
359084,288,386
315263,338,410
231818,349,470
113294,351,420
202942,357,449
211746,361,409
121950,364,470
13545,365,486
232458,384,473
162216,387,459
192124,390,454
161339,390,480
232457,391,501
153549,392,455
161248,394,459
67536,395,456
403336,395,458
293439,397,460
57229,400,468
316014,402,471
174789,406,474
106135,409,473
314837,414,524
886,453,577
207577,472,578
79604,477,575
66020,478,564
198111,478,573
66023,479,594
213610,489,602
45027,493,568
75658,493,580
45030,496,602
53490,496,610
85859,509,605
45026,510,581
388312,521,605
369609,524,615
302092,525,604
142583,525,608
174790,525,657
146999,528,608
142582,529,597
1809,529,600
217879,542,605
64684,581,655
40522,774,855
906,774,897
22960,774,903
66024,775,909
108331,779,844
297645,785,902
176740,788,860
108330,788,914
75659,790,892
64917,790,903
57043,803,875
1345,806,889
184682,806,894
260255,807,922
56017,812,884
267,812,902
302715,813,889
166599,888,955
36709,968,1028
372225,968,1036
174791,968,1055
192211,968,1070
273349,1264,1326
146388,1270,1327
118126,1271,1341
171451,1272,1349
7346,1272,1357
35615,1273,1354
333791,1279,1347
75105,1279,1357
321125,1280,1404
155186,1283,1350
342585,1296,1354
296386,1306,1430
74219,1308,1362
231814,1327,1394
61972,1336,1405
24759,1336,1455
174786,1337,1419
36657,1341,1439
174792,1356,1479
294811,1363,1459
396084,1363,1492
144399,1372,1495
156508,1373,1486
226727,1373,1500
341722,1377,1464
145882,1377,1475
275577,1387,1501
55497,1393,1500
99766,1397,1498
99767,1402,1518
50758,1406,1500
329093,1413,1496
36704,1416,1498
358321,1421,1493
218880,1423,1498
380950,1429,1499
111577,1433,1503
356360,1437,1502
116866,1437,1550
79603,1438,1500
66022,1439,1561
33838,1441,1499
261661,1441,1546
197573,1444,1550
155185,1448,1561
391387,1465,1543
357795,1469,1551
7810,1476,1537
382465,1633,1684
357701,1633,1690
213611,1633,1711
290679,1633,1727
79105,1639,1716
229413,1639,1719
214632,1691,1744
356358,1718,1797
87225,1723,1792
1925,1727,1784
369612,1728,1832
160529,1783,1852
226725,1785,1851
64916,1802,1853
66018,1988,2044
118121,1993,2060
185458,1996,2061
161340,2096,2147
58573,2096,2151
343084,2096,2183
19114,2098,2155
212964,2104,2168
116867,2301,2365
254551,2301,2367
219033,2301,2390
286282,2301,2396
106141,2302,2408
98489,2303,2365
259752,2304,2390
184683,2305,2363
166598,2306,2375
250787,2314,2392
177520,2315,2376
291604,2327,2406
45407,2331,2403
117269,2337,2399
106134,2338,2450
388660,2338,2455
216959,2340,2404
10407,2341,2402
213629,2341,2410
46816,2344,2403
276744,2346,2415
247606,2350,2405
247605,2355,2430
294027,2373,2454
359085,2376,2461
156757,2378,2454
33833,2386,2470
120450,2388,2461
231816,2399,2471
79606,2402,2461
45023,2405,2523
344201,2408,2540
359083,2409,2482
344199,2409,2498
174787,2409,2535
113292,2410,2471
231817,2410,2517
64912,2411,2492
389891,2413,2545
389894,2414,2472
106138,2414,2505
97606,2414,2528
333792,2415,2501
172920,2415,2516
142585,2415,2540
391388,2418,2493
142882,2419,2497
106140,2420,2491
289467,2421,2498
33839,2421,2524
106139,2425,2537
75759,2427,2522
34802,2427,2530
239400,2429,2511
247607,2429,2514
273351,2429,2528
335210,2431,2523
37494,2433,2524
341723,2434,2527
224336,2435,2494
45024,2435,2537
231362,2436,2512
44370,2437,2500
233287,2437,2534
171912,2437,2557
36705,2442,2517
231815,2442,2527
211619,2445,2510
329237,2445,2523
58572,2446,2516
405125,2450,2514
38947,2454,2560
13029,2455,2508
352481,2458,2508
232460,2458,2510
357794,2462,2556
134753,2464,2525
405242,2470,2534
297643,2474,2551
46818,2475,2577
192210,2483,2564
292180,2525,2597
198113,2534,2642
198114,2535,2636
238436,2539,2640
302071,2552,2629
176522,2554,2635
82432,2558,2628
84132,2560,2629
278559,2566,2628
291606,2568,2630
213097,2589,2631
332188,2593,2641
122271,2598,2641
85659,2601,2668
129318,2764,2828
275544,2850,2911
107433,3106,3158
166600,3106,3171
146997,3106,3178
64911,3107,3175
118122,3107,3189
91106,3113,3177
248063,3136,3204
145883,3161,3231
388659,3208,3264
99289,3254,3344
154623,3276,3338
247486,3278,3357
66021,3279,3364
6538,3281,3351
176905,3285,3352
176906,3286,3350
299399,3286,3359
256953,3290,3371
321126,3294,3369
223648,3297,3371
226728,3300,3356
65285,3300,3379
23117,3301,3357
223649,3305,3378
51363,3308,3378
175660,3310,3371
186991,3318,3379
341448,3322,3373
389107,3341,3406
156511,3388,3462
372221,3395,3475
343085,3419,3480
71222,3427,3476
47394,3429,3495
317715,3435,3506
156505,3522,3590
80291,3730,3810
33100,3733,3818
115533,3738,3820
400374,3739,3837
65290,3743,3838
212020,3745,3827
130526,3745,3831
177464,3754,3835
280314,3757,3818
230799,3758,3829
140093,3760,3828
381403,3760,3835
275578,3761,3833
118210,3761,3853
21859,3762,3856
230797,3767,3818
105484,3767,3832
91768,3768,3820
105697,3770,3839
350178,3778,3866
168219,3779,3840
75453,3780,3842
111601,3780,3855
106144,3781,3832
80029,3782,3861
192210,3785,3852
232459,3786,3847
307527,3975,4039
273350,3977,4068
226724,3982,4062
91104,3992,4078
24295,3996,4066
176739,3997,4114
118127,4017,4110
45028,4033,4122
21896,4034,4106
234449,4039,4122
17647,4044,4121
237436,4054,4116
229331,4074,4124
176904,4200,4265
33837,4224,4356
33836,4236,4355
304084,4238,4323
267127,4240,4325
314836,4241,4311
46634,4245,4341
176523,4247,4308
171914,4247,4347
304083,4247,4358
108329,4248,4352
24731,4252,4315
82727,4253,4305
146993,4256,4372
64913,4261,4383
46635,4262,4345
171913,4264,4346
247604,4264,4379
97213,4265,4390
45032,4267,4366
377440,4268,4322
216718,4268,4337
213630,4272,4375
105903,4276,4387
247597,4278,4391
98929,4285,4359
247598,4285,4406
247603,4308,4400
3010,4357,4429
396083,4373,4499
113293,4391,4485
263819,4391,4498
2832,4393,4487
218184,4452,4515
344197,4466,4533
33101,4488,4589
272951,4919,4987
91105,4964,5011
144400,4965,5039
64915,4966,5019
292183,4966,5041
232456,4967,5058
107750,4968,5028
58907,5015,5075
124590,5096,5174
79605,5099,5218
50398,5101,5209
120461,5108,5175
16019,5108,5215
36713,5109,5225
317716,5116,5192
147000,5118,5188
271411,5118,5203
3895,5118,5216
69215,5118,5226
54476,5119,5210
210200,5119,5214
257207,5120,5195
75454,5120,5253
357702,5121,5182
36712,5121,5237
197570,5122,5179
284433,5122,5190
232224,5122,5224
330418,5123,5185
118923,5124,5202
322216,5125,5196
46821,5125,5199
229976,5126,5181
304082,5127,5242
12928,5128,5221
16023,5128,5235
75657,5129,5230
32167,5130,5173
116770,5131,5217
198112,5132,5233
223374,5134,5199
270132,5135,5203
291605,5135,5219
113703,5137,5198
316199,5137,5201
312611,5138,5181
254107,5138,5232
14121,5139,5201
314838,5139,5203
106146,5142,5231
106145,5143,5234
151986,5145,5206
357797,5147,5216
250789,5155,5216
135379,5155,5231
198110,5158,5233
357796,5158,5248
138189,5159,5212
46817,5162,5226
118128,5165,5244
356359,5171,5253
232034,5175,5252
64920,5182,5248
18662,5186,5243
15297,5188,5251
125255,5497,5557
120452,5505,5587
247604,5512,5635
273352,5514,5575
304085,5514,5613
155333,5515,5566
64914,5520,5629
97212,5520,5633
212791,5526,5607
238435,5533,5624
194822,5535,5627
166515,5556,5625
396086,5565,5632
247599,5565,5650
218881,5571,5632
369611,5573,5640
372223,5574,5650
319909,5582,5651
66016,5618,5727
174788,5619,5711
282047,5625,5700
154624,5637,5714
120453,5680,5741
362906,5681,5736
121951,5684,5758
120447,5722,5800
120462,5827,5871
239948,5827,5877
36714,5827,5898
118129,5827,5905
389892,5828,5880
156509,5830,5894
120446,5864,5935
177120,5985,6051
29220,5985,6055
147002,5985,6088
372224,5986,6061
105195,5986,6069
45031,5986,6097
8701,5988,6048
252297,5988,6055
118209,5990,6056
45035,5990,6089
388661,5991,6055
188870,5993,6056
65521,5995,6060
263817,5996,6065
28594,5998,6073
63956,5998,6087
50399,5998,6113
118124,5999,6061
145885,6000,6119
247602,6001,6062
223356,6002,6068
106137,6002,6112
118361,6003,6067
231363,6007,6068
50400,6017,6126
116768,6026,6093
84194,6028,6116
396082,6028,6123
290680,6036,6124
292185,6048,6120
292184,6049,6114
260256,6049,6122
184162,6049,6128
304081,6049,6134
155334,6051,6135
154622,6052,6117
58906,6052,6133
111264,6054,6122
116868,6059,6125
120449,6062,6135
359082,6063,6163
58571,6065,6136
78995,6066,6128
396085,6069,6123
190215,6079,6135
344198,6083,6145
323719,6084,6148
120459,6121,6225
120457,6147,6222
156507,6220,6289
45025,6419,6511
18270,6423,6497
111265,6424,6499
190633,6425,6519
369846,6428,6477
399531,6428,6519
250785,6449,6514
171687,6456,6520
344200,6462,6530
130608,6490,6594
120451,6493,6601
120448,6497,6578
99541,6538,6604
198425,6703,6755
297644,6713,6774
226723,6785,6850
156506,6805,6861
264001,6807,6877
156510,6810,6874
36707,6880,6956
75455,6922,7006
10964,6936,7001
120456,6987,7049
1761,7100,7184
146996,7186,7251
157037,7304,7354
120445,7305,7370
153974,7310,7383
66017,7323,7394
182782,7339,7409
396597,7362,7409
292181,7496,7559
255612,7514,7603
188868,7525,7651
120460,7526,7638
356356,7531,7600
91107,7537,7594
7220,7537,7603
389895,7549,7637
282046,7550,7639
280315,7553,7649
356355,7555,7666
250786,7557,7632
91767,7569,7656
73332,7652,7734
360205,7658,7718
242820,7658,7733
96258,7667,7730
116769,7669,7731
270756,7678,7719
317370,7678,7741
332742,7682,7743
134352,7684,7747
4443,7834,7884
143162,7973,8023
36710,7975,8045
188867,8075,8135
66019,8080,8139
370795,8092,8169
247600,8145,8252
105904,8153,8272
247601,8155,8255
228789,8216,8280
207107,8424,8489
85705,8431,8492
263818,8434,8559
40663,8437,8497
304080,8700,8762
45844,8700,8764
118125,8700,8771
65289,8701,8813
32121,8704,8808
45408,8715,8836
207106,8723,8809
344196,8724,8834
79600,8728,8830
280313,8744,8828
37932,8745,8870
389893,8748,8825
85860,8757,8884
29833,8760,8885
23156,8761,8831
166595,8764,8885
45033,8768,8872
327540,8769,8845
230800,8769,8879
21858,8770,8905
33834,8771,8885
372222,8773,8914
345416,8774,8837
36711,8775,8827
340376,8775,8838
111600,8775,8860
106143,8776,8869
350607,8777,8854
137409,8780,8852
223373,8786,8848
231813,8789,8861
378993,8791,8846
226726,8804,8885
9791,8810,8856
33835,8814,8866
47641,8821,8883
158724,8823,8870
111266,8920,9020
218578,8923,8986
341126,8925,8982
91108,8925,8986
142581,8925,9022
388662,8925,9050
260258,8926,9020
36708,8927,8988
401065,8928,9043
401067,8929,9019
25187,8931,9055
401066,8932,9034
260257,8932,9060
166513,8944,9048
109798,8945,9030
260259,8948,9073
64918,8959,9059
1345,8962,9060
342764,8964,9061
100941,8979,9066
64919,8981,9059
166594,8983,9078
106136,8983,9088
1345,8984,9060
36706,8984,9076
64921,8985,9071
1930,8986,9065
166596,8991,9083
107432,8993,9077
188871,9070,9140
192209,9314,9408
254427,9430,9494
250788,9515,9568
111798,9520,9582
184161,9522,9568
391103,9529,9602
142081,9535,9602
396893,9536,9595
36890,9538,9593
188869,9538,9601
263820,9539,9590
367370,9541,9594
230796,9541,9602
66028,9544,9599
130361,9545,9593
45034,9546,9602
276745,9546,9604
369608,9546,9606
39302,9547,9592
396891,9548,9596
223355,9550,9601
317718,9551,9621
91766,9665,9716
134253,9665,9743
91826,9668,9713
32092,9671,9759
166514,9677,9757
196739,9702,9757
232033,9704,9755
323229,9705,9757
36587,9930,9997
101573,9931,9985
45843,9939,9990
142584,9945,10000
396892,9952,10039
59611,9954,10018
79601,9956,10020
48289,10006,10074
317717,10021,10073
192209,10069,10164
105194,10075,10164
106142,10450,10511
19207,10457,10510
282773,10459,10501
382466,10479,10527
322146,10479,10543
247165,10481,10562
46819,10485,10546
146995,10487,10563
22290,10537,10598
69339,10543,10616
24760,10550,10612
108660,10567,10619
359081,10571,10678
11637,10573,10656
120463,10625,10679
372226,10754,10836
125976,10756,10869
155332,10756,10900
120454,10759,10892
145884,10762,10858
293667,10762,10888
130609,10764,10883
359255,10770,10875
175890,10783,10853
130610,10809,10910
120455,10812,10907
293668,10816,10909
213632,10819,10907
147003,10824,10908
348873,10836,10897
108332,10836,10911
45029,10841,10909
389896,10845,10911
240499,10855,10906
301630,10953,11009
118123,10956,11015
147001,10956,11017
130611,10958,11015
116591,10960,11016
146994,10961,11013
347699,10971,11017
155944,11053,11114
629,11054,11123
362905,11054,11170
384063,11070,11170
192211,11078,11188
217872,11079,11137
397392,11084,11145
138867,11084,11149
86043,11087,11189
300975,11090,11148
276747,11091,11157
66025,11106,11181
10815,11108,11176
276746,11118,11172
107749,11121,11188
33983,11146,11187
