222302,141,202
64099,142,199
150704,142,203
10551,147,202
228986,148,209
87417,243,322
152312,245,307
354693,253,324
288401,255,334
7910,258,323
206001,258,335
26240,260,322
181586,264,326
56233,267,331
406518,268,330
10576,275,339
16400,276,337
44293,276,340
324797,284,335
115478,284,340
366384,393,449
161266,395,456
219791,396,459
360523,397,439
178000,397,457
98061,397,460
315128,404,511
159087,405,466
124050,406,467
14376,412,513
360215,414,516
91871,419,506
167435,427,532
100415,428,504
364324,431,548
91872,432,557
11405,433,554
303477,462,584
321280,465,593
187237,478,602
139416,482,621
28024,484,639
60828,503,651
350701,508,627
294115,517,653
85795,524,646
94471,526,649
244534,536,589
248712,538,652
10552,542,660
10783,547,645
14377,552,659
6184,555,623
45515,560,642
11406,560,660
162816,562,644
351026,562,652
200249,563,632
292389,563,657
364325,565,660
262199,567,654
22318,571,659
350760,584,654
181435,588,650
260106,589,651
19164,589,659
44287,594,654
32749,595,650
40609,598,656
224523,601,660
10572,602,654
374275,602,657
99438,844,962
49107,847,970
111026,851,968
247394,853,951
334804,858,970
886,872,981
195136,872,991
214629,874,989
60227,874,998
39095,897,990
19202,904,989
101336,922,991
309245,925,991
35824,929,1029
302517,932,1026
485,947,1028
205502,949,1067
2398,953,1028
3804,956,1088
19203,969,1089
244375,990,1085
129222,999,1104
282826,999,1114
16406,1005,1058
279630,1017,1083
124056,1017,1086
277730,1026,1123
16405,1031,1092
334803,1033,1118
74093,1047,1105
251216,1063,1125
363157,1070,1146
393841,1074,1143
334692,1085,1138
316305,1086,1147
282825,1087,1176
354694,1104,1189
326568,1127,1242
244376,1127,1273
906,1129,1257
121635,1130,1248
22960,1133,1274
185487,1141,1261
277731,1146,1215
288683,1149,1215
205501,1149,1270
267,1154,1278
89216,1155,1266
1345,1160,1256
262425,1161,1246
6279,1161,1267
323046,1162,1231
77749,1165,1267
1345,1179,1255
1930,1179,1263
6177,1183,1282
267,1185,1280
50623,1186,1275
74095,1192,1283
54752,1194,1277
262431,1203,1276
267,1212,1275
350702,1220,1278
169769,1324,1387
19204,1324,1392
272036,1324,1399
10816,1325,1397
629,1326,1395
55214,1334,1407
81668,1336,1463
156830,1343,1416
74242,1349,1460
164191,1351,1406
50624,1360,1448
35458,1369,1438
288400,1372,1433
315041,1372,1437
113950,1374,1450
24521,1376,1440
10815,1376,1452
15033,1382,1450
279518,1382,1462
23534,1390,1455
301011,1398,1460
134849,1404,1456
51196,1677,1751
279631,1694,1756
401966,1705,1803
230307,1709,1778
330842,1712,1797
362258,1713,1795
188657,1716,1778
20456,1717,1807
188656,1718,1785
111024,1719,1794
76837,1721,1778
111025,1723,1805
332279,1727,1811
40612,1733,1789
40611,1733,1795
316304,1744,1823
305168,1752,1816
143006,1752,1826
213709,1753,1803
343013,1753,1818
128665,1756,1821
269747,1757,1822
50622,1765,1826
66496,1861,1926
224858,1872,1967
280251,1919,1985
377929,2157,2226
404915,2157,2231
24519,2157,2250
111116,2157,2253
250444,2158,2216
14417,2159,2241
82693,2162,2224
81669,2162,2227
6325,2162,2233
250443,2162,2269
189188,2163,2218
161265,2164,2226
248923,2166,2272
169048,2169,2226
202511,2171,2223
124052,2171,2235
210002,2172,2240
42833,2174,2250
214623,2176,2242
195889,2177,2246
72042,2180,2243
139411,2181,2256
386989,2182,2244
19970,2195,2273
10573,2200,2320
14100,2209,2318
388472,2211,2308
62026,2213,2310
288052,2224,2306
60833,2228,2318
18394,2238,2319
354491,2260,2349
188201,2286,2351
35827,2306,2386
3145,2307,2393
294121,2308,2369
97139,2310,2388
27891,2311,2382
24520,2311,2397
266230,2314,2377
227733,2319,2381
215638,2320,2380
377928,2325,2402
128340,2329,2397
113804,2343,2419
125531,2344,2409
52302,2344,2432
292557,2345,2410
295544,2347,2410
139408,2367,2431
121634,2394,2493
16404,2406,2508
16402,2413,2498
374276,2421,2540
24669,2424,2490
26367,2425,2499
90101,2426,2496
280823,2442,2533
402159,2453,2555
365553,2456,2522
24668,2459,2533
4279,2461,2529
258221,2461,2545
35823,2462,2511
324570,2462,2562
372833,2464,2530
143199,2465,2523
105500,2465,2546
16403,2465,2579
47394,2467,2547
280698,2469,2518
260110,2470,2569
262432,2473,2534
264038,2474,2547
11401,2476,2557
263995,2479,2544
74093,2481,2547
187065,2484,2548
177447,2486,2553
40610,2487,2576
161538,2488,2555
134917,2490,2553
308246,2490,2558
14375,2491,2565
249553,2491,2581
402178,2495,2557
102146,2496,2558
214932,2497,2545
252438,2501,2565
252439,2506,2616
169047,2508,2604
169049,2511,2578
120944,2512,2608
132860,2538,2599
351066,2539,2625
250185,2541,2635
129168,2542,2598
5479,2545,2616
99660,2546,2648
276580,2557,2632
25771,2562,2624
233141,2563,2653
204210,2570,2650
393616,2581,2643
79559,2582,2645
38752,2587,2646
94357,2610,2686
323995,2611,2662
148892,2617,2700
368973,2622,2701
280822,2628,2700
343012,2630,2730
150725,2634,2699
150724,2655,2709
214624,2665,2753
214626,2670,2764
214625,2671,2797
26239,2672,2773
27629,2674,2748
54748,2675,2740
74098,2675,2746
51719,2675,2786
295546,2676,2737
142842,2676,2741
130023,2676,2763
60827,2677,2793
239534,2677,2807
154730,2678,2772
170372,2680,2736
303478,2680,2746
51443,2680,2763
44324,2680,2771
247431,2681,2733
336270,2683,2744
138405,2686,2762
303637,2687,2784
42834,2690,2767
127194,2698,2813
10573,2709,2802
32030,2711,2785
24670,2712,2782
360464,2712,2806
4917,2713,2803
189209,2713,2809
886,2714,2812
145323,2716,2837
334805,2717,2810
79232,2723,2802
17025,2737,2809
315130,2764,2830
159086,2765,2869
214621,2780,2871
214622,2792,2923
63535,2800,2905
293742,2804,2882
205503,2805,2915
81670,2808,2930
74697,2811,2932
334802,2812,2904
330310,2815,2943
388476,2816,2898
288682,2816,2962
90100,2817,2927
186713,2823,2921
178329,2824,2933
28364,2824,2956
13949,2830,2957
250455,2831,2920
360462,2833,2910
116338,2844,2957
126562,2853,2906
69014,2854,2962
4231,2865,2961
5559,2869,2954
1244,2890,2962
250442,3060,3126
98062,3060,3136
298885,3073,3118
15461,3207,3294
35830,3208,3265
25,3208,3272
349765,3213,3290
69015,3214,3292
6175,3222,3294
203606,3224,3292
388470,3225,3294
159091,3243,3291
180464,3247,3294
360463,3401,3471
58544,3402,3463
21319,3447,3525
143008,3500,3569
288684,3593,3653
25455,3621,3688
309244,3626,3694
134701,3629,3744
288685,3637,3753
262430,3639,3711
19971,3641,3756
6178,3642,3769
248320,3645,3750
6180,3646,3722
18552,3649,3720
130175,3650,3763
35828,3659,3752
19968,3661,3763
331,3664,3751
4403,3665,3736
368974,3668,3761
3253,3672,3735
67562,3673,3734
226614,3674,3763
324966,3685,3750
5039,3702,3765
252431,3704,3766
382241,3803,3862
285312,3807,3853
74092,3926,3987
294116,3927,4015
74099,3927,4018
90102,3952,4017
54249,3954,4018
288053,4038,4108
295545,4039,4105
24516,4043,4108
247391,4234,4337
382272,4235,4334
247393,4249,4326
4769,4252,4327
367055,4260,4323
244373,4262,4313
247390,4263,4327
28276,4266,4324
63532,4266,4326
360214,4276,4329
244372,4277,4327
252436,4277,4333
12652,4300,4372
70298,4322,4406
282827,4322,4412
38211,4323,4401
84434,4332,4420
377930,4335,4396
214627,4337,4399
159085,4337,4404
54096,4338,4402
65815,4339,4414
4369,4339,4417
159090,4432,4477
24671,4526,4588
4196,4527,4595
301643,4528,4592
209941,4531,4597
257558,4536,4595
364322,4541,4601
159084,4699,4783
64260,4750,4812
139409,4755,4876
337,4762,4858
388096,4768,4845
14378,4769,4874
316302,4769,4878
324573,4769,4895
368747,4770,4860
19969,4771,4864
374278,4772,4907
35826,4773,4873
124051,4773,4884
35829,4773,4894
40369,4776,4859
19968,4776,4879
360212,4779,4895
187234,4781,4888
353692,4782,4862
364323,4782,4897
6174,4783,4920
14856,4785,4846
307769,4786,4847
217249,4786,4850
139410,4786,4936
157039,4787,4877
65985,4787,4909
316303,4789,4899
353690,4791,4909
185545,4794,4853
251217,4795,4859
185485,4795,4875
407977,4800,4887
374277,4800,4933
65984,4801,4913
239535,4803,4895
252433,4805,4889
269746,4805,4900
156861,4805,4925
254595,4806,4868
95907,4807,4871
249552,4809,4879
22006,4815,4877
24514,4815,4926
107657,4816,4881
24990,4817,4880
161264,4817,4884
235223,4817,4888
91869,4817,4914
65814,4819,4887
77252,4820,4881
34376,4820,4883
368975,4822,4889
315129,4822,4918
24518,4824,4932
130179,4825,4887
35054,4825,4890
269745,4826,4893
157040,4827,4889
407976,4834,4895
249555,4855,4920
326569,4876,4942
47020,4881,4932
24517,4894,4972
244374,4902,4975
293738,4909,5060
307397,4918,5035
234011,4943,5004
139413,4944,5046
193474,4948,5006
393688,4955,5033
307396,4958,5064
293739,4959,5049
111023,5005,5050
139414,5124,5194
10984,5126,5192
360452,5126,5199
280252,5130,5184
35150,5130,5196
6181,5135,5197
132514,5291,5353
225914,5292,5347
11404,5305,5355
86016,5305,5362
90258,5318,5363
203590,5321,5385
294120,5336,5398
74092,5342,5403
402177,5368,5432
133686,5369,5444
388471,5384,5472
360213,5395,5460
40613,5395,5474
205496,5485,5593
48912,5493,5582
6182,5494,5629
124054,5507,5631
8332,5512,5638
1345,5516,5593
328710,5518,5635
48913,5519,5595
377932,5520,5603
10553,5523,5612
127701,5524,5615
267,5526,5632
386990,5527,5624
50626,5529,5643
59624,5530,5594
326567,5531,5647
239446,5537,5646
74095,5541,5626
223799,5552,5630
61767,5552,5644
328711,5554,5655
267,5556,5631
355204,5579,5630
250890,5580,5642
183710,5581,5639
223558,5581,5648
303681,5583,5626
60228,5584,5646
259567,5589,5651
130176,5678,5764
115479,5688,5764
247716,5715,5780
307395,5753,5834
214630,5760,5831
98363,5762,5823
249554,5765,5840
157042,5766,5844
405762,5766,5850
126166,5777,5824
334691,5778,5832
239536,5778,5859
64100,5779,5840
29767,5780,5845
54213,5784,5864
133541,5795,5881
325092,5797,5858
354691,5809,5858
402192,5814,5877
292970,5967,6025
354490,6094,6155
123750,6253,6305
250187,6254,6371
316632,6258,6337
408145,6262,6317
80242,6262,6360
262426,6263,6318
77251,6266,6352
102669,6268,6316
262428,6268,6318
328983,6268,6340
113099,6268,6349
163193,6268,6364
67678,6273,6334
188660,6273,6367
188658,6274,6358
263996,6275,6336
24673,6275,6341
24672,6275,6362
357857,6278,6362
4402,6280,6355
1779,6280,6360
354692,6281,6366
254596,6281,6373
102803,6284,6372
104250,6285,6337
336811,6285,6347
250451,6290,6359
123756,6293,6371
148891,6304,6370
237607,6305,6368
407980,6309,6382
292601,6317,6382
357856,6323,6382
269744,6323,6385
380657,6413,6469
144600,6428,6497
374274,6428,6503
60022,6430,6486
235824,6430,6500
104847,6439,6507
210001,6444,6505
66653,6444,6511
50625,6446,6508
98363,6447,6502
250449,6450,6514
62027,6466,6542
165436,6512,6580
60830,6515,6614
323049,6525,6618
138742,6532,6612
149761,6533,6581
60829,6534,6615
260105,6544,6618
15250,6545,6609
66651,6545,6631
402193,6545,6658
269749,6546,6616
122587,6546,6643
355162,6548,6627
87225,6548,6637
65780,6548,6642
316631,6549,6613
188659,6549,6618
1925,6549,6632
244377,6552,6618
6176,6552,6623
260108,6552,6635
6179,6552,6639
382274,6552,6646
91873,6553,6614
250456,6553,6643
382273,6558,6669
67679,6597,6669
300670,6706,6765
14857,6706,6774
60832,6707,6770
250348,6708,6772
7035,6714,6763
288399,6726,6789
54250,6733,6799
150459,6750,6844
9113,6782,6845
144599,6788,6841
330843,6904,6964
50065,6904,6979
49108,6905,6973
81671,6907,6979
10577,6908,6971
360450,6909,6981
230754,7127,7193
163073,7130,7193
205499,7134,7198
189208,7135,7217
269748,7175,7251
303638,7175,7278
25456,7179,7265
235222,7181,7255
62030,7182,7281
123754,7184,7276
195890,7194,7277
393843,7314,7412
14379,7320,7381
209505,7320,7389
73400,7321,7401
388473,7324,7388
67071,7325,7411
118840,7358,7415
346751,7359,7427
116339,7372,7434
268556,7375,7463
206201,7383,7458
250447,7401,7466
48911,7403,7470
204039,7412,7466
303476,7417,7472
89217,7421,7471
36223,7684,7760
110831,7685,7731
159083,7685,7747
11402,7686,7752
145096,7687,7744
256595,7691,7745
338752,7696,7752
26238,7697,7760
374226,7717,7789
345393,7719,7783
382271,7722,7785
148890,7732,7806
300669,7741,7808
42832,7747,7806
324571,7751,7806
303480,7752,7803
354571,7754,7831
164911,7759,7803
292731,7877,7939
346750,7879,7943
299539,7879,7945
74094,7884,8019
74090,7890,7953
250183,8143,8206
70110,8144,8248
70109,8144,8267
70579,8149,8245
360453,8150,8224
252432,8150,8266
130174,8153,8222
62031,8153,8233
402176,8154,8218
250453,8154,8256
35825,8157,8226
182170,8159,8268
26237,8160,8225
325135,8164,8265
292971,8166,8227
262427,8167,8263
332278,8168,8234
164649,8170,8232
49021,8171,8280
253791,8174,8235
188661,8175,8242
353691,8185,8266
16401,8187,8297
402195,8188,8286
205498,8189,8272
121633,8191,8268
7291,8201,8280
67680,8201,8300
35821,8203,8311
230305,8204,8294
46165,8206,8303
74097,8212,8298
167436,8217,8309
74096,8219,8305
55217,8222,8284
77361,8223,8305
358455,8232,8295
396916,8236,8301
250450,8256,8323
260107,8261,8333
254684,8266,8333
205999,8303,8366
236664,8312,8374
235328,8313,8375
336810,8313,8379
128666,8405,8471
343010,8407,8472
24515,8427,8508
134508,8453,8543
50706,8469,8543
60826,8577,8630
74090,8577,8636
121186,8579,8637
302036,8580,8659
54503,8585,8631
184326,8585,8640
175646,8587,8637
315264,8590,8631
364326,8597,8665
98063,8617,8698
329995,8620,8696
32289,8624,8695
195560,8867,8936
15225,8872,8928
316634,9081,9136
357858,9113,9194
228988,9114,9181
228987,9114,9185
366382,9119,9195
286117,9123,9195
395553,9129,9193
241869,9136,9200
157043,9136,9202
123751,9138,9204
187236,9140,9194
386991,9140,9210
15553,9141,9199
159082,9141,9201
250184,9141,9216
125822,9142,9193
401696,9142,9204
192338,9143,9209
143007,9144,9194
121636,9144,9222
277545,9150,9202
48131,9151,9222
83855,9152,9193
113805,9228,9306
366383,9232,9334
150244,9245,9344
11403,9247,9302
186610,9249,9303
277544,9249,9320
265189,9250,9328
368650,9251,9322
294739,9251,9338
10554,9252,9356
159173,9255,9340
339339,9257,9328
11407,9262,9358
211057,9265,9331
11408,9270,9361
66654,9398,9463
63534,9400,9460
67385,9402,9464
248713,9586,9680
308026,9587,9656
65816,9588,9689
374273,9591,9645
164842,9604,9699
138359,9605,9658
61476,9607,9686
324576,9613,9680
393842,9637,9752
85985,9648,9738
60226,9659,9746
205141,9662,9758
130177,9663,9748
60831,9663,9754
54749,9665,9760
131020,9665,9774
207921,9666,9734
210003,9666,9737
252437,9668,9760
23413,9671,9746
223800,9671,9790
222655,9674,9742
377586,9679,9771
8573,9697,9771
267777,9712,9786
281928,9712,9790
12651,9716,9784
383816,9721,9787
70111,9755,9872
7857,9756,9861
10550,9761,9872
402196,9762,9876
74098,9765,9826
115387,9765,9832
250445,9767,9816
45849,9767,9825
180466,9767,9884
252435,9773,9854
81673,9773,9862
180465,9774,9868
374334,9804,9890
63533,9901,9957
63536,9902,10014
175781,9907,9984
402194,9917,10012
187235,9925,10035
188987,9927,9985
160108,9936,10024
54751,9942,10028
239538,9973,10037
74094,10123,10270
152293,10124,10170
294119,10126,10190
377587,10128,10186
188202,10128,10189
7266,10141,10188
54503,10142,10190
44100,10142,10203
173599,10209,10296
311058,10212,10298
339340,10213,10300
20685,10214,10278
63565,10215,10313
111020,10216,10291
250181,10216,10326
55216,10218,10309
363666,10221,10320
250182,10224,10285
13455,10225,10332
43171,10229,10290
38209,10231,10323
191466,10233,10312
292558,10235,10304
53397,10235,10315
393844,10235,10335
85796,10236,10293
33465,10236,10298
349764,10236,10300
113428,10238,10300
277547,10240,10300
306605,10241,10310
142279,10242,10318
205341,10242,10321
265190,10242,10330
54747,10243,10335
187238,10244,10328
149299,10247,10335
330844,10248,10317
61366,10250,10294
100843,10256,10335
186641,10258,10324
53399,10259,10321
311062,10259,10367
252434,10276,10390
156831,10290,10369
305169,10301,10400
111021,10303,10368
20660,10313,10390
10555,10332,10391
123757,10336,10466
269743,10337,10410
272037,10338,10392
274829,10340,10430
388474,10344,10409
74089,10392,10473
159081,10395,10470
15479,10417,10491
22664,10418,10493
96447,10419,10486
24513,10436,10499
19967,10564,10625
54251,10566,10634
230306,10570,10639
90098,10586,10646
407979,10588,10649
294117,10590,10678
368976,10591,10649
90099,10603,10647
36751,10606,10651
40614,10622,10686
279517,10655,10717
209012,10655,10719
306606,10905,11002
266952,10908,10995
195364,10946,11019
316306,10960,11023
185488,10964,11029
214712,10969,11031
323043,11049,11132
59509,11050,11152
159089,11052,11141
4367,11053,11149
70108,11054,11160
295542,11056,11112
886,11056,11125
35822,11056,11136
343011,11056,11141
307393,11058,11132
886,11058,11148
74089,11062,11134
338753,11063,11132
323045,11064,11167
250186,11085,11167
260111,11086,11154
35820,11086,11158
10574,11099,11166
25,11248,11304
15461,11248,11324
6175,11251,11323
4432,11256,11324
62040,11273,11335
210004,11409,11506
124057,11413,11476
243434,11413,11506
288056,11413,11511
323044,11421,11515
89008,11434,11504
349578,11434,11507
78101,11442,11544
139415,11442,11562
163195,11446,11564
14470,11451,11554
123755,11452,11531
72043,11456,11552
330841,11457,11525
250448,11459,11562
1500,11459,11572
163194,11464,11550
78100,11464,11572
116337,11469,11577
47405,11474,11576
282824,11475,11538
214628,11476,11572
24675,11477,11586
139412,11480,11577
64101,11481,11582
223801,11482,11548
84830,11483,11546
253172,11483,11564
332280,11483,11580
251218,11484,11545
81672,11484,11551
124055,11485,11559
64098,11487,11551
157041,11492,11557
42836,11492,11589
179838,11496,11557
292972,11498,11577
63537,11498,11581
11409,11503,11593
156832,11515,11578
136820,11517,11583
251498,11518,11602
121637,11519,11584
377931,11526,11590
86801,11535,11618
4368,11536,11615
205504,11550,11623
401967,11563,11667
28363,11565,11617
354570,11566,11642
320520,11570,11625
226613,11574,11662
205497,11584,11679
267,11585,11671
282755,11585,11681
304390,11588,11681
123758,11591,11670
54750,11592,11682
328712,11599,11678
86706,11600,11681
124058,11601,11664
62028,11602,11678
377588,11603,11672
6183,11603,11676
267,11604,11683
295543,11605,11674
328713,11607,11684
12142,11608,11670
48910,11609,11681
241870,11612,11678
45282,11614,11679
98064,11619,11676
272038,11620,11680
116825,11622,11682
88758,11626,11684
60224,11628,11682
23942,11630,11677
308027,11633,11678
89006,11727,11830
315042,11729,11808
126,11729,11815
54759,11735,11847
123752,11748,11871
123753,11773,11893
323048,11784,11858
87216,11858,11927
288054,11859,11931
133470,11875,11937
269741,11886,11931
159088,11890,12012
62032,11908,11974
349577,11910,11974
111022,11914,11975
277546,11919,11973
4404,11924,12006
297195,11933,12005
14362,11933,12010
51718,11933,12015
5316,11945,12008
91870,11960,12005
303481,12125,12214
374272,12135,12205
124053,12139,12206
303482,12144,12210
77204,12159,12216
185544,12174,12235
360451,12371,12448
60225,12411,12459
180467,12419,12472
54252,12488,12576
125087,12494,12540
303479,12502,12591
74091,12508,12590
294113,12523,12590
294116,12533,12617
74099,12535,12622
294118,12540,12605
90096,12557,12664
17007,12571,12651
368977,12582,12661
182195,12592,12665
36751,12594,12666
127192,12596,12659
74088,12698,12754
343921,12698,12771
77087,12730,12835
250446,12735,12845
66652,12748,12852
1345,12757,12835
10553,12764,12850
267,12768,12852
235221,12924,12993
90097,12924,13006
328715,12925,13010
352718,12933,12999
288055,12945,12997
401135,12950,13003
250454,12950,13050
23857,12951,13033
268557,12951,13038
306716,12954,13022
189207,12962,13017
180468,12962,13026
403701,12962,13056
350575,12963,13037
407978,12963,13054
72492,12965,13039
260113,12966,13034
262433,12968,13033
54746,12968,13046
74096,12969,13060
74097,12970,13056
138404,12981,13062
406516,12989,13076
73616,12993,13055
138403,12995,13062
294112,13001,13064
406517,13004,13097
392125,13014,13064
263997,13016,13096
250457,13031,13093
247392,13031,13121
247430,13038,13121
167434,13041,13120
324575,13045,13120
63532,13048,13114
98970,13048,13120
77680,13063,13119
169046,13064,13120
307394,13065,13165
74088,13067,13131
177741,13068,13121
205998,13069,13150
395552,13073,13169
136818,13079,13152
39408,13086,13154
206000,13087,13164
395550,13089,13168
210878,13094,13174
247395,13097,13169
267280,13098,13167
252429,13101,13211
293740,13102,13190
293741,13104,13209
388475,13108,13175
16399,13110,13164
327533,13110,13174
229943,13124,13200
43172,13130,13219
288057,13144,13223
280824,13146,13222
79427,13155,13230
928,13160,13238
349576,13162,13237
363665,13167,13228
94358,13167,13248
260112,13168,13229
38210,13173,13235
219792,13174,13226
357278,13174,13236
323042,13206,13278
330490,13519,13578
396934,13593,13660
150726,13606,13671
282823,13640,13706
187064,13652,13724
393615,13654,13726
51245,13656,13729
298269,13660,13724
98066,13676,13741
44981,13679,13741
29707,13679,13748
341218,13764,13839
350700,13765,13855
108445,13784,13862
216436,13787,13832
281734,13799,13856
291910,13807,13870
223557,13808,13869
159604,13808,13879
316633,13820,13885
55311,13822,13876
74091,13839,13939
294114,13872,13936
372555,13935,13983
21261,13939,14019
9494,13949,14020
127193,13987,14048
50627,13989,14071
19205,14317,14382
113994,14334,14397
279633,14343,14400
164843,14347,14412
32438,14348,14401
260109,14369,14445
343274,14379,14460
136819,14380,14443
84832,14385,14461
6901,14408,14460
264762,14480,14555
125088,14489,14549
264761,14493,14579
144598,14501,14567
236447,14501,14573
332376,14515,14576
269742,14516,14594
377776,14517,14571
267957,14518,14570
9597,14518,14572
54745,14518,14574
279632,14519,14623
256856,14520,14610
244721,14523,14591
334693,14523,14595
177706,14525,14576
387327,14554,14628
142769,14576,14631
96675,14580,14662
11410,14582,14649
296195,14584,14629
297197,14585,14661
324572,14596,14655
91875,14597,14657
295478,14597,14659
252430,14597,14662
296062,14597,14675
26937,14598,14658
228985,14598,14661
78102,14599,14660
324574,14599,14668
247403,14600,14657
406148,14600,14673
89007,14600,14686
91874,14604,14679
370699,14606,14657
125089,14607,14676
382270,14609,14685
60223,14610,14669
53398,14610,14678
280697,14612,14667
114323,14619,14680
132947,14623,14678
30147,14625,14679
343741,14638,14687
14729,14900,15011
99661,14907,14993
329996,14908,15019
40616,14912,15031
277732,14915,15063
297196,14917,15057
343009,14922,15011
100544,14922,15042
24674,14923,15064
197725,14929,15052
239537,14931,15080
239540,14932,15009
42835,14936,15069
323047,14937,15030
206200,14938,15039
11794,14939,15017
29195,14939,15024
14380,14952,15078
402733,14954,15011
40615,14958,15076
24242,14963,15029
10575,14968,15092
262429,14972,15104
68898,14973,15035
113240,14974,15051
84831,14974,15093
199019,14975,15037
338754,14976,15090
168888,14977,15037
348236,14980,15037
45123,14984,15038
185486,14985,15036
192339,14987,15069
328714,14987,15105
62307,14988,15098
98065,14996,15067
382275,15007,15084
147538,15008,15093
62029,15013,15109
10578,15014,15111
67738,15015,15105
187239,15015,15116
14381,15019,15080
123367,15026,15128
269740,15028,15119
42837,15041,15109
235960,15043,15107
185430,15051,15117
387099,15052,15115
205500,15054,15165
60825,15055,15158
195363,15056,15117
5029,15061,15181
363867,15063,15109
55215,15063,15144
116158,15068,15134
252428,15071,15155
395551,15081,15136
1345,15087,15171
353693,15088,15144
130178,15113,15234
349575,15117,15194
267,15142,15201
70105,15142,15246
239539,15161,15287
250452,15167,15224
334806,15167,15281
150727,15168,15218
123759,15169,15287
70106,15179,15287
70107,15188,15277
23858,15196,15261
20457,15197,15263
63538,15197,15281
68651,15223,15287
