408524,244,299
149283,349,411
172990,349,449
21445,354,412
337558,504,551
242366,505,549
370884,792,877
89155,822,883
72365,914,976
1925,914,992
218951,914,1003
338952,916,1011
111764,919,992
297128,921,986
19349,934,1013
362872,954,1013
273669,1180,1233
117329,1180,1235
62769,1180,1238
118467,1180,1244
10815,1180,1247
21933,1180,1254
40982,1180,1264
214670,1180,1274
124910,1180,1290
14952,1181,1250
155379,1186,1247
105741,1199,1273
194313,1208,1290
292532,1215,1270
194312,1217,1291
93966,1222,1291
48823,1233,1290
289050,1492,1543
158424,1492,1547
73908,1492,1555
96320,1492,1571
297229,1492,1596
21934,1492,1607
80488,1493,1559
284584,1494,1600
247179,1505,1598
6656,1513,1612
62771,1519,1602
117324,1520,1637
141687,1521,1595
325746,1524,1586
40985,1525,1636
47809,1526,1599
52357,1526,1619
40984,1526,1645
260945,1531,1620
58420,1532,1615
123937,1534,1592
158422,1534,1622
18004,1536,1590
246661,1536,1602
6657,1537,1613
30118,1538,1599
243948,1542,1606
94605,1545,1622
250349,1546,1615
80486,1550,1620
260946,1556,1620
238896,1558,1621
306038,1564,1642
365881,1567,1638
118940,1568,1632
153699,1570,1631
348680,1649,1725
386836,1656,1719
323493,1656,1732
149874,1656,1737
346185,1667,1720
97702,1687,1769
223186,1693,1764
377967,1699,1765
355158,1773,1819
127887,1959,2009
7856,1959,2047
242359,1962,2044
223942,1963,2026
175294,1963,2034
331756,1966,2046
21935,1970,2048
248510,1972,2049
14417,1973,2046
188621,1975,2047
30120,1984,2045
67167,1985,2049
158024,2137,2197
75243,2143,2203
231729,2154,2227
351787,2166,2256
54927,2170,2300
129253,2183,2279
187195,2185,2258
243351,2186,2271
202985,2195,2258
371372,2198,2272
119250,2199,2282
221828,2207,2268
181440,2212,2272
199886,2213,2275
168486,2213,2284
221829,2215,2280
129252,2223,2300
25129,2225,2286
116979,2227,2292
63481,2232,2295
296832,2236,2277
284491,2237,2294
161533,2248,2300
318406,2420,2476
185125,2420,2479
266294,2420,2482
406506,2420,2485
322247,2420,2500
32765,2421,2466
348343,2421,2483
42006,2421,2491
169947,2424,2488
355161,2425,2499
301071,2427,2485
90399,2428,2498
361067,2429,2492
316631,2430,2491
1925,2432,2490
390867,2435,2498
348349,2435,2505
301072,2437,2499
1045,2616,2700
310129,2617,2669
30119,2617,2695
150844,2618,2697
260517,2619,2675
40345,2620,2686
93967,2644,2719
370639,2644,2746
370638,2659,2747
372262,2662,2740
117324,2662,2764
325745,2664,2727
36751,2665,2739
123937,2674,2735
373793,2674,2739
242364,2676,2761
348348,2701,2769
89392,2702,2751
176052,2896,2963
237694,2950,3012
107469,2980,3043
351887,2982,3044
313704,3124,3167
128375,3124,3169
274949,3133,3239
136739,3134,3209
235982,3153,3270
302801,3184,3255
149284,3195,3261
202983,3196,3271
187242,3197,3259
207582,3198,3261
367731,3214,3280
158423,3216,3291
344504,3304,3370
355157,3787,3849
107470,3799,3880
203483,3801,3868
316632,3801,3873
90397,3802,3879
101691,3815,3873
352047,3816,3882
39149,3822,3874
210621,3830,3881
73067,3832,3882
289051,4072,4140
49955,4073,4135
337658,4079,4140
363531,4083,4140
158025,4083,4144
81849,4085,4144
17854,4089,4142
94393,4091,4143
349281,4281,4334
77557,4380,4449
225681,4518,4612
102162,4519,4572
203484,4519,4596
314679,4519,4619
101798,4522,4571
303169,4522,4580
181698,4524,4582
40983,4524,4601
249676,4525,4605
47811,4525,4611
80487,4525,4616
312663,4527,4575
16856,4527,4594
56166,4527,4598
40986,4529,4586
16536,4531,4605
102161,4532,4597
1925,4567,4635
90400,4567,4652
101877,4568,4643
94862,4570,4635
355160,4570,4655
1925,4575,4653
382983,4637,4732
23511,4672,4740
220873,4676,4749
149694,4681,4777
234076,4683,4748
403703,4690,4750
298306,4690,4752
404224,4693,4759
228290,4694,4750
208450,4696,4750
322248,4698,4748
130257,4700,4819
284275,4701,4768
276737,4702,4763
303170,4706,4776
73066,4709,4777
183683,4720,4781
130578,4724,4782
225682,4786,4852
132301,4787,4851
262222,4790,4852
34379,4797,4875
235500,4800,4869
214671,4810,4874
311699,4872,4954
211179,4905,5000
388570,4911,4978
289595,4911,4986
211180,4912,4956
47812,4914,5000
382662,4916,4992
194928,4917,4981
32077,4918,5000
179699,4921,4982
112264,4921,5003
250350,4926,5017
75244,4939,5025
318407,4943,4992
347425,4948,5015
281529,4954,5015
62682,4958,5037
6111,4958,5040
365675,4964,5031
97990,4968,5046
368657,4996,5058
93965,5014,5086
16454,5167,5227
137856,5283,5380
292533,5285,5386
109685,5289,5350
48895,5290,5365
149282,5303,5374
331757,5303,5390
101878,5360,5461
62770,5442,5517
74603,5459,5519
296403,5570,5660
235557,5570,5676
155696,5571,5657
242365,5571,5682
214672,5579,5648
302751,5629,5702
2804,5763,5820
235981,5780,5832
252296,5877,5937
391404,5879,5941
358248,6123,6174
222097,6123,6180
355156,6123,6189
47810,6124,6171
214492,6124,6187
986,6124,6193
348344,6131,6196
156666,6133,6194
102343,6133,6202
116643,6135,6196
408523,6137,6201
232375,6142,6192
84626,6143,6195
337780,6147,6215
110028,6151,6249
390868,6159,6217
10326,6181,6247
15493,6304,6368
77658,6307,6370
336031,6309,6370
87883,6311,6382
44484,6314,6386
176053,6319,6373
194157,6652,6718
292396,6652,6721
401649,6673,6735
235556,6675,6742
406068,6676,6739
238243,6677,6737
142245,6680,6742
39706,6802,6868
49388,6947,7027
75245,6953,7029
237693,7131,7200
399329,7194,7264
161534,7194,7271
86170,7204,7261
37324,7204,7287
104671,7204,7302
260516,7205,7297
139553,7209,7305
188708,7220,7262
8530,7222,7285
42006,7224,7307
392954,7372,7453
203482,7378,7455
354216,7397,7453
344505,7534,7583
289316,7658,7731
62681,7658,7754
62680,7658,7768
391405,7661,7747
318405,7665,7755
124909,7668,7749
157207,7673,7741
268605,7673,7746
183684,7688,7751
98970,7700,7766
259575,7710,7764
155695,7809,7924
117326,7820,7904
19351,7842,7939
407390,7852,7917
331758,7862,7927
228622,8391,8446
129022,8533,8605
277365,8537,8598
240259,8544,8616
242368,8544,8638
404223,8545,8609
382127,8550,8629
156959,8551,8616
98181,8551,8627
202984,8552,8639
385693,8553,8617
214491,8553,8621
260082,8555,8617
355159,8555,8624
63495,8555,8627
142504,8558,8644
74526,8559,8621
87041,8559,8623
175884,8560,8632
342449,8564,8630
391407,8566,8627
42651,8566,8635
57404,8567,8630
300211,8573,8631
129872,8573,8640
213931,8574,8635
243348,8574,8638
13596,8575,8627
33267,8577,8628
124908,8577,8643
300212,8577,8649
382985,8639,8711
24163,8704,8787
241711,8721,8782
24162,8796,8892
117328,8985,9054
90401,9132,9207
306039,9133,9212
225522,9149,9202
23736,9167,9222
1878,9167,9234
373795,9212,9297
373794,9227,9304
77027,9476,9538
225683,9476,9552
213472,9476,9583
4495,9513,9573
104527,9535,9604
318402,9537,9609
117326,9544,9638
218161,9628,9700
83944,9631,9693
347934,9636,9700
101117,9638,9700
392953,9652,9701
34589,9733,9793
149875,9733,9821
139639,9734,9778
384251,9734,9797
285179,9736,9800
220620,9738,9807
117327,9755,9850
4973,9756,9820
108825,9763,9831
6785,9763,9839
213473,9763,9844
24164,9763,9861
265448,9764,9824
206980,9764,9828
3036,9764,9836
212451,9765,9845
242362,9767,9861
4720,9768,9831
2723,9768,9838
337550,9769,9850
6785,9776,9835
219853,9777,9841
359351,9777,9875
308474,9778,9845
267717,9835,9899
381164,10080,10134
124236,10100,10173
344507,10147,10217
102324,10163,10246
300338,10168,10231
260944,10168,10233
218162,10172,10234
221426,10191,10274
316634,10197,10269
242269,10200,10276
30117,10203,10279
163707,10217,10281
114523,10222,10277
276740,10232,10297
90402,10473,10535
172350,10480,10541
90398,10614,10676
352579,10620,10689
190635,10628,10689
374975,10644,10712
98695,10970,11067
62772,10984,11063
247024,10985,11066
242367,11007,11068
393212,11498,11582
316637,11500,11579
135033,11508,11577
384789,11511,11582
330219,11513,11574
81621,11514,11583
330947,11515,11588
296404,11516,11585
379510,11517,11577
351788,11522,11587
55198,11548,11601
70954,11574,11630
123811,11639,11687
66466,11649,11699
112324,11654,11719
316633,11655,11734
70698,11656,11720
107837,11658,11720
311811,12053,12101
206725,12055,12117
194314,12055,12123
135277,12056,12113
332362,12057,12112
353885,12058,12114
268561,12195,12272
347790,12198,12271
87635,12198,12282
24558,12219,12283
234077,12246,12303
80490,12370,12432
292397,12370,12435
214493,12370,12459
80489,12370,12472
397645,12371,12469
133535,12375,12454
9901,12377,12449
349279,12384,12472
269065,12392,12454
143817,12393,12449
109763,12397,12467
222662,12400,12467
119035,12424,12553
318403,12426,12542
360807,12427,12496
364256,12433,12504
87958,12433,12542
149619,12434,12547
243350,12435,12509
223474,12436,12506
399766,12436,12557
19350,12437,12529
72930,12440,12505
120882,12441,12504
288227,12442,12513
18516,12457,12530
238312,12460,12541
392590,12758,12825
46405,12760,12822
141966,12763,12826
408527,12800,12861
388348,12938,12996
238310,12942,13003
260518,12976,13037
349015,12978,13044
149286,12986,13057
63494,13001,13066
276738,13274,13353
273668,13274,13356
62773,13281,13354
107,13284,13372
228621,13333,13445
105740,13353,13445
243349,13362,13441
67169,13364,13424
389932,13375,13445
203485,13381,13463
238311,13382,13461
271470,13383,13448
207581,13386,13453
75246,13389,13461
194315,13396,13467
95564,13406,13468
38324,13415,13475
216456,13427,13510
291584,13505,13567
24169,13512,13593
24168,13513,13598
158026,13522,13598
261697,13524,13589
6537,13526,13592
102325,13528,13591
171408,13529,13593
335104,13531,13589
87784,13533,13592
185126,13534,13598
101013,13539,13592
15494,13539,13598
117325,13691,13769
50396,13919,13997
141686,13920,13986
260519,13921,13998
349278,13925,14002
54929,13927,13990
194316,14098,14163
372263,14098,14167
102323,14098,14185
215607,14120,14182
130273,14128,14182
304909,14137,14201
220965,14186,14239
397646,14220,14268
313705,14245,14350
126,14274,14370
377966,14280,14370
146616,14345,14409
104669,14386,14467
374147,14394,14457
138742,14394,14468
90403,14743,14853
107261,14765,14870
251109,14769,14900
48894,14770,14878
401648,14777,14901
243347,14778,14875
149285,14797,14901
261696,14805,14896
108492,14836,14901
117327,15128,15220
249677,15132,15197
4720,15137,15196
12619,15137,15210
103767,15137,15218
318404,15137,15233
203142,15139,15213
355155,15212,15275
101876,15214,15279
117325,15272,15352
149876,15356,15423
104365,15356,15466
105738,15360,15451
406069,15361,15459
38947,15366,15473
158426,15366,15477
72366,15379,15452
390875,15802,15867
318408,15803,15851
301922,15883,15969
81918,15886,15946
76680,15947,16011
117328,15955,16029
210365,15956,16026
82699,16492,16542
176050,16720,16797
13118,16725,16796
212122,16742,16795
67168,16748,16796
176051,16749,16799
158425,16750,16795
390876,16958,17034
370883,16991,17055
271471,16992,17094
73065,16996,17067
45736,16997,17082
886,16997,17094
302750,16998,17079
351789,17000,17099
120675,17001,17093
213474,17002,17084
302749,17003,17108
12331,17007,17084
335103,17107,17165
104668,17111,17172
54155,17112,17173
67820,17113,17171
15495,17123,17172
292534,17281,17345
62679,17281,17355
137855,17281,17359
211181,17282,17363
76680,17334,17406
130258,17614,17670
22930,17614,17673
271203,17876,17948
390869,17880,17964
71888,17886,17951
407302,17888,17951
349280,17965,18075
399767,17977,18041
104670,17979,18055
137812,17980,18074
391196,17982,18044
84562,17984,18029
276739,17986,18059
207051,17990,18057
311331,17992,18044
388350,17997,18059
237691,18019,18075
125971,18057,18119
391406,18058,18132
328419,18491,18545
289314,18492,18551
31385,18492,18561
289315,18493,18555
225684,18496,18561
46168,18497,18560
85438,18500,18560
112263,18501,18562
25128,18508,18562
80492,18618,18702
214986,18797,18849
186304,18917,18984
107468,19103,19161
388349,19103,19167
249675,19106,19167
54928,19107,19161
77656,19110,19161
77657,19110,19165
107262,19115,19166
140787,19273,19319
158427,19397,19464
14953,19401,19464
236532,19402,19466
164578,19402,19485
382665,19404,19465
407019,19404,19495
31938,19408,19494
233249,19425,19494
242443,19425,19499
310103,19429,19491
137854,19430,19492
155698,19431,19490
47740,19434,19499
158428,19437,19499
165301,19441,19504
62774,19441,19521
386835,19458,19515
338867,19458,19545
284150,19459,19516
390874,19461,19556
24167,19463,19525
300337,19464,19545
365676,19465,19527
158027,19472,19535
349672,19549,19619
225685,19555,19609
215967,19561,19606
390877,19715,19833
234078,19770,19842
251909,19794,19868
281870,19806,19868
390871,19868,19940
390872,19871,19992
390870,19880,19987
214673,19998,20064
382984,19998,20074
408528,20000,20068
310922,20002,20065
221427,20016,20083
124911,20657,20735
289829,20657,20743
124237,20660,20774
109371,20671,20746
408525,20681,20735
233057,20684,20777
267684,20687,20752
87785,20692,20749
301073,20692,20775
110029,20701,20782
122587,20704,20783
242360,20713,20780
24595,20715,20779
155697,20716,20772
1925,20716,20776
1765,20716,20781
122011,20717,20780
242361,20718,20781
326443,20718,20783
271987,20907,20964
13199,20907,20978
390873,20993,21086
67545,21003,21073
237692,21013,21074
129251,21015,21086
56736,21017,21074
75967,21018,21087
318659,21142,21193
275898,21142,21205
396546,21143,21213
15697,21144,21191
67170,21324,21445
202981,21327,21432
383335,21333,21459
202980,21335,21444
144946,21338,21426
163708,21338,21460
54110,21339,21415
4705,21339,21437
107158,21340,21453
17649,21341,21447
31945,21342,21432
202982,21345,21447
13241,21347,21426
30116,21353,21459
149624,21361,21427
224502,21362,21423
136740,21364,21452
389934,21364,21477
210159,21366,21451
389933,21366,21459
118640,21367,21454
75247,21369,21433
187243,21370,21471
348347,21371,21429
219623,21372,21422
24166,21373,21458
343628,21373,21478
348346,21374,21429
179547,21374,21452
399794,21376,21437
4601,21376,21439
343629,21379,21487
330026,21380,21457
32764,21381,21443
310118,21383,21447
101692,21383,21449
211521,21391,21452
286592,21398,21468
260943,21399,21474
214674,21434,21536
24165,21442,21549
292535,21442,21565
59367,21445,21567
176840,21447,21544
105739,21449,21585
82331,21450,21517
323890,21451,21531
234622,21452,21537
307998,21461,21585
118468,21462,21581
207580,21464,21595
137853,21465,21578
124334,21465,21583
226576,21467,21589
57723,21480,21585
124333,21483,21597
248511,21484,21557
273667,21487,21607
171764,21489,21543
87580,21494,21601
225686,21495,21584
234635,21504,21597
72367,21505,21613
326990,21506,21574
47813,21507,21608
14952,21511,21589
117329,21512,21579
302752,21522,21592
369101,21524,21605
344506,21533,21639
28106,21541,21596
80491,21554,21629
112308,21563,21637
23678,21564,21635
194317,21569,21633
355154,21571,21639
235634,21583,21636
28170,21972,22024
62861,21972,22026
408526,21972,22052
382663,21972,22056
382664,21972,22075
311118,21981,22047
24170,21987,22091
263651,21999,22049
104667,22011,22097
1765,22023,22096
9247,22027,22087
62678,22027,22096
177652,22028,22091
90404,22028,22091
