328540,108,167
156477,112,286
142989,116,252
333,116,271
402971,117,324
20745,119,312
35722,121,240
299175,121,271
4022,122,258
143949,126,296
181162,130,199
265270,135,267
27561,139,252
333,139,290
331782,140,352
369949,141,256
57589,148,327
22120,155,220
332907,155,344
138646,159,287
182455,162,235
86034,164,327
275178,166,221
271433,166,337
175275,167,229
8072,167,238
333,167,283
93958,172,252
29076,183,284
286885,183,304
192415,187,285
113075,190,291
127220,192,257
310245,197,351
185654,198,338
206582,202,263
371963,202,266
138644,204,287
313323,209,300
127661,211,292
39658,211,355
156478,212,303
389171,212,320
53727,214,302
138645,215,287
394433,217,292
68681,224,333
34922,225,303
201933,232,372
169193,233,348
355524,234,286
393080,238,376
27560,239,300
399474,239,394
382911,240,350
145007,241,303
1007,241,347
10851,246,372
175102,247,323
107788,248,330
301083,248,362
147916,258,381
135961,262,365
63121,267,386
5805,268,398
257285,269,336
171716,272,350
304698,272,385
52314,281,343
65120,286,355
312140,295,415
333979,303,409
82311,307,368
400056,307,442
237102,315,439
306241,322,421
162977,329,417
307363,340,468
34122,341,476
388203,343,455
394058,359,477
372957,362,481
143950,363,512
368772,369,479
402970,374,493
5004,375,496
385346,376,505
119614,378,514
485,404,502
372960,405,457
334968,406,529
153275,408,535
207377,427,483
399063,453,531
360112,462,523
12141,613,674
350273,614,677
323090,617,676
133782,622,736
94166,642,751
57408,643,743
393081,652,736
7346,652,745
106860,653,758
304699,653,788
308836,661,817
371957,671,753
349065,674,821
39656,676,771
120781,677,792
402972,679,819
371958,682,753
44426,682,823
21707,682,838
328541,683,750
48392,684,816
39657,685,821
35885,686,849
203314,690,744
357067,690,756
138404,691,754
118056,691,838
6080,691,849
252954,692,843
399064,695,858
19027,698,801
138403,699,754
79768,704,836
334967,707,810
21835,708,851
142990,708,892
215264,711,813
230435,712,833
389298,713,837
156476,717,896
240543,718,825
34123,718,864
149833,724,882
22899,726,858
160342,727,890
382693,733,836
98000,737,873
21714,740,827
263271,742,818
231042,746,819
14495,746,898
45957,747,913
116722,752,821
180877,754,885
120149,754,917
121347,757,886
399473,761,918
7636,762,904
396771,765,932
15565,769,919
94265,775,938
301884,777,916
215973,781,942
331783,786,947
369260,787,836
237630,787,878
366497,790,881
67465,790,938
13158,794,947
51730,796,871
3532,801,873
120721,801,931
301082,802,923
333980,803,928
277352,805,877
120782,806,900
240544,806,918
219496,807,930
231607,809,874
29307,815,909
67466,821,936
102474,822,923
395494,823,887
325200,826,881
142734,826,887
12555,827,937
3373,828,886
207482,831,893
95843,841,908
218101,844,936
408613,854,943
367242,855,924
388202,860,928
113074,864,924
2537,884,947
328539,1086,1149
400058,1086,1151
4889,1086,1160
55994,1087,1155
254219,1087,1178
78634,1091,1148
143947,1104,1178
8272,1107,1180
186816,1110,1179
371173,1195,1251
113072,1285,1358
79765,1286,1350
282776,1286,1353
61398,1286,1363
282781,1291,1353
400113,1292,1358
391326,1297,1353
126232,1297,1358
169192,1298,1350
282778,1298,1359
372958,1299,1340
34261,1300,1364
400059,1314,1364
282780,1538,1595
298588,1539,1594
376134,1542,1603
70224,1557,1654
237100,1575,1674
371962,1582,1662
236811,1584,1676
169191,1629,1695
44428,1632,1694
219062,1632,1704
71437,1634,1689
342840,1644,1699
87472,1670,1743
38614,1676,1763
58823,1677,1768
121173,1934,1994
395270,1935,2049
334966,1937,2004
124771,1938,2054
119612,1939,2009
332905,1940,2052
119611,1942,2058
212364,1944,2056
199866,1954,2049
258633,1954,2060
388200,1960,2076
313321,1961,2059
1345,1971,2049
27559,1976,2071
175274,2016,2123
181220,2022,2119
371955,2029,2123
305342,2035,2098
168080,2036,2120
125171,2039,2107
44427,2039,2119
58853,2045,2107
138775,2049,2110
219064,2053,2119
182265,2381,2446
235344,2391,2455
6945,2423,2482
263272,2424,2479
388197,2425,2476
291406,2677,2743
174527,2677,2766
169666,3003,3051
398727,3014,3102
201745,3020,3105
185568,3022,3096
116332,3025,3076
326303,3025,3083
302355,3025,3091
15562,3025,3111
54581,3028,3089
293436,3030,3073
77966,3031,3096
220039,3031,3103
317979,3034,3098
11968,3036,3100
138642,3145,3268
112671,3158,3280
138643,3163,3297
113076,3165,3263
362503,3165,3275
193641,3168,3251
325199,3194,3247
133285,3194,3255
97213,3195,3329
339173,3199,3326
146993,3200,3297
89103,3200,3319
97212,3201,3322
89969,3209,3319
291409,3210,3329
15564,3211,3323
274918,3215,3327
226224,3217,3291
206206,3219,3312
96960,3220,3282
34923,3222,3287
139613,3250,3319
203833,3253,3328
149834,3259,3330
367244,3263,3330
149626,3266,3330
294375,3268,3330
358022,3388,3432
258635,3388,3443
103399,3389,3451
143946,3389,3456
174527,3390,3467
164067,3500,3557
24180,3770,3881
323088,3773,3908
91904,3775,3897
196413,3776,3883
344233,3777,3865
71436,3778,3877
275488,3779,3868
345492,3782,3860
71439,3783,3884
181161,3789,3850
399472,3789,3864
282777,3789,3871
142735,3792,3870
112672,3792,3881
294374,3794,3884
71438,3795,3908
237099,3795,3912
52110,3796,3858
240000,3796,3861
79766,3798,3917
372955,3798,3928
90700,3799,3847
186818,3801,3922
91228,3803,3927
13029,3805,3859
223,3806,3871
382481,3807,3866
389172,3813,3887
286884,3818,3884
15563,3823,3887
394721,3824,3905
91229,3828,3959
175524,3835,3954
27563,3840,3942
388199,3840,3959
291408,3842,3949
402969,3848,3951
247088,3851,3938
261696,3858,3947
139940,3859,3944
400057,3859,3959
20728,3872,3955
332174,3874,3958
179501,3876,3943
371956,3878,3954
6240,3880,3950
325142,3885,3958
339559,3890,3941
83993,3890,3954
143364,3892,3953
38517,3903,3959
3216,4075,4142
164575,4086,4166
45958,4102,4172
8271,4110,4168
174528,4131,4205
277576,4144,4193
177652,4149,4192
253512,4149,4221
226257,4153,4219
334964,4156,4232
238732,4171,4239
57476,4173,4223
332287,4173,4233
45956,4173,4255
359912,4174,4239
297207,4176,4232
103516,4177,4235
227314,4178,4222
45872,4180,4243
129656,4181,4239
334965,4195,4291
389677,4218,4292
38840,4228,4291
182399,4258,4307
388198,4356,4417
196302,4356,4420
17172,4356,4443
112673,4357,4423
2801,4357,4436
125170,4358,4420
112674,4359,4424
90701,4363,4434
305343,4365,4433
282779,4365,4436
77432,4377,4440
373052,4378,4438
349064,4605,4672
332906,4605,4676
207481,4609,4659
174524,4644,4750
258634,4693,4752
89037,4698,4749
218604,4698,4752
193644,4808,4877
389297,4826,4872
38663,4833,4893
367243,4852,4915
291410,4975,5040
252320,4975,5043
359701,4975,5062
368138,4976,5054
49144,4978,5044
371954,4979,5068
398728,4983,5051
2801,4995,5095
97882,5003,5100
28859,5013,5063
2801,5013,5106
5526,5013,5113
142988,5014,5077
129655,5014,5102
2801,5015,5089
112675,5020,5097
17172,5024,5107
27808,5025,5103
143948,5043,5095
224874,5091,5151
178720,5100,5162
142736,5121,5184
174524,5121,5221
71440,5129,5195
51728,5326,5424
103207,5339,5413
265552,5339,5432
220038,5349,5424
159733,5351,5437
288102,5358,5421
326483,5363,5472
271434,5366,5427
93892,5371,5425
62335,5373,5460
373056,5381,5447
357187,5385,5450
373025,5385,5475
82740,5387,5451
291089,5392,5445
294360,5396,5460
146544,5399,5462
193642,5465,5558
140799,5497,5558
333977,5545,5614
324670,5550,5622
145821,5704,5758
242062,5705,5778
174528,5722,5800
124152,5816,5889
241809,5816,5899
258636,5817,5865
29077,5818,5883
257976,5819,5892
89104,5823,5898
250041,5836,5898
367246,5988,6055
316132,5989,6062
186817,5992,6053
349062,6032,6097
126399,6048,6109
360809,6055,6108
131002,6067,6127
357488,6084,6146
243141,6089,6154
275491,6213,6284
97881,6214,6293
178722,6216,6285
178721,6216,6326
275487,6217,6306
106182,6223,6285
313325,6485,6547
314071,6491,6550
326830,6503,6565
270540,6504,6563
240178,6511,6572
337452,6511,6580
279213,6520,6583
14494,6576,6640
66518,6718,6793
392297,6722,6780
250595,6723,6806
305737,6735,6825
294016,6742,6805
161271,6744,6814
70007,6766,6855
142737,6768,6846
198463,6769,6835
292554,6775,6854
113073,6781,6854
316133,6987,7045
306232,6991,7042
126877,7079,7138
159734,7217,7322
313322,7249,7317
277266,7251,7309
44429,7361,7425
373053,7883,7939
70227,7885,7974
302354,7892,7949
357447,7916,7989
292555,7917,7987
41910,8162,8207
371959,8162,8215
180878,8191,8275
254218,8198,8271
294373,8208,8275
288101,8211,8267
175273,8212,8272
368774,8216,8293
368775,8216,8297
15567,8219,8272
229191,8342,8404
89105,8348,8403
389430,8445,8492
233493,8454,8517
36248,8469,8542
326484,8486,8544
355369,8631,8682
118342,8633,8695
89668,8657,8735
12258,8801,8846
5007,8801,8858
193639,8801,8871
5005,8803,8852
45685,8803,8859
239478,8806,8858
70225,8807,8862
288107,8807,8872
313645,8808,8864
294501,8808,8869
288108,8809,8911
313324,8884,8965
75011,9025,9072
73369,9026,9070
20866,9026,9074
136687,9026,9092
234811,9027,9104
234812,9027,9130
219495,9028,9079
31943,9029,9101
89106,9030,9093
12711,9031,9096
143951,9032,9091
371961,9034,9148
394057,9040,9113
46424,9043,9128
112545,9046,9119
295219,9047,9094
333981,9047,9143
104103,9049,9142
395174,9054,9110
275687,9056,9100
142991,9069,9162
138405,9073,9137
174522,9080,9188
90462,9099,9158
886,9100,9185
149829,9101,9188
112678,9102,9163
217304,9171,9254
34003,9172,9240
331784,9180,9252
323087,9186,9268
323085,9187,9254
373060,9188,9266
373059,9190,9270
299899,9193,9259
252321,9193,9268
162975,9202,9269
291407,9205,9273
230434,9206,9269
162976,9227,9282
392551,9236,9336
41188,9248,9317
240545,9252,9314
368773,9254,9320
366496,9273,9336
237101,9423,9472
371960,9424,9491
267878,9426,9501
87199,9427,9519
174522,9427,9538
399062,9439,9514
385345,9440,9551
113077,9443,9510
886,9443,9528
70221,9444,9552
34940,9445,9514
75222,9447,9505
141176,9447,9508
175271,9448,9537
886,9450,9549
11952,9455,9552
23730,9456,9524
60222,9456,9530
236550,9601,9697
309107,9602,9653
264596,9603,9673
360307,9603,9683
364441,9603,9690
241808,9607,9671
252230,9611,9691
65693,9622,9684
120077,9628,9728
317122,9629,9746
91765,9637,9733
49093,9644,9708
31660,9660,9727
243139,9661,9746
400060,9672,9745
333978,9682,9746
369245,9702,9746
189149,9804,9855
13723,9805,9881
369244,9952,10005
128650,10006,10075
168772,10019,10081
161693,10084,10144
367245,10089,10187
79767,10091,10170
352457,10098,10159
32258,10100,10167
44430,10103,10169
288104,10103,10172
19132,10105,10168
323091,10115,10190
404450,10116,10188
121345,10121,10167
109354,10122,10185
406967,10123,10165
119615,10152,10274
119613,10199,10259
219063,10200,10260
230366,10203,10272
273312,10211,10265
55868,10226,10272
228705,10228,10277
328542,10396,10444
395271,10399,10509
216964,10431,10492
307364,10440,10496
298590,10455,10510
30147,10459,10509
379695,10615,10661
164068,10617,10705
265050,10620,10717
149832,10637,10734
2801,10637,10746
149831,10641,10751
286882,10644,10752
344547,10647,10721
70230,10647,10774
332011,10653,10724
2801,10654,10762
220037,10654,10769
373054,10655,10772
193643,10656,10728
27562,10664,10776
70226,10667,10739
196301,10667,10750
11953,10667,10766
886,10670,10775
66423,10674,10775
126234,10675,10765
34921,10683,10766
13538,10684,10761
33806,10690,10759
298589,10706,10768
143952,10708,10810
392550,10709,10786
181221,10713,10800
275686,10714,10769
174003,10717,10790
63816,10720,10781
60678,10721,10783
1820,10722,10806
41670,10722,10829
390389,10726,10803
391327,10729,10792
124997,10730,10778
114144,10734,10800
262336,10737,10796
59426,10737,10798
53542,10738,10824
293143,10741,10803
30213,10742,10801
217943,10742,10833
362021,10743,10800
154274,10743,10810
215974,10745,10817
143953,10745,10824
154757,10751,10820
187131,10753,10841
217159,10754,10819
199224,10756,10820
238356,10759,10824
246816,10759,10841
194708,10765,10829
386984,10769,10830
160584,10770,10834
299217,10772,10835
182266,10773,10834
388089,10776,10837
101246,10783,10841
33372,10992,11089
253421,11000,11089
281250,11000,11093
239999,11003,11090
196412,11007,11057
217690,11020,11091
148655,11022,11092
201932,11023,11106
339726,11023,11110
14493,11024,11086
349008,11026,11090
399065,11031,11107
252141,11039,11130
83992,11040,11101
114274,11048,11104
8530,11050,11104
118057,11052,11126
292556,11056,11130
182456,11056,11142
201961,11062,11131
327338,11109,11175
175852,11119,11178
168078,11249,11305
174525,11253,11379
174526,11276,11421
174521,11323,11411
380227,11338,11394
126078,11340,11395
196411,11412,11480
15566,11421,11487
88349,11457,11512
174523,11533,11627
75875,11544,11605
174521,11546,11623
133026,11765,11839
229397,11768,11824
342471,11768,11837
325201,11771,11845
252036,11773,11838
170568,11786,11840
7525,11795,11847
318745,11795,11863
171518,11801,11867
11951,11823,11886
286883,11823,11906
159735,11824,11875
174525,11829,11948
2949,11841,11909
180875,11841,11928
253422,11844,11904
80035,11845,11912
174526,11846,11981
175272,11852,11899
97879,11853,11923
294801,11857,11913
8274,11869,11948
38455,11875,11940
275489,11877,11959
174523,11879,11978
156475,11890,11948
198787,11895,11944
8273,11915,11978
124584,11923,11975
105627,12057,12104
105626,12057,12123
406966,12058,12110
232158,12060,12114
196866,12060,12148
351591,12061,12122
372959,12061,12152
294144,12062,12157
49374,12064,12151
288103,12069,12145
263273,12070,12131
70222,12071,12170
27650,12077,12166
203944,12079,12147
2422,12081,12138
49373,12083,12149
391329,12085,12165
126233,12087,12152
36759,12088,12159
148654,12092,12153
139715,12095,12154
188399,12097,12159
162567,12100,12154
400055,12179,12307
129659,12185,12276
282782,12194,12319
158312,12198,12293
388201,12198,12301
70228,12199,12312
2801,12204,12299
368771,12205,12286
169194,12205,12291
126236,12205,12295
112090,12206,12273
220036,12206,12306
42814,12209,12321
317123,12212,12311
103705,12214,12279
193643,12214,12285
2801,12214,12318
44425,12221,12314
70229,12222,12320
17172,12224,12319
238597,12226,12293
129658,12226,12314
28196,12228,12299
66423,12232,12315
143363,12235,12317
373055,12242,12320
168079,12242,12324
323086,12247,12351
121172,12253,12315
156474,12258,12310
51731,12266,12347
51732,12266,12359
105629,12315,12406
40794,12553,12613
242061,12554,12619
147340,12556,12614
257286,12556,12617
18355,12556,12622
289403,12559,12615
149828,12568,12625
122318,12570,12646
51729,12656,12722
102189,12735,12803
357181,12787,12851
159642,12788,12852
400054,12820,12884
39705,12822,12874
105628,12823,12891
399475,12824,12881
365459,12847,12919
129657,12848,12917
237103,12852,12919
181163,12853,12916
258637,12853,12929
45959,12857,12934
393079,12858,12915
275492,12883,12937
43887,13037,13082
309484,13038,13093
112676,13039,13107
87951,13040,13093
320115,13046,13108
48031,13051,13102
290056,13053,13102
207378,13053,13105
13047,13069,13138
198360,13070,13132
238733,13072,13161
340401,13109,13189
180876,13110,13195
345491,13137,13195
48518,13139,13210
112677,13140,13201
234813,13355,13462
185807,13373,13448
398553,13374,13446
58140,13377,13443
50477,13378,13447
159556,13378,13457
161510,13379,13452
14798,13383,13446
300632,13383,13452
345275,13384,13455
58106,13385,13444
14492,13385,13448
388399,13388,13456
306240,13392,13456
49616,13393,13446
168725,13394,13449
378273,13395,13447
299176,13395,13457
238247,13395,13461
44059,13400,13462
270399,13401,13461
111398,13403,13462
4119,13409,13459
79769,13413,13462
395272,13538,13592
391652,13540,13603
160612,13540,13605
305344,13651,13709
288106,13654,13710
51733,13655,13708
168077,13659,13709
247861,13790,13858
195458,13813,13900
241810,13814,13882
10082,13838,13906
230433,13847,13989
100550,13865,13975
350274,13869,13952
236810,13869,13983
78255,13872,13989
126235,13893,13979
19406,13915,13990
14490,14048,14092
20334,14048,14094
254161,14049,14100
4066,14157,14208
219491,14158,14218
156472,14172,14252
48548,14172,14268
156473,14173,14275
259122,14177,14263
5498,14183,14274
172150,14185,14234
275493,14195,14251
337140,14201,14293
13533,14207,14301
370750,14208,14264
288105,14208,14279
14491,14208,14297
120780,14213,14338
387023,14214,14267
206583,14214,14296
339174,14214,14304
237104,14215,14301
162973,14215,14336
217305,14216,14316
35886,14216,14324
233261,14217,14265
217307,14217,14309
275490,14219,14293
141177,14244,14369
184663,14251,14355
217306,14264,14360
35887,14266,14338
34163,14275,14387
156479,14281,14385
16457,14313,14385
265264,14319,14386
341312,14409,14497
341313,14409,14525
90463,14413,14533
283535,14414,14490
349066,14415,14507
5006,14423,14497
373057,14424,14499
62223,14424,14540
327342,14429,14481
162974,14438,14554
286881,14440,14508
185570,14443,14549
65187,14446,14508
371953,14446,14546
50345,14448,14534
373058,14449,14505
335586,14454,14549
91400,14456,14552
267877,14456,14562
393082,14457,14514
313326,14457,14546
164069,14457,14549
203437,14459,14538
203438,14459,14542
219493,14459,14563
224873,14462,14537
259193,14462,14547
185569,14463,14561
301885,14466,14562
222117,14467,14560
228571,14470,14559
178719,14471,14584
219492,14474,14544
178047,14474,14548
83227,14474,14555
243142,14477,14569
370749,14478,14539
261137,14479,14546
305854,14479,14566
214843,14480,14537
280654,14482,14549
30024,14482,14571
178046,14484,14562
1807,14485,14548
198035,14489,14542
372956,14490,14583
108334,14497,14556
4345,14498,14560
304701,14499,14544
219761,14500,14561
133781,14500,14565
372954,14503,14593
237105,14505,14561
391328,14506,14579
216354,14509,14573
304700,14509,14575
42167,14510,14601
208104,14511,14574
243140,14531,14600
231338,14543,14599
323089,14566,14635
349368,14567,14649
285327,14581,14634
349063,14582,14656
193640,14600,14674
368139,14637,14699
236809,14856,14909
219494,14858,14970
389174,14859,14910
68651,14872,14933
198036,14888,14955
300057,14889,14952
190893,14891,14964
76898,14892,14956
64818,14892,14973
186819,14896,14962
242103,14903,14960
149571,14910,14973
240145,14912,14974
344546,14935,15010
388204,14936,15023
304702,14937,15052
389173,14940,15050
70223,14944,15012
313644,14944,15060
120779,14945,15067
153274,14949,15065
126,14961,15050
110698,14961,15072
15441,14963,15052
193638,14963,15064
105630,14966,15075
294376,14970,15077
43912,14971,15041
334969,14971,15062
149830,14971,15081
253420,14971,15085
126,14975,15062
126,14976,15044
97880,14980,15066
5226,14988,15042
224060,14990,15067
159736,15008,15089
