204965,109,240
354675,109,255
336608,109,276
333,109,297
362339,118,196
21860,120,256
30386,124,244
35722,129,255
303929,130,193
199504,131,268
45066,132,258
181262,132,274
14490,133,194
327821,133,200
136042,135,203
14025,139,241
333,142,277
210401,144,257
199736,147,208
333,149,307
119498,149,346
14881,150,198
151630,151,329
171247,153,256
288651,154,222
268595,155,216
18905,155,248
55427,156,214
305583,156,325
394944,158,215
71976,158,335
171243,159,220
160272,159,319
29094,160,234
124241,162,281
82419,163,248
26877,164,225
332829,164,255
333,169,287
240515,171,236
351051,172,238
129872,175,241
154051,176,324
356238,180,251
233537,183,327
184201,189,338
356239,193,301
360906,195,297
199788,206,328
268596,208,335
73267,212,339
359833,217,325
241535,219,292
210402,226,389
257799,229,371
298806,232,328
336609,233,385
328795,236,301
328794,236,319
199789,239,395
22531,241,319
257059,249,314
379843,250,327
354676,251,378
355286,253,364
195075,254,341
195076,255,379
83297,258,382
329080,261,326
102690,261,336
33685,261,397
370889,262,341
286589,264,385
33527,267,413
78949,268,327
327644,268,406
113102,269,343
205284,271,333
29829,280,392
362342,281,363
362341,290,363
214328,290,434
175591,291,359
326375,318,398
100209,322,387
94082,323,450
73540,324,433
191157,330,454
124044,334,433
327643,336,423
294833,348,447
886,372,488
217649,385,514
22019,426,545
485,434,522
294834,438,569
352611,449,576
485,452,520
294743,457,609
206305,459,572
52113,460,581
68004,464,574
92928,467,565
326376,470,547
106500,479,585
134934,483,552
166110,484,577
368462,487,559
112446,487,562
383202,490,552
346293,491,562
224019,494,580
241125,496,560
113103,509,577
131836,510,562
29830,510,583
29835,515,579
113100,516,562
297694,516,583
9351,517,575
320292,517,578
151054,517,580
19675,519,578
217650,519,581
109243,519,586
80022,520,629
233151,521,590
270647,521,598
57952,522,585
74352,525,586
78148,525,628
99402,526,584
281894,526,608
139968,528,594
332826,536,635
160309,541,603
370073,541,609
171296,544,599
367381,561,619
327641,578,634
145336,582,651
22971,583,669
9349,584,635
5532,589,705
111975,590,643
329142,590,700
7346,593,690
26161,595,665
55426,596,669
241536,596,699
83298,600,733
354677,605,713
268290,606,699
200159,607,696
75105,609,693
320248,611,670
48966,612,684
129970,612,697
124040,613,669
189969,613,690
385941,613,757
98589,614,709
45250,614,730
299243,614,804
252938,615,682
371705,615,705
105299,615,764
136047,617,808
371704,618,742
61517,620,728
72500,621,685
308402,624,734
92929,629,738
182753,629,769
28153,632,716
8652,632,756
224024,632,772
35852,633,725
288653,634,701
331136,635,689
327822,635,696
379196,635,730
327642,642,808
336607,652,803
209095,652,824
327823,657,751
14754,659,775
379201,660,734
229406,660,762
306189,661,779
228339,662,748
280083,663,842
182754,672,843
181371,691,771
359903,691,781
207038,691,838
180084,692,778
91740,694,794
27217,695,782
173131,698,771
141976,699,829
14495,701,857
144472,702,830
204964,702,872
273486,709,847
371703,715,846
7636,718,851
210403,719,883
359832,724,905
309737,726,846
80021,737,809
139326,740,843
171248,744,898
359902,746,910
347202,747,847
184202,749,902
92919,750,808
305584,756,901
85200,757,878
14755,758,888
103051,760,896
133526,761,840
322671,761,881
29831,762,861
92930,764,900
380793,764,913
173130,766,883
226713,766,888
196762,777,894
69661,781,913
224025,784,907
12555,787,904
286590,789,925
161257,790,912
362250,798,898
154052,801,932
4613,804,909
291845,806,922
45684,808,931
158080,816,913
116338,820,937
380920,821,934
27539,822,886
99784,826,912
105298,833,906
205189,839,937
4231,847,937
1244,860,937
33684,1051,1130
133528,1052,1110
133527,1052,1114
66282,1052,1126
308403,1052,1162
299244,1054,1147
3028,1056,1120
262487,1062,1154
329140,1064,1162
14756,1065,1143
224208,1066,1132
137426,1069,1148
270524,1070,1162
89779,1071,1146
299249,1074,1134
113101,1074,1144
342608,1074,1147
105653,1078,1162
125751,1081,1148
327639,1082,1143
136044,1083,1162
29832,1083,1173
66938,1084,1165
368461,1090,1190
109001,1090,1194
77475,1090,1199
262486,1090,1205
47327,1092,1210
355287,1092,1218
226910,1096,1167
55804,1098,1173
359536,1099,1171
255306,1102,1159
279122,1103,1167
6872,1106,1215
261429,1108,1169
180585,1109,1195
121542,1109,1224
127794,1110,1154
83300,1112,1171
385829,1115,1192
124067,1115,1224
80033,1118,1223
24050,1125,1220
287724,1129,1205
35992,1129,1222
143229,1133,1240
375710,1136,1196
128597,1137,1214
29836,1137,1229
327824,1139,1232
85197,1140,1211
351053,1140,1236
143230,1140,1254
380794,1141,1220
302098,1142,1224
355283,1144,1205
111382,1144,1217
218456,1144,1238
368033,1146,1216
298811,1146,1235
212163,1148,1218
61484,1152,1214
19674,1153,1228
353827,1162,1226
106403,1164,1237
170962,1165,1240
57245,1166,1247
117078,1167,1223
195077,1167,1243
341501,1169,1248
351054,1171,1236
154054,1171,1239
224021,1172,1253
372535,1175,1236
224018,1175,1239
368463,1180,1251
380266,1183,1251
136045,1186,1288
369759,1198,1260
85877,1200,1279
162279,1201,1245
320852,1201,1265
280190,1201,1283
278843,1203,1270
353828,1224,1311
290597,1227,1332
314721,1228,1290
355110,1234,1327
289675,1238,1315
9347,1240,1310
315047,1242,1325
114047,1244,1324
242576,1245,1314
329409,1247,1309
323918,1249,1313
33683,1249,1324
53914,1250,1312
327681,1250,1315
161258,1254,1315
380919,1256,1326
269706,1270,1332
343743,1270,1343
28680,1270,1350
154055,1271,1334
126162,1272,1349
171237,1274,1335
379197,1275,1343
266076,1276,1338
105297,1276,1346
247989,1279,1342
256275,1286,1351
290596,1390,1471
290593,1391,1474
346294,1392,1456
310940,1430,1495
124042,1474,1530
9515,1607,1686
3216,1608,1673
230070,1608,1676
40793,1609,1683
151683,1610,1672
124037,1619,1678
254068,1726,1792
396814,1726,1795
329082,1726,1805
203599,1728,1790
233539,1729,1805
177944,1730,1809
253898,1734,1803
297154,1756,1822
131983,1763,1832
229077,1767,1823
189967,1778,1893
62144,1793,1888
328793,1805,1889
186948,1808,1879
62145,1809,1868
139128,1809,1917
261731,1810,1878
340998,1811,1873
126028,1811,1892
290599,1811,1896
189968,1812,1885
151402,1812,1889
72880,1814,1888
224209,1817,1897
174906,1832,1895
139127,1832,1923
189716,1833,1892
125752,1836,1912
100210,1839,1913
204962,1843,1912
289464,1845,1911
18121,1847,1912
255004,1850,1913
288652,1874,1955
396816,1875,1953
69029,2000,2063
124039,2112,2181
280080,2323,2411
354674,2337,2410
368465,2340,2410
336722,2342,2403
262541,2342,2408
175677,2342,2411
221674,2350,2411
211315,2354,2416
131955,2356,2411
184200,2356,2431
154053,2359,2411
7744,2383,2466
241531,2422,2477
371706,2428,2478
368502,2686,2734
320588,2687,2752
368464,2722,2774
346295,2814,2863
155166,2815,2877
38347,3101,3151
141973,3102,3196
257797,3113,3181
355893,3113,3185
171244,3124,3203
218455,3126,3184
315046,3127,3204
191774,3137,3195
217647,3137,3254
171238,3141,3225
171239,3141,3253
158958,3156,3270
217651,3164,3286
1500,3169,3279
299247,3170,3286
160271,3172,3244
37717,3179,3253
116337,3180,3279
299245,3184,3251
102689,3186,3350
139737,3187,3275
139738,3187,3279
130298,3187,3293
294835,3187,3318
356240,3192,3311
124450,3193,3279
280082,3193,3316
56807,3196,3272
204959,3206,3283
341502,3210,3286
406328,3219,3279
143233,3221,3277
175639,3224,3286
195732,3224,3331
170934,3225,3352
230326,3235,3293
21515,3237,3362
95862,3238,3358
28281,3240,3320
215410,3248,3352
133636,3248,3359
388171,3250,3346
154033,3251,3319
1345,3251,3349
114048,3251,3358
367766,3253,3354
21552,3256,3356
332830,3256,3365
100751,3258,3358
278575,3262,3349
126027,3264,3353
320849,3265,3349
305582,3268,3340
299248,3273,3363
238288,3274,3357
9352,3275,3360
149036,3280,3362
1345,3286,3348
6956,3295,3356
42821,3304,3362
290600,3327,3449
303765,3339,3423
290598,3340,3417
286736,3343,3432
280079,3351,3448
280078,3352,3438
169145,3359,3427
51776,3373,3439
402282,3376,3459
303766,3406,3481
139325,3414,3484
14494,3419,3485
309738,3422,3489
238626,3431,3497
380262,3434,3543
251616,3438,3513
134936,3454,3528
19729,3457,3527
124041,3460,3522
212161,3462,3550
68003,3463,3527
9348,3464,3590
212162,3467,3531
80028,3490,3553
9350,3528,3591
181260,3531,3636
73538,3589,3652
243947,3589,3667
224692,3591,3650
224414,3605,3675
224690,3605,3679
228342,3608,3672
178302,3609,3680
33686,3609,3685
332827,3609,3739
134937,3610,3671
14492,3610,3676
341504,3610,3707
80025,3610,3716
83299,3611,3698
241616,3613,3675
117367,3614,3679
153404,3618,3709
406327,3618,3756
145334,3622,3686
115569,3623,3732
248216,3624,3685
65293,3626,3694
58654,3628,3687
24858,3628,3689
26178,3628,3745
96333,3630,3691
144473,3630,3693
21859,3634,3728
108790,3635,3697
257798,3635,3725
224017,3635,3750
386473,3640,3715
112531,3640,3725
143231,3641,3731
14491,3641,3745
315818,3644,3763
170963,3646,3730
29833,3650,3764
45248,3651,3754
21858,3652,3786
33834,3653,3762
204960,3654,3743
157386,3655,3714
80029,3657,3737
80030,3657,3746
160270,3657,3799
193079,3658,3715
45249,3668,3752
64126,3716,3834
252939,3809,3905
250458,3822,3883
332824,3889,3982
267,3892,3984
195074,3900,3978
292223,3910,3984
267,3912,3980
159646,4046,4098
233540,4046,4130
170935,4046,4139
279119,4046,4159
347204,4046,4164
380918,4047,4110
238335,4047,4116
224691,4050,4114
362340,4052,4116
262488,4058,4124
41407,4062,4134
380264,4070,4165
380265,4073,4173
362249,4076,4142
233541,4083,4172
210397,4087,4246
96362,4096,4178
80023,4097,4161
391107,4097,4175
63339,4098,4159
311022,4102,4171
332825,4114,4214
305620,4114,4224
303768,4119,4228
327680,4122,4224
210398,4122,4260
109687,4123,4191
218180,4123,4199
238336,4125,4211
220153,4125,4241
159472,4127,4192
152679,4129,4210
210399,4129,4224
67779,4130,4216
126,4134,4241
368034,4135,4214
151401,4135,4219
130295,4135,4258
255052,4137,4198
35750,4137,4209
332260,4138,4204
256160,4141,4206
327159,4142,4228
86500,4142,4275
195078,4143,4221
224016,4143,4263
221765,4144,4280
85198,4146,4217
126,4146,4230
230325,4146,4248
133529,4149,4213
7745,4151,4249
126,4153,4259
317110,4154,4212
377966,4154,4253
326377,4157,4211
356284,4157,4263
171242,4160,4259
152678,4162,4258
234963,4163,4225
184541,4166,4228
178367,4168,4228
261685,4235,4294
33833,4281,4350
290595,4328,4432
290593,4338,4418
1346,4348,4415
252880,4389,4451
251617,4405,4450
290594,4491,4579
158222,4631,4703
170936,4631,4719
57664,4634,4701
204966,4635,4708
111040,4636,4704
355284,4755,4831
355109,4756,4821
29834,4758,4817
146424,4758,4821
145337,4758,4845
124045,4760,4815
279121,4761,4822
130296,4769,4847
46996,4806,4860
298027,4835,4924
299246,4837,4935
259827,4844,4931
29095,4861,4929
23405,4862,4934
170933,4886,5000
98690,4888,4961
285240,4890,4948
130160,4890,4962
86400,4895,4962
259828,4895,4990
372597,4897,4970
125859,4900,4962
234965,4901,4963
65652,4905,4972
223953,4909,4972
119496,4915,4971
302099,4924,4979
27345,4924,4984
132369,4925,5011
315816,4929,4992
125011,4930,4995
290589,4984,5092
290589,5161,5256
362413,5193,5253
170959,5205,5256
315048,5428,5489
263285,5435,5501
351055,5442,5500
239930,5445,5556
43305,5446,5501
5361,5450,5518
279118,5452,5527
233536,5453,5516
224796,5479,5590
289674,5488,5556
355288,5498,5561
307988,5500,5561
191155,5559,5640
145335,5561,5643
355290,5567,5640
299242,5575,5639
96252,5588,5640
1878,5684,5768
259829,5687,5761
236562,5688,5767
35899,5692,5769
26290,5693,5777
258286,5702,5765
388172,5705,5773
379200,5706,5769
378961,5707,5770
370891,5708,5771
224027,5712,5773
45065,5712,5776
379198,5722,5772
377967,5889,5945
170960,5955,6020
6240,5956,6017
320850,5956,6039
302151,5957,6012
254069,5957,6023
125013,5958,6037
299241,5958,6042
84923,5958,6049
154032,5959,6040
64532,5959,6045
351047,5965,6046
105179,5967,6043
80032,5972,6034
353829,5985,6047
272716,6029,6085
329139,6034,6100
161255,6038,6097
170961,6045,6100
368460,6049,6154
131982,6056,6120
56806,6064,6131
320249,6068,6184
136048,6069,6158
174619,6071,6149
5507,6074,6137
58676,6074,6148
387553,6079,6155
191156,6100,6188
224693,6104,6180
136049,6105,6189
354680,6106,6160
275985,6109,6189
220186,6117,6184
148200,6124,6172
215707,6129,6174
233538,6168,6228
61518,6170,6228
333136,6269,6334
53483,6271,6332
84210,6274,6323
354678,6277,6334
219406,6283,6333
320851,6429,6527
238289,6451,6528
147683,6457,6509
256530,6460,6528
359177,6513,6575
184794,6519,6615
290591,6606,6683
117726,6624,6681
130299,6647,6714
207039,6649,6720
171240,6657,6720
14493,6666,6717
351048,6666,6720
309736,6667,6721
326378,6668,6718
294832,6670,6719
406326,6671,6717
290588,6675,6795
119497,6793,6850
241534,6798,6872
133637,6805,6876
200301,6808,6872
327640,6812,6869
80027,6815,6873
290588,6819,6949
195624,6842,6883
143232,6854,6937
250459,6856,6936
265587,6865,6926
314702,6887,6965
133638,6890,6952
278200,6892,6962
73543,6894,6957
289770,6894,6964
221767,6908,7003
359687,6913,6979
29469,6917,6985
354679,6918,6981
314701,6924,6988
355285,6934,7003
6632,6937,6995
33528,6938,6984
224689,7033,7126
55425,7043,7108
124038,7048,7107
43303,7049,7123
355289,7051,7116
326379,7051,7128
136043,7052,7122
175553,7052,7142
15470,7053,7106
168242,7053,7113
206744,7055,7108
115231,7056,7106
124272,7056,7111
234608,7064,7124
323917,7065,7123
35072,7067,7123
296519,7068,7114
357917,7069,7120
3517,7069,7123
171241,7072,7121
308405,7075,7117
134935,7080,7145
311023,7122,7181
137784,7133,7218
292475,7226,7306
101911,7239,7306
56809,7416,7490
250459,7472,7538
15028,7665,7726
18736,7667,7737
325854,7694,7774
290591,7726,7806
359835,7745,7814
171709,7769,7834
290594,7825,7923
44619,7867,7929
375711,7882,7939
295616,7986,8032
33530,8247,8317
370888,8248,8355
80035,8272,8332
35542,8294,8360
171245,8295,8355
130297,8295,8362
186049,8373,8434
100211,8374,8440
276974,8378,8422
369938,8379,8435
158249,8386,8448
73544,8422,8486
102688,8492,8576
299240,8497,8557
80024,8511,8585
353826,8543,8635
308404,8550,8620
80031,8576,8644
241532,8774,8854
241533,8778,8852
47223,8779,8871
370890,8781,8867
315817,8782,8885
80034,8783,8879
380263,8785,8895
341505,8816,8909
332832,8820,8902
184795,8828,8918
280081,8829,8889
158223,8834,8922
332831,8837,8913
311024,8843,8916
40362,8847,8933
406329,8847,8957
224020,8849,8919
298028,8852,8934
212164,8854,8925
212165,8857,8930
315819,8868,8938
210540,8886,8949
369425,8894,8954
139739,8913,8977
290597,9066,9163
199791,9096,9169
380921,9098,9170
172191,9100,9169
29825,9101,9171
340621,9102,9168
50502,9108,9170
57944,9109,9168
273707,9109,9171
15471,9110,9173
313284,9111,9170
52858,9111,9178
131837,9120,9185
61772,9127,9176
290595,9159,9254
290596,9167,9242
80036,9196,9267
205319,9310,9386
355111,9315,9395
195733,9316,9397
55207,9467,9573
306113,9469,9567
224023,9472,9563
199790,9474,9589
204963,9475,9577
367755,9487,9555
360905,9488,9543
155603,9548,9611
133530,9572,9637
221766,9578,9640
218459,9598,9668
145333,9766,9834
303769,9766,9855
288654,9768,9848
32738,9768,9857
254515,9770,9827
224688,9774,9856
333135,9775,9841
195625,9776,9851
115691,9782,9850
86595,9782,9855
115692,9784,9852
77847,9785,9845
267,9797,9858
319905,9798,9851
134939,9839,9910
63340,9847,9912
134938,9847,9919
151403,9893,9999
181264,9899,9989
154030,9899,10007
347201,9900,9962
154031,9907,9972
276815,9907,10011
145332,9909,9983
308407,9951,10052
228343,9953,10017
182755,9955,10018
192716,9982,10048
8845,9990,10042
294836,9992,10048
58437,10006,10068
134940,10008,10069
315815,10009,10067
151405,10030,10123
290599,10035,10133
6871,10051,10132
88316,10063,10139
264687,10079,10140
266639,10196,10260
65740,10196,10273
34225,10198,10260
100671,10209,10267
270654,10209,10272
371701,10209,10279
9346,10210,10274
335389,10211,10276
254067,10212,10275
73542,10213,10287
359836,10213,10298
371702,10216,10277
322491,10216,10282
313285,10221,10283
15058,10223,10289
124042,10233,10297
290592,10332,10405
351052,10341,10420
280084,10386,10499
105300,10434,10491
154204,10456,10517
305585,10456,10530
110496,10456,10607
257800,10457,10516
329141,10457,10556
151404,10472,10557
191158,10479,10583
165934,10482,10605
111166,10490,10582
13622,10492,10600
234793,10495,10574
347203,10497,10598
2498,10499,10583
204961,10499,10600
204967,10500,10580
131984,10504,10592
329143,10505,10556
218457,10505,10598
18018,10505,10601
356285,10507,10564
3774,10508,10557
78065,10515,10602
3771,10517,10583
341503,10519,10587
119499,10533,10583
124043,10560,10615
305621,10565,10656
356989,10567,10637
170958,10581,10637
75214,10595,10666
288655,10597,10660
145331,10598,10666
53515,10603,10670
210563,10607,10670
57501,10614,10668
126418,10616,10664
45251,10616,10669
299239,10620,10668
199792,10707,10761
124048,10708,10775
252940,10708,10790
68002,10709,10758
252941,10715,10786
406330,10718,10787
295450,10719,10777
6869,10731,10778
230327,10744,10847
136050,10766,10828
262485,10784,10902
359721,10812,10873
303770,10833,10938
224029,10875,10937
55428,11034,11099
230328,11034,11120
4318,11050,11124
15472,11053,11120
6874,11056,11122
374279,11067,11124
205190,11102,11194
224026,11114,11182
221768,11117,11181
319240,11124,11205
224028,11125,11208
169813,11130,11217
43304,11135,11232
390500,11137,11198
29827,11138,11228
380792,11139,11198
29828,11139,11232
181261,11149,11251
307934,11150,11231
277803,11154,11228
387832,11157,11233
168268,11161,11223
116339,11167,11232
136052,11167,11249
181263,11168,11263
323919,11176,11262
336157,11183,11253
315489,11192,11262
396815,11201,11256
125010,11301,11390
169814,11302,11370
136046,11302,11404
183886,11303,11379
80026,11304,11369
136051,11304,11375
297935,11305,11349
8651,11305,11370
141975,11307,11369
326380,11309,11364
332836,11309,11398
395004,11312,11375
41082,11313,11379
354673,11314,11406
2538,11315,11386
161254,11316,11390
128266,11317,11366
7746,11317,11378
42846,11319,11386
315049,11326,11434
2634,11327,11400
29823,11331,11426
29824,11335,11430
279120,11346,11422
224022,11350,11442
171246,11352,11418
309970,11393,11461
101910,11395,11462
217648,11511,11577
56810,11514,11577
326381,11515,11578
290598,11556,11642
290590,11556,11646
369424,11582,11659
253895,11587,11653
149782,11590,11659
191775,11707,11823
19787,11709,11818
134941,11713,11782
358242,11715,11822
177942,11717,11811
83557,11720,11820
285404,11722,11818
64533,11725,11802
40238,11727,11846
1570,11728,11805
18041,11731,11831
161256,11736,11804
52640,11739,11823
144208,11740,11801
206120,11805,11866
228340,11830,11914
290600,11830,11945
290590,11843,11926
286737,11846,11931
303767,11854,11960
271000,11858,11952
290592,11877,11937
112982,11881,11960
383432,11901,11966
383433,11905,11968
125932,11905,11970
73541,11907,11969
49912,11908,11959
65577,11910,11967
313286,11911,11971
101908,11912,11992
66283,11913,11970
348649,11934,12000
157387,11977,12090
124047,11981,12059
10964,11983,12056
85199,11987,12055
33529,11987,12113
359722,12003,12054
381780,12018,12096
405256,12064,12134
128848,12067,12134
228341,12070,12171
265588,12074,12137
357916,12075,12139
455,12078,12152
306114,12101,12187
101909,12102,12219
175791,12110,12201
4185,12111,12174
359723,12112,12213
391948,12114,12226
125009,12124,12205
203877,12124,12216
123441,12126,12190
48968,12126,12223
359837,12127,12200
308406,12128,12224
56811,12133,12211
191154,12134,12227
129971,12136,12199
218460,12136,12210
124046,12136,12220
154050,12137,12200
43306,12137,12204
379199,12137,12216
6870,12138,12199
29826,12138,12236
125012,12138,12245
55342,12139,12229
68540,12142,12222
276870,12146,12226
388505,12149,12244
113760,12151,12229
294837,12151,12247
279117,12152,12214
219735,12152,12226
73539,12152,12233
311522,12152,12242
119500,12153,12218
69028,12154,12219
368653,12154,12238
147007,12155,12217
98590,12155,12233
329410,12157,12221
351049,12157,12253
315050,12158,12222
33874,12160,12224
115568,12164,12242
329081,12166,12230
228912,12167,12228
14054,12168,12250
29556,12180,12249
256529,12185,12246
265984,12189,12247
332828,12220,12295
249674,12260,12308
278574,12474,12531
351050,12481,12618
14729,12500,12620
218458,12502,12618
165933,12504,12642
281679,12509,12628
133531,12511,12635
13623,12515,12648
141974,12517,12636
48967,12518,12646
359834,12518,12655
160826,12518,12665
228913,12519,12640
210400,12523,12663
10735,12525,12638
56808,12529,12641
253896,12539,12647
151592,12544,12634
177943,12551,12619
48969,12553,12614
184403,12554,12613
293552,12557,12643
266749,12558,12630
196761,12559,12673
6873,12570,12680
39520,12575,12642
185940,12580,12643
246632,12616,12677
