236517,146,240
369541,146,261
333,146,303
28101,147,233
314608,149,196
209966,149,210
53485,150,198
134636,151,221
134637,155,232
104696,159,304
45607,165,235
153523,191,302
199091,224,302
124358,227,298
19318,235,298
170248,236,297
103397,247,303
236518,352,444
68270,556,644
152605,556,651
201789,556,666
60149,557,663
177535,559,642
29774,560,638
33113,560,660
69237,562,690
31643,563,654
295404,563,670
126188,566,628
179442,567,623
56610,567,664
69233,569,636
69238,570,672
226955,572,643
90034,572,685
76658,574,695
49474,575,678
269530,575,686
31645,578,718
269529,579,669
53486,580,695
10851,580,702
382686,582,679
279764,584,706
87550,584,722
308815,586,670
275398,587,758
18651,588,690
90035,588,730
159518,589,708
4519,590,662
246994,590,666
179447,592,694
83403,593,723
287386,596,691
361363,600,754
34561,602,749
66922,602,759
113910,608,704
100482,612,769
66686,615,761
287384,617,661
193683,618,741
212886,620,689
328969,620,692
198911,623,771
57149,626,722
209218,626,754
382689,626,783
4259,629,747
90716,631,749
191129,631,769
161665,633,729
39094,634,783
26417,636,705
384735,636,771
407238,637,761
345243,641,758
31644,644,776
233891,646,738
352657,651,770
253635,652,767
376367,654,771
886,656,769
375166,658,784
70217,659,745
28100,661,729
4917,665,777
886,670,794
134685,671,788
886,678,777
53827,684,776
238973,689,803
51293,697,807
311714,713,831
57150,786,921
227192,799,911
312188,808,930
349793,815,931
40523,817,912
160770,817,935
22735,820,920
129222,820,936
148742,822,930
66687,826,930
18650,831,936
384734,836,936
251062,837,914
49260,841,918
48554,841,929
35440,842,908
18652,842,912
334639,844,924
316385,845,920
51048,848,930
103570,849,913
180589,851,901
35941,861,927
54585,864,925
81952,867,930
1346,871,932
370736,879,935
372690,884,935
171410,972,1093
394155,974,1027
394154,974,1036
278594,975,1070
279768,981,1082
279217,982,1044
886,998,1113
886,999,1090
236679,1001,1083
225706,1002,1070
26429,1002,1076
83818,1002,1090
238973,1002,1114
39095,1004,1111
49476,1005,1085
122591,1005,1097
116029,1009,1113
66923,1013,1110
134947,1015,1112
83290,1022,1112
131121,1023,1114
116028,1026,1114
171650,1029,1108
265,1030,1114
28757,1038,1106
49259,1041,1110
37685,1051,1114
378276,1176,1271
382685,1177,1269
279763,1186,1255
181269,1186,1270
223836,1192,1255
76656,1192,1277
90033,1519,1584
358310,1554,1621
209374,1592,1711
155185,1597,1722
278595,1604,1704
161667,1606,1722
160769,1614,1716
345242,1621,1717
185609,1621,1723
347231,1628,1703
349795,1628,1709
80999,1632,1700
69611,1635,1704
104143,1751,1847
7234,1752,1815
87248,1756,1817
69935,1757,1819
147503,1757,1826
87249,1757,1837
330746,1758,1811
38221,1758,1835
176787,1759,1812
25539,1760,1829
141358,1793,1870
7346,1795,1873
124549,1800,1874
269564,1804,1875
155186,1807,1875
365401,1917,2002
90036,1928,1997
325051,1939,2028
325052,1940,2063
381275,1944,2029
300677,1947,2010
26814,1947,2069
138069,1948,2032
279721,1948,2060
46624,1949,2024
279766,1955,2025
69236,1956,2057
349794,1956,2066
124122,1957,2023
200221,1964,2027
240454,1967,2068
93239,1969,2066
376078,1970,2070
205779,1971,2035
141357,1972,2059
101444,1974,2070
175722,1976,2051
331163,1977,2026
104147,1977,2093
49475,1978,2028
29027,1978,2039
12234,1979,2053
32137,1986,2051
384737,1986,2067
96318,1987,2064
392270,1988,2051
150617,1988,2093
175549,1989,2117
279765,1990,2068
218930,1991,2053
346249,1993,2094
193163,1995,2056
329557,1996,2047
139433,1996,2066
138067,1996,2069
11063,1998,2079
175599,1998,2093
21145,1998,2108
175598,1999,2099
193388,2004,2062
163547,2005,2091
250141,2006,2065
69235,2006,2068
249977,2006,2083
311277,2007,2074
372891,2007,2096
171409,2007,2099
119127,2011,2061
231734,2011,2078
192372,2012,2085
236678,2012,2098
112059,2012,2110
216935,2014,2096
291785,2014,2104
278597,2015,2080
50430,2015,2084
321342,2017,2106
372892,2017,2109
353225,2020,2086
81505,2020,2089
138066,2020,2098
279406,2020,2117
66919,2021,2120
232336,2021,2125
49018,2022,2099
53571,2023,2103
79007,2023,2107
269882,2025,2093
73402,2025,2099
175597,2026,2089
14042,2026,2111
93096,2026,2137
136398,2029,2092
224457,2031,2072
38713,2032,2127
406142,2034,2099
179443,2035,2100
253339,2035,2117
361093,2035,2140
85637,2037,2099
6318,2038,2119
291786,2038,2126
103568,2039,2110
279767,2041,2114
397856,2042,2126
355079,2044,2107
51299,2044,2119
360346,2044,2129
356600,2050,2126
209372,2052,2160
278596,2054,2118
298314,2058,2139
48402,2061,2126
45343,2066,2151
209373,2078,2187
125111,2118,2187
216344,2131,2186
369982,2139,2187
142343,2246,2334
126,2246,2353
126,2250,2329
142344,2253,2354
406599,2285,2348
294955,2550,2634
74144,2551,2616
277871,2551,2666
254066,2551,2676
375669,2553,2620
375668,2553,2623
56612,2555,2617
64257,2555,2642
236677,2555,2687
338416,2557,2606
272441,2558,2623
134684,2560,2677
233966,2563,2638
365402,2567,2668
104146,2568,2680
1051,2573,2637
212885,2575,2641
166892,2576,2647
378970,2577,2643
68267,2580,2642
308731,2581,2643
168635,2581,2688
355078,2583,2677
243235,2585,2648
218929,2588,2687
83284,2588,2703
87638,2591,2656
7093,2593,2687
217984,2595,2680
377053,2596,2657
365875,2601,2665
240803,2601,2670
109344,2611,2687
69234,2611,2703
48137,2642,2737
307901,2659,2740
253340,2693,2741
131122,2757,2823
264821,2757,2835
345492,2757,2851
382690,2757,2856
275397,2760,2842
65648,2761,2826
321791,2761,2834
129806,2762,2846
84613,2764,2842
131672,2764,2852
291787,2765,2849
161664,2765,2859
171411,2767,2850
50263,2771,2841
300678,2773,2855
175548,2774,2850
2938,2775,2840
175550,2783,2844
334640,2784,2848
361094,2786,2875
31646,2787,2852
103569,2788,2851
180590,2788,2856
131673,2792,2857
179444,2793,2855
56609,2794,2856
76285,2794,2858
327922,2794,2863
269534,2794,2869
171648,2796,2866
344502,2798,2896
212648,2799,2876
94356,2802,2874
14043,2804,2868
326359,2804,2872
406141,2805,2880
288421,2806,2868
112060,2806,2870
163218,2806,2873
128555,2809,2875
215691,2809,2888
210336,2811,2873
35938,2811,2896
405760,2818,2879
269531,2848,2909
326362,2854,2917
207380,2998,3065
181640,3136,3199
5574,3269,3328
45608,3270,3325
279216,3271,3326
180588,3273,3325
6894,3453,3497
79581,3454,3517
297334,3455,3514
299991,3491,3556
314224,3495,3556
376366,3726,3791
317920,3759,3804
314412,3759,3828
216748,3759,3833
35939,4136,4199
352658,4136,4209
62382,4145,4225
58517,4147,4213
51857,4160,4262
181270,4165,4257
257926,4165,4273
213143,4166,4253
347232,4168,4301
93238,4169,4260
33495,4171,4273
137947,4174,4293
37775,4180,4295
210725,4181,4298
1389,4191,4261
190031,4191,4284
34560,4199,4260
39413,4200,4284
38301,4204,4303
14026,4205,4284
272837,4208,4294
122396,4209,4291
314221,4210,4271
209217,4211,4287
45344,4212,4311
145027,4213,4295
372893,4213,4303
138065,4224,4287
251885,4233,4332
138070,4234,4304
66734,4238,4304
139873,4239,4308
397857,4239,4354
349131,4241,4306
384282,4243,4335
397858,4245,4353
271674,4259,4324
167162,4264,4325
391696,4275,4369
310580,4279,4362
68271,4279,4370
93236,4280,4360
391697,4282,4370
357548,4290,4358
139787,4304,4371
382691,4331,4397
397859,4393,4452
269532,4429,4486
308732,4486,4554
207581,4488,4545
378277,4602,4673
58315,4606,4674
58316,4606,4678
238972,4615,4676
140824,4621,4676
10921,4622,4704
222399,4623,4691
5575,4631,4705
211942,4960,5009
253521,4960,5017
105721,4960,5024
109225,4960,5026
138064,4961,5010
381274,4962,5024
134845,4962,5026
231932,4963,5008
63852,4964,5064
248536,4977,5066
34959,4997,5092
193353,5029,5074
269587,5074,5149
228474,5081,5134
181268,5182,5239
131675,5191,5263
361091,5238,5298
127751,5257,5331
48405,5257,5369
322528,5270,5343
54588,5272,5369
51297,5302,5375
205126,5303,5367
321792,5308,5385
251605,5311,5370
109343,5327,5389
51295,5330,5373
76288,5348,5419
364907,5349,5421
383446,5361,5422
165447,5386,5482
165446,5387,5501
212887,5394,5511
125108,5397,5509
310985,5403,5502
180591,5403,5506
279762,5406,5508
210724,5407,5502
210723,5409,5517
291784,5420,5519
209454,5423,5506
179445,5431,5499
291788,5441,5538
1390,5444,5508
76657,5445,5509
201436,5453,5524
354109,5455,5518
207379,5458,5520
200836,5460,5524
382687,5460,5527
387663,5462,5520
382688,5465,5533
229030,5476,5528
14041,5476,5540
45669,5479,5547
144599,5543,5605
326358,5543,5625
347021,5546,5623
231762,5549,5616
361092,5550,5663
150510,5554,5659
347022,5559,5653
31780,5577,5653
103192,5583,5652
63229,5583,5662
361091,5585,5651
110535,5585,5664
127792,5601,5671
31642,5605,5655
163217,5610,5683
352659,5620,5684
300679,5627,5691
342420,5635,5702
325053,5640,5733
28102,5641,5716
93240,5645,5716
256272,5646,5707
333,5650,5751
235939,5652,5709
281578,5653,5714
8167,5654,5715
104145,5658,5728
124241,5658,5758
375165,5660,5724
93237,5662,5741
66690,5663,5770
199092,5675,5737
295547,5677,5739
5639,5679,5745
104140,5689,5752
48403,5690,5756
362213,5691,5753
48404,5692,5778
394156,5696,5756
37777,5696,5758
163058,5698,5759
300680,5706,5771
66927,5713,5779
238636,5718,5779
358311,5727,5805
116027,5728,5793
257534,5730,5804
35937,5731,5818
7503,5736,5802
362212,5738,5795
76284,5740,5805
184690,5744,5813
45229,5748,5814
122122,5753,5820
355077,5753,5863
406600,5758,5850
211941,5758,5863
328350,5763,5825
317921,5785,5877
48400,5786,5882
404978,5787,5860
76127,5824,5879
302940,5826,5898
42386,5827,5881
109341,5828,5897
220053,5831,5879
140281,5835,5892
160768,5835,5901
266154,5835,5906
266155,5840,5914
165445,5841,5920
146619,5843,5915
320991,5847,5909
217432,5848,5922
110055,5850,5895
66688,5851,5914
371910,5852,5916
406143,5854,5915
300681,5857,5920
197786,5857,5922
156474,6080,6143
374329,6080,6172
57151,6088,6163
250559,6089,6181
347025,6090,6172
4261,6091,6165
363700,6103,6169
29435,6103,6182
44651,6157,6235
310986,6165,6231
327921,6173,6241
66925,6202,6303
134949,6215,6259
171856,6216,6310
150508,6218,6297
35439,6220,6267
209456,6220,6305
104144,6220,6308
144600,6222,6304
33494,6224,6310
209455,6224,6316
26416,6225,6312
51296,6226,6274
155582,6226,6305
282108,6233,6304
1388,6233,6347
272442,6240,6306
151091,6240,6317
110529,6250,6312
406256,6256,6311
403705,6257,6346
232335,6257,6373
35441,6259,6321
134948,6265,6390
104141,6272,6390
279218,6286,6385
66920,6287,6390
345505,6291,6391
361093,6292,6380
2814,6303,6388
366660,6317,6381
193164,6318,6418
76286,6319,6411
121901,6320,6388
150509,6320,6434
209376,6323,6385
76287,6326,6421
112976,6327,6432
3457,6332,6420
200246,6347,6407
66691,6376,6438
363467,6376,6463
14346,6388,6447
209457,6391,6448
81449,6517,6565
175601,6522,6564
34559,6616,6677
312187,6618,6689
69239,6622,6689
316384,6623,6686
54589,6625,6709
66924,6628,6695
9984,6632,6713
269533,6642,6717
293458,6646,6723
329556,6647,6708
346248,6652,6773
96692,6662,6725
298214,6698,6774
347019,6718,6837
142345,6721,6806
113737,6732,6855
345239,6741,6822
126,6768,6882
126,6771,6860
267002,6771,6892
347024,6781,6908
113736,6785,6919
345240,6785,6925
345241,6793,6910
356602,6799,6883
35442,6800,6921
104142,6807,6931
23615,6808,6928
314223,6809,6911
383328,6824,6922
202982,6827,6927
65621,6842,6910
109340,6842,6924
281580,6844,6935
1387,6850,6936
190945,6850,6953
240455,6850,6967
56611,6851,6914
15778,6852,6915
365876,6853,6926
238668,6854,6915
129252,6855,6923
369539,6858,6967
85189,6860,6931
232337,6861,6922
4260,6862,6925
407240,6865,6970
289389,6866,6928
85188,6866,6931
344452,6868,6949
294954,6869,6932
251061,6895,6977
310987,6899,6969
330747,6910,6972
281880,6930,7008
213141,6993,7042
175721,6999,7062
369538,7008,7110
277872,7024,7107
25724,7041,7117
138068,7048,7116
162734,7049,7113
144598,7063,7117
360347,7302,7392
132365,7315,7422
131674,7336,7452
132364,7339,7449
91885,7359,7434
345506,7359,7457
51298,7363,7418
66921,7369,7428
177163,7372,7435
129807,7382,7459
279761,7385,7452
101409,7385,7456
50827,7387,7454
11989,7387,7469
125109,7391,7455
179446,7391,7471
347020,7393,7470
375167,7394,7455
272439,7395,7459
370734,7396,7470
39093,7397,7468
233892,7398,7460
369537,7401,7457
298215,7401,7466
49261,7409,7470
326361,7413,7470
14233,7417,7470
75156,7418,7469
130205,7602,7668
179448,7602,7677
281579,7603,7661
361094,7605,7691
194627,7606,7679
39778,7610,7687
161666,7611,7666
173593,7614,7679
20627,7614,7692
267341,7617,7678
326360,7621,7690
334213,7622,7686
84495,7622,7693
201788,7623,7684
308106,7624,7688
269563,7626,7687
281879,7628,7678
170254,7631,7692
66926,7633,7692
372875,7635,7692
94817,7639,7689
109342,7892,7986
9242,7913,7985
302742,7918,7981
162477,7920,7984
215690,7921,7986
347023,7924,8014
150511,7924,8028
297009,7926,8004
361092,7931,8042
227143,7932,7988
1053,7933,7984
253956,7945,8004
192031,7946,8042
113738,7968,8030
75097,7985,8042
71795,7985,8046
91284,8015,8074
63977,8023,8076
129723,8023,8094
312099,8026,8095
382692,8076,8140
347026,8076,8148
139656,8093,8141
125107,8099,8170
179481,8100,8158
179441,8102,8167
257925,8102,8170
360344,8102,8174
35940,8107,8168
83922,8121,8185
401795,8218,8283
389563,8219,8281
384736,8223,8284
129253,8409,8506
345507,8410,8526
134686,8411,8505
231735,8418,8487
205665,8419,8491
82339,8421,8486
209375,8423,8505
100146,8423,8508
14234,8426,8488
231733,8429,8512
853,8430,8503
111210,8430,8510
48821,8431,8492
207480,8435,8505
369540,8436,8519
83285,8436,8531
267030,8438,8509
51856,8438,8526
407357,8442,8503
93157,8447,8506
345238,8447,8520
349508,8451,8516
134687,8452,8508
121078,8453,8514
235268,8454,8528
44652,8456,8522
117107,8466,8527
369114,8483,8535
180372,8612,8673
175600,8612,8678
185199,8613,8677
128554,8613,8682
44378,8614,8679
75676,8616,8686
270205,8616,8692
356601,8624,8730
131124,8633,8717
394800,8633,8723
128066,8635,8713
41933,8639,8718
279559,8641,8717
374714,8642,8710
345491,8649,8721
299960,8650,8717
394801,8650,8740
208342,8653,8716
129251,8653,8734
110869,8655,8726
69610,8656,8717
31892,8676,8730
346637,8680,8737
53487,8680,8741
130396,8681,8742
325054,8684,8758
369277,8697,8780
329984,8731,8819
171649,8750,8818
350082,8766,8819
125110,8772,8819
142346,8864,8960
51294,9135,9203
142347,9138,9236
89952,9139,9200
253636,9140,9230
302976,9142,9203
360345,9150,9221
155227,9157,9240
293459,9159,9252
38302,9160,9240
100159,9161,9223
407239,9162,9229
225574,9162,9260
225573,9164,9240
171651,9167,9242
59130,9167,9247
225575,9172,9276
61808,9173,9250
105689,9182,9275
5934,9183,9251
393822,9183,9267
369793,9185,9266
128553,9186,9256
176068,9186,9260
20661,9189,9269
69240,9207,9274
14345,9210,9276
316510,9302,9370
272440,9302,9383
58991,9304,9391
54587,9305,9386
272865,9308,9416
116252,9314,9376
213142,9316,9377
200222,9318,9385
370735,9318,9390
77177,9331,9402
388457,9332,9423
333166,9341,9402
48401,9343,9426
61809,9351,9424
4262,9355,9423
180592,9356,9444
269588,9363,9420
355883,9398,9461
66689,9427,9500
137948,9430,9502
308733,9436,9488
388515,9436,9497
206209,9436,9500
161668,9438,9499
352660,9443,9501
5576,9445,9499
83286,9564,9609
181267,9699,9791
388516,9700,9801
403706,9711,9818
345237,9716,9841
113736,9729,9856
267003,9741,9860
236519,9745,9862
37776,9749,9867
104142,9750,9875
37774,9752,9855
127654,9753,9840
93688,9756,9846
314222,9758,9875
34958,9762,9862
55142,9772,9867
38751,9781,9865
235269,9784,9848
314220,9793,9867
279760,9795,9859
87639,9796,9861
94355,9799,9862
367154,9805,9861
249179,9805,9867
132366,9809,9874
3067,9823,9870
54586,9824,9874
14235,10167,10238
36902,10167,10241
108738,10167,10252
116030,10170,10231
321793,10208,10250
