336520,127,223
80784,127,228
333,127,295
54899,128,173
10610,128,240
59239,129,244
369038,130,194
18905,130,223
31289,136,197
13994,137,310
203939,143,277
52852,144,243
120158,146,203
333,152,279
169361,152,323
283721,159,336
74702,160,307
45531,160,314
237707,160,319
57662,161,275
139237,163,310
20665,164,349
291373,165,336
365939,169,297
356705,170,285
320211,173,296
111987,174,292
216825,174,325
203423,175,269
11381,175,289
348532,175,352
221478,177,300
68061,178,309
20951,178,343
334725,179,314
292182,183,300
317164,183,343
63450,187,326
97124,188,267
63451,188,312
143922,189,357
391202,190,276
170700,191,344
36020,194,298
213059,195,303
321070,197,275
230846,200,380
80782,203,305
261223,204,269
321337,205,364
45532,207,314
170701,209,369
120177,211,272
211126,217,278
286436,217,340
59107,219,284
218035,219,302
24511,219,316
73512,220,299
356706,221,282
206040,224,301
233315,225,308
234,228,309
153975,229,325
260435,238,299
111986,239,357
1007,240,364
227450,241,314
190672,241,319
45019,244,297
83297,244,372
6261,246,402
141348,247,296
170702,247,386
120166,247,419
69392,249,372
49474,250,358
80783,251,380
334723,254,356
227451,266,379
284482,270,378
27832,273,354
83403,273,410
150313,275,352
13993,275,373
219661,276,336
381377,276,343
214328,276,420
31290,279,370
13990,280,349
369037,280,403
378309,282,343
161992,282,362
274836,284,346
73518,285,363
396946,286,381
13525,294,355
336521,302,392
198806,304,404
13983,304,436
108454,307,435
113485,309,437
183299,314,452
198807,319,444
26195,322,427
57572,326,427
63209,328,407
208472,328,436
83404,331,427
318496,339,473
26870,347,448
179164,350,461
35511,351,416
35510,353,414
36454,353,459
234181,354,465
342766,356,487
49127,362,470
59221,370,427
49129,381,507
335457,385,504
45030,396,505
399326,399,483
21535,414,520
94852,423,547
485,428,521
65795,430,515
65794,443,578
335447,452,556
61425,475,574
381819,479,581
247902,488,556
262091,497,570
142280,514,581
215422,515,573
11008,520,586
305503,522,591
131940,527,606
260877,564,637
67648,580,699
321071,584,652
230519,585,701
24512,592,682
58093,593,675
120167,595,755
5532,596,725
170703,599,707
309016,605,719
7346,608,718
172821,608,745
83196,610,708
274835,611,725
83298,617,749
333791,624,707
185689,625,692
20666,625,727
150107,632,718
124220,638,718
225175,638,760
230520,642,715
6260,642,763
148978,644,746
18577,647,762
28153,656,734
74219,660,722
263152,660,742
91595,662,802
6080,662,817
318497,663,763
118056,663,810
1148,671,767
216824,673,829
79561,677,760
83405,677,823
399327,678,842
169362,681,830
96883,697,817
389403,723,834
381378,726,789
261222,729,798
629,730,791
31288,755,845
279017,758,835
95915,759,830
15338,761,812
170980,763,816
141093,764,810
385507,1080,1152
14604,1081,1167
242260,1084,1140
6257,1090,1166
185692,1215,1274
367647,1218,1325
364398,1219,1285
26272,1219,1296
44321,1219,1349
155664,1222,1315
13987,1222,1345
139238,1225,1327
42552,1225,1332
174829,1226,1297
247901,1226,1318
42847,1228,1326
300891,1229,1296
43369,1230,1314
59217,1232,1348
169655,1234,1295
288066,1235,1339
4113,1238,1348
175540,1240,1343
18252,1244,1349
190476,1255,1319
86045,1257,1354
6955,1259,1361
185435,1260,1379
59206,1262,1358
58330,1266,1381
1345,1268,1348
124559,1268,1354
371591,1276,1348
148548,1289,1381
20946,1292,1375
18253,1294,1382
107090,1299,1378
285595,1304,1368
51647,1305,1375
148547,1306,1378
16891,1307,1382
58331,1318,1379
148546,1326,1380
193450,1439,1490
285668,1439,1500
17996,1439,1522
14419,1440,1503
129329,1440,1529
42360,1441,1512
185690,1442,1510
94103,1443,1523
348531,1443,1535
227452,1443,1548
14829,1444,1502
280279,1445,1540
381818,1450,1521
367646,1474,1557
35952,1479,1552
13984,1479,1574
44322,1480,1580
174218,1481,1561
247081,1481,1586
59206,1490,1588
267,1490,1603
130493,1490,1615
252450,1491,1560
1345,1491,1578
267,1500,1620
73515,1503,1565
267898,1503,1579
91594,1504,1614
267,1512,1607
6955,1517,1587
280282,1571,1669
5820,1574,1669
38651,1575,1645
18254,1582,1670
174830,1593,1659
381374,1597,1670
165874,1618,1669
54764,1623,1670
111005,1911,1977
14418,1924,1992
367643,1930,1993
240096,1990,2043
59216,1995,2095
78581,2002,2086
305506,2012,2084
250821,2014,2077
124221,2014,2091
73511,2017,2092
303387,2022,2098
185693,2023,2087
275376,2029,2097
364793,2048,2105
379641,2049,2179
120159,2061,2165
84024,2071,2153
102797,2082,2163
164192,2087,2185
320210,2088,2210
63333,2090,2136
334724,2090,2176
305504,2094,2206
238761,2095,2219
63449,2100,2181
339498,2100,2217
335453,2104,2159
317166,2104,2162
3426,2106,2230
314395,2109,2231
117231,2110,2183
340789,2110,2208
305505,2112,2227
235741,2116,2192
291936,2120,2193
36021,2124,2230
379642,2126,2243
238762,2128,2225
47511,2134,2240
117230,2135,2227
9357,2136,2192
12124,2137,2185
85959,2137,2189
104755,2137,2210
307319,2147,2206
317165,2150,2229
145696,2151,2200
65890,2156,2218
246818,2158,2237
193449,2164,2239
321072,2172,2230
170696,2174,2234
13675,2174,2240
399361,2175,2243
120163,2176,2248
774,2176,2253
267911,2181,2260
309014,2183,2280
340790,2186,2253
59218,2187,2277
190671,2188,2254
227457,2193,2250
59219,2197,2275
87508,2200,2251
38677,2200,2253
408261,2217,2280
371590,2219,2280
138388,2323,2394
14417,2324,2403
6325,2329,2398
43907,2336,2402
83810,2338,2400
180751,2341,2402
194132,2349,2403
203938,2350,2402
335442,2806,2868
185434,2806,2878
207568,2807,2859
293412,2808,2889
185691,2809,2893
6258,2811,2896
153698,2813,2884
352007,2814,2863
165872,2814,2873
94850,2837,2892
374815,2849,2935
165873,2858,2925
216827,2903,2979
83402,2915,2977
227458,2933,2979
335443,3504,3559
69746,3630,3683
160082,3644,3714
87507,3753,3817
73514,3753,3845
22488,3754,3849
27723,3755,3853
28594,3765,3838
399825,3765,3846
254587,3766,3828
49126,3769,3828
335452,3769,3841
44323,3777,3841
59210,3805,3866
185688,3810,3884
221477,3895,3956
44325,3903,4025
240051,3904,4001
32442,3908,3986
31287,3909,3997
381375,3913,3987
118570,3940,4003
298743,4410,4475
30773,4410,4494
193451,4414,4489
374779,4415,4465
117232,4417,4487
145697,4417,4491
314388,4420,4514
356704,4421,4530
389749,4422,4485
83198,4423,4475
353260,4423,4497
216829,4423,4521
91596,4423,4536
73521,4425,4513
45020,4426,4491
367651,4426,4503
68681,4426,4526
36022,4428,4490
317708,4437,4502
318126,4439,4499
183522,4441,4495
169363,4441,4534
115144,4442,4513
66513,4443,4490
57341,4443,4518
91592,4444,4496
277626,4444,4511
318494,4445,4486
168853,4445,4495
117233,4447,4562
138387,4468,4540
284480,4469,4538
318495,4471,4550
6267,4475,4551
84569,4475,4566
305509,4476,4540
234912,4494,4570
85445,4495,4557
6264,4496,4565
13989,4501,4565
15218,4503,4566
227453,4507,4570
335454,4511,4581
92185,4517,4565
241934,4519,4581
184774,4588,4641
59213,4589,4648
59212,4591,4649
216828,4688,4750
59211,4689,4751
178761,4690,4746
178760,4690,4749
174220,4691,4751
15217,4694,4751
59210,4696,4751
396947,4859,4908
49128,4859,4949
22972,4870,4961
64001,4881,4948
192112,4888,4949
312779,4898,4965
11010,4902,4973
125684,4904,4976
165875,4911,4966
336522,5041,5103
45533,5041,5110
391204,5041,5116
308206,5041,5120
308205,5041,5123
13985,5041,5148
18256,5041,5162
382522,5043,5112
287751,5044,5118
228199,5058,5124
14420,5066,5127
39332,5068,5124
22739,5071,5146
381376,5074,5146
50679,5078,5146
13992,5081,5144
59214,5083,5163
59220,5093,5161
227449,5145,5228
26237,5395,5443
147258,5453,5513
198764,5707,5763
365942,5707,5783
334727,5707,5794
57661,5708,5812
111004,5708,5822
57064,5727,5787
365943,5738,5840
29220,5740,5818
12261,5741,5837
185687,5760,5838
252678,5762,5837
203940,5780,5837
49130,5799,5858
20667,6125,6188
11009,6126,6193
6259,6147,6192
178762,6477,6540
241933,6477,6548
183298,6479,6540
13986,6484,6561
183297,6493,6560
59211,6497,6557
274074,6497,6561
214488,6498,6560
124560,6502,6560
120160,6506,6560
389748,6512,6561
314380,6749,6833
335445,6750,6817
305507,6752,6840
382644,6753,6832
59212,6762,6830
141182,6768,6840
335458,6784,6909
246255,6791,6852
37465,6821,6902
172819,6840,6925
73517,6842,6911
10553,6850,6942
267,6880,6950
37734,6909,6981
314424,6923,6988
18873,7840,7910
169333,7851,7906
20947,7969,8039
175154,7970,8024
58147,7971,8026
105255,7972,8043
72951,7973,8034
15605,7974,8026
213803,7975,8040
361822,7984,8025
218505,7984,8041
195106,8114,8189
331926,8114,8224
254589,8115,8196
386246,8118,8179
1149,8118,8206
216826,8123,8225
172820,8129,8199
69393,8132,8234
111003,8146,8255
83406,8157,8275
91593,8187,8293
285669,8193,8280
59215,8222,8277
227459,8841,8950
69391,8852,8952
36018,8865,8949
15219,8906,8974
11329,8909,8986
226381,8910,8979
321859,8915,8985
13988,8918,8982
12346,8918,8987
49131,8934,8982
105684,8937,9016
254588,8947,9011
124222,8951,9054
323097,8957,9021
49124,8957,9037
49125,8959,9065
8553,8963,9026
160831,8964,9065
83299,8972,9065
83197,8975,9062
366367,8982,9048
146775,8989,9042
310877,8989,9047
6497,8989,9056
164081,8990,9054
40711,8999,9041
13996,9004,9062
234911,9007,9065
314381,9012,9064
73520,9013,9062
321073,9095,9162
15684,9097,9166
73519,9215,9273
402420,9351,9398
253657,9351,9435
23928,9352,9428
58332,9354,9436
253656,9357,9418
58333,9364,9437
174216,9400,9499
31286,9404,9472
345386,9439,9501
170698,9521,9600
94855,9523,9635
111002,9524,9608
48006,9533,9622
222802,9535,9616
284481,9535,9626
157147,9535,9645
6268,9535,9657
170697,9537,9649
176630,9538,9600
94645,9543,9617
157009,9544,9607
379244,9545,9611
157008,9545,9616
364073,9545,9630
120168,9549,9655
163118,9555,9611
22304,9568,9631
362453,9572,9633
371594,9575,9657
315301,9578,9642
50718,9580,9656
59217,9885,10002
18255,9906,10018
224079,9907,10010
91597,10017,10089
170699,10024,10109
29921,10029,10111
66734,10056,10106
63695,10059,10124
115555,10075,10120
253654,10076,10138
253655,10076,10156
198139,10094,10145
145699,10128,10194
334111,10160,10207
144395,10160,10282
94853,10162,10280
165877,10170,10295
163119,10174,10219
85389,10223,10308
59213,10244,10305
16335,10261,10324
332547,10274,10329
120161,10277,10349
227456,10283,10350
89905,10300,10375
113931,10303,10366
50678,10328,10375
152582,10458,10518
186600,10571,10653
73522,10612,10728
253660,10627,10718
73523,10630,10729
253661,10635,10734
59216,10644,10736
407767,10647,10710
379643,10652,10737
280280,10658,10728
371593,10659,10736
57821,10660,10722
22661,10661,10721
141349,10661,10724
400089,10667,10723
184775,10979,11037
96467,10979,11045
371592,10979,11049
224078,10981,11043
317163,10987,11066
111001,10992,11063
174219,10997,11088
239873,11008,11085
321221,11016,11077
137465,11018,11085
320522,11023,11086
213060,11024,11087
314383,11025,11074
49133,11025,11079
145698,11029,11086
234182,11045,11110
209395,11045,11126
321087,11046,11119
38110,11047,11109
304043,11049,11113
367653,11049,11115
161993,11058,11123
267909,11112,11196
59218,11115,11220
315159,11130,11196
59219,11132,11225
127246,11140,11203
122056,11148,11226
5517,11224,11316
80785,11258,11311
367644,11260,11316
42491,11265,11316
185685,11410,11505
227454,11428,11506
352005,11429,11510
190477,11430,11505
73513,11436,11503
77923,11440,11506
142935,11451,11503
117235,11456,11519
348533,11456,11537
166939,11457,11507
334726,11457,11511
159993,11462,11520
183302,11464,11528
390484,11465,11530
310878,11466,11555
190670,11467,11560
18291,11471,11536
137466,11472,11535
364074,11474,11535
73524,11504,11601
69394,11505,11594
58618,11527,11601
79544,11535,11594
59214,11566,11643
114345,11571,11643
4908,11574,11636
183300,11594,11643
367645,11787,11852
367652,11908,11979
317709,11909,11966
11165,11914,11976
261221,11946,12025
41172,11946,12030
270518,11964,12025
2871,11973,12051
11402,11981,12065
331337,11986,12060
238763,11989,12078
89906,11990,12056
36019,11990,12069
131895,11991,12083
367649,11994,12049
277111,11994,12060
195107,11994,12104
6923,11996,12049
221438,11997,12083
26238,11998,12073
285670,11998,12114
61952,11998,12118
367648,12001,12083
45529,12002,12066
120162,12002,12119
117553,12003,12072
48936,12004,12084
87600,12005,12080
44324,12006,12117
26239,12007,12125
402422,12008,12111
356703,12009,12092
267899,12012,12132
42847,12013,12117
227455,12019,12082
93644,12025,12139
318493,12026,12079
335455,12028,12089
124562,12028,12142
94851,12030,12096
43370,12031,12092
367650,12031,12129
402421,12033,12098
237709,12036,12150
45530,12039,12140
68679,12053,12156
20669,12056,12141
886,12060,12161
308192,12079,12164
59209,12368,12464
59935,12371,12463
59208,12384,12490
95437,12391,12462
13997,12397,12463
362684,12408,12449
6924,12415,12467
59207,12417,12489
318498,12420,12499
240554,12597,12658
59209,12703,12782
39786,12704,12768
136166,12707,12778
218038,12708,12802
320612,12710,12783
27724,12712,12795
391952,12715,12774
59208,12715,12808
344082,12717,12780
45848,12724,12779
45847,12724,12781
65793,12724,12785
109301,12725,12810
238764,12726,12787
300892,12727,12789
140623,12736,12789
6266,12738,12787
174217,12738,12830
13246,12739,12797
258294,12739,12801
59207,12741,12808
314451,12743,12803
170002,12744,12787
304301,12745,12831
371595,12770,12823
9184,12795,12845
72706,12797,12848
190079,12822,12896
234910,12832,12898
396949,13221,13283
43373,13221,13285
334728,13224,13291
129330,13232,13294
118057,13242,13317
127247,13256,13321
289410,13258,13319
98092,13262,13333
41457,13493,13545
83199,13493,13549
68397,13500,13549
389750,13624,13694
170704,13626,13703
80786,13626,13718
24180,13626,13725
111000,13629,13682
268145,13629,13720
268144,13629,13726
169657,13630,13693
11011,13630,13695
83407,13630,13714
169658,13630,13731
253658,13632,13694
190673,13636,13727
391203,13638,13733
185684,13643,13735
13995,13645,13723
305672,13652,13715
38842,13652,13717
81586,13653,13705
289624,13653,13707
280191,13654,13713
48895,13655,13716
170707,13656,13736
139236,13665,13734
284479,13665,13740
229714,13867,13918
64647,13880,13935
376127,13880,13942
239872,14206,14269
68678,14209,14269
321074,14686,14758
44327,14696,14758
91101,14703,14758
59221,14804,14865
161994,14846,14917
291374,14849,14915
303388,14861,14921
163121,14861,14940
170705,14862,14924
34228,14881,14976
396952,14884,14951
396951,14884,14974
117234,14886,14940
253662,14890,14976
301145,14893,14976
218036,14901,14981
46576,14905,14986
47512,14911,14976
163120,14913,14989
73904,14914,15007
151508,14916,14982
383812,14919,14992
218037,14928,15007
275222,14931,14995
127833,14937,14996
375658,14938,15004
49269,14939,15007
38954,14947,15008
335444,14948,15022
46577,14957,15019
120164,15012,15108
389751,15014,15086
174831,15016,15087
149573,15027,15090
78768,15040,15102
103601,15042,15109
20773,15048,15099
15295,15067,15128
164082,15123,15186
257492,15132,15216
239871,15135,15259
237708,15138,15237
20948,15138,15267
381379,15141,15242
35626,15148,15215
345989,15149,15253
81897,15150,15213
335459,15151,15212
61424,15151,15258
8102,15152,15235
138385,15152,15263
81448,15154,15211
20949,15155,15270
80736,15156,15230
83300,15158,15222
311097,15158,15225
67054,15162,15222
126306,15163,15232
14763,15163,15238
153974,15163,15246
103600,15165,15220
257493,15165,15224
61731,15165,15254
94015,15165,15259
333792,15166,15263
399530,15167,15261
135235,15168,15219
404325,15168,15222
124262,15168,15273
283722,15169,15255
196792,15170,15260
169656,15171,15262
257491,15172,15217
49123,15172,15250
183301,15172,15265
124261,15172,15273
114739,15173,15234
275160,15173,15248
314382,15173,15263
314390,15174,15235
121389,15178,15235
312777,15178,15239
1146,15178,15256
31285,15178,15266
57574,15179,15242
62664,15179,15252
214489,15179,15271
352006,15179,15274
120165,15179,15278
3250,15180,15264
42553,15181,15242
201252,15182,15262
315302,15183,15250
20668,15184,15275
321858,15184,15294
382643,15185,15246
146776,15185,15265
335446,15185,15271
150995,15186,15235
38799,15186,15250
57573,15186,15252
48734,15187,15234
188061,15187,15267
394665,15188,15275
29286,15189,15238
38119,15190,15266
317162,15190,15277
214490,15191,15264
20672,15192,15275
268146,15193,15262
98093,15195,15275
368120,15198,15275
119205,15201,15265
137467,15204,15265
303327,15205,15275
387302,15207,15274
321411,15208,15277
209691,15209,15265
105090,15210,15271
20950,15210,15290
303326,15214,15266
340788,15216,15296
43372,15219,15274
314396,15219,15297
49132,15226,15295
284483,15243,15298
172036,15244,15297
177863,15743,15835
238765,15744,15825
314384,15746,15832
284478,15751,15832
68680,15766,15840
314387,15772,15825
274144,15779,15826
365941,15782,15869
11347,15787,15869
309015,15793,15867
314385,15803,15935
74703,15805,15891
314386,15821,15942
44326,15838,15900
312778,15839,15904
234909,15840,15903
221479,15840,15933
328814,15844,15899
6269,15845,15906
241077,15845,15918
138384,15868,15976
26240,15871,15921
224283,15873,15929
70937,15874,15930
365940,15882,15943
314389,16019,16081
396948,16024,16088
153596,16145,16216
385755,16146,16211
227460,16149,16216
59215,16152,16213
59220,16154,16213
91598,16155,16216
274257,16156,16211
396950,16331,16430
267910,16334,16442
48894,16335,16431
112852,16342,16434
41171,16383,16452
216830,16387,16443
300913,16389,16438
315553,16594,16645
224080,16621,16739
85198,16650,16721
126,16653,16745
46646,16667,16743
20671,16686,16744
829,16842,16916
75934,16854,16918
105091,16856,16944
28707,16857,16916
185686,16857,16918
400525,16862,16919
399325,16866,16929
253659,16953,17010
394666,17060,17119
262033,17060,17122
252469,17063,17125
62520,17063,17128
268067,17069,17126
38798,17071,17125
174828,17198,17282
185436,17199,17267
193029,17201,17265
6265,17202,17274
124563,17202,17288
193028,17202,17294
22303,17205,17271
221437,17205,17279
157148,17205,17289
20670,17206,17295
83922,17208,17275
108222,17566,17617
27058,17568,17615
22385,17571,17616
142075,17572,17618
153973,17790,17882
25,17791,17892
127102,17792,17908
25,17800,17877
25,17817,17879
76844,17865,17912
335456,17888,18054
240050,17896,18054
94854,17901,18059
10169,17909,18027
6263,17909,18063
124561,17916,18048
91591,17924,18062
385508,17925,18047
280281,17925,18073
6262,17938,18081
324714,17959,18020
86007,17959,18080
13991,17962,18069
90297,17963,18045
216289,17964,18059
138386,17964,18066
165876,17964,18081
73516,17966,18064
305508,17967,18038
78054,17968,18051
4240,17976,18081
1147,17982,18041
37733,18000,18072
114841,18002,18066
158707,18010,18073
43371,18012,18081
62886,18025,18081
170706,18149,18201
169735,18390,18447
