155374,98,234
40780,99,243
135326,101,165
10972,103,163
354477,104,199
109102,104,255
333,107,287
225840,108,217
18560,108,254
30386,111,237
318881,114,221
105593,114,234
45066,116,251
273248,117,246
293963,119,183
29597,120,245
90357,121,235
199504,121,264
305778,123,279
77043,128,223
17750,129,263
64099,130,190
35492,133,259
333,135,299
92861,136,252
289485,138,183
346693,138,281
22021,140,273
119575,142,205
17169,142,305
163273,143,265
372717,146,207
171771,146,211
202983,146,221
104555,148,215
151482,149,217
125216,150,206
68676,157,242
155375,159,299
333,161,285
6359,166,318
220686,175,302
40781,176,299
259705,177,247
250144,180,304
168875,181,292
333546,182,299
386277,182,316
147197,190,310
408190,190,338
273249,191,304
122062,194,319
194962,200,337
34780,203,308
229967,218,337
174441,220,286
205511,223,288
371418,225,299
364813,227,295
273941,227,300
244720,233,330
22909,235,301
46161,244,324
220684,253,325
39716,253,347
162621,254,318
2899,256,326
101333,257,324
355980,257,333
228107,258,330
244719,259,343
236518,302,398
279518,341,407
208972,434,490
168238,434,512
16353,441,499
273939,444,508
160338,445,499
58246,454,579
94641,455,562
140195,455,574
195387,455,582
345243,461,570
182807,462,539
176583,482,588
234989,487,622
173089,494,599
264828,494,623
220249,497,617
132944,504,602
232984,513,619
368067,514,646
249126,529,645
94815,538,642
12278,550,657
247307,553,624
123663,770,821
173088,881,991
305779,884,994
34781,890,981
31442,890,996
305780,891,1034
12911,894,1031
234988,895,992
102592,896,975
313239,896,1019
273419,897,990
175200,897,1015
4613,898,1022
58245,900,973
23149,901,1026
176584,902,1019
192369,903,995
122445,907,969
153000,908,1002
345242,916,1003
150044,920,1037
404131,932,1001
148942,932,1012
163274,933,1020
404130,936,1025
205571,938,1045
234987,942,1026
28234,958,1046
186308,959,1027
68280,961,1016
2537,961,1025
197835,1013,1075
318882,1021,1106
333361,1034,1102
387798,1047,1106
40777,1049,1103
208759,1179,1252
279017,1192,1270
151600,1197,1276
388964,1202,1269
40775,1203,1254
346495,1389,1465
346494,1395,1463
22730,1403,1463
403976,1405,1464
2305,1406,1463
39715,1406,1465
220682,1407,1462
94642,1610,1689
133507,1610,1693
30594,1610,1698
395531,1613,1699
393066,1614,1715
4616,1627,1689
271980,1647,1715
273940,1657,1724
29595,1662,1731
168876,1665,1734
394093,1683,1792
394092,1716,1769
109101,1810,1890
280916,1814,1902
32112,1815,1906
304021,1816,1911
7037,1817,1887
77631,1828,1913
329095,1830,1910
293411,1830,1925
383388,1831,1893
232244,1833,1908
124612,1843,1910
364146,1843,1924
308014,1850,1922
137815,1852,1918
329094,1856,1923
145801,1858,1919
38603,1870,1934
407935,1887,1965
370113,1892,1953
62489,1893,1955
295504,1895,1967
366687,1906,1963
228105,2037,2137
145106,2050,2181
272624,2064,2179
78314,2067,2176
40782,2068,2187
232245,2073,2192
5295,2074,2182
249127,2076,2140
40776,2092,2187
222721,2093,2183
225842,2094,2195
122449,2098,2162
76915,2100,2164
397066,2100,2197
87664,2102,2169
304606,2179,2231
78316,2283,2352
232957,2302,2368
78315,2345,2426
204777,2348,2410
15969,2349,2426
122448,2354,2420
60250,2354,2425
128379,2357,2419
225844,2515,2633
202985,2524,2587
208761,2525,2586
51420,2529,2589
49323,2531,2605
108196,2541,2620
17173,2547,2644
46159,2560,2644
397064,2562,2648
397063,2564,2658
276058,2565,2624
85854,2566,2632
101271,2566,2649
27371,2567,2641
88556,2567,2653
274140,2568,2621
50706,2570,2643
123438,2573,2650
283590,2577,2654
115459,2579,2643
34782,2580,2647
124084,2581,2643
308015,2582,2658
119576,2583,2643
5293,2584,2650
41309,2584,2656
195384,2585,2641
189508,2585,2646
195383,2585,2654
161964,2586,2637
156851,2589,2641
395532,2589,2645
249125,2590,2654
113309,2590,2660
382986,2590,2688
270132,2595,2643
155373,2597,2641
382987,2601,2698
388247,2602,2675
372718,2604,2661
181590,2605,2678
46160,2606,2661
49568,2611,2676
228106,2622,2690
244718,2664,2772
244717,2670,2776
283592,2677,2789
356581,2683,2749
122061,2683,2782
77290,2684,2745
300733,2684,2793
386276,2684,2809
161963,2685,2804
207403,2691,2777
321926,2698,2766
232602,2713,2779
101273,2715,2806
135012,2723,2779
101274,2727,2808
308017,2727,2824
64982,2738,2813
337269,2739,2800
78317,2740,2820
13019,2741,2803
257212,2741,2822
230281,2743,2804
246219,2744,2810
37362,2746,2802
382988,2746,2823
22908,2747,2808
345238,2747,2820
217887,2751,2804
401997,2754,2819
397280,2773,2823
78714,2881,2936
379687,2881,2973
233178,2881,3004
345239,2882,2952
145103,2883,2980
126,2905,3008
345237,2905,3031
126,2906,2967
47776,2907,3039
126,2908,2989
94947,2908,3052
142572,2912,3044
397067,2915,3043
345240,2919,3059
191320,2927,3056
160810,2929,3052
177947,2930,3058
23615,2937,3061
274141,2938,3055
4614,2946,3061
400793,2948,3040
202980,2950,3058
340364,2972,3034
84083,2973,3053
84084,2973,3061
152999,2976,3035
260332,2990,3056
254099,2998,3059
226168,3000,3061
219748,3001,3060
387797,3011,3060
37051,3135,3188
63684,3136,3181
304542,3185,3281
395533,3186,3306
311027,3187,3322
145802,3189,3261
17170,3190,3301
356580,3191,3273
380142,3192,3298
244715,3192,3305
2801,3196,3306
2025,3199,3261
371904,3199,3331
398823,3200,3323
380141,3204,3314
2801,3205,3289
133508,3206,3329
287269,3207,3323
394091,3209,3328
37003,3216,3305
2801,3217,3298
17172,3219,3311
886,3222,3308
44267,3239,3298
29889,3259,3346
168877,3296,3343
84079,3321,3407
34798,3350,3410
180486,3393,3488
321925,3399,3472
208762,3512,3575
286402,3615,3672
366195,3615,3676
145105,3615,3681
380143,3615,3688
205652,3685,3789
214148,3688,3747
227564,3688,3763
163272,3688,3772
311026,3688,3781
40779,3688,3784
272622,3688,3800
62261,3689,3751
29596,3689,3760
127783,3689,3768
165213,3690,3754
122447,3690,3789
272625,3704,3755
86008,3708,3772
296180,3714,3799
11487,3714,3802
195385,3717,3784
53203,3717,3792
174363,3718,3781
282927,3722,3783
113308,3724,3803
202359,3759,3802
225847,3851,3956
180003,3853,3963
145107,3855,3981
78313,3856,3956
137816,3858,3927
5294,3858,3963
371419,3858,3971
47170,3865,3957
287185,3866,3921
225841,3866,4001
194361,3867,3960
114195,3873,3945
87663,3882,3960
397065,3963,4013
326820,4014,4096
362802,4015,4085
188198,4018,4071
201301,4023,4088
129114,4029,4091
175579,4030,4092
283591,4033,4090
204861,4033,4094
177410,4037,4094
78560,4038,4091
50708,4040,4095
220683,4041,4117
50707,4043,4095
17889,4044,4107
122446,4162,4207
226997,4163,4218
4615,4323,4391
190757,4324,4382
2304,4326,4383
10563,4530,4587
250143,4530,4591
352080,4530,4609
244716,4531,4585
16740,4531,4611
307350,4556,4607
17890,4565,4642
393664,4572,4642
55279,4582,4659
276057,4592,4645
271982,4596,4686
145104,4598,4702
226998,4610,4688
225846,4610,4707
271981,4610,4714
225845,4617,4737
236111,4622,4693
38868,4626,4688
236112,4626,4696
225848,4626,4702
272623,4626,4724
175476,4627,4710
327161,4628,4723
90653,4632,4699
17095,4648,4743
139895,4653,4714
175477,4654,4748
18456,4658,4724
40783,4661,4724
101272,4667,4730
4014,4673,4724
359879,4673,4738
286403,4766,4824
212479,4776,4822
313039,4866,4931
304543,4983,5077
126,4997,5085
175199,4997,5111
126,5001,5106
126,5009,5074
94947,5009,5146
113138,5013,5134
233177,5014,5150
113736,5022,5146
191319,5025,5142
345241,5028,5136
28950,5029,5154
408189,5030,5151
104142,5037,5153
67170,5040,5150
322595,5041,5107
202981,5046,5140
23615,5046,5156
222038,5051,5141
4614,5052,5157
400794,5053,5130
197836,5053,5133
40778,5056,5152
4705,5059,5146
17649,5059,5150
202982,5062,5153
4402,5065,5139
274142,5069,5156
27930,5074,5135
58247,5074,5143
264829,5077,5138
194960,5078,5143
68088,5083,5146
401996,5092,5154
147458,5108,5156
21998,5225,5283
225843,5225,5307
276059,5225,5321
331525,5235,5298
194961,5249,5318
160811,5253,5326
51419,5255,5336
377941,5256,5317
350331,5263,5324
179025,5265,5336
242487,5266,5324
166785,5278,5326
107913,5289,5337
394090,5306,5418
407645,5310,5398
388965,5367,5432
296818,5411,5494
220685,5415,5537
293964,5423,5492
123943,5429,5492
353733,5431,5499
49322,5434,5500
353464,5436,5512
44139,5436,5525
19940,5437,5493
62580,5437,5528
30335,5438,5522
4331,5440,5490
287268,5440,5513
250145,5441,5516
313662,5441,5523
311055,5442,5508
395530,5442,5533
159326,5447,5520
372719,5450,5518
47375,5451,5515
407936,5451,5528
6758,5451,5535
337144,5452,5516
321924,5453,5519
88557,5459,5525
60334,5460,5521
62579,5463,5526
204860,5464,5525
325478,5465,5537
238464,5468,5532
376485,5471,5535
308016,5655,5716
124898,5714,5800
208763,5746,5815
380660,5775,5841
379688,5778,5832
370112,5798,5858
394089,5801,5888
155376,5802,5884
21997,5802,5893
202358,5822,5896
238335,5834,5899
56553,5948,6028
233179,5953,6022
238336,6052,6121
126,6053,6163
173087,6054,6102
313661,6055,6147
176585,6058,6193
86500,6061,6184
41035,6074,6195
189509,6081,6179
28843,6136,6199
303308,6143,6202
279517,6144,6201
47686,6190,6247
81991,6325,6414
188199,6335,6414
26995,6344,6459
28155,6351,6459
23306,6352,6417
201093,6360,6453
54875,6360,6459
271983,6364,6459
358284,6369,6476
333548,6383,6464
333547,6387,6464
122096,6390,6449
158037,6401,6470
320905,6402,6475
217172,6403,6477
47171,6404,6472
194292,6406,6481
232502,6408,6472
148919,6409,6471
71991,6409,6501
262547,6410,6474
250142,6410,6508
370335,6415,6476
120563,6418,6485
78997,6420,6495
34779,6420,6516
28553,6422,6519
217171,6422,6526
209331,6423,6498
358285,6425,6510
288364,6428,6526
11972,6464,6530
404129,6470,6539
403938,6511,6623
6342,6518,6597
12277,6520,6630
368068,6525,6703
19398,6526,6658
60251,6527,6609
78712,6527,6651
130372,6533,6606
17171,6536,6626
14729,6536,6648
167856,6544,6639
67365,6545,6673
286404,6547,6610
256803,6548,6609
105594,6549,6616
264827,6553,6691
14035,6554,6607
68677,6556,6700
300732,6557,6655
211148,6559,6620
77042,6586,6709
4236,6588,6713
213797,6592,6708
121525,6596,6706
78713,6622,6694
202984,6631,6706
283589,6634,6713
78150,6645,6694
304020,6645,6707
161965,6650,6711
313040,6657,6709
249124,6658,6712
208383,6746,6805
148684,6746,6828
209988,6746,6854
208760,6747,6850
386360,6748,6838
407937,6752,6812
7038,6752,6821
19134,6752,6853
356579,6754,6815
94553,6759,6822
8738,6760,6852
89052,6761,6813
169084,6762,6847
16430,6771,6853
136543,6781,6830
49321,6788,6844
17888,6789,6854
129113,6790,6851
305777,6790,6853
195386,6797,6854
