26839,233,287
342733,434,492
39117,569,689
183118,586,663
297657,597,659
384727,598,661
39116,599,720
301291,632,697
278054,1037,1084
61317,1129,1209
241087,1133,1209
358498,1142,1227
285954,1143,1218
15974,1152,1220
296748,1156,1217
36235,1162,1225
10878,1165,1214
295700,1348,1408
210058,1353,1414
39115,1361,1422
285953,1564,1616
40532,1566,1622
323324,1566,1648
180425,1577,1643
11303,1577,1656
137279,1585,1653
313052,1597,1648
353984,1912,1970
95077,1929,1973
158656,2071,2148
342335,2087,2158
33356,2097,2157
40590,2098,2152
164444,2369,2420
310143,2377,2441
392529,2397,2460
39114,3242,3319
162866,3246,3301
172938,3563,3620
14412,3573,3647
68626,3828,3894
215460,3829,3902
46180,3830,3911
397029,3831,3909
20210,3836,3894
339467,3840,3901
217091,3840,3906
243093,3851,3919
110730,3852,3936
378691,3854,3912
378690,3855,3917
76148,3860,3913
199275,3861,3931
387211,3865,3933
193078,3869,3932
362156,3872,3935
132910,3883,3936
277342,3984,4030
30400,3985,4055
204938,3992,4056
363244,4029,4083
120269,4033,4085
27346,4034,4083
141400,4417,4475
44088,4420,4477
157616,4421,4474
123721,4421,4478
239010,4422,4476
237024,4446,4507
39113,4571,4658
123720,4572,4622
75998,4574,4644
268849,4575,4640
140176,4584,4666
354159,4592,4654
254063,4869,4931
328461,4869,4933
55795,4869,4943
99608,4870,4932
234048,4870,4934
9745,4873,4934
9744,4873,4937
172034,4874,4955
84876,4874,4965
264587,4875,4932
339745,4875,4941
336188,4877,4938
124851,4878,4940
216599,4880,4942
152608,4891,4970
16394,4899,4967
399184,4901,4969
387555,4904,4966
356474,4931,5000
358497,4933,5007
144545,4935,5000
136326,4938,5000
44087,4941,5003
339688,4947,5017
144546,4950,5013
142762,4964,5031
132590,4972,5045
24465,4997,5073
44634,5029,5108
343166,5035,5099
262607,5043,5104
182491,5047,5127
157615,5049,5114
387593,5061,5125
33357,5072,5133
80967,5492,5555
210059,5512,5572
37936,5895,5956
394812,5895,5969
364689,5896,5959
198834,5901,5969
156795,5908,5973
208654,5928,5994
157818,5969,6035
39109,6085,6148
39112,6085,6151
170438,6086,6147
60560,6092,6155
89376,6097,6154
397555,6217,6304
27005,6218,6285
308206,6218,6291
308205,6218,6295
258417,6219,6314
62571,6241,6314
216089,6248,6319
305746,6250,6312
136040,6255,6315
53619,6255,6347
23111,6258,6312
57952,6258,6329
171963,6262,6330
158657,6265,6335
161927,6306,6377
340152,6331,6387
60563,6582,6641
31842,6592,6645
340742,6623,6685
295699,6714,6782
273395,6716,6774
155542,6720,6781
240982,6735,6793
159966,6735,6811
405049,6744,6810
363246,6747,6825
323323,6750,6819
295701,6759,6829
101175,6766,6828
40589,6770,6836
310142,6873,6916
47183,7215,7288
357023,7215,7294
39103,7215,7299
107670,7232,7293
1209,7233,7288
27345,7233,7295
180422,7234,7305
74528,7236,7300
355622,7238,7301
15092,7765,7825
130586,7770,7850
100207,7772,7838
79914,7781,7845
337630,7793,7870
39097,7812,7929
129785,7817,7886
177838,7826,7891
15960,7832,7898
387210,7901,7967
197911,7910,7974
162867,7910,7976
264732,7912,7966
171964,7912,7983
94355,7915,7972
175753,7921,7971
28939,7925,7973
193136,7930,7976
222394,7989,8052
80777,8440,8503
261607,8447,8506
177851,8448,8517
39097,8458,8583
87406,8475,8541
39111,8485,8581
39101,8506,8579
35161,8513,8577
222395,8723,8776
265604,8735,8809
60562,8743,8810
198663,8748,8804
382853,8883,8939
334985,8888,8939
250159,9032,9079
181188,9032,9083
66544,9198,9257
277340,9199,9256
129639,9199,9260
406049,9200,9263
40586,9201,9257
182489,9220,9279
289665,9220,9286
210056,9222,9272
20139,9222,9287
385036,9319,9401
111867,9326,9397
41750,9340,9428
330832,9343,9428
163505,9346,9407
160331,9346,9417
262559,9346,9433
313131,9350,9406
40588,9350,9433
262558,9350,9443
31320,9352,9435
58988,9354,9429
87431,9373,9450
172939,9375,9463
74146,9385,9431
339744,9397,9471
199272,9640,9709
76453,9643,9716
268847,9647,9716
175833,9649,9730
268846,9650,9716
262557,9655,9728
42976,9661,9727
109357,9666,9728
393386,9679,9729
241086,9800,9885
372296,9813,9886
258801,9822,9924
296747,9829,9890
241085,9842,9910
264586,9849,9920
159956,9860,9924
215461,9891,9972
356693,9896,9969
100479,9908,9970
210057,9909,9972
27430,9935,9990
222211,9936,9989
183117,9936,10008
168587,10011,10069
182490,10014,10074
253738,10014,10084
159952,10023,10089
66545,10042,10116
28060,10051,10115
387556,10051,10118
287535,10054,10117
159951,10057,10123
287726,10058,10122
39103,10072,10167
39110,10096,10198
39101,10125,10205
349124,10134,10199
195878,10134,10216
364866,10137,10217
246676,10138,10210
276118,10141,10207
364867,10143,10238
107749,10145,10227
387592,10154,10213
262560,10190,10238
16043,10194,10261
14363,10293,10366
54198,10337,10398
46066,10573,10650
39108,10573,10662
268848,10587,10648
199273,10592,10655
102968,10601,10649
157617,10602,10657
26696,10783,10857
40587,10787,10850
170680,10789,10831
301494,10789,10863
26695,10791,10862
7972,10792,10858
236353,10797,10862
95210,11084,11145
277880,11085,11146
321306,11107,11172
123722,11117,11176
243536,11134,11202
369594,11135,11195
301265,11139,11201
110731,11160,11238
39098,11222,11296
199274,11349,11422
322919,11434,11491
109358,11477,11533
360082,11477,11554
261608,11477,11565
378520,11494,11555
83208,11495,11576
341411,11502,11576
154491,11504,11573
218733,11513,11572
387557,11516,11581
80778,11527,11598
39098,11978,12056
229830,12276,12345
387594,12279,12345
336515,12541,12593
144346,12542,12592
132591,12546,12646
379202,12548,12616
256169,12550,12638
144547,12552,12621
87599,12556,12624
24466,12564,12655
60561,12859,12959
372608,12880,12948
110575,12893,12950
252589,12897,12958
100034,12907,12958
40442,13162,13224
374488,13163,13233
15793,13164,13225
152835,13165,13220
278172,13166,13231
339076,13171,13243
324191,13173,13239
46549,13174,13231
14552,13174,13233
392530,13180,13246
351656,13255,13317
332239,13529,13597
131977,13529,13602
246677,13530,13581
88209,13531,13582
252592,13531,13596
139907,13533,13600
33358,13534,13586
157618,13538,13603
349854,13549,13596
39100,13675,13727
121455,14345,14414
128886,14350,14416
179000,14354,14415
39099,14358,14437
159954,14433,14491
363245,14603,14673
331258,14606,14687
24467,14606,14691
143469,14610,14682
372297,14725,14802
89760,14729,14787
203316,14740,14801
211807,15054,15132
37936,15177,15230
39100,15287,15349
371803,15292,15353
340469,15309,15386
139012,15311,15376
356702,15313,15405
39099,15585,15663
312043,15830,15885
157619,15839,15892
39105,16134,16233
334984,16143,16204
39109,16150,16210
47969,16155,16212
42372,16353,16401
404128,16354,16407
285955,16375,16471
207636,16473,16530
214010,16474,16531
78437,16474,16537
278051,16476,16541
208621,16476,16549
195919,16484,16567
150307,16489,16561
66245,16497,16562
394813,16503,16579
96891,16504,16569
81795,16507,16583
391889,16643,16693
85504,16858,16911
360083,16878,16940
227556,16879,16943
268850,16943,17013
406932,16973,17043
39108,17015,17101
40524,17019,17101
75999,17020,17073
302928,17022,17090
382066,17024,17086
391890,17025,17083
46832,17027,17083
39542,17028,17086
181026,17029,17093
8700,17037,17096
372095,17041,17101
249212,17048,17099
339689,17254,17313
54907,17255,17311
318550,17257,17312
159953,17259,17318
39107,17436,17536
241089,17438,17503
310145,17486,17535
296941,17576,17648
19192,17577,17636
122421,17579,17634
197012,17579,17652
49359,17580,17635
354107,17589,17648
238155,17606,17656
100582,17739,17782
39117,17844,17955
39116,17875,17981
264407,17879,17929
95079,18397,18451
39115,18398,18462
396889,18398,18464
150146,18398,18469
287727,18402,18468
172632,18403,18464
79915,18405,18473
172035,18412,18518
357294,18436,18502
303167,18436,18512
371804,18437,18509
205563,18440,18513
60556,18445,18511
117846,18449,18529
60558,18459,18531
322922,18475,18528
286669,18476,18529
157620,18509,18599
39106,18510,18569
406934,18517,18579
277341,18520,18573
39102,18530,18635
406933,18533,18601
404496,18542,18610
36236,18550,18611
262588,18557,18633
214012,18578,18635
94356,18581,18635
167402,18786,18850
195492,18810,18881
181502,18814,18864
123723,18818,18872
143762,18928,18991
61316,18928,18996
101010,18929,18987
177701,18929,18992
39114,18929,19008
810,18932,19000
95078,18938,19000
107750,18939,19005
20211,18947,19008
119771,19260,19335
389867,19262,19337
102622,19269,19334
295702,19271,19337
118209,19273,19333
39543,19275,19337
322920,19280,19346
39104,19381,19453
39113,19383,19468
16239,19385,19455
383084,19395,19461
7208,19432,19494
384403,19435,19497
351979,19554,19608
95080,19777,19840
122659,19888,19948
383083,19889,19944
392532,19889,19954
336516,20029,20107
39105,20030,20118
39112,20038,20101
5963,20043,20110
251765,20048,20092
215464,20050,20113
255556,20051,20117
220906,20056,20118
111866,20263,20326
39110,20305,20389
39111,20305,20413
231047,20329,20410
107669,20332,20414
101783,20335,20399
215462,20335,20428
380925,20339,20400
43987,20340,20420
340626,20343,20408
342732,20379,20442
264731,20379,20452
358496,20386,20449
352252,20386,20452
303166,20390,20452
278053,20390,20455
268851,20393,20466
252593,20401,20451
275548,20413,20510
144549,20416,20502
74147,20419,20481
211850,20487,20552
252591,20493,20552
261609,20661,20772
241607,20671,20751
394814,20674,20752
372609,20679,20735
43988,20681,20752
235241,20682,20749
275125,20686,20763
95285,20689,20748
383082,20689,20781
158658,20690,20751
116089,20693,20753
283880,20704,20772
252590,20716,20767
264588,21079,21127
172036,21079,21137
253871,21079,21140
322923,21081,21140
336628,21082,21139
263013,21082,21141
40584,21086,21140
249213,21208,21284
158497,21210,21286
361474,21219,21283
86945,21221,21283
286670,21224,21286
324396,21228,21292
310144,21237,21286
65022,21237,21288
58110,21237,21297
293865,21374,21440
39102,21375,21470
47184,21376,21439
383081,21376,21441
372189,21377,21447
46550,21377,21452
357293,21382,21443
181189,21395,21461
66253,21421,21481
40585,21423,21487
100035,21439,21542
338842,21448,21534
78675,21449,21536
102436,21455,21542
60555,21456,21548
100036,21459,21537
19334,21609,21659
60557,21609,21663
16566,21610,21666
36237,21611,21659
277343,21632,21705
69422,21686,21727
318746,21738,21806
60559,21739,21821
324603,21740,21813
168897,21760,21815
357454,21782,21841
249721,21782,21851
90620,21786,21855
89939,21839,21889
66546,22194,22244
352251,22332,22393
8379,22336,22413
19536,22355,22425
407129,22364,22434
256936,22368,22434
321307,22369,22439
111354,22372,22437
99466,22374,22437
200601,22378,22440
229495,22382,22458
241088,22383,22449
249722,22386,22450
243094,22395,22461
110732,22558,22617
348909,22925,23015
148387,22940,23027
216090,22947,23020
180526,22953,23029
44635,22955,23049
214969,22990,23077
216342,23037,23106
39104,23044,23132
132911,23049,23114
302840,23050,23112
42975,23052,23109
151987,23055,23114
342731,23069,23136
215463,23069,23160
358682,23094,23147
389866,23114,23176
340741,23116,23179
322921,23133,23194
322924,23135,23189
16395,23136,23213
287728,23578,23639
60554,23581,23662
39106,23609,23677
39107,23633,23750
130376,23645,23708
369820,23647,23704
392531,24059,24135
2106,24070,24138
264589,24093,24156
31841,24094,24160
11304,24100,24166
373033,24114,24164
373034,24115,24162
233454,24115,24169
197011,24247,24313
100583,24247,24340
210055,24262,24337
87708,24263,24326
166090,24322,24409
249988,24345,24435
282225,24354,24422
251134,24374,24436
245775,24375,24435
10678,24385,24446
214011,24401,24445
159955,24439,24532
288047,24442,24515
141923,24444,24503
78921,24456,24505
265854,24458,24520
386180,24466,24555
170121,24472,24546
350297,24632,24682
235098,24673,24725
331259,24673,24762
221598,24677,24730
288048,24692,24754
95211,25296,25357
278052,25330,25378
144548,25565,25617
141924,25569,25621
