250736,140,191
16400,141,186
69754,141,189
24570,144,201
334147,226,295
353985,227,289
217165,227,373
107661,231,300
37033,231,306
264717,232,295
44096,232,351
210563,233,296
68304,240,374
12349,241,304
400056,243,385
207400,243,392
28561,244,310
143095,244,364
110284,254,372
305034,256,395
310290,259,345
279447,263,391
269605,264,386
100108,265,381
125381,271,400
33362,274,367
321662,274,397
886,284,391
107662,288,382
53827,295,381
200319,295,419
253963,297,430
53828,299,405
268034,302,411
120713,308,419
107660,309,415
181085,315,456
5403,317,422
8513,318,432
8186,320,399
287666,320,448
2732,322,457
341192,323,396
361768,323,433
8508,325,450
310291,333,449
265,335,398
75410,344,437
30841,345,407
288708,347,437
485,351,424
372218,373,452
200316,380,451
86898,385,448
217167,491,566
217166,491,595
9910,505,603
179003,514,618
9911,519,603
54284,846,889
181087,945,1082
29305,945,1087
377177,945,1097
182702,949,1050
264718,955,1126
100058,957,1087
36709,960,1022
18652,961,1018
27947,962,1022
100109,963,1054
179410,971,1089
129405,972,1045
224255,976,1038
51730,980,1064
405097,982,1112
41379,988,1122
192872,993,1121
12555,996,1138
29307,997,1112
209494,997,1127
84026,999,1145
69661,1002,1150
176839,1003,1103
194966,1007,1095
372219,1012,1115
23149,1020,1150
65184,1022,1132
36332,1023,1125
2733,1030,1109
218101,1032,1141
291583,1034,1109
37346,1036,1143
252150,1040,1108
310292,1041,1132
43780,1046,1103
66419,1050,1116
233708,1050,1121
277525,1051,1108
389628,1053,1121
80999,1054,1118
1292,1058,1125
324091,1060,1150
393376,1062,1149
29302,1064,1150
37943,1072,1135
2537,1079,1150
143091,1322,1395
279449,1322,1417
24415,1324,1385
177946,1325,1381
397422,1326,1387
37338,1327,1394
43246,1330,1395
50164,1332,1383
267741,1335,1405
356839,1348,1410
279806,1350,1411
341187,1351,1417
338689,1351,1424
143956,1353,1421
178975,1384,1454
87280,1390,1473
278777,1393,1463
178978,1405,1469
110215,1411,1472
116722,1444,1517
274557,1446,1514
310289,1447,1508
181088,1451,1514
629,1451,1519
89568,1453,1514
400207,1454,1517
342194,1460,1579
170283,1465,1561
362670,1471,1555
274378,1472,1561
354324,1482,1612
218100,1485,1592
293181,1486,1552
69660,1486,1583
20699,1488,1568
28562,1488,1596
113644,1491,1560
9349,1495,1559
22964,1496,1562
182703,1498,1560
112547,1499,1569
377176,1499,1573
277849,1499,1591
17426,1500,1559
138202,1500,1565
183082,1500,1585
48878,1500,1593
342195,1500,1603
345389,1503,1599
134792,1504,1560
50398,1505,1593
95667,1513,1598
258555,1514,1602
321652,1517,1596
375948,1520,1611
321657,1522,1589
279448,1522,1606
29720,1524,1568
213730,1524,1574
37344,1525,1609
99527,1529,1614
23150,1538,1603
368086,1541,1602
23148,1541,1606
157893,1543,1595
324659,1543,1608
375934,1544,1606
234198,1546,1603
317539,1547,1602
29303,1549,1614
231104,1551,1607
111168,1553,1603
254752,1556,1654
229261,1557,1666
321653,1557,1673
86371,1561,1636
239982,1562,1617
179993,1571,1631
229262,1584,1681
342190,1592,1657
178995,1595,1670
178983,1602,1673
202351,1685,1744
328366,1696,1748
279450,1809,1859
143092,1809,1866
82404,1810,1892
254751,1810,1897
82403,1810,1926
58100,1821,1920
2731,1822,1887
125019,1822,1910
178975,1823,1894
317199,1823,1925
272492,1824,1919
23964,1825,1922
303301,1825,1929
140176,1826,1908
87277,1828,1894
125018,1830,1902
324034,1831,1913
178974,1832,1905
341190,1833,1912
23634,1836,1925
210564,1842,1923
178998,1846,1931
160997,1974,2026
69658,1981,2062
115453,2023,2080
58101,2060,2118
303302,2060,2121
178974,2068,2121
140177,2068,2123
178978,2073,2130
187454,2122,2183
377179,2132,2183
34822,2225,2301
171115,2226,2298
158774,2230,2300
37343,2343,2411
6979,2343,2444
408580,2344,2409
95673,2344,2416
1124,2345,2410
119111,2345,2422
122409,2347,2413
129401,2348,2423
268027,2352,2413
43908,2352,2437
218090,2353,2414
288703,2353,2417
16454,2354,2434
65182,2358,2477
354329,2359,2412
375946,2361,2449
160314,2368,2442
279438,2374,2482
282459,2376,2465
12325,2377,2448
354333,2382,2453
95680,2383,2467
389629,2384,2461
268028,2389,2453
187317,2392,2475
358622,2404,2469
342896,2409,2478
6980,2415,2477
342895,2416,2478
235093,2418,2490
354325,2421,2478
168689,2428,2499
225499,2475,2545
106588,2477,2533
8510,2478,2552
328454,2478,2560
405585,2479,2530
41309,2479,2545
221175,2483,2544
41743,2484,2555
181086,2485,2573
272149,2487,2548
342193,2487,2550
400054,2488,2554
67967,2489,2544
69647,2492,2545
253964,2507,2576
375937,2515,2654
328453,2520,2592
351402,2521,2662
375947,2531,2667
393375,2564,2639
134794,2571,2635
9914,2571,2656
43509,2592,2675
43510,2603,2675
229422,2614,2691
73542,2617,2689
167909,2661,2722
125417,2661,2730
101876,2666,2735
89570,2670,2732
341894,2670,2761
321659,2697,2753
84029,2704,2786
304881,2706,2787
43904,2760,2824
279442,2763,2840
243877,2767,2836
243876,2767,2842
36333,2774,2862
338705,2775,2865
192425,2776,2854
287665,2782,2853
12322,2793,2858
207825,2826,2892
44095,2834,2906
101975,2855,2931
332236,2862,2925
356968,2864,2931
154030,2885,2982
178983,2894,2953
154031,2894,2956
233707,2894,2960
218093,2894,2963
28565,2894,2972
229264,2894,2986
354322,2895,2966
243872,2898,2987
28977,2916,2986
317201,2932,2987
375940,3057,3118
56145,3057,3125
178977,3057,3132
233709,3057,3176
164818,3078,3211
95669,3105,3181
274380,3105,3190
129400,3108,3180
30207,3109,3184
7268,3109,3212
23730,3110,3190
68612,3110,3207
268035,3115,3208
87271,3118,3222
83532,3124,3222
65343,3128,3225
31138,3130,3216
64461,3133,3231
182701,3133,3249
81453,3135,3238
95666,3136,3254
170285,3136,3262
65342,3137,3225
31084,3140,3204
202347,3141,3206
295356,3141,3226
264719,3141,3241
46476,3143,3247
188229,3144,3210
228703,3144,3219
198603,3149,3218
392001,3149,3236
264463,3149,3243
268033,3150,3240
110777,3150,3252
257986,3151,3211
88289,3153,3234
385804,3153,3254
110219,3155,3248
400058,3156,3222
231859,3160,3222
317538,3160,3256
68607,3162,3254
143093,3163,3245
48090,3167,3251
316815,3169,3234
103359,3170,3230
289202,3174,3237
354332,3174,3248
67057,3175,3236
71207,3175,3255
9602,3176,3238
241057,3176,3265
392003,3176,3270
131580,3178,3236
68608,3179,3244
235094,3179,3251
360229,3181,3242
20446,3184,3238
225498,3185,3247
57965,3199,3266
207824,3201,3267
286331,3202,3266
230092,3202,3287
15873,3203,3281
288696,3204,3266
80993,3207,3255
178989,3208,3265
390196,3208,3295
147747,3209,3283
328508,3209,3287
179004,3210,3303
24573,3212,3288
277848,3213,3301
192417,3220,3287
252108,3223,3266
240621,3225,3289
386755,3225,3298
243873,3227,3291
115454,3230,3304
196896,3236,3311
265081,3238,3293
48255,3238,3305
205874,3238,3318
36330,3239,3297
23635,3239,3303
87290,3241,3302
106414,3241,3310
343327,3242,3299
68246,3242,3304
253246,3242,3313
115455,3243,3305
200331,3245,3308
129399,3245,3313
65344,3246,3317
92793,3251,3308
201501,3251,3317
165951,3253,3312
359791,3257,3311
312060,3257,3315
377178,3261,3320
304326,3270,3318
66422,3289,3355
164815,3291,3357
36337,3442,3535
25,3443,3527
8509,3444,3524
25,3448,3542
25,3464,3527
78881,3468,3534
25,3469,3541
13311,3475,3536
286466,3600,3649
65726,3600,3652
37337,3600,3656
220820,3600,3664
163253,3600,3671
335987,3601,3677
17882,3602,3681
215418,3602,3690
17415,3602,3695
82407,3602,3701
57783,3603,3678
160858,3603,3685
37352,3603,3720
217170,3604,3656
214229,3604,3675
37348,3604,3691
218092,3605,3677
37350,3605,3710
160859,3606,3695
373364,3607,3664
12342,3611,3697
213732,3612,3679
221172,3612,3682
37347,3612,3693
68924,3612,3702
28545,3612,3710
221173,3613,3685
37944,3615,3678
194601,3616,3712
170284,3617,3699
28567,3617,3702
15618,3619,3681
28564,3619,3700
17730,3622,3712
276794,3628,3699
146214,3634,3699
304878,3637,3707
157891,3637,3717
55995,3642,3711
51651,3643,3706
348322,3644,3705
71843,3648,3744
188228,3649,3727
354412,3652,3703
299737,3653,3714
141118,3654,3733
88381,3656,3717
126464,3656,3719
178977,3659,3737
178997,3661,3752
71844,3663,3757
124560,3664,3752
279436,3667,3790
28552,3671,3788
886,3673,3792
282460,3675,3754
154033,3675,3763
185688,3677,3767
178981,3677,3792
276788,3678,3755
321658,3678,3763
82408,3678,3789
149115,3680,3751
266536,3683,3753
74551,3689,3758
15011,3691,3780
129407,3692,3784
95671,3693,3792
279435,3699,3786
310293,3700,3792
53830,3708,3792
95670,3711,3792
287667,3713,3787
84024,3910,3979
192418,3913,3979
110289,3930,3979
276789,3932,3979
262049,4130,4183
2346,4130,4193
79549,4130,4203
80994,4131,4198
164060,4131,4205
124266,4131,4208
296338,4132,4190
169825,4132,4195
124265,4134,4243
274558,4136,4208
402764,4137,4224
218085,4138,4186
330513,4138,4204
58179,4138,4207
351995,4138,4214
341195,4139,4203
328450,4141,4240
121209,4142,4209
80995,4144,4261
131597,4145,4209
33137,4145,4212
173510,4145,4221
125244,4146,4208
178986,4146,4290
37942,4147,4203
295357,4147,4211
17419,4147,4226
69662,4147,4244
351994,4147,4253
110216,4149,4210
95305,4149,4219
185689,4150,4222
221176,4150,4280
90568,4151,4205
113646,4152,4207
334766,4152,4210
28547,4152,4231
179411,4153,4221
377175,4154,4223
218089,4155,4216
386171,4156,4226
2199,4156,4229
41380,4160,4222
279452,4160,4230
82410,4160,4241
169820,4161,4224
37349,4161,4277
139076,4162,4243
221174,4165,4267
327913,4166,4253
82409,4179,4279
264850,4184,4277
115887,4184,4283
178984,4185,4248
286332,4185,4308
314963,4186,4252
110281,4186,4260
37352,4186,4289
377766,4187,4295
221167,4189,4283
87279,4189,4305
286634,4190,4259
74253,4190,4266
28546,4190,4280
12344,4191,4274
2819,4192,4285
17730,4192,4299
34261,4194,4253
386632,4194,4259
17730,4194,4278
303536,4197,4266
26825,4199,4261
8774,4199,4283
149503,4202,4284
373956,4204,4304
261462,4206,4285
290514,4207,4278
169824,4207,4281
401192,4210,4274
61499,4210,4280
138203,4212,4281
223,4212,4284
404746,4213,4298
325841,4214,4296
44129,4215,4292
87278,4215,4307
202662,4216,4276
167614,4216,4298
63802,4217,4294
25716,4218,4283
123023,4219,4286
166541,4220,4283
310749,4221,4305
5387,4222,4283
168755,4222,4302
44094,4223,4286
326877,4224,4278
297870,4224,4285
82759,4224,4290
218087,4224,4296
179994,4224,4300
35938,4224,4308
218086,4226,4292
169330,4230,4294
331984,4231,4299
31133,4233,4295
178976,4234,4296
30147,4235,4284
42393,4237,4313
17037,4238,4296
103410,4238,4300
236332,4238,4309
181092,4240,4294
167612,4240,4297
385293,4247,4320
148228,4313,4419
354318,4316,4414
116136,4319,4394
200324,4321,4401
207823,4324,4394
288697,4326,4430
116009,4329,4403
210560,4330,4392
110278,4332,4411
12336,4339,4403
236331,4339,4411
74424,4341,4403
289169,4343,4437
14299,4355,4416
55690,4355,4453
181090,4358,4419
268030,4358,4465
79488,4362,4426
323386,4364,4455
263298,4365,4418
314584,4366,4471
280418,4367,4466
186374,4368,4453
314585,4373,4495
268031,4376,4447
268032,4377,4460
323385,4391,4465
314586,4409,4498
375939,4425,4502
12848,4426,4514
38995,4428,4505
356840,4431,4511
28548,4432,4494
53709,4432,4517
67338,4434,4482
36309,4434,4495
316974,4435,4497
361769,4435,4551
337869,4436,4499
111780,4437,4507
65183,4439,4500
103358,4439,4508
272151,4439,4515
321654,4439,4552
230442,4440,4528
274561,4440,4541
38994,4442,4516
244775,4448,4501
210562,4448,4554
229263,4452,4564
207396,4454,4530
53024,4468,4524
230443,4473,4542
137732,4479,4541
35937,4482,4556
88000,4483,4561
276787,4510,4623
45661,4519,4591
286633,4523,4601
202350,4568,4665
314580,4569,4658
12328,4569,4676
400057,4572,4682
274377,4572,4694
324035,4576,4668
111781,4576,4685
214347,4577,4664
290440,4578,4648
213733,4578,4655
150144,4584,4668
304009,4587,4685
214342,4587,4710
205043,4588,4651
216745,4588,4653
393377,4588,4688
85945,4589,4678
20728,4591,4673
354334,4594,4668
341898,4594,4671
23151,4594,4695
37928,4595,4687
269606,4596,4664
23153,4597,4718
68613,4599,4660
341897,4599,4673
154032,4599,4692
276792,4599,4696
50399,4600,4713
23152,4600,4720
185687,4601,4687
366675,4602,4663
405598,4604,4673
63576,4609,4685
279443,4609,4690
110282,4610,4671
76852,4611,4684
50400,4614,4724
307618,4615,4659
304592,4618,4684
58102,4618,4694
250737,4620,4702
84021,4621,4719
338300,4622,4692
273501,4623,4715
278776,4624,4696
321655,4625,4698
7157,4627,4685
33983,4627,4689
7158,4627,4695
40820,4627,4717
12214,4627,4724
95668,4627,4735
91359,4628,4693
12213,4631,4731
371941,4633,4714
129350,4639,4683
94148,4640,4692
95685,4640,4724
23177,4641,4711
157898,4644,4725
288698,4646,4727
132233,4647,4710
202349,4648,4702
318825,4648,4711
87297,4648,4740
339353,4650,4715
274375,4652,4720
197295,4655,4720
386170,4663,4724
253961,4664,4727
289171,4665,4730
40148,4667,4726
289172,4671,4734
286467,4678,4778
254750,4680,4766
367111,4683,4749
37345,4683,4787
943,4686,4756
12071,4687,4778
134789,4688,4793
181091,4689,4773
185685,4690,4781
304879,4696,4812
348324,4696,4821
214343,4697,4781
286468,4720,4794
150142,4723,4793
348321,4724,4803
214339,4726,4810
288700,4727,4783
217169,4727,4788
51654,4727,4794
348323,4727,4797
202334,4728,4778
146620,4730,4813
101973,4731,4793
178993,4733,4787
156333,4734,4806
202348,4741,4797
286328,4742,4822
23633,4745,4832
316868,4746,4817
207401,4747,4821
178976,4748,4793
75722,4748,4823
36329,4750,4829
382797,4753,4818
18135,4756,4822
375936,4759,4822
330514,4761,4829
68611,4770,4833
272087,4771,4832
112491,4871,4951
129408,4871,4968
886,4871,5001
129414,4872,4936
221177,4872,4954
28558,4872,4959
45736,4872,4972
141117,4873,4924
71844,4873,4950
37353,4873,4983
82411,4873,5020
392007,4880,4956
9912,4880,4998
178981,4881,4990
112492,4882,4951
68609,4885,4973
29304,4886,4955
129406,4887,4944
61824,4888,4988
160217,4889,4978
390194,4890,4948
242311,4894,4994
229266,4895,4990
886,4898,4982
293184,4899,4973
310294,4899,4997
32922,4904,4983
202344,4904,4996
140179,4906,4988
385803,4912,4995
167613,5089,5150
178991,5089,5153
150143,5089,5175
262647,5090,5154
164821,5091,5153
160857,5094,5156
348611,5094,5158
33999,5096,5158
26061,5108,5163
276793,5114,5181
162291,5118,5183
274560,5121,5181
9601,5122,5201
118451,5217,5309
134793,5238,5306
264720,5238,5329
51465,5240,5305
243871,5243,5344
392002,5246,5319
390195,5261,5374
375935,5267,5375
12323,5270,5383
355639,5274,5344
228702,5274,5348
66416,5274,5367
214341,5274,5372
392005,5275,5340
192419,5277,5350
28549,5278,5348
66418,5279,5367
95681,5280,5361
81452,5280,5403
390197,5281,5374
24180,5282,5379
43903,5282,5391
314588,5285,5366
95687,5287,5354
170287,5289,5405
144302,5291,5368
109502,5292,5365
104453,5294,5357
279744,5294,5363
295359,5303,5406
335634,5308,5367
210559,5310,5374
192105,5312,5377
183645,5318,5366
272160,5382,5458
119112,5382,5465
231102,5386,5465
11848,5402,5463
169821,5533,5624
113643,5534,5614
328451,5534,5620
157895,5534,5634
319047,5537,5597
336450,5537,5602
165467,5538,5645
61162,5541,5590
351299,5541,5627
113647,5542,5604
179412,5544,5607
129410,5544,5648
19226,5547,5602
213731,5562,5641
400022,5563,5645
168489,5564,5631
69918,5567,5631
332981,5570,5640
29306,5572,5630
178984,5572,5649
323384,5574,5632
179002,5574,5634
221180,5574,5648
291946,5574,5671
248599,5579,5641
15618,5583,5652
358623,5584,5657
303304,5586,5676
400059,5596,5660
338703,5596,5674
278775,5600,5675
110277,5605,5674
354328,5606,5669
23509,5608,5675
41378,5610,5674
217522,5611,5675
103356,5615,5675
29313,5616,5676
345576,5617,5698
248271,5619,5676
286330,5620,5686
53832,5636,5685
192421,5655,5747
185781,5682,5784
375950,5696,5779
185782,5700,5747
142288,5704,5779
286465,5708,5779
54579,5709,5774
207398,5710,5802
375945,5710,5818
383166,5711,5772
35939,5727,5794
137928,5779,5863
401642,5782,5864
43906,5785,5846
95974,5785,5854
121643,5789,5854
248204,5791,5854
7392,5792,5856
185690,5793,5854
268029,5793,5867
314964,5795,5844
400295,5795,5854
34821,5796,5857
207402,5796,5867
164266,5797,5854
221170,5798,5862
200988,5800,5874
389280,5803,5854
214340,5804,5873
282747,5806,5855
186923,5808,5872
396176,5814,5889
107361,5823,5883
354321,5823,5885
298710,5823,5887
78345,5823,5912
318021,5824,5888
185787,5824,5893
146041,5825,5891
164820,5825,5939
220777,5828,5890
200329,5833,5945
164819,5845,5948
355640,5846,5944
88287,5854,5947
36326,5858,5985
68610,5860,5952
36328,5864,5987
63801,5867,5970
356838,5868,5952
24577,5870,5987
234197,5871,5954
192420,5874,5939
110294,5874,5943
72309,5874,5947
110280,5876,5980
169822,5877,5976
36327,5877,5994
82758,5879,5949
321661,5880,5987
178990,5886,5952
140180,5891,5967
367812,5892,5989
342737,5895,5972
341188,5895,5992
390193,5896,5965
90106,5896,5977
251494,5897,5980
60419,5897,5985
150618,5902,5964
98009,5906,5971
106203,5906,5976
404431,5910,5973
110279,5912,5973
200315,5913,5978
157897,5916,5972
36335,5916,5976
84089,5917,5981
24574,5917,5983
110218,5919,5989
16399,5922,5988
161137,5922,6014
186922,5923,5986
200499,5925,6011
200498,5926,6027
354368,5927,5991
191472,5934,6005
304444,5934,6022
304443,5937,6038
218632,5943,6027
161136,5948,6026
100095,5950,6028
266515,5955,6016
221705,5959,6022
317540,6020,6076
160316,6130,6176
127315,6130,6191
400023,6130,6225
160315,6131,6192
84030,6131,6209
207404,6131,6219
231103,6133,6193
202345,6133,6206
110776,6133,6213
56731,6134,6196
147498,6134,6224
272161,6134,6231
12324,6135,6227
272155,6140,6218
378749,6141,6197
143094,6141,6211
375941,6145,6297
184131,6146,6213
143096,6147,6216
81001,6148,6247
13468,6149,6214
264721,6150,6217
375943,6152,6256
191160,6153,6214
192430,6156,6248
342192,6157,6231
279441,6160,6229
23632,6164,6246
71032,6168,6245
17418,6169,6221
221179,6170,6242
69657,6171,6254
187183,6172,6224
51653,6174,6233
200328,6174,6243
181093,6174,6249
272150,6175,6251
71030,6180,6244
161135,6184,6242
178994,6186,6249
375942,6196,6305
230926,6200,6257
207826,6201,6285
194602,6221,6296
250898,6226,6303
178995,6279,6353
154031,6294,6355
42189,6342,6419
218102,6348,6434
192431,6352,6445
162290,6355,6419
17427,6360,6431
17423,6367,6445
103634,6372,6439
288705,6382,6445
17416,6488,6546
18950,6488,6566
375955,6494,6545
328449,6505,6602
95691,6524,6600
28551,6532,6642
12342,6535,6622
82413,6536,6654
221168,6543,6642
210921,6544,6665
330342,6546,6612
115887,6547,6632
129411,6547,6673
111947,6548,6667
279439,6549,6686
28570,6551,6621
2819,6551,6646
17417,6552,6700
160860,6553,6624
19623,6554,6651
8774,6559,6641
24913,6560,6622
104452,6562,6624
3449,6562,6665
23630,6569,6630
115574,6570,6691
37355,6580,6700
221181,6580,6729
317906,6581,6637
54121,6581,6663
210918,6581,6695
375951,6581,6715
286329,6586,6671
110286,6595,6662
390188,6595,6686
192426,6596,6650
45736,6596,6691
886,6596,6715
82412,6596,6719
110285,6597,6706
310295,6598,6723
178988,6603,6714
361885,6604,6695
28550,6605,6719
341189,6607,6712
170286,6607,6724
12327,6610,6695
95671,6612,6705
134791,6614,6699
65346,6614,6708
12343,6614,6747
71845,6617,6731
23154,6618,6710
274563,6618,6726
210919,6622,6750
886,6624,6719
112493,6624,6730
132944,6625,6727
53833,6626,6711
361884,6626,6715
95674,6638,6727
192424,6638,6733
7269,6641,6726
24575,6642,6695
18648,6647,6727
218104,6647,6733
404748,6648,6766
129413,6650,6737
157899,6664,6731
404747,6676,6787
16772,6679,6775
377768,6703,6832
9402,6707,6775
279444,6707,6794
9401,6711,6781
202343,6711,6796
74401,6712,6824
69659,6714,6784
120532,6715,6768
293185,6717,6816
253959,6719,6779
63611,6728,6828
361770,6730,6852
37340,6731,6842
16771,6735,6820
288709,6735,6823
217521,6735,6835
359653,6742,6852
185684,6745,6844
95683,6745,6868
229265,6746,6836
46608,6748,6843
170289,6748,6858
161721,6751,6795
40331,6753,6823
169826,6754,6825
282299,6756,6815
290234,6763,6859
290441,6764,6825
71438,6766,6866
253962,6771,6862
157892,6771,6875
131038,6782,6894
314581,6784,6884
332982,6786,6888
290442,6795,6853
244938,6807,6876
40647,6829,6900
358625,6836,6897
407669,7000,7043
210558,7000,7053
8511,7000,7075
178989,7001,7067
303537,7001,7100
37354,7001,7136
300553,7003,7083
80996,7003,7118
43183,7004,7053
305170,7004,7057
142887,7005,7068
33136,7005,7072
23155,7005,7076
277346,7005,7086
174979,7006,7064
264464,7006,7091
149883,7007,7074
2199,7007,7077
209445,7007,7089
178986,7008,7134
332979,7010,7122
221176,7011,7125
144174,7012,7064
367785,7014,7081
218088,7015,7057
116858,7035,7098
115887,7035,7130
264850,7036,7125
377767,7036,7137
404811,7040,7102
117274,7040,7105
231860,7040,7130
110283,7041,7124
274381,7041,7127
28563,7043,7131
68924,7045,7118
163252,7045,7133
34261,7047,7104
17730,7049,7126
103599,7050,7128
375938,7056,7134
6328,7059,7124
74435,7063,7128
215417,7066,7138
349439,7067,7130
64103,7069,7131
264846,7070,7136
150920,7071,7127
67240,7071,7133
324036,7074,7132
146418,7075,7137
221169,7076,7135
164296,7078,7165
12334,7081,7134
344798,7081,7159
169329,7084,7142
54285,7087,7133
288702,7088,7131
224400,7088,7138
381939,7090,7177
235828,7102,7170
220353,7103,7158
218103,7107,7175
69656,7110,7172
179001,7111,7190
375957,7114,7169
9919,7115,7178
289177,7116,7173
95682,7116,7181
178996,7119,7200
100059,7120,7173
375944,7120,7191
1921,7121,7174
277847,7125,7208
364866,7140,7226
36878,7144,7211
364867,7144,7251
84023,7154,7219
217168,7159,7237
231101,7173,7248
272158,7174,7218
177945,7175,7270
15658,7193,7265
210917,7198,7267
354330,7217,7279
354316,7217,7293
170291,7220,7281
93343,7220,7298
258554,7221,7301
108529,7222,7307
108785,7223,7317
178999,7228,7311
408497,7232,7310
230829,7237,7313
95686,7248,7312
159709,7248,7319
346902,7250,7309
314590,7253,7318
214974,7256,7309
243875,7258,7310
300929,7268,7339
52570,7268,7343
179995,7273,7328
110779,7275,7339
87270,7278,7338
122622,7284,7338
135811,7284,7365
66424,7285,7339
8208,7285,7343
400055,7317,7443
17433,7321,7408
76836,7324,7411
17432,7327,7442
243881,7338,7446
294151,7340,7439
9909,7343,7447
43905,7345,7443
244715,7346,7452
2801,7348,7438
240985,7350,7416
2801,7365,7446
34823,7370,7433
21668,7448,7529
242309,7450,7530
6955,7450,7535
113786,7455,7535
185788,7457,7538
129409,7457,7541
153774,7458,7556
290232,7461,7558
36334,7462,7540
1345,7464,7530
209493,7467,7531
274379,7532,7608
56826,7573,7645
200320,7587,7644
49282,7618,7678
179000,7620,7683
214344,7626,7692
112648,7628,7689
173509,7630,7692
29310,7631,7693
6984,7638,7712
80997,7641,7731
290443,7643,7725
82414,7647,7731
405596,7650,7726
324077,7652,7730
228706,7653,7713
111783,7659,7725
86188,7661,7711
207397,7662,7730
311499,7663,7727
166800,7672,7729
12341,7867,7929
200314,7867,7939
89571,7877,7948
29220,7878,7952
65180,7878,7960
65181,7878,7965
95231,7878,7973
338704,7879,7940
307078,7880,7947
290444,7888,7950
6240,7889,7951
28556,7944,8018
28557,7944,8039
28559,7947,8056
210920,7949,8033
51652,7954,8032
351300,7956,8060
20624,7961,8038
323383,7972,8047
223662,7973,8067
312062,7988,8067
200317,7990,8058
185692,7994,8062
47394,7999,8058
36336,7999,8063
130471,8000,8064
316869,8000,8066
28573,8000,8089
289170,8012,8078
178979,8076,8216
134788,8107,8208
244717,8110,8219
178980,8112,8237
390191,8122,8210
272152,8155,8219
375511,8156,8227
289173,8157,8219
288704,8174,8236
19730,8298,8340
278774,8298,8359
244720,8299,8377
279437,8299,8413
385799,8300,8392
82419,8300,8399
37351,8301,8351
408579,8301,8389
24416,8302,8360
185786,8303,8381
349171,8304,8392
65345,8304,8413
87274,8306,8391
349170,8306,8404
30500,8310,8371
341197,8312,8404
12831,8313,8370
244719,8314,8397
53401,8315,8414
81459,8319,8366
405584,8319,8404
354326,8321,8383
62309,8322,8389
17424,8322,8431
342191,8332,8407
43907,8335,8413
36324,8335,8440
321656,8338,8405
277845,8339,8403
69664,8340,8404
221178,8341,8430
119081,8346,8406
111523,8346,8410
119128,8348,8411
289174,8351,8413
192433,8374,8482
84025,8374,8488
1345,8380,8472
11857,8381,8478
22564,8381,8496
272154,8389,8473
111782,8394,8497
6955,8403,8496
404220,8404,8492
1345,8406,8473
110293,8416,8494
24576,8418,8493
118450,8418,8497
386172,8420,8495
8193,8420,8498
9917,8429,8494
248109,8433,8494
228708,8440,8494
332978,8446,8497
53826,8557,8630
25,8557,8661
8512,8559,8668
53825,8563,8656
367787,8565,8627
33135,8570,8653
29308,8570,8716
69665,8578,8647
74425,8580,8650
215415,8583,8649
21726,8584,8645
305035,8585,8650
25,8586,8655
200326,8586,8673
190835,8606,8682
341196,8619,8732
242310,8655,8741
5043,8659,8741
305036,8660,8727
53834,8662,8739
253960,8665,8740
341186,8672,8742
304008,8676,8734
244716,8676,8739
17425,8691,8741
95701,8778,8846
41381,8778,8853
22111,8778,8861
268036,8780,8880
79076,8782,8862
12326,8786,8863
178987,8788,8857
164814,8797,8918
95695,8800,8858
187313,8806,8923
200311,8810,8903
200312,8816,8902
404219,8828,8914
101972,8829,8911
274833,8830,8894
4495,8830,8900
125020,8830,8915
294173,8831,8895
187314,8833,8926
52571,8836,8902
36325,8839,8900
224401,8839,8908
164813,8839,8931
286635,8840,8901
223661,8845,8906
282748,8848,8909
361821,8848,8930
332248,8850,8911
191205,8851,8929
6981,8851,8932
12333,8852,8913
215416,8853,8940
161722,8854,8907
243880,8854,8912
204405,8854,8932
407668,8854,8936
19566,8855,8916
251736,8855,8920
51458,8859,8938
209070,8861,8923
183644,8862,8924
339576,8863,8923
354323,8864,8922
284441,8867,8945
16402,8897,8988
341194,8911,8988
178998,8915,8999
272157,8918,8997
10671,8960,9030
227023,8961,9021
279453,8962,9020
305171,8962,9037
210557,8963,9025
354314,8966,9026
230830,8978,9030
178991,8997,9052
58472,9003,9078
55004,9006,9081
85977,9009,9082
185691,9010,9101
185783,9018,9088
82405,9031,9106
43909,9044,9114
36323,9045,9101
178979,9051,9203
63800,9060,9117
279614,9069,9110
248601,9069,9159
359654,9070,9168
244718,9081,9202
134787,9082,9180
16404,9083,9173
178980,9088,9231
214346,9093,9162
228707,9095,9210
119113,9096,9188
229260,9097,9196
312061,9098,9159
342201,9098,9171
100110,9099,9161
390190,9100,9177
74399,9100,9195
258553,9100,9201
160317,9101,9162
74400,9101,9205
278778,9102,9167
49704,9102,9183
286333,9102,9216
314582,9102,9223
290941,9103,9164
317200,9104,9207
38361,9106,9204
223389,9113,9180
303303,9115,9201
207403,9115,9208
181089,9116,9205
290940,9117,9228
99691,9120,9194
49705,9123,9217
14655,9132,9204
110217,9135,9196
272156,9135,9202
272153,9136,9208
70407,9136,9213
16403,9137,9244
140178,9138,9220
116716,9139,9209
33572,9141,9199
90013,9141,9206
293301,9146,9215
334148,9148,9208
178993,9160,9224
183766,9165,9226
354327,9171,9260
103355,9176,9274
12329,9180,9252
274559,9183,9258
65179,9184,9287
34801,9185,9291
295360,9186,9247
89575,9187,9268
354319,9188,9264
188227,9199,9275
375510,9202,9287
221171,9204,9295
12346,9206,9282
82406,9207,9271
82418,9208,9283
235827,9211,9276
304880,9212,9275
27229,9213,9292
53831,9216,9284
129916,9220,9281
17430,9222,9287
314583,9224,9285
127320,9229,9279
129705,9242,9287
393378,9242,9321
198420,9245,9306
375881,9249,9310
295358,9325,9380
12332,9328,9391
29311,9397,9485
29309,9398,9480
87267,9414,9464
207399,9420,9499
125419,9433,9491
286004,9454,9515
223664,9467,9533
345575,9469,9531
125418,9551,9612
144299,9667,9726
129414,9668,9744
276790,9668,9788
886,9668,9801
217523,9669,9729
28576,9669,9734
192427,9669,9763
28560,9669,9817
178997,9670,9752
28569,9670,9767
274562,9671,9758
277846,9672,9734
332983,9672,9739
82415,9677,9801
110290,9683,9774
886,9683,9788
178988,9683,9809
98201,9684,9778
172545,9685,9750
202765,9685,9758
129406,9686,9752
385800,9687,9811
61824,9691,9794
12330,9692,9782
110292,9693,9802
110291,9697,9784
12331,9699,9787
192428,9700,9810
886,9701,9794
328452,9709,9787
367786,9709,9802
53833,9710,9800
25398,9710,9804
53827,9710,9811
66423,9712,9807
111994,9720,9806
95678,9725,9827
89569,9732,9848
200313,9733,9803
66417,9733,9811
41382,9737,9828
87269,9743,9810
338639,9745,9811
9916,9753,9825
89574,9754,9844
66421,9755,9810
304007,9755,9818
354331,9756,9814
178982,9756,9847
178990,9758,9818
109333,9760,9829
6983,9761,9824
28555,9761,9851
103357,9767,9828
187315,9767,9860
22930,9768,9846
241046,9768,9855
70652,9778,9846
332409,9789,9844
209446,9789,9886
214349,9822,9915
274382,9837,9885
95679,9837,9929
162292,9854,9914
293188,9857,9943
264722,9865,9980
95675,9875,9988
6986,9881,9945
385802,9896,9978
375956,9909,10025
886,9918,10005
2737,9918,10030
8513,9944,10035
2736,9957,10037
289128,9963,10037
485,9965,10036
37941,9986,10034
351298,10012,10066
223149,10119,10165
342198,10122,10216
210922,10127,10187
392004,10128,10211
81458,10129,10213
120533,10177,10268
120531,10180,10270
81454,10202,10265
192557,10204,10278
195510,10209,10271
196473,10210,10266
198939,10222,10272
6219,10222,10296
40821,10227,10295
107567,10229,10291
43197,10229,10293
207407,10233,10284
37401,10245,10296
24568,10439,10555
170288,10441,10553
53829,10446,10552
84027,10450,10555
372220,10453,10565
18254,10455,10539
80998,10457,10551
314596,10459,10556
95677,10464,10552
185784,10465,10579
311480,10477,10570
95697,10478,10558
289176,10481,10540
84032,10498,10573
218091,10526,10575
94936,10551,10608
295361,10553,10658
234196,10602,10684
328509,10606,10690
314593,10607,10693
202346,10612,10686
396476,10617,10699
234994,10618,10687
178994,10622,10691
200869,10623,10684
41309,10632,10691
87268,10634,10700
341899,10635,10697
217163,10747,10823
35941,10752,10817
16405,10755,10819
111522,10761,10850
1346,10766,10843
170292,10770,10832
69666,10786,10854
200327,10788,10856
188226,10788,10868
9915,10794,10866
185686,10795,10853
23636,10798,10863
390189,10805,10868
288699,10806,10867
229267,10807,10868
129414,10928,10989
332984,11005,11054
28566,11005,11076
178982,11005,11090
6985,11006,11057
200330,11006,11063
129942,11006,11068
243878,11009,11082
234995,11012,11074
234996,11012,11078
351991,11012,11081
243874,11012,11110
218105,11013,11072
234997,11013,11087
228704,11015,11104
65178,11028,11104
17421,11029,11090
7427,11030,11092
33140,11030,11112
209447,11031,11122
231099,11036,11150
185790,11038,11121
283445,11041,11112
117496,11045,11148
37356,11048,11125
24569,11054,11151
71235,11055,11160
84028,11062,11161
81000,11065,11151
93496,11069,11162
221182,11070,11159
18254,11071,11152
28572,11072,11183
386173,11074,11162
28571,11080,11152
6220,11090,11151
274376,11096,11165
9918,11102,11161
115575,11103,11162
58103,11108,11161
314589,11109,11162
8514,11384,11449
57063,11387,11445
90362,11397,11441
24572,11502,11582
289577,11576,11653
256177,11583,11666
279446,11597,11667
129404,11600,11670
125021,11622,11736
107139,11627,11684
161139,11640,11683
125022,11645,11776
392008,11647,11710
164812,11660,11773
342199,11662,11732
321651,11664,11737
200322,11679,11744
293187,11702,11781
81003,11705,11778
287668,11708,11781
87798,11712,11780
353963,11729,11781
178987,11864,11921
392006,11885,11970
95692,11895,11992
17420,11897,11975
46863,11913,11968
185693,11916,11969
95707,11934,12048
218106,11982,12072
95693,11985,12072
229268,12012,12070
61498,12211,12268
217162,12227,12325
179003,12241,12325
17428,12252,12336
276795,12291,12352
178985,12328,12439
396888,12333,12398
375953,12337,12408
95690,12340,12438
293186,12362,12479
270471,12367,12487
28575,12371,12452
188224,12374,12463
115456,12376,12482
49707,12377,12449
115105,12379,12453
188225,12379,12479
23628,12380,12444
74033,12380,12448
23629,12382,12449
174980,12383,12477
282461,12385,12448
339474,12387,12471
279454,12422,12493
243879,12425,12515
334156,12426,12474
359655,12426,12481
36425,12426,12502
87272,12429,12476
87273,12430,12488
47325,12433,12497
113770,12433,12499
272159,12453,12506
246516,12455,12509
29315,12457,12515
314595,12459,12514
188035,12460,12513
157896,12466,12515
67966,12559,12626
214348,12560,12653
100060,12578,12676
288710,12582,12665
69667,12599,12673
375954,12600,12689
218094,12602,12669
289175,12604,12668
1921,12607,12665
375960,12607,12687
95688,12607,12690
178992,12608,12675
178996,12609,12697
218109,12611,12665
53835,12612,12670
77970,12626,12689
95672,12627,12733
95698,12632,12691
279440,12642,12722
317202,12664,12738
185785,12676,12738
95689,12681,12738
85257,12691,12739
192432,12797,12884
294152,12800,12878
30636,12800,12933
38261,12803,12867
101970,12803,12900
202340,12805,12929
210561,12808,12907
29312,12809,12920
169819,12811,12906
44627,12813,12883
113642,12822,12890
294704,12822,12931
23631,12824,12939
314666,12825,12934
204406,12829,12945
16401,12830,12940
331829,12832,12959
248600,12835,12907
29314,12836,12919
305172,12836,12926
255475,12840,12953
314592,12842,12904
314665,12843,12934
12338,12844,12949
38922,12859,12921
400208,12860,12974
356841,12864,12964
63329,12872,12974
63328,12876,12971
169818,12876,12985
109589,12878,12962
194788,12881,12987
259236,12882,12965
288701,12882,12980
165411,12883,12971
33138,12883,12978
335635,12891,12983
137601,12891,12987
331359,12894,12955
33139,12894,12990
299207,12896,12962
186512,12896,12967
87276,12900,12961
81456,12900,12964
24571,12902,12966
228705,12904,12973
9913,12905,12967
120530,12908,13009
87275,12910,12973
340504,12918,12980
84022,12928,13018
278647,12928,13032
49706,12929,12998
102695,12937,13002
376280,12937,13008
314587,12939,13028
401865,12942,13001
82421,12946,13007
68614,12946,13011
22319,12955,13031
140182,13044,13150
220352,13049,13115
75450,13050,13136
158775,13051,13115
140183,13057,13146
17431,13061,13145
134786,13065,13145
105408,13069,13145
110288,13069,13150
101974,13071,13152
332411,13071,13158
380418,13078,13128
81004,13078,13145
12350,13079,13135
272162,13079,13150
95699,13079,13160
1925,13080,13148
134790,13080,13152
354367,13080,13164
231169,13081,13124
377770,13082,13141
101877,13082,13156
1777,13083,13145
112490,13084,13163
179413,13085,13151
9247,13086,13145
1765,13086,13162
360489,13087,13146
146042,13087,13158
166682,13242,13293
95706,13242,13315
95702,13242,13324
383167,13242,13327
377765,13242,13333
95694,13242,13341
377174,13244,13307
340563,13315,13409
317203,13325,13392
195134,13329,13409
84031,13330,13390
162057,13337,13396
341895,13339,13407
142964,13343,13409
85595,13345,13408
117494,13474,13560
95703,13477,13562
110287,13477,13566
189436,13478,13537
60533,13478,13544
24907,13478,13548
2734,13478,13557
222725,13480,13567
144485,13482,13545
209449,13483,13547
17435,13483,13553
390192,13484,13548
95696,13488,13550
33584,13490,13566
277844,13491,13552
373624,13491,13554
6029,13491,13557
28577,13491,13560
17436,13494,13564
93493,13495,13555
217161,13500,13568
65348,13503,13565
200325,13517,13620
118478,13546,13613
235149,13571,13651
34824,13572,13644
331985,13574,13637
216744,13590,13662
49642,13603,13661
45919,13776,13818
243882,13776,13828
16773,13776,13843
248108,13777,13846
404749,13781,13874
23626,13782,13889
341900,13783,13844
407838,13783,13863
23627,13783,13878
194603,13786,13874
71847,13786,13888
358626,13787,13852
49018,13788,13856
140181,13789,13885
110295,13790,13890
12347,13794,13856
405595,13798,13863
110778,13798,13888
12339,13799,13892
129412,13800,13874
41383,13801,13882
394262,13804,13884
210555,13805,13872
100111,13807,13883
377769,13809,13890
242323,13810,13883
360490,13813,13884
218107,13823,13886
161138,13824,13882
66420,13825,13887
65516,13826,13888
200310,13832,13880
360230,13833,13945
279451,13866,13981
95705,13877,13989
17434,13878,13993
360231,13898,13999
1305,13905,14000
95704,13913,14003
65347,13917,14062
389735,13918,14001
137,13929,14001
51945,13964,14027
178985,14057,14160
95690,14069,14161
289178,14219,14276
375952,14219,14304
52762,14219,14313
166121,14220,14317
118453,14220,14326
187319,14224,14313
294153,14224,14326
133337,14231,14323
200318,14232,14307
169823,14233,14289
157900,14235,14296
51650,14237,14294
95700,14239,14344
45112,14244,14342
332980,14247,14365
82420,14258,14329
102694,14563,14635
12345,14564,14639
51761,14566,14630
142962,14570,14637
110780,14570,14646
315363,14571,14632
332410,14574,14636
170311,14574,14638
181094,14578,14641
44097,14581,14651
310170,14583,14675
375508,14584,14673
28578,14586,14653
28574,14587,14651
125420,14587,14663
351992,14588,14656
188222,14596,14662
213734,14599,14660
375507,14605,14675
354317,14606,14667
6982,14606,14678
375505,14609,14687
342897,14610,14668
64376,14610,14676
380989,14611,14679
231100,14613,14692
296667,14614,14677
375506,14618,14670
172546,14618,14685
82417,14619,14676
109561,14619,14680
134785,14619,14694
9243,14620,14696
118454,14626,14690
183643,14660,14718
314598,14788,14842
230260,14789,14856
209450,14830,14885
197246,14923,15003
303305,14928,15005
12348,15165,15269
336286,15171,15230
80029,15172,15256
23156,15173,15228
328448,15175,15261
253958,15177,15287
397815,15200,15270
178999,15215,15302
221184,15217,15270
179004,15224,15324
234195,15236,15313
321650,15238,15302
210554,15242,15299
279455,15244,15300
49708,15248,15298
209448,15310,15437
141933,15332,15435
242315,15336,15439
210556,15337,15458
210923,15342,15427
81002,15344,15456
37339,15350,15419
305037,15352,15453
188223,15353,15450
130411,15357,15446
304006,15359,15458
221183,15371,15424
28568,15439,15491
36322,15463,15556
1345,15483,15557
267,15484,15584
267,15500,15579
81455,15509,15589
324038,15523,15584
251373,15525,15589
267,15528,15588
307079,15543,15585
179000,15642,15691
65177,15642,15694
35679,15642,15696
192423,15642,15704
192429,15642,15743
150146,15643,15702
12335,15644,15691
118452,15645,15695
9320,15646,15717
142965,15668,15743
238851,15676,15754
142963,15677,15745
170312,15678,15768
84399,15678,15775
101971,15679,15787
324041,15684,15779
95684,15685,15785
12337,15685,15797
290446,15688,15800
307063,15691,15772
84400,15691,15777
134784,15693,15750
75676,15694,15751
14298,15696,15800
170290,15698,15798
107675,15699,15760
161313,15699,15773
81457,15701,15799
329559,15702,15750
111784,15708,15787
4717,15709,15793
988,15719,15812
314594,15722,15799
314597,15723,15773
351993,15733,15783
290445,15801,15912
101878,15802,15892
405597,15823,15891
37940,15828,15881
272112,15828,15895
341896,15871,15944
17429,15883,15944
74419,15894,15954
77749,15957,16052
1345,15958,16039
95676,15958,16048
183771,15962,16051
279445,15968,16051
324037,15971,16049
74426,15972,16077
242312,15988,16049
290233,15990,16072
200323,15991,16066
286469,16000,16100
65000,16038,16091
82416,16038,16102
23134,16038,16109
74931,16076,16138
73798,16082,16163
400060,16099,16164
187660,16108,16162
157894,16255,16320
253247,16259,16322
282749,16270,16325
242314,16310,16366
375958,16368,16458
351996,16374,16452
187316,16379,16441
402765,16379,16490
192434,16380,16447
354315,16390,16479
86167,16408,16494
53177,16410,16475
23157,16412,16463
7273,16427,16486
157901,16429,16490
385801,16429,16493
187320,16429,16523
16406,16481,16544
272163,16495,16552
10719,16497,16543
9921,16605,16669
115576,16605,16686
368725,16606,16668
191411,16606,16698
188221,16607,16669
157902,16607,16672
274383,16608,16670
81460,16608,16684
375961,16609,16720
223663,16619,16686
117495,16635,16740
17437,16666,16721
50171,16666,16745
264465,16666,16757
288707,16668,16721
293183,16668,16744
218108,16673,16747
179002,16677,16739
42673,16679,16742
400792,16682,16745
7272,16684,16746
11789,16685,16745
28824,16695,16749
115457,16701,16757
289179,16757,16814
375962,16762,16813
314965,16762,16816
385798,16762,16849
214230,16762,16853
375959,16763,16817
272493,16763,16858
354320,16764,16813
69668,16764,16816
218110,16764,16818
179001,16764,16833
289180,16766,16816
178992,16766,16823
71031,16768,16857
42674,16776,16845
324040,16779,16843
34000,16787,16851
40633,16789,16858
405594,16798,16858
324039,16801,16856
46573,16895,16994
218098,16895,17009
164816,16896,16971
183083,16896,17000
89572,16904,17045
276791,16904,17053
94854,16904,17061
42392,16906,17032
150145,16913,17020
124561,16913,17046
7270,16914,17036
202341,16924,17069
129402,16927,17107
218097,16934,17096
16032,16937,17061
321663,16938,17078
187318,16939,16995
95423,16939,17066
21048,16953,17054
28554,16954,17118
138386,16958,17061
314591,16959,17126
37342,16960,17051
13991,16960,17065
207405,16960,17111
404217,16961,17073
29316,16962,17031
393379,16963,17094
251374,16965,17037
16031,16968,17078
342197,16969,17092
233535,16973,17038
218099,16981,17126
311700,16982,17051
150202,16985,17066
114860,16988,17054
290447,16991,17080
71846,16994,17065
94223,16996,17066
207406,16997,17143
164817,17002,17123
2631,17003,17054
394157,17003,17076
67137,17003,17088
46700,17005,17053
277215,17007,17051
230831,17014,17065
54074,17014,17067
48201,17015,17070
66209,17015,17074
202663,17015,17079
393380,17020,17202
195419,17034,17097
33327,17034,17116
7271,17040,17169
404218,17047,17160
37341,17051,17171
58104,17051,17189
342196,17056,17162
89573,17066,17178
26358,17084,17169
2735,17085,17153
113395,17085,17173
13458,17086,17199
254753,17088,17202
51539,17090,17173
217164,17093,17181
386174,17093,17223
360602,17097,17153
314599,17097,17171
385413,17098,17161
170182,17099,17192
288706,17100,17174
199400,17100,17194
809,17101,17165
200321,17102,17192
202342,17102,17237
185789,17103,17166
12340,17112,17158
6761,17115,17199
28553,17116,17197
341193,17120,17205
221704,17121,17184
257118,17121,17192
358624,17121,17215
218095,17121,17245
78375,17123,17185
218096,17123,17272
342200,17125,17188
35940,17127,17176
279456,17128,17219
192558,17135,17196
9920,17137,17211
375949,17151,17279
129403,17153,17262
36331,17155,17279
314826,17161,17274
315176,17165,17247
192422,17165,17271
292224,17166,17263
375509,17167,17268
341191,17170,17267
242313,17170,17279
160318,17174,17268
293182,17181,17271
214345,17186,17279
99133,17193,17255
17422,17195,17259
69663,17217,17274
