374000,78,143
233749,78,178
291425,81,176
93824,83,170
331183,85,134
19943,85,178
160590,86,198
389836,93,172
193790,100,162
124166,101,164
41870,101,182
233087,102,176
264254,104,180
123518,105,169
16059,110,185
283321,111,172
351589,111,174
81464,111,228
17660,114,166
10025,117,216
298877,118,168
280608,121,252
30251,124,234
66991,126,230
248173,128,214
96335,128,219
94777,128,222
47505,131,259
3637,136,225
342732,139,221
47477,140,248
273301,142,217
147381,143,219
85225,146,222
126843,147,246
395790,148,221
14649,148,256
281572,149,223
223581,150,212
399230,152,212
36573,153,235
136956,153,238
16058,153,241
374403,154,223
248176,155,227
59281,155,245
336144,155,276
317520,158,245
354764,161,247
183521,163,231
390072,164,229
354011,164,255
185731,169,232
376414,170,231
138861,172,237
159616,172,282
264255,174,272
377933,176,254
399886,179,240
225786,179,242
40508,181,242
395792,181,276
250395,182,243
241949,184,273
192884,189,260
241950,191,257
341849,191,281
376413,193,293
297650,199,272
159806,202,266
16648,213,275
300154,214,286
286147,214,292
405303,216,301
402854,217,294
182984,218,290
342731,220,300
227010,221,285
170015,221,291
48223,224,291
356096,228,300
313817,253,330
203471,254,320
50327,254,338
69111,274,348
246044,279,356
240163,280,380
294382,281,348
233093,281,374
53726,282,352
241951,282,370
182982,283,346
388277,289,347
101289,289,374
73286,291,373
101290,296,374
262652,298,366
316851,300,376
147026,301,380
381348,302,367
63841,303,381
225787,305,358
40922,306,380
395859,307,366
366196,307,375
353064,309,370
365309,309,374
264253,309,381
165146,312,381
376447,313,374
205372,313,378
394454,314,375
276137,317,378
207709,319,379
262342,327,378
16063,328,380
203469,415,465
276134,415,478
57229,415,486
66686,415,568
40517,416,477
217165,416,572
311483,417,484
117617,417,489
174267,417,581
231351,420,507
233092,422,483
234517,424,504
233094,425,584
159803,426,492
381413,430,493
205373,431,561
89226,432,572
256234,433,496
241944,433,501
65062,433,580
223583,435,574
75846,437,558
99528,437,587
127526,438,580
47730,443,576
99295,446,498
389097,446,508
191484,446,574
2346,447,501
152843,447,509
219447,450,512
306241,455,565
36575,455,588
158699,457,581
62424,458,553
12569,461,572
366046,462,536
61386,463,558
135122,465,535
106576,465,538
78050,467,590
35510,469,533
33362,470,567
19727,475,540
41487,477,562
886,477,581
299762,479,572
38458,488,576
62423,489,574
341845,503,589
25692,599,651
242063,606,686
202325,607,668
389512,611,654
336143,613,659
65523,617,659
27067,617,690
43296,637,705
209123,637,716
174891,637,722
40523,637,729
144784,637,757
22735,638,741
160770,638,754
403678,638,766
19316,638,770
66315,638,805
19950,640,721
209124,643,771
317561,646,750
148742,646,763
66687,648,755
219865,656,766
48554,658,755
18652,659,731
165830,661,754
297959,663,767
366048,668,763
23554,670,731
108805,673,760
50644,675,767
217163,676,751
404153,677,739
63084,677,760
76186,678,755
47353,682,783
182112,683,778
9347,686,754
53801,687,756
47394,692,753
222439,693,829
229746,695,769
246351,696,758
149780,700,753
270222,707,775
398514,708,769
3618,709,768
85325,711,793
32143,711,809
50642,712,776
248940,718,787
246349,722,777
256322,734,804
115294,760,851
276138,762,850
40515,763,852
40522,764,860
170007,772,892
32144,774,885
203472,775,868
174268,776,889
186467,778,857
40518,779,907
306241,781,892
205374,782,910
402855,791,885
276136,792,878
234019,793,862
126341,793,887
94682,796,920
135123,797,924
91693,805,903
51293,818,928
234020,819,911
341845,819,918
110699,820,924
174269,822,928
376415,828,930
222720,832,928
75658,835,926
177154,836,930
250599,838,931
40519,840,923
170019,840,930
20732,841,928
280610,844,931
170010,849,910
62422,855,930
365310,857,929
26559,858,931
92453,861,927
101972,862,931
241943,865,930
373550,867,931
15680,872,930
186464,876,928
43264,1006,1079
177607,1035,1132
285222,1058,1143
139932,1059,1127
297648,1060,1131
402848,1061,1128
174253,1062,1158
309668,1070,1144
31743,1071,1141
309440,1073,1134
182980,1078,1141
135124,1080,1161
209018,1081,1133
272765,1090,1230
149797,1092,1194
276139,1096,1250
281573,1099,1151
222438,1099,1232
92450,1101,1219
254196,1104,1238
250600,1105,1167
146908,1110,1192
127527,1110,1199
164135,1111,1238
234022,1111,1246
377123,1119,1213
62425,1121,1228
354010,1134,1256
114726,1144,1218
362363,1144,1253
107809,1148,1242
403679,1152,1256
276044,1160,1214
310744,1176,1239
152757,1181,1246
40921,1188,1252
402846,1191,1255
25,1334,1396
314351,1457,1527
376416,1476,1556
341852,1499,1613
237694,1502,1555
217167,1502,1574
217166,1502,1598
217162,1507,1618
248937,1536,1617
395575,1706,1793
138338,1706,1799
297960,1714,1797
57255,1724,1799
251726,1728,1797
164450,1747,1800
334524,1832,1904
402852,1852,1909
19947,2002,2065
3779,2002,2078
110685,2002,2086
360288,2004,2066
234776,2004,2070
183548,2005,2111
381414,2006,2072
226965,2008,2087
101427,2012,2091
342901,2019,2084
241953,2019,2111
36505,2024,2088
316852,2026,2103
99297,2027,2094
124170,2045,2108
341849,2049,2125
281561,2083,2144
50171,2101,2169
218108,2113,2179
132252,2126,2180
49839,2128,2170
376417,2208,2322
363196,2212,2320
11778,2215,2331
43265,2216,2286
171623,2216,2295
320037,2216,2321
246352,2219,2288
95942,2223,2322
376418,2224,2338
272763,2227,2291
331298,2229,2289
43297,2257,2364
294380,2259,2354
170009,2261,2315
149798,2266,2358
169047,2270,2364
305182,2271,2341
280609,2284,2358
189785,2284,2375
247408,2284,2390
78048,2285,2352
189784,2290,2376
205371,2293,2364
92451,2294,2370
132376,2294,2390
247407,2294,2410
122912,2295,2361
3777,2295,2381
19944,2295,2386
3775,2295,2397
115134,2299,2360
19315,2299,2362
250394,2299,2394
3776,2299,2411
58367,2300,2390
59153,2300,2397
299764,2301,2401
233088,2302,2363
19945,2305,2390
241945,2306,2407
241947,2308,2376
395078,2309,2390
206511,2312,2390
247405,2312,2406
247406,2316,2434
268102,2318,2404
248947,2318,2411
234370,2318,2417
248946,2318,2459
75657,2319,2407
203415,2321,2384
354765,2321,2401
99527,2321,2417
18685,2328,2393
3778,2329,2391
8209,2331,2394
149194,2334,2396
264251,2335,2394
336626,2335,2408
247409,2337,2404
237693,2341,2412
233750,2342,2456
277027,2344,2408
276045,2361,2455
309671,2362,2416
353253,2368,2486
10491,2370,2477
233090,2375,2501
158698,2386,2457
313474,2389,2485
233089,2392,2501
292949,2393,2457
354767,2393,2479
149426,2396,2501
85514,2397,2480
59282,2399,2481
236291,2400,2463
354061,2400,2491
170014,2402,2474
369212,2402,2492
149405,2406,2493
33124,2408,2492
222719,2411,2477
148780,2416,2486
19317,2416,2525
174247,2418,2513
354763,2420,2506
248174,2423,2529
40521,2424,2522
186469,2426,2490
164137,2426,2525
40514,2429,2511
268101,2431,2495
23310,2431,2525
174248,2433,2529
49160,2435,2490
255559,2437,2487
376421,2438,2527
170018,2440,2509
246489,2440,2524
59479,2440,2530
194373,2441,2487
115135,2441,2501
139933,2441,2503
6678,2443,2513
145629,2444,2508
10502,2447,2524
223584,2448,2518
244569,2468,2519
115081,2565,2611
297651,2760,2821
401959,2760,2853
23283,2761,2815
92452,2765,2818
139934,2766,2828
57181,2771,2847
334523,2771,2853
217161,2774,2837
352644,2783,2842
363193,2783,2892
25835,2811,2893
280613,2814,2883
124168,2814,2893
363194,2818,2893
76251,2819,2899
376419,2956,3032
33252,3084,3137
331297,3086,3135
206696,3087,3137
10289,3095,3137
341855,3329,3418
30192,3330,3390
225788,3333,3393
64411,3878,3924
3774,4046,4107
182115,4046,4112
19951,4046,4127
16056,4046,4139
276133,4046,4144
12904,4049,4133
111419,4055,4163
48555,4058,4164
266691,4064,4126
97168,4064,4144
32145,4067,4149
309082,4068,4135
356936,4076,4140
406189,4093,4157
296396,4096,4155
32916,4113,4164
9349,4199,4261
110701,4199,4269
250393,4199,4275
99529,4200,4267
363195,4200,4293
369211,4203,4262
341850,4210,4271
381411,4211,4319
341851,4216,4277
248949,4223,4274
16060,4223,4287
248948,4228,4278
92735,4230,4274
182116,4233,4296
11255,4233,4326
280611,4240,4302
309670,4252,4328
241531,4253,4314
223582,4259,4325
308315,4276,4333
242588,4277,4346
248943,4459,4514
389096,4459,4546
90984,4460,4526
56312,4462,4542
241432,4471,4541
336628,4472,4538
49548,4473,4536
30167,4473,4546
92941,4475,4535
59822,4477,4533
222718,4477,4536
101291,4480,4538
362193,4480,4544
306240,4481,4536
149406,4482,4547
399884,4670,4745
113103,4675,4751
9346,4676,4737
133915,4677,4754
154196,4680,4746
363197,4681,4750
114727,4682,4743
234023,4682,4745
302562,4684,4750
58252,4684,4759
61635,4688,4762
82625,4689,4751
67418,4693,4745
220980,4696,4763
40923,4703,4764
341852,4724,4834
155381,4806,4899
279264,4822,4888
218525,4823,4891
19946,4827,4892
189786,4829,4900
349173,4837,4908
378558,4838,4884
21392,4839,4902
137089,4839,4904
56314,4840,4914
340155,4847,4908
174252,5124,5217
125694,5128,5232
56315,5137,5232
56319,5166,5223
374405,5176,5231
138387,5303,5355
11256,5312,5373
9349,5324,5381
399885,5436,5495
376420,5588,5660
78645,5595,5659
342733,5624,5689
174261,5633,5724
366582,5636,5694
71820,5636,5697
266689,5636,5726
223729,5648,5701
18389,5651,5703
148042,5653,5702
9325,5654,5728
135125,5655,5717
15053,5658,5720
309669,5659,5726
14903,5660,5722
362364,5671,5723
341848,5673,5726
270313,5847,5953
43298,5854,5949
215781,5854,5954
381409,5858,5954
298535,5864,5947
298533,5882,5954
395077,5884,5950
66688,6032,6083
403854,6033,6080
320039,6033,6115
19314,6033,6118
171046,6037,6099
50643,6043,6105
299765,6045,6109
154189,6049,6127
165936,6050,6111
364508,6053,6120
40516,6055,6155
233095,6058,6108
227755,6058,6143
177508,6060,6124
227754,6060,6156
28847,6061,6125
12071,6062,6159
124169,6066,6127
125695,6066,6174
396797,6067,6158
37345,6068,6171
340156,6072,6135
236293,6073,6138
297661,6077,6139
72077,6081,6151
140526,6084,6160
186465,6107,6174
248179,6133,6193
296399,6140,6191
110130,6442,6500
373387,6442,6503
124167,6442,6524
297649,6442,6531
62419,6442,6541
203470,6443,6491
99530,6443,6497
256022,6443,6507
373551,6443,6514
380968,6443,6550
17914,6444,6501
174245,6444,6503
299757,6444,6532
193357,6445,6527
369213,6448,6524
150561,6448,6538
227753,6449,6528
174250,6449,6600
56316,6450,6523
110695,6450,6544
78047,6451,6540
248941,6451,6563
174249,6475,6577
5514,6476,6544
23588,6479,6565
285221,6694,6775
165832,6694,6800
89752,6695,6756
211085,6695,6760
24867,6695,6772
56313,6697,6821
266688,6698,6781
1414,6701,6779
400732,6701,6803
118987,6702,6782
190610,6703,6766
329521,6706,6771
182979,6707,6778
248938,6715,6810
280871,6715,6813
248180,6722,6825
121142,6724,6797
131268,6727,6828
366052,6728,6821
62427,6730,6830
205269,6731,6806
244469,6731,6813
222437,6731,6838
344079,6735,6813
373552,6736,6807
53727,6740,6823
124597,6742,6811
70937,6743,6815
313480,6743,6822
220485,6744,6838
40511,6748,6815
40512,6748,6832
278828,6750,6831
233779,6751,6813
63087,6753,6813
184649,6755,6821
154194,6756,6834
154195,6756,6851
63085,6757,6832
309672,6760,6870
291426,6763,6832
19311,6770,6832
366583,6775,6839
114449,6775,6841
374408,6778,6838
9351,6780,6844
193358,6782,6840
41252,6782,6845
233776,6783,6838
311363,6783,6844
162202,6789,6843
248939,6789,6878
367342,6797,6889
251759,6805,6890
300153,6813,6875
341853,6814,6894
341850,6819,6900
402849,6825,6924
304204,6827,6890
123566,6827,6893
53903,6828,6929
164136,6828,6936
85326,6829,6891
91600,6829,6894
241946,6830,6907
130184,6831,6891
354769,6831,6921
164133,6831,6927
234516,6832,6894
403680,6832,6896
76187,6832,6901
341851,6832,6912
284116,6833,6892
170017,6833,6904
41484,6833,6910
170016,6834,6888
16064,6834,6921
76381,6835,6946
49203,6837,6895
96943,6838,6924
174255,6839,6944
70555,6840,6904
56320,6841,6902
5293,6842,6928
248175,6843,6908
299758,6843,6916
299759,6843,6937
68099,6844,6919
336625,6844,6923
159709,6845,6930
110696,6845,6948
36570,6846,6922
57467,6847,6895
106212,6847,6954
350236,6849,6905
186472,6849,6944
354012,6850,6924
141436,6851,6892
1987,6851,6904
40525,6851,6941
63266,6851,6952
106210,6861,6941
106211,6861,6957
9348,6862,6987
64344,6863,6928
174254,6867,6920
62420,6867,6945
30190,6869,6921
341848,6871,6944
170013,6873,6958
402850,6874,6986
174890,6879,6973
106584,6886,6952
142364,6893,6986
138388,6894,6978
399887,6907,7019
169048,6911,6977
107810,6914,6982
233096,6917,6979
182114,6926,6987
23860,6953,7014
65804,6959,7041
131267,6983,7063
298805,6987,7069
248950,7002,7114
256236,7009,7070
174262,7025,7114
336627,7036,7112
40510,7048,7114
40509,7053,7114
299763,7055,7112
186466,7056,7111
187822,7056,7114
62363,7058,7112
374404,7064,7112
10964,7065,7114
348516,7180,7236
299768,7180,7251
296397,7185,7251
41486,7197,7250
66316,7309,7359
390840,7313,7374
236292,7314,7370
43776,7314,7372
108825,7315,7371
198533,7321,7374
105644,7322,7380
347079,7323,7376
130769,7324,7377
366047,7559,7635
259070,7567,7628
393623,7569,7632
84287,7573,7629
400146,7573,7634
191076,7574,7636
6677,7676,7728
82419,7676,7781
119728,7677,7721
170006,7679,7741
326160,7681,7732
395542,7681,7744
238349,7683,7745
280615,7688,7772
402847,7688,7780
221494,7689,7755
19949,7691,7762
324939,7692,7756
132253,7692,7768
246353,7693,7761
274777,7693,7781
93992,7695,7739
42362,7695,7744
180752,7695,7783
110702,7696,7740
156509,7696,7764
19948,7696,7786
174266,7714,7785
182114,7716,7780
160671,7718,7781
9350,7720,7781
233097,7723,7801
221034,7761,7835
268099,7764,7840
366050,7771,7835
298534,7772,7894
248942,7798,7932
139931,7808,7860
341854,7808,7943
390071,7816,7892
366049,7836,7899
353255,7837,7910
40524,7854,7942
233098,7968,8018
3771,7968,8037
174257,7969,8060
92449,7980,8036
174258,8074,8204
78051,8087,8149
62364,8098,8149
366584,8109,8170
9744,8112,8167
165990,8114,8176
101288,8301,8373
163638,8301,8376
41488,8301,8388
399888,8302,8393
170008,8311,8388
349336,8347,8416
56322,8393,8493
56321,8405,8492
24029,8473,8539
78052,8501,8580
402853,8506,8564
218466,8509,8570
120269,8511,8573
376446,8513,8570
372680,8521,8583
388994,8525,8599
270326,8526,8581
30192,8537,8608
209084,8545,8607
331182,8551,8607
83108,8590,8645
248945,8592,8644
146350,8593,8642
190219,8595,8668
393624,8626,8744
217168,8639,8716
182985,8656,8721
136127,8669,8734
268100,8670,8774
299761,8672,8739
204839,8694,8759
336623,8694,8830
301042,8706,8770
110697,8706,8824
39835,8717,8830
110698,8730,8861
126,8732,8832
3772,8735,8861
126,8743,8844
3773,8746,8888
15456,8751,8868
126,8751,8891
117618,8753,8872
126,8755,8857
65063,8758,8872
219943,8764,8894
203099,8764,8899
126,8765,8874
164132,8769,8894
36571,8769,8899
366045,8773,8895
381410,8775,8893
276135,8775,8899
30194,8776,8885
62421,8778,8890
174732,8778,8895
360493,8780,8899
53725,8781,8874
73960,8784,8899
29069,8785,8889
13679,8788,8875
47803,8790,8899
121774,8803,8900
2946,8805,8865
161817,8828,8887
118498,8835,8897
367777,8837,8893
56318,8837,8898
381412,8947,9009
298538,8947,9023
233777,8950,9009
205268,8951,9024
99830,8951,9038
182113,8954,9014
40513,9080,9142
256235,9080,9187
139172,9081,9137
138384,9081,9183
19318,9082,9131
50326,9082,9139
234025,9082,9179
53728,9083,9145
70937,9085,9142
234024,9089,9204
40218,9111,9170
180845,9111,9179
248944,9111,9211
26829,9112,9205
175560,9114,9179
294381,9118,9196
250601,9119,9199
335701,9120,9174
188380,9122,9186
17768,9122,9198
40524,9122,9221
164449,9128,9213
174263,9131,9222
174893,9136,9189
349335,9140,9205
352869,9144,9202
294383,9146,9208
48222,9147,9202
249795,9147,9222
292948,9148,9210
265326,9149,9205
174738,9151,9208
274778,9152,9206
353252,9156,9222
279265,9161,9222
165833,9280,9365
123565,9282,9369
75917,9287,9369
222234,9303,9369
56317,9306,9369
248955,9414,9469
174251,9414,9472
59280,9417,9482
23588,9421,9484
110700,9549,9611
127528,9550,9614
294384,9550,9622
371754,9555,9617
5830,9559,9612
12527,9560,9621
366053,9567,9632
76380,9573,9641
261093,9575,9632
387140,9576,9648
379231,9576,9659
373386,9576,9681
341847,9576,9692
263055,9593,9676
702,9600,9678
333189,9624,9701
170011,9629,9742
19309,9630,9697
66690,9632,9725
221278,9633,9697
118986,9634,9683
64412,9636,9698
373388,9636,9710
371812,9638,9708
170005,9639,9715
276140,9641,9732
164451,9645,9744
87432,9648,9714
311364,9649,9738
27604,9650,9708
395932,9650,9714
296400,9650,9745
178525,9651,9729
403855,9651,9741
296316,9652,9736
158397,9653,9703
246045,9653,9715
9009,9653,9723
95533,9653,9730
53321,9656,9714
229317,9657,9704
341846,9657,9752
182117,9658,9737
343676,9659,9743
113486,9661,9737
181805,9667,9716
102803,9670,9747
285564,9672,9743
16065,9673,9750
92420,9676,9732
73689,9678,9741
339719,9682,9748
124454,9690,9744
395791,9705,9752
13524,9793,9871
170012,9796,9872
154193,9806,9873
174892,9807,9903
164134,9811,9873
260911,9811,9891
333880,9812,9903
63086,9815,9891
26830,9818,9860
56329,9818,9893
354770,9818,9909
266692,9818,9914
272764,9819,9888
248954,9819,9911
14649,9821,9904
34859,9822,9893
41130,9824,9891
244225,9824,9905
77131,9825,9893
124030,9826,9888
192739,9826,9914
97298,9829,9891
408218,9831,9891
335308,9833,9894
366051,9833,9952
64343,9835,9899
299766,9835,9915
298539,9836,9888
61385,9837,9900
279267,9837,9902
233091,9838,9929
62430,9840,9902
66255,9843,9905
298536,9844,9928
234021,9852,9942
363200,9881,9956
164130,9898,9976
50195,9960,10030
248957,9964,10061
85327,9969,10025
107811,9969,10040
139274,9969,10050
16019,9969,10060
70997,9970,10053
287839,9972,10046
224545,9980,10031
225789,9980,10040
265543,9981,10043
403681,9982,10029
81245,9983,10044
106876,9987,10052
248956,9991,10055
48224,9994,10052
1390,10000,10052
182986,10135,10216
76042,10148,10246
62426,10153,10256
16062,10154,10260
336629,10156,10252
336624,10157,10257
22750,10159,10251
336630,10161,10259
231352,10163,10253
280616,10164,10247
399229,10165,10240
177608,10168,10251
72076,10169,10240
16061,10169,10261
19952,10170,10249
48556,10170,10253
193359,10171,10267
74404,10173,10247
3769,10175,10251
19951,10181,10254
154192,10184,10260
153909,10186,10248
25776,10186,10262
237691,10189,10252
248958,10190,10249
65061,10194,10259
241954,10228,10298
110705,10237,10295
154191,10257,10349
227756,10261,10338
354768,10263,10323
112097,10264,10319
215785,10264,10327
79506,10265,10349
91557,10273,10343
293245,10401,10454
49840,10401,10468
38982,10401,10471
169049,10402,10456
341847,10402,10507
159805,10403,10452
379231,10403,10482
303124,10403,10497
342360,10406,10472
374407,10409,10456
182118,10450,10546
296402,10459,10551
256233,10464,10551
188008,10473,10539
164452,10474,10552
374410,10475,10540
341846,10476,10559
16066,10477,10551
192740,10477,10569
10263,10484,10550
16067,10490,10555
280612,10490,10571
36572,10493,10543
358919,10493,10557
353063,10494,10556
159804,10495,10565
31737,10497,10555
35121,10498,10556
121260,10511,10572
46784,10514,10582
241484,10569,10635
174246,10573,10631
41489,10575,10645
296398,10589,10662
276546,10599,10668
167379,10614,10674
241952,10616,10690
30191,10616,10704
16054,10620,10699
221277,10621,10706
280618,10622,10700
362365,10625,10704
205267,10629,10702
241955,10630,10704
92448,10631,10694
115594,10633,10700
353254,10638,10700
158697,10638,10706
158696,10640,10701
244224,10644,10697
249128,10646,10703
145630,10647,10701
84804,10656,10701
233778,10743,10804
41490,10744,10807
274779,10748,10813
102369,10750,10813
36576,10751,10808
371813,10751,10810
169046,10752,10815
93194,10753,10813
6312,10755,10809
299760,10756,10817
159802,10758,10812
335700,10758,10816
353798,10761,10813
106213,10766,10812
32147,10766,10818
40584,10768,10818
143694,10776,10818
163724,10877,10922
16055,10959,11014
62365,11051,11103
186468,11051,11115
247410,11051,11122
299767,11051,11127
62366,11052,11100
120805,11054,11116
316850,11063,11139
312795,11127,11223
251835,11135,11181
381956,11143,11218
221261,11146,11244
224163,11147,11216
61068,11148,11227
361579,11150,11230
190156,11152,11231
371536,11155,11214
366886,11155,11230
265327,11156,11210
178774,11157,11219
264252,11157,11245
240164,11161,11223
57006,11165,11240
405536,11167,11241
86998,11167,11262
372765,11168,11266
230054,11169,11231
206510,11178,11248
395079,11178,11264
404152,11179,11242
226336,11179,11256
388393,11181,11272
328462,11182,11257
201689,11185,11272
171619,11185,11275
30192,11186,11260
44570,11186,11279
264250,11187,11248
341855,11187,11290
164131,11188,11283
379232,11190,11276
48557,11191,11245
293219,11191,11255
307389,11191,11274
279266,11191,11289
19224,11192,11253
293218,11192,11281
222436,11193,11256
9010,11194,11250
15427,11205,11273
109053,11209,11271
57660,11210,11275
317521,11217,11274
66691,11219,11290
56328,11220,11285
309081,11903,11960
301041,11903,11968
374406,11908,11968
92734,11912,11961
136829,11918,11971
56330,11918,11976
239973,11918,11990
174270,12289,12355
40526,12289,12369
28853,12290,12359
3770,12292,12400
348517,12293,12371
138385,12302,12406
354013,12312,12378
186470,12315,12378
374411,12318,12373
16375,12319,12381
320036,12321,12400
251377,12328,12386
274873,12335,12398
233781,12336,12397
99298,12338,12403
291258,12339,12400
190609,12342,12426
401973,12346,12429
329957,12352,12399
314048,12353,12422
40148,12356,12408
341597,12357,12418
99296,12360,12428
280872,12361,12434
101395,12378,12431
56331,12382,12439
402851,12545,12615
163237,12685,12761
22516,12686,12739
365311,12686,12763
203416,12686,12774
21438,12687,12749
66689,12690,12763
145631,12692,12746
174272,12697,12746
313475,12723,12817
145906,12725,12812
16697,12730,12797
290601,12732,12798
182983,12735,12816
203100,12862,12959
248178,12863,12911
46943,12864,12924
143880,12867,12959
32146,12872,12959
175638,12873,12952
363201,12874,12929
56323,12874,12942
217169,12877,12927
110131,12877,12959
360495,12885,12959
73961,12890,12959
194317,12894,12953
165831,12894,12958
110118,12899,12959
309673,12900,12958
21438,12902,12959
99531,13024,13087
240165,13025,13091
296774,13028,13094
64290,13040,13090
149427,13056,13119
18686,13070,13123
233780,13132,13205
341853,13195,13265
303123,13197,13267
320038,13200,13280
81830,13200,13283
376422,13203,13283
76379,13206,13265
363198,13208,13270
40925,13209,13280
34124,13209,13283
399883,13211,13277
36577,13212,13281
43295,13216,13279
246354,13217,13280
129144,13227,13280
354771,13228,13276
247787,13229,13274
373954,13438,13497
124598,13512,13568
317861,13513,13573
360494,13833,13892
363199,13833,13902
90993,13833,13918
186471,13837,13918
99532,13857,13940
71963,13859,13944
135126,13861,13919
76083,13863,13945
403960,13866,13945
84803,13867,13937
401960,13868,13942
385377,13878,13940
62429,13878,13950
15052,13879,13942
73896,13895,13940
164129,13895,13944
390073,14057,14116
115296,14057,14118
311365,14057,14121
267665,14057,14123
313479,14057,14159
154190,14057,14169
313476,14057,14173
97343,14061,14183
159337,14064,14176
66314,14066,14182
40520,14075,14143
222722,14076,14159
5295,14077,14171
374409,14077,14175
5294,14077,14183
330510,14078,14148
329956,14078,14205
154767,14079,14192
655,14080,14186
170938,14080,14195
248177,14091,14175
40151,14092,14168
222721,14092,14172
13742,14092,14193
403254,14096,14167
55424,14096,14184
43062,14099,14180
52463,14101,14185
37709,14103,14172
52074,14104,14174
24027,14105,14202
170937,14106,14215
299696,14107,14184
42700,14107,14221
41793,14112,14222
272963,14113,14216
388608,14114,14211
926,14120,14210
296388,14124,14211
282590,14127,14210
55862,14128,14213
24028,14138,14210
388278,14142,14217
23921,14143,14213
363151,14145,14215
726,14146,14213
35032,14153,14219
237692,14157,14208
171132,14157,14221
242755,14158,14220
169501,14160,14221
118497,14165,14226
41485,14920,14996
347077,14921,15010
347078,14948,15017
22432,15133,15230
63088,15134,15238
63089,15135,15226
52446,15136,15217
5391,15137,15249
32149,15141,15210
115295,15142,15205
51291,15143,15195
406166,15143,15206
73962,15143,15212
23413,15144,15200
62428,15145,15196
13199,15146,15226
32148,15149,15254
351590,15162,15255
280614,15162,15259
115136,15170,15224
203473,15173,15247
272766,15178,15244
170817,15179,15243
149425,15179,15251
217170,15180,15248
272768,15184,15253
105174,15184,15257
16057,15185,15260
367778,15196,15259
245545,15332,15397
298537,15332,15420
341854,15342,15469
248952,15370,15468
146834,15407,15487
182981,15411,15490
174259,15411,15517
154197,15416,15496
174260,15416,15527
70749,15427,15484
248953,15435,15492
174271,15436,15552
149407,15473,15553
72342,15474,15551
19951,15480,15551
348713,15489,15551
112233,15500,15566
252143,15508,15564
139930,15512,15571
281574,15514,15581
248951,15739,15795
174264,15739,15809
110703,15739,15816
354015,15742,15815
41491,15954,16010
25803,15955,16006
170004,16207,16254
24384,16207,16257
354772,16207,16266
110704,16207,16270
144628,16207,16276
56324,16207,16285
19310,16207,16321
95331,16209,16338
34433,16216,16343
56325,16221,16343
369214,16228,16342
174256,16245,16343
215782,16253,16338
56333,16255,16343
7839,16256,16336
14433,16260,16343
97169,16271,16338
40924,16276,16336
313477,16370,16442
198534,16370,16462
354766,16371,16438
186471,16379,16458
398725,16380,16520
353256,16395,16520
19313,16398,16526
227757,16399,16515
56514,16401,16525
56332,16410,16462
191077,16414,16474
280617,16414,16476
77704,16415,16478
369215,16416,16468
192885,16416,16472
402856,16418,16472
180350,16419,16470
348879,16426,16521
23762,16426,16525
108147,16427,16507
110706,16429,16491
4680,16434,16526
299770,16435,16505
267883,16437,16507
21048,16440,16518
138386,16441,16526
64342,16443,16506
6709,16443,16515
50325,16452,16509
12947,16455,16522
65065,16455,16526
20888,16457,16521
54771,16458,16525
316653,16463,16526
296401,16465,16522
161816,16466,16510
50053,16466,16525
65064,16468,16525
272767,16471,16525
313478,16559,16641
26358,16561,16634
227758,16561,16637
217164,16561,16642
2150,16566,16625
19312,16572,16638
78049,16581,16642
36574,16587,16642
202326,16725,16780
371815,16725,16782
371814,16725,16789
331426,16727,16788
87158,16732,16795
266690,16740,16803
71530,16742,16803
20733,16743,16802
324444,16871,16914
87385,16871,16928
192883,16871,16938
283322,16874,16916
5831,16883,16926
251378,16887,16938
40527,16925,17003
297662,16926,17016
75659,16936,17028
16600,16940,17033
267,16941,17045
174265,16943,17037
43263,16953,17050
1345,16962,17024
1930,16962,17030
9352,16962,17036
267,16962,17047
50623,16967,17044
366054,16977,17032
267,16985,17048
233437,16986,17027
299769,17144,17195
170003,17144,17206
25,17144,17212
241948,17144,17220
320035,17144,17223
248181,17144,17228
56326,17144,17240
56334,17144,17279
215783,17153,17278
56327,17174,17279
403682,17182,17277
7839,17207,17278
248476,17214,17268
354014,17219,17277
