191256,170,226
239656,183,267
363398,183,272
196110,183,281
404724,184,284
117515,187,326
139271,189,311
36852,190,254
367850,192,254
57980,194,257
150097,201,265
62317,203,308
30814,204,266
331011,207,278
16926,210,272
344412,211,273
197882,213,277
25445,233,382
281350,234,295
9315,235,388
77723,241,302
36020,277,400
288668,278,429
382451,279,397
65325,283,396
64542,283,400
384089,284,415
180524,296,360
294528,298,402
28179,299,361
256115,304,381
160321,306,402
36850,307,411
26085,311,385
66330,313,367
87262,314,393
24260,314,420
324860,319,388
128184,321,394
337867,321,407
136410,323,387
44216,325,407
284933,326,422
188018,330,430
104098,333,390
182440,333,401
185896,334,399
69413,334,434
1357,338,400
12573,339,410
245783,344,412
128281,349,421
58027,352,415
173128,356,417
381571,367,434
381570,372,434
213297,373,431
44638,376,440
326795,376,476
281349,386,456
303005,392,467
254437,453,577
397968,466,621
180867,472,629
190310,473,597
350701,477,593
127947,482,593
273904,485,613
334318,489,574
25446,489,638
9314,490,597
125965,490,620
226993,493,572
110948,504,586
172856,508,657
78130,510,571
383081,511,578
36854,512,572
10783,512,612
3430,515,572
84644,515,639
382452,515,672
392914,523,627
66912,525,641
372330,525,662
269669,527,596
36949,528,650
22317,532,644
100567,536,629
380756,547,610
350760,550,619
102076,551,621
230631,551,673
261405,553,610
326807,553,619
10215,554,662
10216,555,665
261743,558,619
303004,558,662
216943,559,657
280740,560,618
77940,561,626
104197,561,670
22784,562,612
278272,562,650
16742,576,655
182034,577,662
9313,578,700
124074,579,649
19614,579,654
181382,592,649
208601,595,656
298235,597,694
10598,599,668
78731,600,703
344596,611,671
210567,615,661
233744,616,686
372842,620,696
69407,622,734
77728,625,709
359440,625,714
379392,653,736
100775,663,753
229404,663,770
390990,663,782
272803,664,767
2056,665,735
274517,666,731
36391,667,750
74604,670,741
66331,672,767
146785,673,741
293161,673,755
134735,675,789
64543,679,795
343236,681,744
118323,685,792
65549,699,753
55227,704,768
51771,706,767
224051,707,770
180866,707,778
51903,711,809
116934,715,839
234114,718,809
208603,728,812
64539,746,843
36454,747,840
190309,765,883
290419,766,887
42962,767,857
69412,778,892
36453,799,854
25444,815,901
13399,864,928
69411,868,929
2442,1053,1130
332305,1062,1131
61234,1065,1151
233745,1068,1130
35554,1069,1147
190306,1073,1129
64541,1075,1137
15708,1079,1135
334139,1087,1177
384702,1134,1251
359903,1138,1229
207468,1151,1221
294529,1156,1324
222950,1160,1287
45076,1161,1284
143881,1163,1289
629,1166,1235
165677,1169,1290
7636,1171,1294
2443,1176,1269
166247,1178,1313
9312,1183,1254
130831,1184,1342
98844,1189,1297
25447,1190,1245
296110,1190,1293
36965,1193,1253
185798,1196,1242
290420,1196,1349
359902,1196,1355
278142,1197,1283
135437,1199,1280
196497,1201,1283
119233,1203,1342
2441,1207,1350
69410,1208,1366
29307,1209,1316
107188,1213,1317
77729,1217,1355
133849,1220,1282
23593,1222,1327
56980,1223,1280
257191,1223,1338
8760,1225,1350
215396,1237,1309
305636,1244,1351
36332,1245,1331
16524,1245,1355
402779,1245,1361
12911,1248,1362
36457,1252,1373
397966,1256,1321
344940,1264,1335
334140,1264,1386
256475,1265,1345
102433,1277,1362
361560,1285,1380
4231,1289,1390
1244,1308,1390
72483,1490,1539
297730,1496,1561
390989,1499,1593
36851,1508,1596
73752,1509,1559
65530,1509,1626
37775,1513,1620
39413,1536,1619
160320,1539,1622
15172,1542,1632
130830,1544,1641
2058,1560,1629
11706,1758,1822
308793,1789,1865
301536,1789,1876
301923,1791,1855
95743,1794,1865
41974,1795,1870
73295,1796,1876
57153,1797,1856
17405,1800,1881
180526,1801,1884
226635,1804,1876
246817,1825,1888
26084,1827,1876
288669,1941,2064
70571,1971,2025
180525,1976,2075
315954,1978,2074
171375,1997,2063
343237,1997,2077
370668,1999,2063
84328,2000,2062
328824,2001,2063
207644,2001,2076
54011,2008,2076
279581,2138,2194
215395,2246,2326
370669,2247,2316
36449,2247,2328
15839,2249,2341
6046,2250,2329
102435,2251,2334
168520,2252,2317
36450,2297,2350
216205,2300,2416
315952,2323,2449
69973,2336,2456
225189,2337,2402
25,2339,2450
331473,2345,2461
11300,2346,2466
79321,2368,2462
48489,2369,2443
1163,2371,2461
25,2372,2466
25,2379,2452
25,2391,2466
188709,2552,2650
165687,2564,2650
344409,2567,2647
200987,2568,2652
128186,2569,2649
279578,2569,2661
124552,2570,2658
332307,2574,2646
172826,2577,2675
141702,2579,2703
36018,2580,2648
256892,2580,2658
32470,2580,2664
234113,2596,2690
69408,2598,2649
290036,2598,2655
102928,2606,2690
289168,2606,2705
50477,2617,2701
334138,2620,2704
76100,2622,2672
190308,2622,2683
26087,2622,2690
288667,2623,2700
290418,2623,2715
143879,2624,2689
229067,2625,2684
36853,2627,2690
110936,2627,2719
2055,2628,2700
49616,2631,2700
39978,2631,2714
190307,2632,2708
18552,2635,2697
245784,2641,2697
104943,2642,2718
69232,2643,2701
16255,2643,2709
43130,2644,2699
280256,2649,2709
250773,2650,2713
18229,2650,2718
364211,2651,2716
13784,2652,2710
28631,2652,2713
1164,2653,2719
90329,2693,2795
364209,2697,2782
127946,2697,2785
39554,2703,2781
102434,2703,2790
381906,2723,2783
207984,2733,2794
58572,2735,2795
196233,2735,2800
116960,2739,2795
293491,2743,2809
43012,2747,2810
362357,2782,2848
288666,2811,2950
261886,2953,3056
328826,2964,3051
110947,2968,3044
1834,2969,3033
334444,2970,3086
145344,2971,3032
334445,2976,3039
179522,2976,3044
207467,2980,3124
36948,2985,3098
52718,2991,3103
219900,2995,3058
127943,2996,3112
41013,2997,3115
3426,3001,3129
370667,3004,3133
36947,3005,3070
92609,3006,3077
51046,3006,3128
110949,3006,3172
198178,3007,3085
288660,3015,3154
128185,3019,3147
36021,3026,3127
370666,3038,3178
205517,3043,3128
299061,3051,3112
28177,3054,3176
127944,3060,3172
127945,3060,3178
11200,3068,3178
294527,3069,3148
139338,3070,3123
104944,3070,3132
64540,3071,3134
279580,3071,3141
46943,3072,3133
241007,3072,3149
143880,3072,3176
32468,3074,3122
26489,3075,3143
110952,3076,3141
89865,3077,3161
291701,3078,3178
77726,3079,3147
255039,3082,3178
51654,3083,3141
207983,3087,3178
279579,3089,3141
236477,3097,3162
26015,3099,3178
102432,3103,3178
21438,3109,3178
222276,3110,3175
157141,3111,3177
34703,3115,3177
288662,3215,3274
28178,3217,3268
58571,3226,3280
101344,3263,3333
145345,3276,3339
128187,3279,3353
2053,3303,3358
167243,3305,3363
334924,3306,3359
346482,3306,3362
130832,3409,3462
280741,3410,3459
45626,3519,3566
70056,3519,3593
315955,3526,3595
294526,3592,3715
18385,3693,3761
359061,3904,3975
23615,3904,4034
37774,3905,4021
67170,3905,4025
137508,3907,4037
36451,3912,4027
360752,3913,4024
45627,3913,4030
383335,3914,4047
233137,3915,4037
107158,3918,4038
202982,3922,4032
15840,3923,4036
69972,3929,4023
117516,3931,4028
26086,3934,4026
90330,3940,4056
69974,3941,4003
280187,3942,4006
130711,3944,4015
2637,3946,4013
175351,3947,4010
87261,3947,4022
321957,3947,4031
305147,3951,4018
203607,3954,4042
280865,3955,4020
185861,3956,4019
272377,3958,4042
360753,3959,4045
4293,3962,4025
290587,3962,4072
77724,3965,4053
315078,3967,4028
352274,3969,4045
345599,3970,4055
293163,3978,4070
87260,3982,4068
232586,3990,4089
296109,3994,4066
364210,4043,4160
383084,4050,4110
188710,4061,4166
90329,4062,4170
102436,4065,4169
39555,4073,4147
254438,4107,4158
383083,4112,4174
131871,4231,4309
2059,4235,4368
2057,4238,4318
84329,4295,4359
397967,4297,4360
370862,4312,4369
401693,4313,4386
197192,4314,4414
26121,4318,4374
15184,4319,4406
87263,4351,4414
383082,4358,4447
288661,4358,4452
402780,4378,4453
384087,4379,4450
192414,4386,4458
284135,4552,4613
101319,4552,4645
77727,4557,4626
69409,4557,4666
64544,4562,4635
2054,4572,4650
100566,4577,4660
215397,4622,4682
309617,4888,4958
141873,4898,4959
229543,4900,4954
73054,4902,4963
134048,4920,4985
370670,4933,4998
344939,4989,5046
235965,4998,5063
233136,5085,5156
5198,5087,5166
115924,5089,5168
215502,5098,5161
393978,5099,5163
18356,5102,5168
130828,5103,5167
402920,5323,5386
397969,5487,5570
243482,5549,5603
301924,5602,5648
108120,5705,5798
234115,5712,5776
108119,5712,5801
36022,5721,5775
141872,5723,5833
149775,5889,5952
90328,5905,5993
60069,5940,6002
402777,5940,6037
127949,5950,6036
66009,5956,6001
127948,5957,6036
396378,5959,6007
300586,5977,6039
330913,5983,6039
350700,6151,6259
300587,6154,6232
92810,6160,6241
51047,6161,6238
397970,6161,6244
117514,6166,6236
273903,6171,6236
167853,6176,6286
102077,6179,6255
364212,6185,6247
362391,6185,6261
51691,6187,6250
83923,6187,6253
84330,6188,6285
246112,6190,6261
22808,6191,6277
256893,6194,6258
127475,6196,6253
106045,6196,6260
51772,6196,6273
91758,6202,6287
22807,6203,6279
91757,6203,6303
56442,6215,6293
282269,6216,6279
16901,6216,6281
403632,6217,6291
291194,6219,6295
288663,6220,6285
227646,6221,6284
147303,6221,6286
172855,6221,6291
97142,6223,6277
151246,6228,6276
22051,6229,6289
26122,6230,6295
39556,6231,6321
365959,6234,6279
254436,6253,6327
288664,6255,6330
168707,6256,6310
360755,6256,6326
51841,6256,6344
288670,6256,6349
26089,6256,6356
288665,6257,6329
26120,6260,6323
288671,6284,6350
77725,6296,6366
332306,6308,6412
210335,6324,6404
66913,6332,6394
262240,6372,6428
90966,6377,6442
90328,6443,6522
122417,6457,6543
225657,6465,6514
168708,6475,6541
270270,6482,6571
143882,6495,6543
384086,6836,6893
132018,6836,6930
26090,6837,6892
298237,6838,6907
58573,6975,7046
32471,6976,7039
84945,7051,7115
110950,7167,7281
134027,7168,7231
170973,7169,7219
36456,7174,7281
36855,7176,7238
26088,7196,7311
23413,7200,7274
15042,7203,7292
118324,7204,7276
359062,7246,7314
293094,7283,7358
110951,7289,7350
161935,7294,7355
172468,7298,7361
36019,7333,7403
230147,7499,7556
295919,7531,7632
77627,7539,7625
405914,7546,7664
275158,7552,7665
196906,7553,7627
18386,7554,7646
203608,7555,7670
261480,7560,7640
343238,7567,7646
34703,7607,7668
294531,7615,7711
87108,7621,7720
124073,7666,7716
52208,7667,7729
397975,7669,7723
110953,7672,7730
75068,7672,7744
22775,7673,7746
77722,7673,7795
279582,7680,7796
368680,7683,7747
131035,7685,7789
47673,7686,7794
18387,7691,7811
376974,7696,7763
188711,7876,7940
370679,7879,7943
301538,7889,7950
36452,7893,7957
207469,7925,7977
328825,7935,7998
32469,8003,8082
262652,8005,8086
322802,8012,8073
135531,8022,8086
381907,8037,8099
220722,8226,8301
383360,8227,8271
204183,8227,8275
109582,8227,8281
31430,8227,8293
70057,8227,8306
402778,8228,8296
227647,8276,8403
135438,8307,8402
267,8321,8403
127474,8328,8412
14626,8335,8416
350702,8336,8397
315953,8336,8400
267,8337,8411
305616,8352,8413
130829,8352,8418
329058,8354,8420
322803,8357,8419
294530,8361,8411
327468,8455,8527
37777,8461,8511
213933,8521,8582
142210,8718,8808
5584,8725,8828
349913,8736,8810
11013,8740,8822
290417,8742,8817
263541,8743,8809
66530,8745,8840
181381,8747,8850
248096,8750,8832
384851,8754,8838
66531,8762,8842
106597,8763,8828
301537,8770,8836
253265,8772,8835
298236,8773,8840
177335,8774,8843
346259,8776,8863
4532,8780,8842
292616,8782,8843
355654,8786,8851
384088,8794,8865
198691,9018,9083
308794,9048,9124
110954,9057,9140
256894,9070,9138
399527,9110,9178
402921,9153,9267
379720,9164,9302
343235,9183,9274
126,9197,9301
66914,9197,9325
34334,9205,9301
299072,9207,9349
45629,9213,9324
15838,9217,9325
310416,9222,9300
141871,9222,9346
164900,9223,9343
36455,9225,9341
37776,9233,9346
23615,9234,9349
342258,9240,9342
82663,9247,9325
107158,9248,9351
52133,9249,9324
45628,9253,9343
198462,9261,9342
119481,9263,9324
90330,9265,9362
206744,9266,9325
318552,9268,9342
134684,9268,9362
25448,9270,9323
248095,9270,9366
116935,9271,9329
208602,9271,9337
130710,9271,9356
296111,9273,9332
226616,9274,9335
107762,9275,9349
78938,9278,9333
210969,9279,9340
274954,9280,9347
116936,9280,9366
394031,9285,9366
133118,9286,9361
337866,9303,9365
305637,9469,9559
359063,9472,9594
25449,9473,9544
255040,9476,9548
296233,9476,9558
9196,9477,9581
299071,9477,9589
241008,9477,9595
286220,9481,9605
200948,9482,9567
127950,9482,9596
9196,9483,9602
385723,9495,9597
11869,9510,9565
208604,9523,9604
325290,9526,9636
360754,9527,9641
21413,9535,9638
77730,9561,9616
219899,9561,9650
64545,9568,9616
245858,9585,9652
