36852,160,207
229967,249,357
287844,249,362
153031,249,389
171576,254,327
344925,254,330
214941,255,346
36850,256,340
74083,262,332
125901,263,312
155439,264,330
252458,264,353
350468,264,411
47246,265,310
115793,267,332
242743,267,407
21316,271,367
66928,272,344
335646,274,415
185803,281,342
280641,281,344
337529,282,366
243258,282,425
10789,284,347
250680,287,376
337530,291,372
24428,315,398
63302,317,429
24429,318,412
286496,322,402
67291,322,421
167435,322,426
66202,322,439
216853,326,440
272130,328,419
59615,328,426
204564,330,416
305451,331,412
11977,332,401
350661,356,462
353625,399,535
286696,407,522
67292,417,576
24430,420,537
335023,420,556
353619,430,494
36100,439,561
39992,441,578
14377,443,555
47195,444,582
350662,447,576
144216,449,555
235335,450,541
52445,451,572
66140,454,580
347201,455,526
280642,457,576
107638,458,582
7585,459,585
162448,460,523
393574,461,576
242744,486,581
10215,486,585
43164,491,585
276820,506,585
75762,508,575
233291,510,567
353623,515,584
59648,522,585
359979,614,664
121879,744,804
485,744,815
366508,744,818
112386,744,828
217879,745,807
125439,745,823
339775,748,809
360748,748,829
342243,749,796
380671,763,826
116728,788,843
393573,1007,1056
27739,1007,1089
56967,1007,1144
181503,1007,1149
386571,1008,1098
345682,1008,1105
209066,1011,1129
151279,1030,1147
7636,1034,1148
88935,1051,1146
347639,1053,1105
189861,1059,1133
347202,1060,1149
362420,1350,1399
252461,1350,1441
157174,1350,1450
360029,1351,1421
235334,1351,1432
272432,1351,1461
45376,1356,1452
214943,1357,1444
104053,1363,1459
70956,1371,1457
262012,1374,1443
157733,1383,1453
365279,1387,1455
182176,1398,1450
28909,1403,1465
86950,1427,1519
382767,1437,1498
36851,1438,1538
185801,1450,1569
262977,1451,1557
189860,1452,1531
315019,1632,1723
28077,1637,1699
344927,1649,1716
134516,1650,1711
295017,1654,1723
115794,1655,1746
260232,1656,1709
55554,1657,1739
16118,1658,1723
279013,1670,1741
66,1670,1754
603,1672,1751
382768,1674,1735
287321,1675,1741
269036,1684,1753
97721,1688,1749
22249,1690,1753
390053,1695,1752
390052,1695,1755
352436,1896,1942
358169,1896,1964
279184,1898,1966
81694,1898,1974
181504,1915,2005
250681,1935,1997
59653,1982,2042
382769,2007,2085
9003,2011,2074
352556,2026,2094
297121,2033,2094
361311,2033,2102
28711,2054,2123
279014,2113,2179
244692,2130,2221
6340,2370,2435
61768,2371,2427
332619,2375,2432
297120,2375,2436
84980,2387,2436
286695,2504,2580
172244,2508,2579
350469,2610,2664
38225,2613,2670
165271,2736,2791
268723,2749,2797
363481,2767,2840
348785,2768,2825
235958,2769,2843
88934,2771,2846
23634,2773,2847
38224,2775,2844
345681,2776,2855
37553,2781,2843
157734,2781,2860
374228,2839,2911
145462,2869,2913
103211,3041,3103
175054,3053,3110
153782,3077,3147
151873,3103,3147
360028,3105,3147
65,3117,3193
287320,3339,3381
127057,3339,3385
36853,3339,3387
141450,3340,3422
116651,3341,3398
69154,3341,3407
357024,3342,3397
189858,3342,3403
59649,3344,3397
115795,3344,3412
82633,3344,3416
218702,3347,3414
141075,3351,3422
386884,3388,3444
55261,3391,3470
262013,3395,3447
22953,3398,3493
123474,3408,3486
151435,3411,3477
32600,3414,3478
26819,3415,3472
191009,3427,3493
138163,3460,3537
138164,3476,3547
60193,3514,3595
5020,3516,3609
167434,3538,3603
200636,3550,3631
86757,3564,3651
189976,3564,3663
59652,3565,3642
359981,3567,3635
18563,3568,3645
36854,3570,3638
267328,3570,3669
46716,3573,3647
231847,3573,3657
74067,3575,3638
234038,3575,3646
245177,3575,3649
16706,3578,3654
214602,3579,3648
348782,3580,3660
260945,3580,3679
344929,3582,3643
7431,3583,3654
395897,3583,3665
353616,3584,3656
358171,3586,3669
59651,3594,3666
203870,3602,3685
143699,3603,3695
260946,3605,3681
278051,3612,3685
125477,3616,3703
162605,3621,3700
316924,3636,3706
169184,3637,3704
104051,3659,3728
262975,3662,3766
377477,3838,3900
28078,3849,3895
136203,3853,3908
89838,3864,3927
119404,3865,3923
293498,3871,3932
3004,3878,3964
262973,3913,4016
123013,3953,4013
278590,4022,4097
16039,4023,4087
241284,4028,4089
27740,4042,4147
104676,4057,4127
262978,4063,4144
160030,4122,4191
245694,4147,4239
43513,4148,4209
217301,4149,4195
212748,4163,4225
22798,4165,4231
183799,4193,4255
274546,4193,4264
284461,4195,4257
153783,4196,4260
68234,4199,4255
253554,4203,4268
393057,4213,4256
236704,4241,4331
5019,4252,4317
197957,4271,4334
104313,4271,4342
7298,4276,4345
365280,4277,4348
295839,4280,4362
359993,4282,4349
365281,4294,4368
214942,4298,4374
336556,4307,4377
241933,4328,4392
262972,4348,4429
155442,4350,4424
104050,4352,4405
329281,4354,4437
16038,4356,4425
121877,4359,4445
221877,4369,4429
329282,4371,4429
252462,4372,4442
221878,4375,4441
353618,4392,4442
69564,4423,4508
104054,4440,4507
279011,4494,4575
163979,4500,4576
986,4505,4569
136205,4507,4570
79765,4511,4575
141401,4524,4579
181283,4529,4597
59650,4532,4590
350664,4555,4624
362256,4629,4701
141452,4640,4722
151436,4642,4716
5022,4642,4723
47205,4645,4711
98970,4646,4730
395020,4650,4731
32240,4655,4717
157735,4655,4731
20958,4656,4719
335193,4656,4729
233168,4657,4732
23630,4659,4719
130920,4660,4711
327527,4662,4729
147586,4664,4722
197956,4665,4729
41086,4672,4731
21995,4687,4732
260944,4762,4813
112385,4762,4815
68,4762,4821
7769,4763,4814
362257,4767,4822
332618,4782,4847
374163,4820,4890
286693,4821,4902
241934,4826,4890
159903,4830,4884
348786,4832,4913
155443,4843,4901
262970,4843,4907
111438,4844,4908
199492,4846,4945
181502,4847,4909
1579,4850,4909
243538,4850,4917
214921,4852,4947
407525,4878,4978
252460,4879,4943
23633,4902,4981
104312,4904,4966
156263,4908,4979
235959,4920,4981
23628,4937,4981
134981,5071,5112
203169,5071,5130
359980,5072,5141
360749,5073,5125
13200,5073,5131
162454,5074,5143
95989,5149,5203
79976,5150,5209
141076,5151,5210
346856,5152,5203
28984,5153,5218
359992,5153,5222
356047,5157,5208
172245,5157,5223
233778,5164,5218
203168,5165,5247
388762,5167,5242
381731,5193,5242
348784,5221,5278
350663,5256,5323
147094,5310,5377
22600,5321,5377
192326,5323,5375
179821,5332,5419
179361,5342,5410
247874,5348,5412
142018,5348,5414
392685,5410,5479
210212,5414,5476
158385,5416,5473
100480,5420,5481
30005,5420,5484
23726,5432,5497
103210,5432,5504
258743,5437,5501
338278,5438,5530
160946,5449,5536
233908,5456,5519
212516,5458,5521
23629,5472,5522
250281,5474,5535
292848,5476,5521
67564,5477,5536
161564,5481,5538
262970,5546,5615
262972,5546,5628
52737,5547,5619
34345,5549,5613
193248,5551,5611
382771,5568,5631
381656,5728,5794
315020,5925,5972
81695,5925,5986
212515,5925,5992
123475,5975,6050
262968,5978,6049
146048,6007,6100
52929,6019,6086
346737,6021,6090
317496,6028,6113
405030,6029,6091
163115,6030,6092
236706,6054,6131
189977,6055,6112
335647,6056,6118
179644,6061,6122
236071,6074,6121
23635,6075,6128
262968,6114,6189
304245,6150,6214
55260,6150,6226
366271,6156,6240
172243,6159,6246
112384,6160,6233
350467,6161,6240
23632,6161,6245
201913,6162,6253
378536,6164,6247
344928,6164,6251
78761,6167,6228
152262,6168,6214
378537,6168,6252
36122,6173,6251
379181,6174,6243
23752,6178,6244
197385,6180,6242
214222,6181,6238
234742,6183,6247
224410,6184,6245
204415,6188,6242
255214,6188,6244
308754,6188,6266
59658,6188,6271
1106,6189,6240
27624,6190,6246
136204,6190,6255
160031,6194,6251
378534,6196,6243
160468,6196,6246
106577,6196,6248
163980,6207,6303
23627,6208,6297
23626,6208,6306
370905,6209,6279
202976,6210,6269
252459,6210,6304
134518,6215,6280
118645,6215,6286
47788,6235,6301
391210,6245,6320
28071,6246,6300
11248,6246,6304
147587,6253,6314
163723,6254,6312
98011,6255,6318
351046,6258,6299
106578,6285,6345
93596,6297,6345
391211,6415,6483
95318,6416,6479
114477,6418,6474
235333,6418,6480
327048,6419,6487
327047,6419,6494
358967,6421,6475
348783,6421,6484
259325,6422,6463
353421,6422,6477
11916,6423,6489
11917,6423,6494
331795,6426,6485
353617,6426,6518
332617,6427,6494
97049,6428,6497
21363,6433,6486
207809,6433,6490
317495,6433,6494
114956,6434,6488
135220,6435,6496
262975,6439,6528
140234,6441,6503
349941,6462,6523
162698,6535,6598
324488,6539,6610
262973,6546,6648
33713,6553,6616
38227,6654,6727
279012,6655,6712
54106,6668,6727
162697,6668,6760
340661,6795,6899
63943,6796,6895
385300,6797,6841
162452,6798,6898
185805,6801,6858
151875,6805,6897
13262,6806,6873
352632,6807,6866
201760,6810,6867
335396,6815,6881
355333,6816,6880
355050,6817,6882
162449,6818,6880
287845,6824,6889
183594,7006,7048
165272,7141,7208
28070,7161,7219
317497,7177,7257
236705,7179,7236
114382,7179,7246
65085,7180,7264
260943,7196,7258
37157,7197,7257
135544,7207,7257
104052,7284,7364
93594,7307,7371
360027,7309,7375
252464,7317,7371
334032,7327,7401
382770,7340,7382
378533,7343,7400
104056,7390,7449
315163,7410,7480
241438,7417,7489
204414,7417,7502
176,7419,7492
8102,7420,7489
162455,7420,7497
252860,7421,7485
181330,7424,7488
99517,7424,7492
5394,7431,7497
216342,7438,7503
214922,7590,7653
262976,7608,7713
138162,7613,7679
162450,7615,7670
362422,7629,7679
95017,7761,7831
115792,7761,7842
263266,7764,7829
37554,7766,7835
406296,7767,7828
5021,7767,7831
177612,7770,7833
329169,7779,7840
203170,7825,7923
203171,7832,7936
203869,7943,8002
305632,7954,8020
325881,7969,8024
28847,8170,8228
28585,8171,8268
333084,8171,8273
287318,8173,8264
118642,8174,8271
185289,8176,8239
151874,8179,8244
348069,8180,8253
335644,8181,8271
121880,8184,8277
256009,8186,8275
375392,8188,8293
292927,8189,8272
28910,8191,8288
390055,8192,8250
115791,8193,8274
153032,8194,8276
348787,8194,8292
374861,8196,8257
335645,8196,8272
72789,8198,8277
353626,8199,8284
178533,8200,8267
324064,8201,8279
310162,8202,8269
353627,8202,8282
80880,8203,8288
360032,8204,8266
378532,8205,8295
138161,8206,8271
5023,8207,8278
316926,8207,8293
134517,8208,8269
333085,8208,8282
10785,8213,8281
187977,8215,8259
126380,8218,8268
36198,8221,8283
161085,8222,8285
79271,8223,8269
334031,8223,8288
353622,8223,8325
178320,8225,8286
189859,8226,8284
36900,8226,8292
41297,8231,8295
347236,8231,8301
55555,8235,8304
287319,8246,8343
28911,8249,8316
162696,8262,8340
209992,8270,8331
161563,8278,8341
381657,8278,8346
278054,8291,8357
153784,8299,8361
163981,8418,8498
55556,8444,8498
93595,8509,8624
59656,8510,8603
170303,8525,8616
392826,8528,8609
310159,8529,8638
12088,8536,8625
243259,8541,8628
48749,8542,8609
242611,8544,8643
48748,8546,8616
110216,8548,8609
362421,8548,8617
98618,8549,8627
185802,8549,8630
310160,8552,8640
386572,8557,8627
219426,8573,8635
237396,8574,8639
236266,8575,8636
157026,8577,8632
28069,8577,8638
300821,8578,8625
54606,8579,8645
260270,8581,8643
161565,8581,8660
122269,8584,8631
14812,8584,8648
350651,8610,8675
50820,8631,8693
162453,8642,8697
317588,8695,8776
7486,8699,8763
236165,8700,8764
236164,8701,8771
21875,8708,8764
2303,8710,8771
204214,8716,8760
86939,8716,8774
59655,8717,8789
258927,8718,8780
154713,8991,9044
247875,9037,9084
59614,9169,9229
37555,9177,9258
140235,9180,9256
8160,9192,9263
358170,9195,9260
301075,9268,9342
310161,9275,9340
301077,9278,9322
243261,9284,9351
199491,9287,9352
69152,9290,9356
136993,9292,9380
30249,9299,9353
171368,9326,9378
308412,9326,9396
138158,9328,9376
339830,9328,9394
250682,9329,9385
286495,9329,9399
72488,9332,9419
65967,9334,9378
69566,9397,9452
161566,9404,9477
36901,9407,9489
189863,9420,9492
5613,9422,9491
243260,9648,9705
330502,9781,9859
390057,9784,9848
380766,9786,9878
360031,9787,9850
361888,9787,9870
245898,9788,9885
342676,9791,9887
158237,9793,9857
120054,9795,9859
275572,9797,9865
393056,9800,9885
328039,9801,9887
243449,9809,9898
285184,9811,9879
68440,9812,9877
386570,9812,9881
47794,9812,9900
368581,9814,9893
314139,9815,9878
200635,9817,9890
160034,9818,9882
316020,9818,9898
234037,9820,9887
161927,9823,9898
319509,9824,9885
325882,9824,9900
132254,9825,9889
50522,9827,9889
78762,9827,9892
20301,9827,9901
74528,9828,9895
79975,9829,9892
51670,9833,9901
28076,9835,9899
269037,9836,9898
251541,9836,9900
116727,9837,9899
389295,9837,9901
110626,9940,10001
121878,10298,10351
386567,10300,10347
140238,10543,10609
104058,10550,10624
118643,10558,10642
379384,10571,10655
54112,10578,10643
54081,10578,10648
248597,10579,10640
262455,10579,10653
14148,10579,10658
59867,10581,10634
386193,10581,10642
317494,10582,10626
160947,10582,10643
163982,10582,10645
237740,10582,10650
37159,10582,10662
160033,10582,10666
96855,10584,10656
295933,10586,10652
28066,10587,10674
348232,10588,10649
242609,10590,10656
26336,10592,10656
43056,10593,10661
103682,10595,10658
238821,10595,10675
198981,10596,10657
328447,10596,10681
139780,10597,10664
63944,10597,10698
350796,10600,10658
306030,10600,10670
178321,10603,10665
112389,10606,10669
332616,10606,10712
55557,10609,10669
161765,10609,10679
153521,10609,10691
47789,10609,10695
316923,10609,10716
140237,10611,10673
214603,10612,10679
127220,10613,10662
69565,10614,10671
89837,10616,10680
47790,10617,10696
219240,10619,10682
211575,10621,10687
85156,10622,10682
92545,10623,10670
297118,10624,10687
182921,10625,10675
236163,10631,10696
119403,10635,10687
179820,10637,10688
235961,10637,10698
37556,10637,10704
386569,10774,10887
386565,10777,10891
67381,10793,10857
112387,10794,10847
35713,10794,10855
255215,10801,10857
291348,10805,10855
353105,10805,10882
262971,10808,10893
181329,10908,10971
262452,10908,10989
261121,10924,10985
360384,10929,10974
360030,10929,10985
168954,10938,10986
392062,11083,11183
331771,11086,11162
146789,11094,11169
237739,11097,11150
365282,11098,11186
242608,11101,11190
168814,11103,11145
93236,11104,11184
204565,11105,11166
14640,11105,11182
63,11107,11183
47791,11108,11186
14412,11109,11190
55946,11111,11184
87516,11114,11173
299444,11118,11184
167927,11118,11187
185345,11120,11174
36855,11120,11185
210139,11121,11182
47792,11121,11190
47793,11122,11183
51044,11124,11190
37158,11127,11190
331796,11435,11515
99516,11463,11515
317493,11463,11521
299445,11465,11531
191459,11465,11542
288374,11497,11573
252465,11500,11576
93239,11555,11653
244691,11592,11662
262971,11602,11689
24431,11604,11677
386566,11604,11687
386568,11612,11696
47795,11644,11701
335648,11768,11848
117019,11774,11853
316015,11775,11843
348526,11779,11863
136206,11779,11886
189811,11781,11883
21969,11785,11892
28065,11786,11895
243263,11789,11877
21437,11791,11898
71143,11793,11854
23631,11794,11904
28074,11801,11910
391212,11802,11915
331770,11803,11857
20347,11803,11920
353620,11805,11904
45150,11806,11869
339776,11806,11914
331772,11807,11870
341739,11810,11876
405716,11813,11912
214940,11815,11919
278083,11817,11912
373267,11821,11916
167436,11825,11906
353621,11827,11903
63945,11827,11917
189927,11829,11893
54788,11833,11894
28216,11834,11929
204325,11835,11899
63464,11836,11928
370906,11839,11939
242745,11841,11910
102680,11847,11916
261308,11847,11920
316896,11851,11939
185345,11852,11915
299447,11856,11922
132253,11859,11931
325727,11860,11929
350548,11861,11923
199490,11876,11946
138160,11885,11979
2891,11890,11948
221741,11891,11949
138156,11891,11984
112388,11908,11965
245535,12048,12109
286697,12048,12122
110627,12049,12125
235337,12049,12131
292928,12049,12137
332021,12050,12128
151876,12052,12105
262451,12053,12148
170304,12054,12133
208179,12056,12118
150454,12056,12149
143789,12057,12119
175376,12058,12133
420,12060,12123
42976,12060,12136
353624,12062,12151
110625,12063,12121
235960,12063,12133
100959,12063,12139
55259,12065,12126
207810,12065,12152
278053,12067,12132
286698,12069,12140
174880,12072,12137
4206,12073,12134
88083,12074,12137
241439,12075,12139
262453,12083,12141
262454,12083,12162
367176,12084,12125
4284,12084,12153
51092,12084,12157
159718,12085,12143
101008,12085,12146
345100,12087,12133
192738,12089,12134
5024,12091,12153
86951,12098,12161
103286,12151,12193
262969,12154,12242
157738,12163,12229
9519,12218,12297
221879,12245,12296
214489,12245,12340
243536,12247,12323
198181,12250,12352
333962,12258,12361
299446,12262,12307
345683,12263,12316
28075,12273,12323
121217,12282,12345
89913,12294,12362
64,12559,12625
390056,12559,12628
301078,12559,12634
317492,12560,12642
140236,12565,12623
2096,12566,12626
36121,12567,12633
262969,12630,12719
138159,12637,12726
189864,12723,12800
97701,12725,12799
386112,12729,12791
343970,12738,12800
30006,12741,12794
317591,12746,12817
353628,12791,12857
60956,12799,12862
288073,12801,12863
138157,12850,12969
185804,12870,12990
343969,12881,12968
295840,12884,12946
93238,12886,12962
262977,12892,12992
45794,12903,12947
94571,12915,12971
348788,12982,13054
163308,13001,13071
119163,13012,13070
67,13187,13243
361312,13188,13230
201278,13188,13241
378535,13188,13248
118644,13189,13250
181499,13189,13272
121865,13194,13241
243539,13194,13266
306845,13198,13240
162451,13329,13395
365283,13352,13432
242610,13353,13414
392223,13355,13419
161764,13356,13422
160547,13360,13423
257435,13401,13476
184204,13420,13483
59654,13421,13511
28073,13424,13513
203172,13426,13486
327046,13472,13560
316925,13474,13538
360033,13489,13592
9518,13490,13558
104059,13491,13566
185311,13492,13559
141076,13493,13564
208178,13493,13570
35768,13496,13559
278052,13499,13560
28067,13504,13590
48343,13505,13580
104057,13507,13594
93237,13510,13595
104311,13515,13579
3601,13535,13591
119551,13538,13590
350764,13539,13592
22247,13545,13593
172039,13796,13857
334013,13817,13899
112390,13838,13912
30166,13839,13902
311417,13845,13899
163724,13845,13908
57588,13846,13915
22173,13850,13901
252109,13850,13940
161086,13851,13912
157736,13851,13919
138152,13858,13919
261122,13874,13937
247873,13921,13989
138153,13925,13993
69150,14257,14358
22246,14264,14335
211650,14362,14421
262974,14614,14679
138155,14633,14677
132879,14657,14718
223223,14658,14715
285185,14681,14746
121218,14721,14787
6448,14726,14773
160032,14731,14786
315021,14737,14858
301074,14755,14862
347203,14765,14864
59657,14770,14845
36864,14770,14864
104055,14772,14825
8478,14774,14862
317589,14775,14875
380297,14780,14872
12904,14784,14832
3771,14786,14850
70567,14793,14862
155440,14796,14867
28072,14816,14894
154712,14821,14888
262014,14825,14877
235336,14828,14920
347077,14835,14918
347078,14861,14924
280643,14870,14923
262456,15049,15097
314351,15245,15326
301076,15255,15348
69153,15360,15419
140233,15369,15413
104310,15371,15478
381510,15410,15483
236708,15415,15477
295838,15436,15498
334367,15441,15498
189862,15441,15519
163309,15456,15524
155441,15460,15534
208180,15470,15531
253218,15472,15533
392392,15474,15535
158782,15480,15534
23636,15604,15657
104677,15701,15764
27742,15701,15771
262978,15701,15776
233290,15704,15759
348789,15978,16038
262976,15985,16072
136994,16075,16154
89777,16091,16165
221236,16092,16177
72492,16093,16147
243537,16093,16155
69151,16093,16167
38228,16094,16169
218880,16094,16179
51337,16094,16209
338276,16096,16181
338277,16096,16189
27741,16097,16152
55558,16097,16176
38229,16099,16167
108576,16104,16179
93347,16122,16175
191077,16122,16190
275261,16122,16194
161087,16364,16423
47796,16368,16431
211577,16394,16481
339907,16399,16500
162456,16419,16516
211576,16420,16499
59659,16434,16507
74084,16434,16529
236707,16437,16536
115790,16438,16515
347204,16439,16540
88936,16440,16513
111040,16442,16503
297119,16447,16531
253365,16449,16518
393575,16450,16539
363009,16452,16575
38226,16463,16537
299448,16480,16578
266920,16484,16536
391628,16484,16569
115583,16488,16538
346878,16491,16597
93597,16495,16617
67293,16501,16580
28068,16511,16593
298581,16513,16614
254049,16518,16585
67908,16519,16581
144749,16519,16588
65236,16519,16603
136919,16524,16604
330347,16528,16591
139368,16531,16596
255216,16532,16594
1051,16534,16598
22621,16536,16614
43065,16537,16596
245696,16539,16595
177611,16539,16598
125663,16539,16600
161567,16539,16603
74068,16539,16610
36287,16540,16602
145984,16561,16617
24432,16801,16864
317590,17004,17065
157737,17026,17087
345684,17223,17286
93240,17229,17300
22245,17231,17302
249855,17234,17303
386573,17234,17320
262974,17363,17444
70611,17426,17499
252463,17433,17526
118063,17435,17508
367161,17445,17511
288060,17471,17552
298582,17472,17537
239090,17475,17528
305181,17485,17547
347079,17487,17548
69567,17494,17544
381658,17516,17597
126,17525,17630
286694,17535,17623
72491,17536,17652
80308,17537,17618
72489,17539,17631
138154,17542,17624
200447,17544,17653
250683,17548,17618
126,17548,17642
288375,17548,17653
126,17551,17618
126,17551,17668
72490,17568,17675
310163,17582,17674
168815,17589,17649
181500,17592,17675
390054,17825,17887
141451,17825,17916
151437,17826,17921
21966,17830,17893
291851,17830,17908
181501,17830,17918
214923,17837,17923
243264,17839,17908
218703,17859,17923
37557,17951,18011
264448,17951,18031
151878,17951,18038
157647,17951,18044
142224,17951,18051
22248,17952,18024
30165,17952,18046
295066,17953,18008
19134,17953,18059
129444,17956,18019
36902,17957,18025
8738,17958,18056
252707,17960,18016
28483,17961,18013
134368,17961,18037
16430,17970,18058
184205,17975,18058
151877,17980,18059
359982,17985,18034
15961,17986,18054
243262,17990,18055
171577,17991,18053
146049,17991,18057
274545,17992,18054
265827,17994,18053
175375,17994,18058
50337,17996,18042
114622,17998,18058
