314608,158,206
248899,251,310
57240,251,316
29581,257,322
385253,380,448
3066,382,459
210627,385,458
92898,386,455
401087,389,459
52306,393,462
331667,398,462
176173,575,632
167232,580,634
289664,585,635
159803,767,820
112304,767,822
148051,770,822
30061,770,830
283334,775,846
72500,1150,1212
11739,1150,1251
137808,1151,1213
249876,1151,1258
406677,1151,1272
366167,1152,1210
79693,1153,1280
45160,1154,1244
319797,1154,1277
106450,1155,1219
308031,1156,1254
11477,1156,1285
77572,1157,1262
196137,1157,1281
50232,1158,1218
197222,1158,1240
245440,1159,1223
152984,1159,1226
113300,1160,1296
268189,1165,1230
185989,1165,1259
292339,1166,1281
11810,1179,1229
340831,1187,1271
290020,1191,1253
76280,1192,1284
158817,1193,1291
45537,1196,1264
72631,1199,1263
159055,1206,1271
177207,1468,1534
276954,1468,1542
4987,1469,1556
231192,1469,1563
207547,1469,1566
230816,1471,1529
250727,1473,1554
98183,1476,1566
328449,1482,1591
231193,1484,1566
283333,1488,1559
20379,1498,1590
186666,1502,1565
128562,1503,1566
107293,1504,1567
407683,1504,1582
141385,1509,1589
372963,1513,1581
81731,1515,1579
137806,1515,1589
267015,1520,1590
141389,1528,1604
328470,1530,1586
289666,1530,1589
294809,1531,1583
91921,1531,1595
163378,1532,1604
35966,1533,1594
365775,1534,1597
218388,1538,1598
15041,1549,1626
252428,1555,1629
404247,1559,1626
171292,1565,1622
365740,1785,1845
140234,1785,1867
352355,1785,1876
319793,1786,1848
359880,1787,1881
352474,1800,1883
172329,1801,1876
268188,1805,1882
141386,1821,1884
394365,1822,1886
355528,1851,1942
260073,1867,1932
340833,1873,1942
109961,1874,1935
324415,1878,1985
133896,1879,1938
139814,1882,1938
18603,1883,1953
317500,1885,1936
63337,1887,1945
368498,1890,1958
151985,1891,1955
324414,1892,1992
130128,1893,1943
225121,1893,1950
231191,1893,1980
349021,1894,1968
262888,1894,1973
139799,1895,1956
67712,1897,1963
86902,1901,1974
324411,1903,1963
203342,1905,1971
221629,1906,1967
179133,1906,1975
3081,1907,1988
182416,1907,1992
3082,1908,2010
281280,1909,1996
105014,1910,1975
121057,1911,1974
197665,1911,1977
203343,1912,1976
404298,1912,1999
44857,1913,1977
263957,1914,1975
226304,1915,1974
305449,1915,1982
252429,1915,2029
182417,1923,2008
136643,1928,2004
288852,1928,2009
79690,1933,2028
35968,1936,2012
212211,1940,2014
219231,1944,2029
359817,1946,2009
5847,1947,2008
64340,1947,2010
38489,1948,2011
126491,1949,2013
142837,1949,2016
204381,1951,2015
153691,1951,2019
11478,2096,2164
378499,2111,2175
403603,2112,2173
267909,2133,2213
267911,2138,2220
10520,2140,2208
340832,2140,2219
335095,2142,2204
205,2142,2210
223001,2142,2216
343189,2145,2212
82528,2309,2395
127633,2310,2374
294752,2310,2401
29582,2314,2373
328450,2314,2407
286900,2317,2397
73908,2318,2384
176987,2318,2387
367,2318,2390
346248,2318,2449
15045,2324,2401
97953,2325,2371
272674,2328,2389
172671,2337,2408
250785,2347,2407
137807,2351,2408
187541,2359,2462
250724,2363,2455
77565,2394,2497
77566,2394,2501
222997,2399,2446
289398,2400,2485
378100,2403,2470
267254,2404,2452
77569,2404,2474
79688,2406,2470
94120,2412,2480
72632,2417,2486
104848,2426,2495
199061,2430,2491
281281,2435,2481
205351,2513,2577
40487,2517,2576
340991,2530,2601
355540,2530,2609
203537,2550,2602
292605,2550,2608
276771,2555,2603
368471,2555,2609
376938,2559,2609
243348,2560,2610
349179,2562,2605
101325,2564,2608
84318,2637,2691
250721,2637,2693
250787,2669,2736
396796,2799,2860
343190,2800,2888
314609,2802,2867
94690,2805,2866
27746,2805,2868
222527,2806,2859
41590,2824,2870
295078,2987,3054
234692,2987,3062
144835,3008,3099
220519,3026,3098
220518,3029,3124
40484,3033,3100
263729,3046,3117
365773,3046,3143
201425,3049,3121
355529,3058,3114
359818,3061,3131
11741,3073,3146
252431,3088,3144
27768,3092,3146
174273,3110,3161
404598,3158,3236
111240,3171,3236
325979,3174,3240
147045,3176,3241
82529,3185,3242
355531,3360,3424
220520,3365,3488
46623,3397,3447
220526,3397,3476
250719,3397,3512
250711,3402,3491
343188,3423,3483
171290,3472,3557
279766,3480,3556
46624,3481,3543
241675,3483,3576
289663,3484,3545
193746,3484,3581
307354,3486,3565
94121,3489,3577
92587,3493,3587
182418,3494,3569
250726,3495,3573
316520,3496,3561
294751,3499,3560
275813,3500,3574
264731,3500,3584
52671,3501,3581
352591,3504,3565
140830,3504,3581
118626,3504,3625
289227,3505,3585
108152,3506,3572
348537,3508,3555
196136,3508,3621
280867,3509,3625
378640,3512,3567
140233,3516,3580
132266,3518,3586
296840,3525,3582
19494,3528,3588
358141,3528,3601
289665,3529,3605
137805,3533,3612
289668,3534,3626
395705,3535,3647
264550,3541,3659
224115,3543,3656
262887,3549,3629
348345,3555,3659
243342,3562,3634
142838,3563,3669
199062,3579,3642
366166,3581,3642
250715,3584,3665
77570,3585,3684
61823,3588,3692
117059,3596,3678
286899,3628,3694
406961,3738,3849
250712,3743,3869
125771,3750,3803
48399,3755,3816
81597,3778,3826
65542,3786,3850
276398,3796,3860
250714,3805,3895
136639,3808,3948
199981,3825,3881
233130,3827,3893
258088,3828,3936
243351,3848,3933
220522,3849,3936
39014,3859,3933
136043,3877,3951
8112,3912,3970
163674,3941,4020
174274,3945,4050
52303,3954,4047
95677,3956,4048
133759,3957,4031
335830,3959,4047
81615,3967,4040
12045,3968,4088
39015,3970,4033
197367,3970,4062
46607,3975,4033
221723,3985,4086
328448,3992,4083
174275,4045,4135
262886,4047,4139
118645,4054,4115
40485,4057,4141
64462,4059,4130
363918,4064,4157
177243,4087,4138
263731,4088,4176
137824,4132,4192
293430,4133,4195
250725,4140,4192
344607,4142,4191
77568,4142,4209
34192,4146,4192
85099,4146,4217
171293,4147,4219
44378,4161,4223
394366,4375,4428
404254,4542,4603
369512,4577,4641
320740,4733,4798
293364,4740,4797
366,4755,4818
281323,4763,4824
398952,4779,4847
153001,4780,4844
129634,4780,4858
398241,4781,4849
36766,4782,4852
395839,4789,4855
369513,4792,4886
301506,4793,4857
272890,4793,4859
295071,4799,4856
171289,4809,4871
267255,4817,4922
311755,4818,4912
148049,4823,4879
366436,4824,4891
250786,4827,4915
52298,4828,4887
196413,4830,4919
402471,4833,4883
167957,4833,4895
331666,4835,4952
127631,4838,4953
9932,4841,4938
220521,4846,4964
252433,4849,4913
361794,4851,4914
220523,4852,4972
355537,4853,4932
262891,4854,4903
273026,4855,4968
281322,4856,4915
395638,4862,4926
21141,4862,4963
361793,4870,4952
243347,4872,4950
90467,5087,5150
136642,5087,5168
221724,5088,5160
11480,5088,5163
11479,5088,5172
149645,5092,5153
115511,5097,5141
153002,5097,5160
250722,5132,5192
250709,5146,5245
45158,5148,5214
209755,5155,5216
378102,5166,5218
11740,5182,5237
72663,5197,5248
347678,5201,5261
180770,5222,5297
258686,5241,5316
110337,5360,5421
199063,5365,5431
82506,5387,5456
139813,5388,5460
88086,5396,5467
15076,5400,5462
141058,5401,5467
277080,5405,5466
84317,5409,5467
105762,5410,5468
30279,5419,5467
530,5529,5589
28877,5529,5597
384432,5529,5604
155018,5529,5612
4356,5530,5593
318322,5532,5585
376159,5548,5606
172331,5762,5858
369514,5766,5877
250713,5777,5863
59619,5780,5853
285929,5783,5844
355530,5783,5908
176730,5784,5851
172326,5785,5845
220527,5792,5899
220528,5798,5914
229868,5800,5876
281335,5801,5864
233131,5809,5877
88308,5811,5862
324413,5811,5865
283332,5812,5859
250711,5821,5915
329304,5824,5886
220524,5841,5920
171291,6128,6197
13578,6133,6198
204,6133,6204
311754,6133,6220
320487,6135,6198
127583,6136,6191
285651,6136,6195
54028,6137,6194
10972,6137,6196
18599,6137,6198
130254,6143,6197
137799,6148,6193
392694,6148,6197
49692,6148,6208
38661,6149,6198
327166,6150,6219
172633,6151,6216
310885,6152,6214
268173,6153,6216
355539,6154,6219
114591,6155,6214
250712,6217,6345
406960,6232,6335
136641,6267,6381
281318,6525,6589
281319,6526,6588
257864,6678,6747
31746,6804,6853
63336,6804,6883
331665,6807,6864
358636,6820,6885
115486,6824,6884
154924,6834,6917
1596,6912,6970
50564,6918,6994
26426,6919,6971
333106,6920,6990
294048,6924,7000
207548,6925,7012
45161,6931,7009
217199,6932,6998
386017,6933,6995
134997,6933,7001
54708,6935,7014
287341,6936,7011
205870,6939,7019
12046,6940,7017
137800,6941,7006
297354,6944,7011
7724,6944,7018
78655,6946,7010
352473,6947,7013
299234,6947,7018
398148,6948,7006
118576,6950,7011
151247,6956,7020
55368,6959,7011
407684,6962,7018
127632,7094,7160
21001,7106,7167
91846,7109,7169
207549,7109,7190
84319,7110,7172
46619,7110,7184
283102,7117,7185
6333,7123,7170
405983,7126,7194
325594,7127,7190
355543,7134,7194
106219,7137,7194
191585,7141,7216
197987,7163,7225
328453,7242,7316
198273,7246,7313
335351,7248,7335
281317,7251,7332
13142,7252,7302
206,7254,7300
45159,7254,7326
212045,7258,7329
163675,7258,7332
352472,7258,7338
94107,7259,7322
196411,7260,7326
250709,7261,7348
81598,7262,7323
168383,7276,7322
144836,7277,7365
382302,7278,7339
250706,7284,7356
304094,7372,7436
172327,7493,7562
137801,7500,7561
79692,7502,7570
271626,7508,7565
355532,7511,7568
187615,7518,7580
40486,7522,7575
355533,7666,7760
250723,7683,7758
405984,7688,7783
193748,7698,7772
98364,7711,7773
320741,7719,7795
317499,7728,7806
144833,7729,7801
23393,7734,7801
267252,7743,7802
233281,7753,7800
105012,7762,7829
328454,7762,7856
404599,7765,7822
149847,7765,7828
55311,7766,7832
285779,7767,7886
333105,7777,7843
262889,7794,7900
194913,7800,7900
81991,7806,7899
214871,7815,7900
211235,7827,7890
23305,7828,7901
205176,7829,7886
15043,7829,7890
250706,7846,7905
81992,7853,7912
238866,7870,7936
250714,7885,7979
140235,7886,7974
3085,7887,7937
113655,7887,7977
238867,7944,8009
177495,8048,8118
102217,8048,8125
3315,8048,8159
252432,8065,8176
250453,8070,8174
276397,8078,8145
262890,8078,8154
176176,8088,8199
167955,8092,8167
319796,8096,8202
137811,8099,8177
250715,8099,8188
167956,8099,8200
365741,8100,8204
3083,8103,8195
328451,8111,8206
68892,8117,8194
129239,8128,8192
255830,8128,8209
52496,8129,8193
281338,8129,8196
278021,8129,8226
28910,8130,8218
137809,8133,8200
77567,8154,8208
5361,8160,8225
7497,8162,8220
211487,8261,8321
264401,8264,8327
407504,8273,8330
79686,8294,8358
202793,8296,8362
40488,8297,8354
283335,8301,8360
196598,8486,8539
375932,8486,8554
365776,8488,8550
137802,8491,8558
281320,8494,8570
352356,8496,8559
61932,8499,8573
345812,8502,8572
379531,8504,8570
205192,8511,8577
250721,8515,8577
43168,8534,8588
32032,8641,8703
102218,8653,8716
159004,8676,8732
349022,8677,8761
352357,8682,8747
324412,8683,8765
250717,8698,8824
328471,8709,8817
250716,8713,8872
168362,8716,8781
343191,8717,8791
46622,8717,8800
250720,8734,8859
355535,8743,8835
394090,8765,8872
394092,8781,8843
355534,8792,8866
34208,8812,8889
343193,8814,8901
343194,8819,8904
136640,8824,8931
369664,8825,8885
263738,8827,8900
176175,8828,8891
206443,8829,8890
252436,8834,8895
136638,8865,8928
394089,8871,8957
280707,8890,9019
45267,8898,9016
220529,8908,9019
407549,8910,9017
214753,8920,9020
229332,8921,9010
18582,8930,9018
45268,8931,9016
46621,8952,9014
84050,8952,9017
384820,8972,9016
250713,9080,9152
220533,9080,9183
366165,9081,9145
250719,9111,9217
311756,9180,9241
375408,9223,9287
263735,9238,9381
319795,9242,9301
263730,9244,9369
263728,9278,9365
263733,9283,9383
97949,9318,9391
159058,9325,9389
273858,9326,9392
355536,9327,9412
50566,9329,9409
73382,9330,9394
204666,9331,9391
18601,9334,9408
382058,9339,9423
91988,9341,9413
382057,9349,9417
365774,9351,9414
15044,9374,9452
345650,9396,9457
343117,9403,9453
220530,9487,9543
79687,9503,9595
327167,9504,9586
141388,9509,9629
273027,9520,9635
335352,9526,9639
158818,9528,9626
263740,9530,9641
18596,9531,9593
43862,9531,9632
2801,9534,9633
263739,9535,9652
5728,9536,9601
5526,9536,9639
262892,9536,9669
16888,9537,9604
349645,9537,9648
394091,9537,9657
276399,9539,9612
2801,9539,9617
24983,9546,9632
176174,9548,9659
365579,9549,9634
133983,9550,9613
88476,9552,9659
194961,9564,9627
46671,9566,9656
21143,9567,9627
102220,9569,9626
127634,9573,9667
205554,9599,9661
366435,9603,9677
252438,9617,9673
113656,9618,9696
168384,9625,9729
378103,9628,9730
220291,9630,9723
169774,9632,9698
88309,9633,9766
327400,9635,9700
180149,9635,9707
97952,9653,9709
231196,9653,9714
359259,9654,9718
18047,9654,9720
126443,9654,9727
161820,9657,9718
237483,9658,9725
4992,9659,9720
212612,9659,9730
120803,9661,9724
250718,9662,9730
125218,9663,9718
363917,9664,9774
56153,9669,9730
182185,9677,9745
362898,9677,9770
88740,9681,9728
117938,9691,9757
401650,9710,9773
149402,9710,9775
263737,9880,9979
13390,9902,9993
57972,9906,9995
384904,9909,9974
267910,9910,10007
168385,9989,10059
248900,9997,10059
69935,10002,10066
384821,10003,10078
55126,10003,10123
158659,10006,10058
133897,10007,10069
260072,10009,10077
7493,10016,10086
7495,10018,10082
340992,10018,10100
26425,10021,10087
398953,10028,10096
89993,10032,10096
271625,10035,10113
4276,10036,10100
340834,10040,10142
55127,10044,10130
319492,10045,10126
188299,10054,10129
220525,10056,10130
87991,10060,10127
101409,10060,10130
172330,10063,10194
355544,10067,10164
238552,10069,10132
102159,10071,10132
303799,10071,10176
268172,10073,10136
64790,10073,10154
319489,10073,10171
328975,10081,10154
277081,10086,10148
283962,10088,10175
300473,10096,10186
355538,10104,10173
287796,10135,10196
369424,10300,10385
267253,10304,10372
18597,10307,10376
272891,10308,10396
372230,10310,10372
314610,10312,10374
137047,10330,10382
129105,10331,10393
45281,10332,10385
121327,10335,10397
162695,10336,10398
255669,10338,10393
162792,10339,10397
345830,10341,10414
91985,10434,10502
21142,10437,10506
250788,10440,10505
262894,10446,10507
321138,10448,10512
182419,10448,10518
186668,10448,10524
392693,10448,10533
91657,10449,10511
307352,10453,10499
177015,10453,10529
6308,10457,10524
390776,10459,10510
196412,10459,10527
289670,10460,10550
141390,10463,10524
261748,10463,10534
141392,10463,10539
166453,10464,10537
97018,10466,10511
246071,10467,10532
239385,10467,10539
137812,10468,10556
3975,10470,10543
238868,10473,10544
114449,10474,10536
365744,10476,10525
127585,10476,10553
114447,10477,10538
357331,10477,10542
365778,10478,10540
12047,10478,10564
114446,10479,10546
13570,10484,10551
159802,10487,10555
172635,10494,10586
92940,10496,10557
242658,10497,10583
137810,10497,10600
187366,10498,10549
89366,10498,10567
133575,10498,10579
281321,10500,10576
45269,10501,10582
78634,10503,10564
95076,10506,10571
243341,10506,10594
175008,10509,10561
94931,10512,10573
151934,10513,10585
47133,10515,10573
45270,10518,10607
194912,10519,10589
359819,10525,10586
250724,10525,10619
77571,10567,10645
243349,10574,10649
163676,10583,10671
267897,10590,10652
40428,10591,10672
407685,10591,10689
119250,10592,10675
114445,10593,10668
359881,10593,10688
190326,10596,10719
127584,10597,10681
302014,10598,10672
199064,10603,10668
153609,10605,10669
262893,10613,10680
297912,10615,10683
220531,10615,10690
365777,10622,10686
344117,10623,10685
25343,10623,10702
266644,10625,10699
18602,10628,10705
350800,10629,10692
132264,10629,10716
202792,10631,10695
164454,10634,10697
31342,10638,10716
68893,10644,10710
8112,10645,10718
345519,10647,10710
147803,10652,10713
372913,10653,10715
332230,10667,10719
268171,10783,10888
105013,10788,10867
132262,10814,10882
332418,10897,10963
91845,10977,11038
407686,10978,11039
81993,10978,11042
125219,10979,11037
208,10979,11048
372232,10981,11043
21144,10982,11073
264460,10983,11037
21145,10985,11082
346249,10986,11071
262311,10990,11043
19060,10994,11037
311757,11005,11077
125221,11034,11123
43059,11041,11102
125222,11041,11132
99510,11058,11131
363915,11079,11160
109310,11086,11180
14280,11087,11149
130961,11087,11162
144834,11094,11176
391562,11096,11177
186667,11096,11188
406422,11098,11163
109179,11098,11175
39016,11099,11161
324417,11100,11174
91986,11103,11169
55128,11106,11188
70326,11106,11201
382303,11108,11170
105750,11109,11186
167959,11109,11194
382304,11111,11188
25724,11111,11197
332450,11113,11176
397448,11116,11203
2561,11118,11200
25724,11119,11185
138068,11122,11194
363509,11128,11193
84121,11130,11195
167958,11132,11206
5729,11142,11196
220699,11227,11331
328974,11240,11329
177496,11245,11352
118511,11250,11332
378682,11254,11332
250722,11255,11329
176270,11257,11337
51454,11257,11343
118512,11263,11322
161821,11273,11340
277813,11276,11341
227081,11279,11341
27361,11281,11328
159804,11281,11351
108151,11283,11342
348154,11285,11353
187543,11287,11371
23049,11316,11379
174276,11435,11488
294753,11435,11514
102344,11439,11503
10522,11442,11514
346118,11470,11553
269723,11473,11563
347679,11477,11551
52885,11482,11599
220532,11483,11550
269722,11483,11602
47889,11489,11552
264657,11490,11549
334686,11491,11551
250710,11492,11579
368826,11493,11548
365496,11494,11560
280706,11494,11565
91987,11494,11601
107093,11495,11559
209,11495,11571
4993,11496,11562
340695,11497,11547
367429,11499,11581
4990,11500,11561
240589,11500,11572
275381,11500,11587
79684,11501,11582
268174,11503,11594
123379,11507,11595
79691,11508,11581
197610,11509,11562
86621,11509,11579
365742,11510,11563
112305,11510,11584
11736,11511,11597
111258,11512,11570
194176,11512,11573
79685,11512,11588
52300,11513,11562
109992,11513,11592
114444,11513,11601
394950,11514,11582
247510,11517,11576
19773,11517,11578
275380,11519,11595
379532,11520,11593
5963,11522,11589
366437,11524,11610
231194,11526,11590
279838,11530,11604
95977,11532,11598
379533,11533,11617
255668,11535,11577
352477,11535,11596
81596,11536,11611
340836,11536,11618
46670,11540,11607
27881,11541,11604
133898,11542,11606
111260,11549,11611
179459,11555,11606
172328,11555,11616
272889,11617,11691
221727,11620,11687
196134,11620,11694
242653,11621,11692
391708,11625,11691
72261,11626,11690
196135,11627,11703
161819,11648,11709
372231,11654,11709
27769,11655,11714
137803,11657,11709
148050,11661,11724
394093,11670,11773
250708,11773,11902
137804,11791,11875
71915,11866,11930
324416,11867,11915
285652,11869,11932
79689,11870,11930
55129,11871,11932
199065,11942,12004
127316,11943,12002
110336,11943,12005
6332,11946,12003
11738,11948,12003
395639,11986,12067
352476,11987,12089
176271,12041,12105
7496,12047,12102
352478,12085,12153
232142,12088,12184
130255,12092,12167
24250,12094,12181
293431,12098,12167
359621,12105,12168
11481,12109,12189
373658,12111,12179
227252,12111,12197
76153,12114,12177
140982,12116,12169
21930,12116,12185
280866,12116,12194
109432,12117,12190
69646,12119,12182
207,12122,12191
378500,12125,12184
352475,12125,12192
11737,12128,12191
10521,12136,12191
142262,12137,12184
246070,12137,12190
319794,12141,12189
175944,12143,12198
105010,12144,12193
252434,12257,12370
111259,12260,12331
395702,12264,12331
268190,12277,12342
281336,12277,12368
118513,12279,12350
383485,12279,12354
20660,12289,12369
159057,12300,12390
347680,12304,12394
52305,12306,12375
105011,12308,12369
40689,12308,12399
339203,12311,12389
46620,12313,12387
81385,12313,12393
193749,12315,12395
69344,12315,12400
106219,12316,12385
3084,12317,12370
18731,12317,12394
52302,12318,12399
74140,12334,12400
365745,12339,12391
66574,12473,12528
52309,12475,12525
123380,12487,12544
387751,12627,12710
90549,12631,12729
378680,12631,12754
22973,12632,12736
308032,12635,12751
14417,12637,12707
43060,12640,12701
30289,12647,12765
137813,12647,12769
252435,12649,12740
319491,12656,12751
319490,12658,12749
221728,12658,12752
66835,12664,12753
6777,12667,12756
10622,12667,12760
886,12669,12780
137814,12671,12751
365746,12671,12756
294754,12672,12728
378101,12673,12757
402618,12676,12732
335353,12676,12771
141391,12677,12756
52307,12682,12750
886,12683,12758
263736,12686,12813
328452,12689,12757
262274,12719,12792
375931,12720,12789
378681,12724,12819
263301,12739,12837
404253,12740,12811
112295,12746,12838
56653,12750,12811
12939,12755,12843
140237,12762,12814
42045,12767,12838
160382,12768,12845
73071,12771,12837
23829,12772,12836
28102,12774,12839
29583,12775,12838
172634,12777,12842
57900,12778,12840
27914,12778,12846
113657,12782,12846
252430,12783,12847
54412,12783,12864
359882,12788,12841
349474,12792,12840
26424,12792,12859
250727,12793,12862
186669,12798,12861
31403,12802,12891
387750,12820,12893
209841,12838,12908
159806,12842,12906
221726,12845,12910
151936,12847,12913
164456,12848,12903
231195,12848,12910
156790,12862,12916
372640,12863,12918
281974,12867,12936
359622,12867,12942
294565,13031,13122
108153,13052,13122
243199,13064,13116
157192,13076,13123
52301,13172,13236
233132,13237,13303
113414,13243,13315
177497,13244,13353
340835,13253,13365
18600,13260,13374
194185,13262,13351
179134,13264,13349
129241,13267,13342
92899,13267,13351
326435,13270,13331
12048,13270,13351
399896,13273,13339
205802,13273,13345
1859,13273,13355
159059,13273,13373
407548,13276,13381
372912,13277,13337
181213,13277,13366
35497,13278,13338
108910,13279,13376
18594,13281,13373
38524,13281,13378
86901,13283,13384
125220,13285,13375
243615,13286,13356
186565,13287,13349
28097,13287,13373
172324,13288,13336
612,13290,13373
265104,13293,13377
35967,13298,13374
86681,13298,13402
144837,13300,13352
6719,13300,13371
28098,13301,13383
268191,13306,13373
174277,13309,13384
408016,13313,13385
163677,13314,13372
27768,13314,13381
23972,13314,13388
52308,13316,13385
50565,13318,13375
368470,13338,13392
250717,13341,13467
192004,13344,13410
289667,13365,13431
250716,13366,13509
343191,13369,13432
343192,13378,13439
250707,13391,13521
355542,13395,13486
109311,13413,13498
220534,13413,13521
355541,13420,13495
263734,13428,13493
172636,13487,13576
52299,13611,13678
397449,13612,13682
300718,13613,13676
177743,13614,13677
358283,13615,13679
6325,13617,13678
177244,13618,13679
243350,13627,13698
378639,13628,13683
386785,13634,13689
319798,13643,13736
250725,13651,13723
327612,13659,13725
230815,13665,13724
263732,13665,13726
42663,13668,13730
404297,13681,13734
208262,13681,13738
40361,13771,13823
22895,13774,13830
250708,13790,13912
307911,13807,13890
250710,13810,13893
250723,13812,13880
97558,13841,13915
91844,13844,13908
384819,13854,13922
68858,13855,13919
39419,13858,13908
307353,13859,13916
7494,13861,13918
4714,13864,13917
247187,13867,13919
331664,13875,13923
395703,13877,13938
132265,13878,13926
189109,13892,13939
141387,13990,14042
221973,14002,14064
47627,14033,14096
161019,14088,14144
276732,14203,14245
250789,14203,14255
177498,14215,14277
375930,14215,14281
2210,14259,14330
1157,14290,14352
4873,14292,14354
294808,14302,14384
262895,14307,14376
361299,14420,14481
187542,14428,14494
252439,14436,14550
126390,14437,14498
15937,14445,14499
91298,14445,14534
246481,14445,14545
272892,14447,14532
369425,14448,14509
140236,14450,14512
46213,14452,14542
281324,14453,14538
341437,14458,14531
28098,14458,14540
193747,14459,14524
128984,14460,14532
121282,14474,14539
395704,14481,14571
250726,14488,14549
281830,14489,14567
60640,14490,14543
215006,14490,14552
363916,14499,14550
317158,14500,14578
345811,14522,14585
289669,14563,14649
168362,14579,14646
250720,14600,14720
250707,14608,14742
213276,14853,14946
340837,14873,14941
340839,14874,14937
111239,14874,14946
392692,14875,14968
365497,14880,14938
343195,14882,14943
263741,14882,14968
89367,14885,14968
119745,14886,14999
12567,14896,14945
21305,14900,14990
190326,14900,15026
217611,14901,14969
21146,14901,14976
241047,14901,14987
365779,14901,15004
151935,14901,15010
250718,14905,14990
207425,14906,14966
110335,14907,14987
110052,14908,14979
73737,14908,15020
207426,14910,14999
205803,14912,14975
18595,14912,14980
159060,14912,15003
142831,14914,14978
91299,14916,14978
204665,14916,14984
264732,14917,14991
229869,14918,14981
348187,14921,14985
77573,14922,14978
266645,14923,14986
359895,14925,14986
117912,14925,14988
42047,14928,15018
222998,14932,14994
19751,14936,15018
159805,14943,15006
35969,14946,15019
132263,14947,15010
302015,14947,15013
2096,14950,15017
192331,14951,15012
159056,14952,15015
30459,14956,15018
355825,14959,15026
15040,15077,15164
207550,15079,15177
20389,15084,15178
207551,15089,15177
354410,15095,15186
252437,15097,15190
273028,15098,15165
294564,15100,15168
9201,15100,15177
4991,15102,15178
15042,15102,15190
252647,15104,15203
354478,15107,15180
221725,15121,15188
4849,15122,15195
18799,15124,15193
129240,15125,15190
59288,15127,15203
172325,15137,15203
123881,15137,15211
268068,15140,15201
54707,15147,15206
307513,15149,15228
115357,15149,15261
47899,15155,15199
57697,15162,15235
140238,15169,15247
383486,15205,15264
365743,15215,15280
340838,15215,15332
52304,15216,15278
102219,15216,15290
105761,15218,15282
114448,15230,15300
376976,15242,15317
83531,15421,15508
18598,15425,15508
281337,15430,15509
1601,15435,15508
