148796,130,247
182547,131,256
46490,133,221
45231,133,299
334777,134,233
135689,134,237
112588,134,280
31755,136,287
159372,140,257
290635,141,233
333,142,295
172088,145,283
164073,146,247
22021,146,294
16372,147,224
2516,150,243
95960,151,236
75874,152,221
254831,153,322
362233,155,216
75873,157,316
318621,158,226
178337,160,223
120282,161,231
104649,163,220
334778,163,300
391698,165,217
95961,165,236
6359,181,314
5609,184,295
148797,189,294
288111,190,307
264101,208,316
188825,215,291
46489,217,316
65325,220,312
404935,223,319
89854,225,338
331460,225,376
283506,227,317
254830,229,290
355919,229,294
19560,232,303
202425,233,294
229967,233,331
108093,234,296
254828,236,298
1580,236,300
125314,236,329
95960,237,331
365483,238,325
209580,242,326
276821,244,343
319656,249,303
355959,250,325
242743,250,375
145391,254,316
145178,256,318
344634,256,322
331458,259,320
95961,260,331
95588,265,381
30325,269,341
89310,318,400
89311,351,443
25347,377,443
288109,478,542
175756,478,555
349129,478,561
25348,480,567
29847,480,577
10215,480,596
331670,481,542
331456,482,571
223403,486,574
288137,487,576
242744,487,593
8102,488,573
126165,492,566
49100,492,573
386985,495,572
18883,499,561
228749,501,591
262339,503,572
242480,504,560
37455,504,577
95978,506,588
43164,506,595
170658,511,574
276820,513,595
276457,515,572
28080,516,573
206624,518,595
33291,519,592
195064,521,572
82951,521,588
250533,522,575
250532,522,595
212593,523,579
85028,527,592
126036,528,591
351223,529,595
338212,530,590
314740,532,593
281362,536,594
352532,539,595
197024,642,699
118709,642,706
37033,642,708
45232,650,724
235145,654,717
134544,658,723
351225,659,724
181138,681,724
198483,777,829
5610,777,842
61474,950,1051
317353,1064,1189
36182,1070,1174
338427,1076,1186
37036,1085,1157
336946,1085,1203
206514,1085,1208
231710,1086,1151
295668,1088,1210
300147,1089,1153
37035,1105,1192
234971,1105,1215
45076,1105,1224
45104,1108,1174
282411,1108,1216
26133,1112,1224
309737,1120,1227
45234,1123,1224
368829,1131,1189
324752,1137,1190
181140,1138,1192
45233,1254,1313
385163,1522,1566
81693,1522,1579
256521,1522,1584
246794,1523,1578
302457,1525,1576
27822,1534,1597
207071,1535,1612
219626,1544,1610
117818,1563,1612
112566,1571,1612
350978,1662,1721
162043,1836,1917
162041,1837,1920
162042,1840,1922
302150,1841,1907
4476,1842,1910
78172,1852,1898
108095,1855,1922
111149,1858,1926
314291,1861,1926
61471,1864,1925
221010,1864,1936
31782,1865,1951
212687,1866,1927
288110,1867,1956
104533,1869,1924
401098,1871,1927
250529,1874,1942
27310,1879,1944
40220,1880,1955
368760,1881,1949
179194,1887,1949
2671,1888,1937
45230,1891,1954
186052,1891,1956
12000,1905,1956
121478,2040,2112
302841,2041,2093
269209,2042,2110
157710,2049,2107
2669,2049,2112
302152,2050,2116
30797,2053,2119
42701,2055,2120
6240,2056,2118
302151,2057,2120
181136,2058,2121
388527,2073,2119
352533,2338,2432
105844,2342,2434
108622,2358,2435
79448,2368,2437
111150,2378,2431
129880,2378,2443
79324,2378,2448
405596,2431,2500
331457,2433,2501
330743,2442,2503
92937,2442,2508
26132,2444,2501
189362,2445,2512
64275,2445,2520
109341,2445,2526
288210,2445,2532
276459,2446,2500
154658,2447,2501
97709,2450,2533
301388,2451,2516
81692,2451,2539
14212,2456,2520
346155,2458,2522
288112,2458,2550
288211,2460,2544
105840,2462,2528
314510,2465,2526
240208,2472,2539
95975,2507,2595
136638,2517,2576
95976,2520,2608
136639,2547,2677
377003,2599,2697
398307,2603,2678
211355,2604,2666
109340,2604,2682
21146,2606,2668
228195,2606,2688
78422,2607,2674
403543,2620,2695
136073,2628,2692
236080,2631,2691
83171,2637,2699
399908,2973,3034
80714,2975,3039
219623,2981,3033
280801,2982,3047
324753,2983,3050
314292,2984,3048
151061,2985,3051
295666,2986,3049
248454,2988,3046
56434,2988,3050
404936,2989,3073
404937,2989,3104
139931,2990,3052
264100,2991,3048
95587,2992,3049
208830,3011,3084
404938,3015,3112
72232,3023,3086
276460,3034,3084
188828,3034,3088
276458,3039,3093
275869,3047,3102
222272,3048,3120
41398,3050,3107
235835,3197,3249
162040,3220,3283
334651,3220,3286
95973,3221,3279
139932,3223,3282
68458,3239,3330
278174,3248,3312
276880,3384,3442
268859,3518,3575
95969,3718,3805
256017,3959,4064
212764,3967,4077
108092,3987,4065
211181,3993,4066
223395,3993,4071
95967,3993,4083
223402,3999,4080
188732,4149,4210
270106,4150,4208
11009,4154,4212
95972,4307,4397
95965,4307,4404
219627,4341,4392
404223,4346,4402
264099,4350,4424
273853,4355,4426
178340,4387,4454
62382,4398,4459
241301,4486,4560
95977,4620,4703
82120,4621,4676
228196,4654,4707
250531,4667,4730
355920,4669,4753
25342,4675,4731
30798,4676,4734
70698,4680,4734
181135,4681,4732
232156,4687,4733
109342,4694,4800
338328,4695,4764
134078,4704,4759
25349,4706,4765
154472,4711,4772
138544,4712,4766
252082,4713,4773
161743,4713,4789
145405,4715,4778
306622,4719,4785
219625,4729,4788
95968,4736,4863
95965,4764,4869
181139,4770,4865
4592,4781,4844
295667,4788,4876
405598,4799,4856
79450,4799,4867
175715,4800,4863
223397,4801,4864
363258,4805,4869
384970,4837,4905
82299,4840,4899
223398,4892,4975
219622,4894,4974
223401,4896,4967
87945,4907,4975
256015,4914,4972
95969,5022,5114
227358,5089,5135
371187,5213,5309
108189,5215,5279
223396,5219,5307
95967,5220,5298
212763,5222,5310
81384,5255,5348
439,5256,5328
6071,5268,5367
355922,5279,5350
124589,5281,5343
89858,5281,5346
326136,5283,5346
81385,5283,5354
398309,5284,5340
23379,5285,5346
166586,5286,5362
282410,5337,5399
248456,5343,5414
109343,5540,5598
108094,5546,5629
25345,5549,5626
179195,5560,5645
257050,5577,5638
170753,5577,5641
170752,5577,5644
112812,5580,5642
157711,5583,5644
350399,5759,5811
127246,5759,5817
250028,5759,5820
368099,5759,5831
317354,5759,5850
361630,5761,5836
398308,5763,5811
9184,5763,5826
158214,5772,5826
247753,5792,5853
56670,5856,5940
361629,5881,5950
101605,5885,5973
52781,5899,5964
5726,5905,5974
235146,5908,5971
140706,5912,5994
76761,5954,6024
95968,5959,6086
95972,5989,6085
107539,6007,6068
366126,6008,6073
16373,6019,6094
75872,6022,6091
305843,6023,6080
105179,6026,6091
398311,6093,6174
398310,6101,6175
111151,6113,6172
404224,6237,6288
131159,6239,6294
79449,6248,6314
408028,6285,6360
303275,6304,6366
368761,6304,6399
401515,6306,6391
401514,6310,6391
26155,6315,6377
313504,6316,6396
40269,6317,6383
314290,6317,6394
309738,6319,6381
36240,6319,6389
27315,6320,6382
65116,6323,6382
108090,6323,6408
288113,6329,6404
264582,6336,6379
280800,6343,6428
371186,6344,6417
242479,6346,6395
252133,6355,6419
264808,6388,6459
399691,6392,6455
103866,6392,6462
95973,6394,6461
250949,6400,6461
251397,6404,6495
299263,6406,6476
95974,6409,6473
181137,6410,6489
265278,6411,6471
226316,6412,6481
107245,6413,6478
121479,6414,6485
45075,6426,6476
53822,6427,6474
8552,6427,6477
174880,6427,6479
336945,6487,6543
110250,6601,6684
9971,6635,6687
147384,6678,6774
268300,6680,6743
351226,6681,6752
82301,6682,6771
95970,6743,6803
287892,6866,6949
37034,6867,6935
212762,6875,6936
223400,6875,6977
68351,6884,6981
382419,6886,6955
25344,6887,6958
71534,6888,6981
25341,6888,6997
403413,6890,6977
35395,6891,6960
309736,6894,6963
223399,6898,6977
305844,6900,6975
301800,6903,6996
181141,6904,6958
17682,6904,6966
79451,6904,6998
19889,6908,6972
20649,6909,6994
181142,6912,6975
2670,6914,6998
38877,6921,6969
254832,6926,6990
59082,6928,6995
396566,6931,6995
231018,6938,6992
215153,6938,6994
81691,6942,6995
45236,7052,7116
223681,7059,7122
256680,7068,7139
177258,7085,7137
250530,7101,7163
283695,7124,7205
95971,7133,7244
383389,7136,7199
320923,7136,7207
145404,7142,7203
203189,7142,7235
193292,7148,7203
378844,7148,7239
30,7151,7228
98737,7151,7233
395794,7154,7234
236079,7155,7201
7562,7155,7220
112450,7155,7241
314511,7156,7225
132293,7156,7236
5407,7156,7243
129629,7157,7231
287469,7157,7240
327388,7158,7228
2668,7159,7223
355964,7161,7223
111152,7163,7226
297913,7166,7230
317509,7167,7228
61472,7183,7244
14174,7189,7243
5611,7277,7349
145179,7277,7352
230281,7280,7327
172238,7400,7465
221012,7402,7471
135650,7403,7468
215967,7413,7478
9972,7416,7478
40268,7420,7494
126426,7430,7471
355961,7442,7497
364026,7599,7658
177778,7605,7667
25340,7611,7695
105841,7617,7699
119147,7620,7696
28377,7621,7682
329928,7624,7709
250030,7625,7688
301007,7640,7702
854,7645,7706
238926,7646,7710
311016,7647,7709
302153,7833,7892
351224,7848,7927
202568,7873,7935
47180,7884,7962
355921,7891,7987
367399,7895,7956
319271,7896,7951
385164,7896,7966
199881,7897,7961
35195,7899,7962
136499,7900,7963
265277,7900,7965
269579,7900,7970
177786,7902,7966
134204,7903,7965
35418,7911,7964
105842,7917,7967
233013,7986,8044
38755,7988,8058
124600,8004,8045
405595,8004,8069
1579,8020,8088
95959,8022,8125
304978,8045,8118
79452,8046,8101
81690,8054,8165
268858,8079,8149
95959,8083,8174
26134,8088,8158
280494,8121,8204
225662,8129,8205
355962,8132,8186
95970,8136,8201
112811,8140,8202
323123,8143,8205
385162,8147,8204
322553,8155,8205
20827,8316,8420
114449,8320,8382
81386,8320,8400
318243,8320,8404
51217,8321,8385
4144,8322,8403
177483,8322,8415
188826,8322,8419
268135,8322,8423
314293,8323,8382
221011,8324,8387
50362,8327,8405
250535,8327,8427
161519,8329,8397
324755,8330,8440
287891,8331,8404
219624,8334,8405
64198,8335,8402
25346,8336,8433
273855,8337,8427
7213,8338,8412
254829,8341,8409
270107,8341,8467
68788,8342,8400
99120,8343,8408
185863,8343,8422
73028,8346,8462
179210,8347,8412
280799,8350,8460
178341,8354,8439
45237,8359,8428
324756,8359,8460
95589,8361,8421
306623,8363,8433
178317,8377,8447
96467,8381,8454
184662,8388,8466
294907,8534,8597
290888,8534,8630
276822,8539,8603
304463,8541,8605
380123,8543,8618
177785,8573,8619
362756,8574,8635
375623,8584,8658
338211,8586,8663
163016,8588,8692
181469,8589,8656
185455,8590,8680
16377,8592,8659
56671,8592,8663
110249,8593,8656
111211,8593,8674
166161,8593,8680
304706,8595,8659
30645,8596,8671
19577,8596,8704
50401,8597,8659
310379,8597,8661
311615,8597,8674
172239,8597,8685
94838,8598,8660
95971,8598,8708
35506,8599,8670
335722,8601,8691
323951,8601,8699
335723,8601,8706
22776,8612,8680
263776,8613,8675
6081,8613,8682
30646,8614,8686
321811,8615,8684
286007,8616,8677
314841,8616,8699
408654,8617,8678
161518,8626,8688
157714,8850,8912
45074,8850,8915
211341,8855,8916
95962,8855,8938
157713,8857,8933
105843,8860,8947
355963,8880,8971
89776,8882,8955
355960,8884,8964
105845,8884,8975
350628,8885,8957
57225,8885,8968
246889,8886,8950
256016,8891,8978
273854,8896,8957
177481,8902,8982
1346,8903,8968
136643,8906,8964
235147,8906,8991
138543,8907,8972
95978,8907,8982
403412,8910,8996
108091,8914,9016
354456,8915,8993
79455,8916,8995
47980,8918,8988
176,8920,8992
287890,8920,9008
81483,8920,9012
1581,8921,8986
97339,8921,9004
206556,8922,8993
43330,8923,8982
237903,8926,8982
49430,8926,8987
45235,8926,8990
126164,8926,9012
340342,8927,8975
49589,8928,9005
77704,8929,9002
56829,8931,8990
90922,8936,8991
79453,8938,8992
144,8939,8998
163017,8943,9018
3975,8944,8992
283696,8944,9005
181217,8947,9004
188827,8947,9021
95964,9037,9117
95962,9047,9136
82300,9049,9114
286762,9050,9115
355923,9063,9129
151062,9068,9130
292338,9069,9132
40221,9071,9131
139930,9092,9163
130091,9093,9140
138542,9254,9309
138545,9254,9315
95964,9269,9364
286761,9296,9362
63385,9328,9401
59292,9585,9639
43441,9644,9710
127247,9648,9705
120893,9648,9716
7810,9649,9711
405594,9654,9716
295421,9656,9716
320469,9659,9717
61475,9763,9821
179211,9764,9828
25351,9764,9833
118574,9782,9839
136640,9797,9904
4145,9798,9856
111153,9799,9851
55796,9801,9861
192337,9802,9863
124599,9805,9846
127338,9810,9859
95975,9817,9921
95976,9836,9938
68457,9845,9919
136641,9856,9966
204940,9859,9935
398027,9866,9949
27312,9871,9966
302550,9922,9992
177777,9922,9997
81387,9922,10003
311353,9924,9991
320822,9924,10001
157712,9929,9992
303778,9931,9991
79801,9931,9994
386986,9931,10003
219628,9933,9991
139933,9935,9982
179196,9935,9993
355032,9935,9997
248457,9935,10003
248455,9936,9992
163018,9936,10005
65326,9943,9992
101762,9947,10003
327852,9950,10006
73533,9958,10005
187041,10016,10077
366608,10019,10067
324754,10103,10168
250534,10114,10169
350979,10114,10173
386987,10116,10189
212760,10118,10192
49355,10173,10230
366706,10174,10239
59891,10184,10250
318622,10185,10246
149619,10188,10312
147331,10201,10265
221013,10208,10307
161166,10211,10306
331459,10211,10309
9170,10217,10308
216596,10221,10307
188829,10238,10306
321971,10245,10307
314294,10283,10352
377004,10290,10352
126786,10423,10483
61473,10586,10638
27313,10590,10656
137261,10604,10676
170987,10931,11016
212761,10938,11025
310325,10939,11006
380022,10943,11018
370056,10945,11015
280798,10949,11024
315896,10953,11018
1952,10954,11015
55029,10956,11015
248581,10974,11024
95966,11232,11349
109163,11252,11332
273856,11261,11355
323690,11264,11333
338329,11265,11355
89856,11267,11347
338327,11268,11369
50372,11270,11348
22621,11283,11346
89855,11286,11357
288396,11288,11336
269614,11289,11353
408029,11290,11368
309051,11294,11360
368578,11295,11352
89857,11295,11374
89859,11295,11379
31342,11296,11354
27314,11297,11372
9185,11302,11359
269868,11308,11372
388207,11311,11369
90427,11313,11377
49588,11314,11379
302505,11315,11368
95966,11713,11835
382420,11720,11826
163015,11753,11812
177240,11753,11828
176252,11760,11824
105846,11762,11829
326581,11763,11812
176251,11764,11824
35419,11915,11977
19964,11918,12004
177484,11918,12014
136642,11932,12024
177482,11977,12050
95977,12197,12267
25343,12205,12266
79970,12216,12266
95592,12455,12558
25350,12456,12532
95591,12457,12522
268176,12457,12548
248582,12492,12560
88537,12904,12974
159373,12911,12967
76300,12911,12973
109344,12912,12970
69003,12918,12974
324757,13325,13371
226317,13325,13388
246888,13326,13372
386673,13326,13378
79454,13328,13382
219629,13328,13385
374464,13329,13381
257377,13329,13384
222142,13331,13382
182512,13332,13378
68459,13333,13384
315870,13333,13386
295669,13334,13377
95974,13334,13388
185456,13336,13418
314739,13550,13616
351227,13551,13643
118136,13554,13617
308594,13671,13771
371185,13673,13782
161745,13690,13770
166162,13696,13767
188608,13700,13758
95590,13702,13762
111976,13704,13788
37037,13707,13759
165979,13707,13784
398312,13708,13767
168326,13708,13787
318242,13710,13795
162236,13719,13783
9408,13719,13799
129535,13719,13809
191640,13720,13784
22462,13727,13783
59506,13727,13808
238927,13729,13791
227781,13730,13790
161744,13730,13808
181470,13741,13808
234970,13742,13820
311616,13743,13805
211386,13744,13808
89540,13744,13823
235148,13746,13812
318623,13747,13799
65327,13747,13808
151060,13762,13823
146666,13764,13822
248580,14259,14324
310470,14812,14914
338069,14814,14871
56672,14816,14881
163755,14818,14884
27311,14821,14905
343734,14821,14916
26135,14825,14889
115390,14826,14890
311302,14830,14892
131741,14831,14898
13412,14835,14897
45243,14836,14894
81909,14842,14898
265840,14844,14905
116139,14847,14910
306170,14856,14930
253859,14858,14923
201327,14864,14930
197946,14868,14925
405597,15013,15079
290636,15019,15096
361628,15086,15142
263445,15164,15245
30326,15167,15231
61477,15176,15244
27359,15178,15246
267795,15184,15245
379322,15383,15459
58806,15392,15457
146185,15401,15459
263722,15417,15459
30799,15535,15638
40222,15550,15621
265276,15550,15632
79158,15562,15642
242745,15585,15636
384969,15585,15654
95963,15657,15723
49590,15692,15754
139934,15714,15771
273745,15717,15771
108430,15737,15800
280538,15743,15809
377803,15760,15857
178342,15761,15832
25964,15762,15829
404939,15763,15811
30800,15764,15838
228750,15764,15845
66046,15772,15826
310326,15782,15852
440,15784,15857
61476,15790,15854
163754,15791,15852
119925,15791,15857
341072,15793,15857
276803,15795,15856
202569,15808,15862
75881,15810,15859
14794,15810,15861
95963,15879,15954
26136,15914,15990
36785,15915,15978
56673,15916,15986
51418,16056,16117
21576,16177,16238
188609,16203,16266
400361,16210,16267
1988,16221,16269
407711,16426,16489
282412,17297,17396
301789,17356,17400
105199,17395,17448
365237,17396,17449
248583,17517,17567
245245,17530,17614
47019,17530,17621
221747,17536,17599
111377,17550,17614
268136,17556,17618
19751,17560,17620
178343,17780,17842
