341532,95,174
333,98,268
186155,101,204
63096,109,235
70458,111,230
40214,116,242
292375,116,246
6797,117,217
390798,120,181
9613,121,247
333,122,257
285994,124,211
111718,124,248
43602,125,170
26471,125,243
228518,128,250
76234,132,193
271813,143,285
378408,144,292
121004,150,266
91342,151,304
333,160,262
37408,162,291
312481,164,261
37744,165,271
218579,168,308
286885,169,285
356705,170,269
348018,178,272
269740,179,270
293222,182,287
77384,182,320
36956,185,296
185654,185,315
347248,190,261
84774,190,270
348017,190,286
167345,191,268
242938,198,284
36955,201,265
62287,207,336
10612,217,348
356704,220,311
394493,225,347
302477,234,316
170726,236,348
213292,251,336
341533,302,421
362271,319,431
107660,354,452
76235,359,462
91341,359,478
396464,368,481
52856,374,477
91056,391,506
485,392,472
373019,392,509
379765,395,503
394222,400,497
228517,410,524
170727,414,525
86998,460,557
233269,480,567
283495,489,587
343248,522,612
121745,540,653
170728,541,612
307910,541,670
40806,545,608
62288,545,639
2163,545,655
285995,547,702
167344,548,608
277402,548,650
205668,549,641
385618,549,660
357528,556,660
106860,560,667
83157,567,657
75848,571,653
152027,575,643
132313,587,703
106859,588,694
340365,589,656
343249,589,681
357474,589,686
37743,592,691
285996,601,749
271973,606,729
10368,609,708
162776,619,733
363716,619,740
153417,628,765
251896,631,732
30512,657,793
132314,658,739
195608,673,794
296962,676,781
120587,688,758
153418,689,794
106412,690,749
52855,691,810
170729,693,821
3532,707,784
56098,714,826
12555,728,843
186108,733,843
243907,736,831
120588,744,848
55964,754,849
21767,755,847
40810,764,827
345732,1058,1119
112689,1059,1135
112688,1072,1135
356706,1073,1122
88778,1073,1128
368602,1078,1134
271812,1079,1151
292374,1252,1320
356703,1586,1655
76322,1592,1655
345733,2384,2490
394217,2392,2509
311020,2398,2521
106059,2421,2537
316671,2428,2525
126,2435,2531
26169,2439,2497
311019,2439,2519
74590,2450,2527
282288,2471,2525
286881,2484,2553
294027,2501,2590
30510,2508,2624
340044,2519,2593
42491,2522,2584
11987,2525,2593
242323,2530,2593
306023,2532,2591
339696,2557,2625
66209,2571,2621
246990,2571,2624
56529,2574,2625
304060,2757,2841
151624,2758,2837
50072,2767,2821
90901,2767,2833
11988,2767,2878
16585,2770,2837
199125,2771,2835
107123,2771,2866
127763,2774,2836
205670,2774,2838
36229,2778,2844
30509,2780,2895
6008,2785,2859
289519,2786,2875
2723,2791,2864
258062,2793,2854
107661,2793,2865
95775,2794,2878
11991,2794,2882
363336,2796,2866
193180,2797,2858
179690,2797,2892
189441,2798,2862
45685,2799,2865
300322,2802,2864
20373,2802,2895
164976,2803,2857
164044,2803,2884
275291,2804,2866
207282,2804,2874
5361,2804,2878
216854,2804,2882
237981,2806,2860
91805,2810,2882
70716,2818,2884
404806,2820,2884
11990,2827,2892
300321,2828,2896
278502,2832,2887
17077,2832,2895
30508,2837,2935
250280,2838,2896
91251,2844,2896
366740,2865,2944
385617,3025,3104
280129,3029,3103
11989,3042,3130
400713,3044,3146
355710,3045,3102
129457,3068,3129
165311,3068,3172
358548,3079,3157
337020,3079,3167
151367,3080,3182
390796,3088,3178
363337,3091,3162
336272,3097,3168
371756,3106,3195
312526,3109,3193
229735,3110,3175
339047,3111,3190
202088,3113,3174
115005,3114,3176
157357,3117,3179
342144,3118,3182
198896,3119,3187
267583,3120,3184
151623,3120,3189
198895,3125,3187
19506,3128,3191
339048,3129,3198
384504,3132,3178
394218,3230,3356
59074,3246,3326
372160,3326,3404
189601,3482,3545
243906,3520,3626
357475,3560,3639
167346,3561,3622
207644,3561,3636
290077,3563,3628
54011,3565,3636
77848,3571,3648
155578,3573,3635
37742,3595,3701
11893,3597,3708
390797,3600,3689
233142,3601,3701
286569,3618,3709
16862,3623,3706
292373,3626,3724
286570,3630,3704
286884,3635,3689
307908,3916,3970
76321,4115,4176
185571,4117,4232
105497,4122,4186
239766,4223,4295
343247,4334,4395
394221,4463,4577
286882,4479,4573
120586,4484,4557
205669,4490,4587
2801,4493,4582
127242,4497,4576
107662,4499,4581
372257,4510,4597
391016,4844,4910
271814,4850,4937
127642,4878,4935
106058,4899,4968
291223,4916,4979
319227,4916,4981
328498,4976,5060
267,4979,5072
34462,4981,5091
1345,4983,5053
49173,4990,5071
121436,5005,5091
74182,5011,5072
267,5015,5079
12951,5033,5091
379711,5042,5116
226450,5050,5116
105189,5051,5122
66610,5068,5126
322039,5077,5149
160966,5094,5146
22111,5394,5492
257404,5395,5464
56714,5395,5471
59139,5426,5534
40807,5427,5507
32202,5428,5511
136910,5432,5526
183106,5434,5512
311882,5435,5531
118926,5438,5504
8108,5438,5511
206354,5438,5525
367028,5440,5501
108860,5440,5533
257240,5442,5518
66569,5444,5509
251891,5446,5524
121435,5446,5551
30463,5447,5510
228519,5448,5516
76325,5449,5512
220239,5457,5520
130024,5459,5523
13426,5459,5531
104950,5461,5523
364093,5473,5536
27357,5477,5539
385619,5479,5543
277123,5485,5547
25603,5495,5570
200502,5497,5566
73696,5498,5561
106062,5500,5563
206357,5502,5563
37865,5504,5571
78393,5539,5611
339698,5539,5641
254,5549,5657
106061,5552,5655
886,5561,5656
123523,5562,5623
123524,5562,5637
129734,5563,5659
59140,5567,5640
339699,5568,5656
123525,5577,5655
293221,5577,5658
372257,5577,5676
394219,5577,5698
394220,5587,5698
390799,5593,5656
96654,5593,5689
56713,5593,5692
11986,5594,5686
130015,5595,5658
120585,5598,5687
363715,5600,5692
56712,5603,5692
47881,5607,5696
47872,5610,5690
56710,5611,5683
151862,5616,5693
57940,5617,5685
270407,5617,5688
45654,5618,5680
365097,5618,5682
108180,5630,5691
340508,5633,5692
206900,5648,5697
193181,5752,5815
302484,5866,5916
408491,5902,5969
260633,5903,5971
106060,5905,5972
244391,6046,6117
76329,6050,6124
310262,6051,6114
221112,6052,6116
296961,6053,6114
372158,6066,6120
76326,6067,6118
1345,6116,6192
257406,6353,6402
270406,6353,6423
61816,6353,6428
22111,6353,6435
282289,6353,6440
257405,6361,6437
281533,6367,6435
219645,6572,6622
30513,6590,6672
307909,6593,6674
403651,6597,6661
121005,6597,6676
142885,6657,6713
36230,6668,6736
11985,6672,6761
326612,6674,6739
99120,6678,6742
170725,6680,6741
353608,6682,6735
401458,6695,6756
12351,6699,6752
242715,6825,6872
41150,6826,6910
192106,7032,7116
40215,7167,7228
243905,7167,7251
372159,7168,7242
177555,7176,7259
162775,7192,7252
270405,7307,7357
265902,7332,7410
277800,7342,7420
307911,7350,7433
345571,7361,7432
162777,7695,7752
187387,7696,7748
349445,7696,7759
379712,7839,7917
407442,7848,7905
300756,7849,7919
16586,7851,7911
383645,7851,7917
129735,7854,7901
188336,7854,7914
322658,7857,7907
61726,7857,7910
296360,8084,8142
58994,8086,8143
108397,8088,8144
75564,8094,8155
56711,8094,8161
5963,8097,8152
127241,8101,8150
407094,8101,8152
312482,8698,8755
150726,8876,8937
139221,8881,8934
37860,8881,8957
244389,8882,8931
305181,8888,8938
395207,8893,8945
76104,8923,8969
191339,8926,8998
286883,8955,9040
256983,9186,9266
357476,9187,9262
373018,9194,9271
55966,9295,9345
76236,9299,9409
114580,9310,9414
76327,9312,9426
253087,9319,9399
30511,9319,9416
55972,9323,9423
14856,9326,9384
271815,9327,9410
76324,9329,9390
76323,9341,9415
228520,9342,9410
348019,9354,9411
138941,9355,9410
36231,9355,9428
192105,9356,9416
290527,9356,9434
206355,9683,9731
244390,9693,9762
307351,9694,9759
206899,9717,9782
242717,10165,10257
177557,10166,10236
242716,10173,10257
353390,10189,10260
55965,10189,10283
40808,10193,10257
2723,10282,10344
280128,10293,10334
157574,10527,10581
34463,10580,10662
351604,10644,10709
192104,10676,10745
388539,10687,10744
299334,10689,10739
44356,10695,10750
76328,11050,11112
273745,11061,11123
261209,11066,11130
292376,11067,11123
20627,11071,11131
285997,11086,11169
378409,11090,11169
267890,11104,11177
153419,11107,11170
95795,11107,11176
185572,11116,11169
339700,11208,11318
372161,11208,11324
116216,11211,11300
162712,11211,11321
197497,11214,11273
52857,11220,11329
257353,11221,11344
187516,11228,11294
172140,11229,11327
57211,11230,11322
355179,11234,11310
106861,11236,11328
201173,11266,11368
353391,11307,11411
18939,11308,11371
40809,11318,11385
72838,11321,11384
23740,11322,11402
132315,11326,11388
155579,11326,11409
271974,11327,11430
54010,11328,11392
91057,11328,11398
345741,11332,11413
269005,11334,11398
78392,11334,11400
251898,11337,11412
388075,11339,11413
293590,11341,11408
219912,11341,11411
368819,11343,11407
36954,11348,11424
249595,11350,11405
361295,11350,11411
277403,11352,11413
14604,11358,11440
289706,11359,11433
339697,11422,11481
251897,11610,11667
245350,11610,11670
243904,11611,11668
147935,11611,11688
24980,11613,11664
147936,11615,11667
73015,11625,11676
14857,11634,11694
121758,11654,11725
39902,11654,11763
21847,11668,11741
156515,11673,11758
56709,11673,11761
206356,11733,11808
55967,11747,11808
40811,11794,11885
373020,11795,11872
299335,11799,11872
401748,11801,11887
381391,11811,11884
177556,11812,11899
133795,11822,11899
400714,12117,12171
134052,12219,12281
170,12219,12289
322659,12220,12270
37745,12225,12286
277404,12225,12290
299113,12226,12288
242837,12228,12291
234274,12234,12293
24864,12346,12398
169734,12349,12417
280520,12429,12511
252789,12502,12583
223032,12516,12567
339701,12525,12586
112143,12560,12614
120584,12695,12772
357529,12855,12960
183107,12855,12967
293589,12856,12974
14729,12861,12967
67365,12863,12989
26472,12864,12979
59141,12892,13009
358997,12960,13012
