2516,140,221
174780,140,226
59239,140,240
268636,140,291
123289,140,299
333,141,268
118871,141,303
207582,142,205
206076,144,206
75873,144,285
260851,147,283
213305,147,303
339557,148,290
101738,152,310
131601,153,324
40541,156,272
140035,156,287
346205,156,312
271806,160,295
193662,161,312
333,162,275
6359,165,283
2517,166,277
37408,167,303
177863,177,278
100912,182,335
12035,183,326
35891,185,302
77384,186,330
236034,195,337
71014,198,282
114097,198,285
353223,199,297
206001,203,266
155667,203,336
27890,205,303
137765,206,307
50326,207,272
93732,209,265
279680,209,283
179535,212,346
214941,213,285
398903,214,313
273315,215,335
206606,221,286
174776,222,288
385819,224,288
101737,225,357
357101,229,305
44927,232,289
111986,232,333
299054,234,296
330248,238,354
90034,242,342
27889,244,336
77331,261,376
364496,267,327
268635,269,378
282267,270,333
99438,283,400
158232,289,384
18941,328,389
50309,329,438
259,345,449
69399,359,453
260136,359,474
206079,364,459
253847,368,492
214362,369,462
158231,397,512
368798,399,484
208359,424,568
243025,444,557
318308,444,582
422,448,568
100911,453,566
246364,453,577
27888,458,562
354406,469,620
164708,470,606
367671,471,574
26619,481,557
2518,484,611
33754,486,568
101736,487,557
257980,491,615
367670,493,620
207580,494,625
353222,507,602
299053,514,596
59234,514,603
135109,516,613
10282,517,574
381539,520,615
134185,524,614
328202,527,604
107528,527,617
141093,528,576
214332,528,615
235533,541,629
14952,544,626
58093,556,625
339556,583,647
49385,601,696
268263,613,697
214360,616,676
221473,618,723
220806,618,731
142050,623,731
303281,627,714
66065,966,1018
55443,966,1024
174866,966,1054
7765,967,1045
360489,968,1037
218802,968,1064
15356,970,1065
114098,974,1064
71015,975,1046
254516,1009,1067
275176,1180,1255
39448,1181,1252
75874,1208,1270
354407,1276,1362
193663,1279,1363
357100,1295,1368
78861,1299,1352
59240,1303,1392
254517,1305,1359
93112,1305,1394
321420,1326,1382
77329,1326,1423
109212,1329,1407
36600,1330,1421
101733,1331,1453
46160,1332,1394
91098,1332,1403
275175,1336,1438
150147,1338,1454
2275,1339,1422
52805,1340,1414
255962,1346,1411
45332,1346,1448
16075,1347,1422
293903,1347,1454
40586,1348,1417
118870,1350,1452
335340,1351,1414
359462,1352,1437
224689,1352,1456
382317,1355,1438
285009,1355,1441
284115,1357,1421
243134,1357,1455
35254,1358,1463
281879,1359,1422
168565,1359,1436
101735,1360,1434
66768,1361,1425
304817,1361,1449
31294,1362,1447
183850,1363,1450
408354,1364,1432
31293,1365,1421
214361,1367,1446
71016,1368,1419
125769,1369,1477
293899,1370,1466
150148,1373,1478
371503,1374,1438
201466,1374,1472
10825,1378,1470
264602,1379,1437
39782,1382,1445
126405,1382,1459
80575,1385,1447
196928,1385,1457
88137,1386,1448
329306,1386,1471
97816,1390,1453
201467,1391,1437
21895,1393,1455
27885,1393,1477
171982,1394,1458
299275,1397,1475
10498,1399,1476
131598,1401,1450
174778,1409,1478
205999,1481,1526
178778,1511,1561
335199,1525,1591
345080,1526,1590
299051,1527,1583
60581,1530,1589
272739,1531,1592
111598,1534,1599
303489,1538,1590
215080,1538,1596
201241,1538,1604
318309,1539,1603
11467,1540,1622
368799,1579,1658
21469,1584,1659
114099,1593,1658
51435,1614,1661
312503,1797,1849
358604,1805,1889
315724,1835,1923
309182,1840,1904
93110,1849,1908
254515,1852,1905
237029,1853,1924
224688,1854,1928
293902,1893,1952
70155,2078,2145
10823,2079,2140
12420,2083,2166
77332,2084,2163
345644,2087,2148
59237,2087,2184
283963,2088,2149
250889,2088,2152
182797,2090,2155
242043,2091,2154
59235,2094,2177
59236,2094,2180
107222,2095,2155
268898,2098,2181
26388,2099,2162
12419,2103,2172
7003,2105,2177
133025,2105,2183
404150,2105,2187
366585,2108,2173
260852,2108,2179
268633,2110,2171
1804,2115,2187
46883,2117,2179
12053,2118,2183
50527,2118,2186
394767,2119,2189
77330,2120,2184
294502,2123,2185
405892,2125,2186
180984,2125,2189
91640,2126,2187
2651,2127,2188
78899,2127,2190
258496,2147,2203
69154,2148,2213
264601,2193,2266
293901,2201,2272
201465,2202,2269
141094,2220,2286
281351,2250,2311
255958,2280,2353
255959,2300,2385
222301,2349,2417
140032,2351,2422
222905,2358,2414
52804,2363,2423
253845,2365,2463
2175,2380,2440
261912,2381,2447
380763,2381,2452
45332,2383,2465
156987,2385,2444
40590,2385,2455
142861,2386,2461
245217,2387,2469
177677,2389,2466
281792,2392,2454
255957,2394,2501
26087,2395,2470
161820,2397,2447
40584,2398,2459
207581,2398,2466
150149,2400,2483
147456,2401,2485
293904,2402,2461
27887,2403,2466
354404,2414,2481
255961,2418,2487
39781,2420,2473
23401,2425,2486
5520,2730,2805
201470,2768,2834
271807,2822,2909
408353,2830,2895
47118,2833,2895
170033,2834,2914
39619,2838,2898
109213,2838,2902
329305,2838,2933
56489,2839,2900
214940,2843,2948
304813,2844,2953
235619,2849,2912
401790,2850,2943
346128,2856,2919
33293,2857,2951
367121,2859,2922
90700,2860,2924
241112,2861,2925
25824,2862,2935
291121,2863,2948
66798,2865,2928
407956,2866,2950
342148,2873,2951
234309,2875,2956
287949,2878,2942
237028,2879,2940
193661,2879,2968
160268,2880,2941
6266,2880,2943
275178,2881,2958
306896,2882,2944
62804,2882,2946
268895,2883,2945
255224,2886,2948
218235,2888,2951
7459,2890,2951
202865,2893,2957
338877,2896,2965
151183,2897,2973
289604,2897,2978
55129,2923,2981
182594,2986,3065
232821,3018,3102
130715,3020,3083
268896,3029,3103
320151,3029,3114
285008,3036,3086
140031,3037,3092
53885,3038,3100
373134,3038,3117
269699,3039,3103
253846,3051,3148
77334,3063,3140
158233,3066,3130
168576,3068,3138
44925,3069,3132
118700,3072,3132
408352,3073,3146
263529,3078,3151
408351,3078,3176
299276,3086,3168
201077,3104,3169
224690,3104,3179
275177,3114,3188
255957,3114,3223
107529,3121,3190
308639,3123,3183
150149,3124,3208
123320,3125,3186
39446,3130,3193
341211,3142,3193
62047,3278,3346
21471,3278,3349
345079,3278,3354
255958,3280,3366
255959,3304,3398
339092,3478,3546
320152,3478,3571
339093,3479,3544
2277,3487,3539
201468,3488,3544
360303,3490,3566
257978,3555,3617
201469,3555,3658
308640,3555,3665
52807,3559,3644
13930,3564,3648
308641,3565,3679
299052,3567,3631
245926,3567,3652
243135,3571,3682
243658,3573,3677
214947,3574,3636
172970,3576,3662
118703,3576,3667
57464,3593,3662
236035,3595,3685
55444,3597,3664
85268,3598,3657
293648,3598,3666
272742,3600,3667
72724,3603,3659
6779,3604,3666
117727,3616,3682
146702,3646,3719
118869,3678,3758
75872,3680,3749
204687,3684,3745
118702,3691,3785
398904,3718,3780
331939,3728,3801
318344,3729,3821
174777,3731,3839
392313,3734,3798
84392,3737,3800
349327,3743,3806
354405,3750,3830
220807,3752,3832
69342,3757,3825
401571,3758,3832
275935,3763,3840
182260,3765,3830
35255,3765,3833
93111,3765,3841
310526,3767,3842
136843,3770,3831
363638,3770,3836
230628,3770,3844
109211,3772,3842
282266,3772,3845
293900,3807,3870
141659,4008,4077
334102,4013,4092
74784,4028,4095
61458,4028,4104
10824,4040,4104
342671,4040,4113
308638,4042,4103
244086,4043,4110
260135,4043,4113
268665,4046,4111
214363,4047,4114
107530,4047,4120
132989,4056,4112
6537,4121,4193
156990,4124,4185
12488,4125,4203
4275,4129,4183
201685,4130,4192
220808,4131,4186
110589,4132,4184
309181,4132,4193
298050,4132,4202
148919,4133,4196
269698,4140,4194
129008,4140,4203
401570,4141,4204
146703,4144,4207
161819,4156,4219
244087,4159,4224
304814,4166,4222
84393,4167,4225
121015,4168,4223
40588,4249,4343
182055,4250,4296
92916,4250,4307
27883,4251,4342
263239,4252,4298
168365,4253,4334
217905,4254,4340
39447,4254,4343
219949,4261,4346
247576,4262,4368
214154,4264,4325
288288,4268,4345
98166,4269,4343
338992,4270,4333
115009,4278,4342
157643,4282,4343
120747,4286,4341
7277,4286,4352
360490,4358,4412
27306,4365,4430
237031,4368,4435
213303,4434,4519
171983,4438,4521
387852,4440,4502
398339,4441,4512
110590,4445,4515
338993,4446,4525
260475,4446,4532
180843,4447,4498
74003,4450,4511
162598,4451,4514
266252,4452,4532
204339,4456,4517
130716,4459,4522
136867,4464,4528
339091,4466,4526
260092,4476,4532
149689,4479,4538
401493,4480,4527
310085,4480,4541
255961,4480,4544
212023,4480,4546
3249,4536,4601
168910,4550,4599
206075,4551,4601
268666,4686,4751
328881,4714,4778
215664,4716,4785
324561,4720,4807
137764,4724,4805
156988,4732,4806
273295,4734,4798
387119,4737,4803
221476,4737,4807
97197,4746,4802
153700,4750,4807
131599,4863,4938
214945,4863,4944
237030,4864,4934
288289,4865,4936
50325,4867,4938
18078,4871,4937
224691,4875,4936
287682,4881,4939
274375,4883,4937
335200,4883,4945
174049,4896,4951
387851,4900,4958
213304,4913,4982
309617,4993,5063
258302,5000,5064
408350,5000,5070
205998,5000,5082
379454,5000,5089
26128,5004,5062
83098,5004,5066
40587,5005,5069
118868,5007,5073
156185,5008,5078
125770,5010,5085
174779,5011,5072
221474,5012,5093
346127,5016,5084
59457,5019,5092
4846,5029,5093
57465,5044,5119
240612,5048,5120
231280,5052,5135
9241,5053,5145
310083,5055,5116
123319,5066,5133
404151,5067,5147
368800,5076,5145
224692,5081,5143
93109,5083,5153
114452,5084,5147
223179,5100,5163
334553,5101,5154
377886,5293,5368
6537,5299,5365
45463,5300,5361
329962,5301,5358
251044,5303,5372
94452,5306,5368
373135,5308,5364
251045,5311,5382
367672,5312,5411
257979,5316,5413
1712,5327,5383
121016,5329,5383
206077,5347,5419
156467,5348,5413
50327,5364,5449
21467,5371,5436
36366,5389,5449
221475,5390,5495
168577,5393,5448
214943,5395,5482
206078,5396,5451
358605,5396,5496
2274,5401,5449
10826,5402,5466
5520,5413,5490
112277,5414,5467
140849,5414,5478
408348,5416,5489
357099,5425,5490
39448,5427,5490
227405,5439,5511
159926,5471,5529
231281,5483,5544
213049,5489,5564
329307,5506,5579
172072,5513,5575
353603,5513,5577
329279,5514,5595
299277,5551,5620
235534,5552,5616
272740,5556,5641
324599,5565,5636
367673,5565,5640
310084,5580,5649
193664,5602,5649
304815,5705,5767
183849,5705,5772
304816,5705,5778
90701,5705,5784
201464,5705,5787
255962,5719,5784
149691,5770,5831
168578,5904,5969
334101,5907,5974
214946,6040,6104
49616,6043,6095
254514,6052,6115
254968,6053,6112
82971,6054,6115
25344,6056,6114
279491,6057,6115
404612,6059,6102
265285,6065,6116
270936,6077,6142
99027,6081,6163
363640,6085,6159
171984,6092,6161
316866,6099,6163
408349,6245,6309
260091,6262,6327
405891,6273,6341
392182,6276,6337
260093,6277,6338
310082,6277,6341
156991,6280,6346
255960,6415,6513
311219,6418,6478
131600,6469,6537
363639,6482,6546
51867,6489,6536
40589,6548,6611
404812,6593,6672
105136,6607,6671
335341,6608,6677
38672,6610,6666
161639,6612,6677
85269,6612,6696
40585,6613,6688
10822,6614,6675
27938,6616,6690
341289,6619,6695
237032,6621,6675
330504,6625,6716
55206,6627,6697
93108,6629,6714
347105,6630,6716
52808,6636,6707
194524,6642,6731
156989,6650,6722
208552,6665,6728
243659,6673,6725
123321,6774,6851
284114,6775,6841
214942,6775,6853
142566,6776,6850
78862,6777,6846
27884,6779,6849
342470,6780,6846
347104,6790,6853
330505,6798,6849
405893,6984,7043
272616,7165,7229
140033,7166,7246
403016,7180,7252
101734,7182,7254
404149,7183,7246
12586,7183,7252
373763,7185,7246
243136,7188,7260
27886,7188,7309
243137,7195,7272
183990,7204,7246
240611,7210,7278
206073,7213,7277
345078,7213,7279
21470,7213,7303
398906,7225,7289
106467,7225,7296
398905,7227,7308
190902,7234,7302
329963,7239,7304
185610,7261,7323
405771,7263,7322
380140,7273,7323
13835,7284,7342
197118,7347,7401
174781,7349,7409
257981,7356,7452
91100,7482,7545
91099,7488,7545
251046,7490,7560
151182,7558,7621
312504,7566,7637
57467,7572,7633
301084,7574,7636
110321,7575,7642
272741,7577,7674
59241,7579,7641
57466,7579,7666
268897,7580,7669
2276,7580,7674
286541,7581,7642
44926,7581,7659
288730,7582,7647
400398,7583,7640
201242,7584,7656
58094,7589,7652
40844,7591,7652
350343,7593,7657
355088,7600,7671
206074,7605,7672
192929,7607,7674
132990,7614,7677
303282,7751,7851
35256,7773,7846
91101,7796,7848
358606,7895,7955
313947,7898,7955
206000,7901,7964
345438,7907,7963
124516,7911,7964
255960,8230,8320
149690,8444,8504
100913,8445,8514
3162,8448,8502
268637,8449,8509
283362,8451,8512
59238,8451,8548
281880,8470,8543
217906,8621,8727
52806,8624,8692
118701,8636,8692
140034,8639,8736
206080,8645,8706
161821,8646,8721
40540,8648,8725
327909,8649,8735
77333,8652,8715
79916,8653,8714
77335,8653,8721
368797,8653,8726
20124,8654,8712
357148,8655,8717
224693,8656,8716
243660,8657,8717
184300,8660,8721
40542,8662,8720
81416,8665,8737
3250,8666,8739
224048,8667,8746
31055,8668,8726
268899,8672,8726
256964,8672,8737
327910,8673,8743
278235,8676,8733
21468,8834,8897
266455,8847,8911
107531,8861,8920
398459,9027,9093
139275,9065,9140
131602,9068,9163
167583,9072,9140
339558,9082,9156
365639,9092,9175
268634,9450,9531
