344021,171,214
46170,241,297
109928,241,372
63067,241,385
42662,242,308
282999,242,390
179326,248,361
100665,249,356
191129,249,376
63066,251,316
10728,254,368
332295,256,339
171998,256,386
314555,256,391
399383,258,338
3115,260,384
31036,262,413
886,267,392
40700,280,410
125381,285,408
53075,289,456
183228,290,335
223603,290,383
886,291,404
886,292,381
19513,292,414
364808,295,413
38458,296,377
406267,298,365
193522,300,375
53632,302,432
12303,305,418
100742,307,428
346914,319,435
12306,320,425
396634,337,454
283000,341,438
326032,342,456
191125,347,405
342866,349,433
225178,354,473
207727,387,484
14596,387,502
35348,388,456
3116,392,462
193043,392,508
14595,400,503
202409,405,508
276819,408,512
323383,410,481
14597,415,498
207728,421,485
48521,426,485
382522,427,483
165881,427,509
45735,427,515
351650,431,503
10673,432,510
148877,434,485
273852,434,497
109842,434,515
24907,435,521
192712,438,497
21418,439,494
202302,439,501
21716,439,511
71295,439,515
54382,440,493
338525,440,506
314552,441,502
96271,441,510
118793,442,518
15762,443,505
144485,444,514
71375,445,497
242837,446,502
311498,446,509
71599,447,516
10389,450,510
318817,454,516
292142,455,521
225280,459,517
87553,459,519
154497,460,512
28577,461,519
89277,462,521
208794,464,520
230693,468,512
249989,468,520
386779,1259,1322
31468,1262,1322
344018,1289,1350
242112,1392,1486
169779,1397,1475
179139,1411,1477
308189,1412,1486
74952,1627,1691
64320,1638,1699
337370,1641,1706
142199,1645,1703
357295,1647,1704
324204,1725,1816
63012,1727,1798
131968,1728,1795
237572,1743,1807
314547,1751,1851
235224,1754,1830
161765,1757,1817
147624,1764,1851
245334,1767,1844
147620,1794,1851
278085,1799,1851
24906,1804,1850
147625,2196,2267
223601,2219,2321
347608,2293,2364
356871,2309,2365
255493,2389,2473
178301,2406,2475
55652,2407,2479
364809,2417,2524
100741,2418,2496
381522,2420,2519
308663,2423,2496
281541,2425,2495
193523,2425,2543
282998,2426,2538
141687,2427,2497
152340,2427,2534
73533,2429,2478
140489,2429,2539
73735,2430,2495
128818,2430,2499
96224,2431,2515
227353,2433,2496
40369,2434,2518
259787,2434,2524
323384,2435,2497
234438,2435,2506
80026,2436,2496
12305,2436,2551
166103,2439,2503
152341,2443,2497
223602,2446,2546
24909,2447,2519
39784,2448,2511
24908,2448,2560
176469,2449,2494
282995,2449,2530
152342,2449,2541
250524,2450,2500
130478,2460,2542
60823,2462,2519
383587,2478,2537
347607,2478,2557
263661,2740,2793
223601,2740,2827
31037,2741,2803
147621,2931,2988
249561,2931,2993
109926,2931,3013
109927,2935,3013
215070,2950,3015
314549,2952,3033
66120,2954,3040
314548,2955,3023
24907,2956,3036
348374,2957,3044
249560,2958,3017
257090,2961,3045
144966,2966,3018
133598,2968,3029
255776,2968,3034
80409,2970,3013
257545,2971,3037
259786,2975,3044
385680,3051,3106
281070,3051,3125
35510,3059,3123
283013,3063,3147
196947,3064,3155
53073,3074,3134
31038,3291,3340
183229,3291,3346
363791,3648,3714
161764,3648,3725
53074,3648,3728
166104,3650,3776
259785,3651,3720
386777,3651,3723
33624,3651,3732
117630,3651,3770
50040,3652,3743
30147,3654,3708
40223,3654,3741
367020,3654,3776
108348,3664,3757
14798,3667,3732
286838,3667,3742
177531,3668,3731
19968,3671,3772
234439,3674,3776
19969,3678,3761
272788,3679,3743
242178,3683,3749
15333,3684,3759
138304,3686,3747
387291,3691,3763
146775,3698,3748
289804,3698,3766
148878,3712,3775
128817,3714,3776
74950,4108,4169
280957,4111,4175
275157,4119,4187
321284,4121,4197
324205,4122,4211
19970,4123,4196
183230,4123,4209
250525,4125,4208
194088,4126,4196
347609,4128,4208
100740,4129,4196
120344,4135,4213
74951,4137,4217
15822,4211,4263
22722,4231,4274
147626,4292,4363
118792,4359,4421
405298,4359,4451
118795,4363,4429
125380,4364,4436
295658,4366,4434
31469,4369,4424
9625,4370,4458
405299,4378,4452
385677,4384,4459
196946,4394,4463
19967,4424,4496
368218,4449,4513
371123,4464,4542
386623,4470,4555
183227,4486,4558
154687,4647,4723
30180,4648,4705
40999,4658,4726
121855,4664,4726
275375,4765,4841
211815,4765,4847
118794,4767,4856
342856,4768,4840
161027,4770,4853
278197,4775,4828
54989,4784,4849
70374,4801,4873
3767,4809,4850
193581,4809,4872
108232,4810,4852
242961,4810,4873
366680,4810,4897
70375,4811,4877
346915,4814,4877
385681,4815,4891
337371,4816,4901
198888,4817,4895
263293,4818,4890
55653,4827,4890
114359,4827,4892
142609,4830,4892
29507,4831,4895
282996,4841,4911
327305,4862,4923
344019,4862,4926
200017,4862,4932
344020,4863,4942
146281,4864,4937
200752,4870,4933
203342,4870,4936
203343,4872,4943
147623,4874,4942
129588,4878,4939
63219,4882,4943
314551,5018,5081
118790,5055,5127
274927,5066,5128
15624,5068,5137
58533,5076,5159
379051,5077,5166
80410,5094,5169
80407,5098,5178
274926,5104,5182
16304,5119,5216
196945,5145,5228
116925,5155,5227
314553,5158,5219
147622,5159,5220
113498,5159,5224
246329,5159,5228
334389,5160,5221
147628,5160,5226
15823,5160,5238
147629,5160,5244
66121,5163,5231
125026,5164,5225
385678,5164,5248
401813,5165,5238
357296,5169,5233
116926,5169,5241
322519,5170,5232
64249,5170,5249
282997,5178,5244
56124,5180,5241
346913,5181,5249
53076,5191,5249
140488,5385,5444
336120,5387,5438
382698,5494,5571
53072,5496,5577
171704,5499,5553
258800,5500,5561
141686,5519,5577
3117,5521,5622
31035,5522,5618
158958,5524,5644
191127,5539,5631
10674,5546,5655
289613,5551,5624
118791,5554,5689
10675,5557,5669
191126,5560,5647
314556,5564,5639
196944,5564,5653
245335,5565,5665
225279,5565,5676
245337,5566,5673
191128,5568,5667
95517,5573,5703
314550,5574,5643
89157,5576,5693
11409,5578,5663
311497,5581,5646
12569,5582,5684
61386,5584,5675
381521,5584,5697
381520,5586,5688
147627,5588,5682
245336,5589,5703
886,5590,5685
12304,5592,5687
314557,5592,5691
385679,5592,5696
886,5592,5711
223603,5595,5690
24101,5596,5685
386780,5597,5681
29906,5599,5689
296711,5789,5867
237571,5791,5883
160292,5791,5887
323386,5792,5871
179647,5794,5855
88759,5798,5858
283929,5799,5856
7748,5804,5868
3114,5815,5889
323385,5816,5870
399402,5821,5883
227354,5946,6013
251362,5960,6031
74953,5965,6029
234441,5967,6055
314554,5967,6059
89278,5971,6060
19971,5971,6071
144261,5971,6076
38121,5972,6083
15821,5972,6094
21419,5975,6092
386600,5977,6040
19968,5981,6084
166105,5982,6094
386778,5983,6087
249540,5987,6073
234440,5987,6094
158883,5988,6061
381523,5994,6065
223602,5996,6092
398274,6005,6089
239005,6010,6083
218270,6014,6073
265966,6022,6086
291866,6024,6085
367567,6030,6089
225281,6032,6084
379052,6036,6092
80408,6038,6093
