97177,138,199
367174,233,294
7256,234,293
17137,236,296
315625,236,339
74524,237,316
130670,237,328
357433,238,330
404283,240,319
404284,240,326
111026,243,355
199472,243,376
7255,246,316
21764,246,322
60227,260,380
403746,281,397
323321,283,409
403979,285,436
296391,303,414
108065,324,433
326242,333,394
217423,333,431
198266,334,407
485,338,408
66770,338,425
251357,345,406
200473,391,445
199520,492,570
354408,493,628
383195,495,625
199469,499,617
386054,507,635
198290,510,579
126912,513,579
168495,513,635
403748,523,607
190493,527,588
119373,528,614
159331,535,640
232272,550,659
357434,553,667
111024,555,640
369334,556,670
108418,558,667
111025,559,660
404285,564,664
370502,565,667
7346,567,654
83157,577,666
92441,578,658
74977,578,668
293338,580,667
152027,585,652
157381,588,669
192561,591,658
211934,600,657
281215,650,726
400685,653,745
227783,656,746
263491,656,749
152227,657,716
23656,658,719
74978,658,721
408209,658,725
31137,658,769
223453,659,712
270770,659,735
368780,660,756
3852,683,751
241151,686,759
198296,692,770
332997,707,791
404655,713,778
69832,714,776
347027,723,836
323322,725,833
297474,729,804
7810,730,794
118386,731,798
224955,731,869
293337,732,875
108417,733,809
309928,735,799
190496,737,800
171326,741,876
23355,744,798
224892,746,859
42694,748,806
373231,762,833
4231,770,862
39797,776,850
369333,778,865
1244,783,864
200151,786,851
180996,803,888
130266,808,878
84029,810,888
384560,812,874
214089,835,888
288705,835,891
93734,954,1029
281217,955,1074
84055,956,1064
403747,958,1024
232269,959,1018
365925,959,1020
197667,961,1028
46716,965,1028
351950,975,1086
386055,986,1108
199470,987,1082
351949,987,1092
378384,989,1124
199468,1004,1106
314213,1006,1102
341710,1009,1066
318720,1013,1129
20823,1016,1108
280469,1025,1121
393808,1033,1106
67790,1040,1108
243827,1041,1106
304778,1050,1108
98084,1052,1107
299913,1073,1118
232270,1075,1178
199471,1107,1218
314214,1117,1179
315623,1117,1200
339656,1118,1232
137933,1122,1186
140095,1136,1179
339657,1145,1258
251732,1153,1220
404017,1158,1245
292912,1159,1239
293457,1162,1280
16764,1164,1241
107664,1165,1256
292913,1165,1285
152224,1166,1253
83471,1168,1244
324989,1170,1254
324988,1170,1259
173377,1172,1243
293456,1173,1238
399714,1174,1263
191756,1174,1268
58401,1175,1247
7251,1175,1260
308569,1178,1258
220968,1178,1268
194404,1179,1240
261895,1179,1245
217981,1179,1255
207359,1179,1261
309128,1179,1265
177975,1182,1246
221519,1183,1258
32801,1184,1244
28528,1184,1251
40883,1184,1261
162087,1184,1264
23655,1184,1280
295212,1185,1240
217980,1185,1271
404282,1187,1245
309127,1187,1249
324998,1187,1253
146405,1187,1260
23654,1187,1270
16765,1188,1246
314696,1188,1262
231500,1189,1251
34387,1189,1259
199820,1190,1256
192790,1191,1263
309129,1191,1270
295563,1192,1253
368500,1194,1257
115256,1194,1263
207358,1194,1267
199424,1199,1270
70859,1201,1264
49842,1202,1276
314215,1204,1268
230641,1204,1285
282951,1207,1261
164544,1207,1266
30545,1208,1309
343122,1211,1275
343120,1211,1293
108420,1213,1269
314693,1214,1291
50925,1215,1266
87517,1216,1283
283153,1219,1280
133217,1219,1283
227385,1221,1275
198295,1221,1283
263174,1223,1279
312638,1224,1288
198267,1284,1360
156977,1287,1378
357908,1289,1383
99965,1300,1363
108426,1308,1387
7253,1310,1381
35475,1311,1384
180915,1313,1376
111020,1313,1390
191755,1314,1384
338387,1318,1380
92513,1324,1381
74025,1325,1387
64172,1330,1393
137964,1336,1412
79581,1337,1406
62663,1415,1505
13522,1416,1500
314694,1423,1508
304006,1429,1533
241315,1430,1499
133816,1430,1539
251360,1431,1516
370501,1432,1545
199467,1433,1515
74523,1435,1528
384211,1436,1531
314697,1437,1537
270763,1440,1562
351946,1443,1541
293339,1444,1556
118383,1445,1504
217977,1447,1504
99697,1447,1559
235557,1450,1558
400684,1453,1559
152594,1458,1521
98711,1507,1561
311068,1510,1567
281215,1519,1584
34944,1598,1672
270766,1606,1680
300441,1606,1700
198265,1622,1680
2564,1650,1701
27768,1651,1707
283150,1688,1747
179530,1721,1776
34386,1728,1789
12588,1759,1824
270966,1873,1934
171323,1874,1950
274175,2030,2120
187882,2037,2117
30546,2037,2121
99700,2039,2113
143952,2041,2144
368784,2046,2112
34384,2049,2135
93736,2052,2125
167955,2053,2119
304007,2055,2119
76471,2068,2169
13426,2069,2145
29936,2073,2166
128953,2078,2145
211933,2080,2151
198261,2085,2174
207361,2088,2159
364655,2095,2174
283152,2110,2173
347029,2122,2239
108419,2124,2242
404018,2125,2237
227781,2126,2192
281811,2136,2238
51943,2148,2230
368786,2148,2236
384212,2153,2233
264738,2155,2231
118384,2176,2240
149611,2186,2257
276659,2187,2248
368782,2293,2336
311067,2293,2345
192563,2293,2360
187881,2293,2426
196934,2294,2346
15371,2295,2344
50926,2296,2343
95974,2297,2346
17138,2298,2410
370874,2299,2424
201597,2300,2344
6658,2301,2415
192562,2311,2418
257188,2323,2419
17939,2324,2406
198710,2328,2402
339658,2329,2438
209336,2332,2417
347028,2353,2416
198291,2354,2419
180374,2355,2423
212527,2363,2438
145179,2363,2444
56578,2364,2423
86625,2470,2539
375344,2489,2540
108421,2549,2632
258326,2550,2647
364654,2551,2633
253131,2552,2593
400707,2556,2637
257583,2559,2631
198711,2559,2638
158131,2568,2630
140120,2571,2657
408206,2574,2638
229333,2577,2638
302472,2578,2646
93735,2580,2654
316121,2581,2644
270965,2637,2731
35179,2730,2809
113490,2736,2806
304776,2739,2813
38302,2743,2803
85020,2743,2808
318719,2744,2801
211935,2744,2810
95902,2745,2807
74522,2745,2809
369658,2748,2807
182260,2749,2809
22535,2750,2808
302471,2757,2813
3171,2763,2820
325057,2764,2835
78934,2764,2840
152595,2765,2830
66623,2791,2865
270964,2811,2894
221520,2814,2887
280706,2821,2909
341711,2823,2945
368779,2843,2919
199474,2850,2960
84053,2875,2972
149612,2897,2976
373229,2897,2992
340789,2898,2994
309838,2997,3076
85021,2999,3080
84052,3011,3071
33198,3015,3071
408205,3015,3078
29931,3218,3283
23271,3218,3287
29932,3219,3280
90623,3219,3284
351116,3220,3283
404020,3227,3286
100430,3350,3408
221224,3350,3411
198262,3350,3414
351947,3350,3426
57266,3351,3406
72496,3351,3442
318721,3401,3484
386058,3408,3512
172222,3410,3483
232271,3412,3490
126913,3416,3503
24,3425,3526
309839,3426,3509
17116,3427,3517
268055,3429,3507
255613,3431,3530
154364,3432,3528
408545,3435,3539
328178,3437,3546
126914,3438,3510
307993,3438,3540
187359,3439,3502
349971,3442,3506
241154,3444,3509
30253,3445,3540
111021,3447,3532
29930,3448,3541
72495,3449,3521
371937,3450,3511
254800,3450,3529
75758,3450,3537
87516,3452,3513
40656,3452,3533
209337,3454,3518
383196,3455,3533
49255,3456,3517
384208,3456,3521
37151,3461,3522
185943,3465,3537
37152,3469,3533
111023,3474,3537
29933,3477,3541
124035,3483,3539
303932,3488,3547
314216,3550,3669
339661,3556,3638
16769,3585,3678
403980,3591,3652
263490,3598,3678
214088,3615,3678
192791,3617,3680
238374,3617,3688
71761,3619,3680
217979,3622,3681
241987,3624,3676
302922,3624,3684
93733,3625,3685
212554,3627,3685
55627,3657,3718
136933,3703,3775
102517,3708,3779
108430,3714,3780
17135,3716,3824
171324,3720,3777
370873,3720,3782
78933,3720,3786
8984,3727,3809
258739,3732,3781
269861,3735,3781
17115,3737,3808
362381,3738,3804
270764,3742,3808
9572,3749,3807
348224,3765,3821
180997,3958,4060
57267,3958,4079
328175,3959,4089
74516,3965,4026
99701,3968,4036
281812,3969,4055
311069,3972,4092
326243,3973,4032
99469,3973,4051
311829,3978,4084
270767,3979,4081
281214,3984,4074
341712,3985,4064
320173,3986,4056
313039,3987,4046
362382,3991,4094
171325,3993,4087
270771,3995,4078
309840,4005,4071
134866,4005,4094
152026,4013,4085
172056,4015,4084
57268,4017,4087
192564,4021,4085
24415,4027,4094
318724,4027,4097
264273,4028,4092
121043,4029,4093
294233,4043,4118
89907,4049,4121
214086,4052,4116
122649,4053,4120
103410,4054,4115
87001,4054,4118
218050,4054,4125
75635,4060,4124
211936,4097,4180
155720,4107,4191
61013,4124,4197
29220,4125,4195
183672,4131,4193
93738,4256,4324
251308,4316,4389
84054,4318,4380
54498,4319,4398
118732,4323,4380
17136,4324,4393
74974,4341,4403
74525,4385,4486
404286,4406,4556
74513,4408,4544
348225,4410,4515
25,4411,4498
108431,4417,4526
25,4423,4511
108428,4434,4546
265474,4436,4559
25,4437,4495
148261,4438,4509
25,4438,4516
14389,4438,4529
39796,4439,4535
404022,4441,4523
23774,4441,4554
23553,4442,4549
99695,4442,4559
189933,4448,4518
74514,4448,4564
7250,4453,4547
6175,4454,4515
10548,4454,4558
72497,4464,4543
378657,4471,4551
205761,4524,4599
360780,4529,4574
408543,4547,4614
354409,4549,4646
408544,4554,4617
31138,4565,4636
8108,4566,4619
66622,4566,4630
281214,4566,4645
270768,4568,4647
332998,4572,4633
5865,4572,4660
272677,4586,4645
214087,4586,4669
39798,4587,4641
302124,4587,4653
192341,4600,4670
152028,4602,4644
400709,4603,4669
368781,4604,4661
208489,4605,4672
198260,4611,4673
87519,4616,4673
313177,4632,4721
107663,4633,4694
147199,4635,4698
254801,4642,4699
188538,4646,4698
74510,4650,4719
153660,4678,4726
384561,4976,5075
76344,4979,5076
57318,4987,5076
148260,4990,5087
30191,4994,5097
6659,4997,5075
81046,4999,5068
373230,5000,5064
328177,5000,5075
369335,5008,5075
328176,5008,5085
221277,5009,5095
84516,5013,5075
18846,5015,5092
130666,5015,5098
93737,5016,5096
283151,5016,5102
280599,5025,5109
229334,5026,5106
62660,5032,5086
366752,5043,5107
295565,5044,5105
372486,5045,5100
280598,5046,5109
281185,5048,5111
276903,5053,5115
245840,5110,5173
256540,5126,5188
96301,5130,5194
264739,5131,5195
211937,5132,5230
74975,5133,5193
395305,5133,5196
50927,5137,5195
50145,5153,5201
166574,5156,5219
40607,5160,5229
343123,5169,5230
384209,5170,5229
99699,5172,5224
7146,5175,5227
331859,5177,5230
42491,5178,5229
384210,5294,5365
74515,5295,5371
5894,5295,5378
378382,5313,5465
71691,5322,5398
168226,5330,5397
115902,5332,5408
378383,5358,5488
111022,5385,5458
366755,5387,5486
199521,5391,5493
378385,5408,5493
45208,5411,5484
189738,5412,5488
296941,5415,5491
74021,5415,5503
402711,5416,5495
315249,5424,5486
403405,5426,5487
228813,5427,5481
304777,5427,5508
147401,5434,5496
196933,5435,5476
36277,5438,5479
7258,5439,5486
280790,5439,5501
81642,5440,5488
158281,5440,5502
381274,5443,5515
298520,5518,5568
367175,5580,5654
391329,5587,5657
381275,5592,5658
33026,5596,5662
192789,5597,5658
62661,5599,5663
7252,5601,5684
29574,5605,5696
18735,5612,5675
130667,5612,5715
370872,5613,5689
100843,5613,5696
242849,5614,5676
370875,5614,5680
215006,5614,5686
54499,5616,5705
31139,5617,5681
346893,5618,5678
84056,5618,5696
175376,5619,5680
70993,5619,5703
375342,5619,5714
404023,5620,5700
95129,5623,5705
351117,5623,5713
362380,5626,5734
57375,5637,5715
334493,5638,5704
57376,5645,5726
23446,5652,5733
58953,5655,5741
228887,5659,5735
112996,5663,5731
140097,5665,5732
223355,5671,5733
68528,5675,5740
199473,5678,5730
235634,5678,5743
403981,5679,5742
334400,5683,5732
404021,5686,5741
88205,5920,6000
241155,5949,6010
369659,6443,6509
402712,6449,6541
5965,6451,6531
238373,6452,6518
175138,6453,6554
136415,6456,6564
72068,6459,6519
78703,6460,6518
375343,6464,6549
384213,6471,6571
225547,6476,6609
29808,6479,6589
395940,6483,6610
320172,6483,6617
7257,6486,6588
35144,6487,6611
354287,6490,6603
108423,6493,6607
295566,6495,6605
308570,6502,6611
358665,6503,6636
198268,6510,6620
241152,6511,6632
186705,6518,6636
108424,6530,6630
108425,6532,6632
41699,6541,6617
304009,6548,6642
157385,6554,6619
360781,6554,6625
261896,6554,6642
62662,6557,6619
223452,6558,6632
75636,6559,6641
81047,6565,6634
223356,6565,6637
6661,6569,6632
302924,6571,6633
267681,6585,6643
357909,6684,6801
152593,6685,6744
319157,6685,6757
120653,6687,6770
302925,6688,6755
130671,6688,6777
196984,6689,6748
227519,6690,6756
357910,6691,6792
257582,6693,6756
144616,6696,6757
368789,6700,6792
224956,6701,6770
67791,6702,6789
198712,6704,6778
57374,6707,6773
292213,6708,6770
279172,6708,6772
306864,6712,6797
140096,6714,6773
314691,6746,6839
270967,6746,6851
87518,6747,6796
64482,6747,6821
306862,6750,6861
302923,6753,6839
385456,6795,6870
403744,6798,6843
182987,6798,6861
148086,6798,6863
106554,6799,6862
364298,6799,6866
129646,6799,6903
201342,6800,6875
367425,6812,6900
272680,6819,6898
385457,6822,6886
130668,6836,6910
340790,6840,6898
16770,6841,6906
366754,6841,6913
135075,6841,6923
229169,6842,6909
198292,6843,6916
216974,6844,6923
145019,6845,6907
131255,6845,6914
7160,6845,6928
41741,6849,6919
384029,6852,6913
304008,6853,6922
187884,6856,6922
249758,6858,6921
130669,6861,6923
324990,6863,6924
366753,6959,7021
274174,6961,7023
246707,6991,7054
241153,6995,7090
326240,7031,7130
261901,7136,7207
49254,7141,7205
154576,7148,7210
272681,7148,7213
51500,7148,7217
161039,7158,7219
122986,7167,7228
267726,7167,7230
75639,7167,7237
324342,7171,7245
258770,7175,7217
401351,7175,7253
54497,7182,7244
88000,7186,7253
371556,7187,7238
255596,7188,7294
319156,7189,7260
132011,7189,7281
6060,7216,7287
369660,7216,7298
383197,7217,7279
281216,7221,7294
329908,7222,7284
142507,7222,7286
74511,7222,7297
240649,7225,7287
308571,7225,7289
123208,7226,7295
324991,7229,7310
89607,7229,7349
144474,7234,7276
213932,7234,7309
207224,7241,7288
135076,7241,7330
314217,7243,7298
186472,7244,7351
29935,7245,7333
241988,7246,7298
368787,7249,7328
146404,7251,7333
74976,7251,7344
90876,7254,7345
370503,7256,7349
408207,7256,7366
119870,7257,7344
98343,7257,7363
368788,7261,7350
79448,7265,7363
6660,7276,7337
223454,7276,7358
378656,7291,7367
227785,7292,7359
157382,7293,7362
160261,7297,7361
57270,7297,7378
246535,7300,7363
11467,7306,7385
271391,7307,7370
231499,7308,7366
66446,7308,7374
56279,7311,7367
327851,7317,7395
7472,7371,7432
229022,7377,7439
108427,7389,7446
306863,7393,7454
136416,7400,7461
270769,7446,7521
281213,7451,7532
49845,7458,7526
270765,7459,7531
164774,7485,7556
74512,7502,7559
357432,7505,7579
221278,7565,7629
57373,7565,7633
146621,7568,7632
146696,7569,7626
283154,7569,7630
278485,7582,7630
408208,7665,7721
121878,7666,7733
266584,7669,7752
198269,7670,7746
21102,7671,7723
314690,7671,7743
198263,7674,7771
198264,7674,7788
340788,7675,7759
258327,7677,7740
205360,7680,7746
158282,7683,7746
12396,7684,7745
269987,7685,7746
227782,7732,7787
16763,7756,7858
403977,7766,7838
110291,7771,7834
354286,7774,7838
354285,7774,7855
162588,7779,7848
30207,7783,7848
34385,7783,7855
281213,7805,7892
396704,7839,7894
408546,7839,7906
302473,7839,7911
232273,7843,7910
51944,7845,7916
102454,7847,7946
27387,7852,7928
146620,7853,7917
227520,7853,7971
300401,7854,7918
192316,7859,7928
100416,7862,7916
92558,7862,7923
232411,7863,7924
128424,7863,7934
399717,7863,7939
383450,7863,7944
158690,7863,7956
227521,7864,7930
331860,7864,7949
157384,7867,7912
298677,7867,7935
231501,7869,7944
50928,7869,7962
229171,7872,7952
257993,7873,7956
32770,7873,7962
327475,7874,7925
314692,7875,7931
89411,7875,7954
207362,7875,7964
14059,7876,7957
249107,7878,7934
318722,7878,7949
11487,7880,7951
219923,7881,7962
403982,7883,7943
404272,7883,7971
327850,7885,7943
102518,7889,7962
99966,7890,7954
63713,7897,7972
222272,7900,7969
34957,7908,7963
49843,7909,7962
211938,7911,7963
99702,7917,7982
198713,7917,7998
374328,7918,7971
119670,7918,8002
255595,7921,7987
368785,7922,7971
315624,7922,7975
190492,7922,7992
285702,7936,8002
47664,7940,7998
269989,7965,8023
224957,8089,8151
281813,8205,8257
189932,8217,8300
6325,8222,8283
318725,8222,8286
306865,8223,8282
34955,8226,8291
293340,8230,8346
189934,8232,8338
261900,8232,8344
349972,8235,8296
403745,8238,8359
368783,8251,8343
280707,8347,8475
227924,8349,8443
220529,8363,8470
269988,8365,8475
229332,8376,8466
295564,8380,8475
18582,8388,8468
339662,8392,8473
190495,8397,8468
199522,8404,8471
214085,8404,8475
18663,8510,8557
118388,8510,8572
302217,8510,8589
3851,8511,8577
49846,8512,8586
38918,8513,8583
7254,8518,8579
281217,8518,8631
74022,8520,8579
249106,8522,8592
362138,8524,8583
331861,8525,8580
386059,8528,8630
20335,8530,8576
84057,8530,8648
351945,8532,8634
198262,8533,8594
386056,8533,8659
72944,8534,8616
199475,8536,8631
406228,8555,8632
79552,8559,8631
386057,8559,8658
351948,8562,8637
217978,8564,8630
339663,8579,8653
358664,8592,8692
99698,8595,8659
193635,8600,8692
314218,8607,8694
136318,8632,8700
264134,8644,8734
152226,8646,8722
264135,8649,8720
3739,8652,8735
181063,8654,8719
60826,8656,8720
229173,8656,8724
86546,8656,8730
82391,8657,8754
34388,8659,8720
268495,8659,8732
207360,8659,8742
41933,8663,8731
33107,8664,8739
33108,8664,8755
125431,8665,8727
400708,8669,8731
307459,8673,8734
190494,8673,8761
210235,8675,8752
2565,8678,8755
110925,8681,8751
112184,8682,8745
300442,8684,8756
360779,8684,8770
26289,8685,8748
298302,8685,8752
357320,8686,8767
328179,8686,8774
370164,8689,8753
214084,8690,8760
38509,8692,8753
115872,8694,8766
242909,8695,8771
57533,8697,8775
55632,8699,8764
213931,8699,8768
163750,8699,8771
191416,8700,8762
40447,8700,8778
281216,8702,8779
159461,8702,8782
229172,8705,8766
332373,8706,8769
45722,8708,8766
37356,8710,8800
313040,8714,8778
105471,8716,8798
39795,8728,8795
17111,8791,8842
50929,8797,8862
211939,8872,8942
16766,8876,8938
187883,8877,8939
78931,8877,8955
108429,8878,8950
269284,8880,8953
196985,8891,8949
369462,8891,8952
228888,8920,8982
228889,8921,8977
391656,8949,9040
19131,8956,9023
21438,8964,9029
146549,8965,9024
39548,8969,9039
16768,8971,9033
164620,8971,9038
78932,8971,9089
51945,8972,9040
264740,8972,9052
362383,8973,9036
76343,8973,9044
92442,8974,9067
82106,8975,9036
38917,8976,9044
198293,8977,9040
128170,8978,9041
64195,8978,9063
383194,8985,9068
12641,9011,9073
261899,9014,9084
199466,9022,9104
37953,9023,9074
378386,9026,9097
89908,9036,9106
341713,9038,9099
7161,9038,9102
191754,9145,9194
178755,9145,9220
5029,9145,9262
242910,9146,9211
119669,9146,9236
404019,9146,9271
126915,9146,9280
160194,9147,9204
145027,9147,9217
270944,9147,9225
238636,9148,9191
171322,9148,9207
403978,9148,9235
126066,9149,9221
227784,9150,9257
180998,9151,9266
118387,9152,9233
21515,9152,9272
1345,9158,9258
34956,9158,9263
301484,9159,9280
108422,9160,9288
187885,9163,9261
50147,9163,9279
309022,9163,9285
261897,9165,9259
272678,9174,9284
30547,9182,9289
50146,9184,9259
272679,9184,9296
30544,9188,9259
343121,9189,9301
229170,9190,9295
267,9196,9296
269986,9197,9288
267,9221,9291
156286,9289,9363
126,9289,9366
126,9292,9424
16767,9294,9419
319158,9295,9409
296392,9300,9388
57269,9306,9411
261898,9306,9423
314695,9319,9431
362384,9328,9411
29934,9341,9425
152225,9347,9453
339660,9357,9470
199465,9388,9484
89606,9417,9497
99696,9429,9494
157383,9435,9496
339659,9439,9540
30548,9457,9533
320171,9467,9580
318723,9473,9594
190491,9477,9540
198294,9478,9603
9196,9487,9608
9196,9499,9595
49844,9507,9620
43714,9513,9581
292876,9519,9608
347030,9540,9613
5895,9540,9616
118385,9541,9611
207223,9542,9642
22740,9547,9650
175375,9577,9650
118733,9581,9649
130267,9584,9645
326241,9589,9651
