90223,129,178
46787,129,243
200912,129,248
185327,129,252
333,129,259
152530,130,214
4022,131,228
274887,135,196
106382,136,218
249855,138,207
249701,139,204
20947,143,228
304590,149,267
91723,150,208
21664,153,227
130373,153,263
8072,155,225
103356,155,230
333,155,267
90222,160,258
47075,161,233
106496,164,261
291317,166,256
249702,181,256
90039,183,267
264101,184,276
305459,185,268
45273,190,269
137723,192,268
289412,194,300
316357,203,272
376298,206,274
159090,208,270
232307,208,278
169391,208,289
264333,212,276
219680,212,293
97976,214,289
30317,214,294
32308,219,298
79510,224,294
316689,227,290
264438,228,314
191416,229,289
225025,229,302
280401,229,306
371345,230,286
137722,230,321
232507,231,308
403744,233,294
254840,233,324
202333,234,289
231578,234,295
366301,234,305
103355,234,314
156375,235,317
82794,236,302
265230,236,309
57506,238,320
10940,246,312
408402,248,315
289411,251,369
333960,256,360
88134,262,334
106497,262,367
359287,263,337
104800,263,340
365646,264,325
50518,269,331
279955,271,406
139416,311,456
302382,317,457
359288,334,445
291364,344,448
187928,345,444
38040,350,475
324578,356,521
315793,357,510
45274,358,444
387752,359,455
173110,360,419
301820,362,480
260218,362,492
261783,364,497
264439,366,489
172856,368,526
14364,368,532
84644,369,511
66141,370,516
10783,376,491
36751,378,439
407993,378,442
38041,379,515
39992,380,524
301823,383,521
226820,384,446
47195,386,532
291424,387,498
318820,391,532
80534,391,540
20248,392,461
48704,392,481
357756,392,511
66140,392,525
4483,394,448
137077,394,479
318818,395,438
363534,395,440
301821,395,493
22317,397,512
283973,410,479
301104,412,478
10215,414,526
277320,416,553
10216,418,542
53050,419,545
80533,424,508
301822,431,547
43164,432,536
94252,436,522
105859,438,543
211988,463,529
180851,463,566
158543,464,517
138594,465,528
366300,465,563
265059,466,519
174246,466,537
199343,466,542
264440,472,596
315794,488,632
11850,496,557
375919,499,564
70981,504,566
45275,515,634
344581,518,568
144108,521,602
267989,539,606
300547,539,613
256746,539,617
100775,539,621
345456,539,628
190388,539,632
181311,541,625
406689,542,619
139565,543,609
184950,543,632
193141,543,649
64632,545,609
256301,545,615
359119,552,689
219491,556,617
181159,562,689
370157,574,706
291316,594,697
264441,618,745
403746,619,739
84641,620,734
74089,623,697
318819,631,729
301824,651,767
163511,651,781
149696,658,753
37311,660,789
241855,665,791
72257,667,748
90040,667,800
485,668,736
65795,674,748
485,676,751
90224,677,787
65794,683,801
149697,691,809
173160,696,784
333902,699,812
286999,708,813
368320,711,809
316691,717,781
114614,720,785
157518,724,800
47194,727,800
320141,733,800
329697,734,813
17943,740,799
65793,743,798
107224,745,810
185531,749,798
270749,749,813
264685,754,821
250101,756,803
293554,756,815
208398,757,814
81591,758,810
154720,760,827
395075,802,886
208397,817,882
20820,906,960
30884,906,968
258026,906,989
403870,907,959
330947,909,973
291315,911,979
310043,912,1053
370155,913,999
130539,914,981
18338,914,989
304591,914,992
115415,916,994
384956,919,994
220088,920,973
278729,920,1005
252938,921,989
193143,921,1015
279699,925,972
176393,925,1046
155508,927,994
396504,928,977
48908,929,1047
150862,931,998
239271,940,1046
103081,952,1008
264442,952,1110
37312,953,1066
370156,956,1064
379976,957,1009
12664,958,1101
278728,965,1098
50520,966,1105
236670,973,1081
53051,977,1103
395076,979,1088
239272,983,1066
149833,983,1130
245615,987,1106
355691,991,1150
290348,996,1088
284749,997,1112
197562,997,1134
80066,999,1052
188734,1010,1193
193142,1012,1130
97292,1013,1119
218956,1014,1168
21763,1016,1126
163510,1016,1132
229661,1017,1089
215263,1023,1179
71475,1024,1115
81592,1027,1148
280402,1028,1079
70197,1028,1131
234095,1033,1151
132677,1038,1157
106498,1041,1202
3532,1042,1118
306280,1042,1179
322671,1043,1168
37313,1046,1190
239273,1047,1163
219496,1048,1180
12555,1049,1177
127085,1056,1183
89360,1060,1151
257191,1060,1180
23593,1061,1164
8760,1064,1199
50775,1069,1207
104408,1070,1194
70198,1073,1203
36653,1074,1165
330830,1080,1207
313239,1081,1194
83228,1091,1183
30789,1091,1199
278727,1102,1176
45537,1106,1166
72537,1125,1182
363535,1328,1384
215262,1381,1441
215261,1381,1462
373515,1397,1484
28323,1406,1462
190180,1420,1482
176647,1421,1486
264099,1423,1497
192744,1573,1658
196274,1577,1655
289815,1582,1657
359116,1586,1644
355169,1591,1652
384261,1593,1659
365868,1600,1662
264100,1601,1664
46590,1616,1677
144109,1616,1680
220439,1634,1710
215260,1641,1735
138698,1643,1757
322811,1645,1739
322809,1645,1752
293114,1648,1735
91400,1649,1750
138700,1649,1757
395074,1657,1735
219492,1661,1742
407882,1664,1740
368321,1681,1757
215833,1682,1752
359117,1686,1761
37310,1687,1754
128553,1699,1760
37314,1700,1782
176191,1700,1793
297504,1771,1874
232305,1800,1902
46588,1813,1885
232584,1815,1876
289127,1817,1894
126609,1823,1884
176392,1827,1903
50519,1982,2054
206807,1982,2093
46586,1985,2057
72049,1990,2055
211989,1992,2094
47076,2011,2086
38243,2016,2104
46585,2027,2101
21278,2030,2095
200911,2036,2108
13139,2039,2106
399362,2041,2111
103358,2060,2121
12088,2060,2134
356702,2206,2286
391630,2214,2278
404055,2217,2286
378155,2245,2313
227301,2263,2330
198646,2263,2360
187927,2264,2363
347672,2265,2335
363775,2265,2345
198645,2271,2338
349426,2273,2334
118582,2273,2340
406688,2273,2354
89700,2274,2337
195785,2274,2343
403601,2276,2365
104409,2279,2355
211990,2282,2340
259088,2282,2343
316690,2284,2355
273765,2287,2351
304589,2287,2353
77336,2288,2330
383737,2289,2331
77003,2289,2361
59088,2295,2361
95533,2298,2377
22859,2299,2354
142746,2299,2363
111841,2301,2347
345455,2303,2365
22957,2305,2383
404054,2308,2385
62697,2327,2384
67828,2333,2392
241191,2345,2400
45151,2347,2439
31681,2349,2406
244516,2358,2440
112480,2469,2535
58127,2469,2540
291363,2470,2532
230605,2494,2549
69742,2494,2553
206808,2494,2561
241193,2494,2567
46587,2602,2679
241192,2602,2690
397299,2943,3001
322815,2943,3057
374914,3003,3064
159091,3005,3066
352637,3008,3066
352638,3011,3090
407884,3037,3139
176190,3043,3116
311843,3044,3125
169390,3046,3116
20902,3047,3102
328319,3051,3120
407883,3073,3210
331597,3111,3205
331596,3123,3206
198643,3164,3247
198642,3171,3251
118296,3172,3240
132675,3172,3245
103359,3177,3239
58974,3181,3245
217845,3182,3247
85161,3182,3254
170107,3183,3257
375921,3185,3247
149698,3185,3278
363536,3186,3261
27581,3189,3250
382599,3189,3255
305041,3190,3253
81401,3191,3261
3211,3195,3248
28755,3208,3285
125313,3210,3254
100774,3573,3642
244520,3573,3668
244518,3574,3657
244519,3574,3672
187220,3574,3687
70196,3575,3646
187221,3575,3654
96571,3579,3633
251137,3579,3646
181648,3581,3634
244521,3581,3686
272673,3583,3638
384260,3583,3645
379975,3583,3649
132676,3583,3683
130616,3588,3645
70619,3589,3643
366303,3589,3660
156507,3595,3663
375920,3600,3683
187219,3601,3686
311207,3602,3721
70982,3607,3682
322276,3607,3687
150626,3610,3667
206350,3610,3674
69743,3610,3682
97341,3610,3691
306278,3610,3695
22141,3611,3701
178804,3612,3660
19423,3613,3683
304117,3615,3680
231116,3618,3674
18337,3623,3676
346084,3634,3709
311844,3637,3701
52898,3638,3706
185532,3638,3712
212964,3644,3702
83468,3644,3706
218711,3645,3711
18339,3646,3736
365025,3647,3708
154557,3647,3712
259502,3653,3730
149695,3689,3740
322816,3848,3935
215835,3877,3929
364205,3931,3995
311845,3934,3996
299683,3943,3993
345788,3947,3997
34492,3953,3995
30727,3963,4022
47197,3964,4067
359120,3965,4045
47198,3978,4070
244517,3997,4074
47196,3998,4068
244515,3998,4078
334862,3999,4073
99478,4006,4067
180852,4006,4078
405046,4010,4072
80402,4011,4074
187926,4011,4078
404295,4023,4071
223371,4023,4078
128555,4024,4074
256745,4027,4083
136382,4171,4233
352639,4177,4267
9198,4179,4245
79721,4184,4267
146100,4185,4275
7301,4186,4264
46589,4199,4264
77337,4199,4270
256744,4200,4274
219495,4209,4278
200913,4210,4272
79581,4223,4297
403745,4278,4399
322814,4279,4368
310044,4281,4366
290349,4287,4399
130615,4289,4402
130540,4296,4397
363774,4297,4402
53049,4302,4396
201170,4305,4379
10724,4305,4393
159089,4306,4390
50521,4307,4401
245192,4307,4423
198647,4308,4368
886,4308,4399
109281,4309,4411
146477,4310,4415
106495,4311,4403
306279,4340,4423
333901,4342,4418
381562,4359,4417
404296,4359,4423
221158,4377,4438
16377,4400,4461
45125,4404,4463
103357,4507,4554
278730,4508,4564
285373,4510,4567
45572,4510,4571
159088,4526,4646
193144,4561,4648
5316,4582,4645
44137,4665,4770
219493,4676,4788
322810,4677,4767
295239,4677,4800
322812,4681,4799
298956,4685,4774
48318,4688,4764
280400,4688,4787
395074,4689,4766
284750,4689,4790
274584,4694,4766
365871,4697,4773
83227,4698,4776
37226,4702,4765
256243,4703,4787
314786,4703,4795
256242,4705,4798
89530,4706,4783
262352,4707,4776
103080,4707,4794
181312,4707,4800
206809,4708,4796
315751,4709,4781
84371,4711,4800
5273,4714,4780
6537,4716,4769
126674,4716,4800
35535,4718,4791
4275,4720,4772
120425,4722,4785
327450,4875,4940
395075,4958,5032
215834,5137,5227
359118,5140,5247
136946,5143,5209
244514,5151,5224
146686,5153,5242
83825,5155,5244
128554,5307,5360
2323,5307,5405
198644,5308,5358
48429,5310,5403
289126,5311,5377
227302,5311,5406
366302,5311,5421
108125,5314,5379
92173,5314,5396
230606,5315,5417
365869,5322,5415
92174,5329,5445
188735,5336,5408
293113,5337,5419
102531,5340,5431
333799,5366,5452
358274,5371,5428
345454,5384,5464
284751,5384,5487
146685,5385,5499
300991,5388,5503
215264,5391,5488
36182,5391,5492
200914,5391,5496
144110,5394,5486
201171,5396,5487
291362,5396,5513
197563,5398,5452
284501,5398,5460
111840,5398,5465
69744,5398,5485
37316,5398,5508
103082,5398,5524
106499,5400,5504
264684,5402,5455
368219,5403,5472
236671,5405,5531
289413,5409,5506
395076,5409,5515
370158,5415,5514
310045,5416,5534
137731,5417,5518
174470,5419,5531
387753,5422,5487
256747,5425,5526
53048,5427,5535
629,5434,5503
219494,5437,5547
48430,5437,5558
138699,5438,5510
239274,5440,5506
365870,5458,5549
285495,5461,5548
406690,5462,5528
103055,5464,5522
403748,5464,5529
142824,5468,5529
3532,5474,5535
403747,5490,5551
4231,5628,5722
61022,5632,5704
1244,5633,5726
256748,5634,5721
39797,5635,5706
30473,5641,5707
1244,5642,5711
108126,5778,5841
133180,5780,5841
257048,5780,5869
393049,5782,5830
249481,5784,5846
226821,5785,5847
128444,5786,5851
316278,5787,5849
20807,5788,5861
2376,5791,5858
28104,5793,5855
94535,5795,5857
30790,5796,5858
107283,5806,5872
228293,5807,5885
47077,5810,5871
57821,5813,5866
220440,5882,5996
284748,5887,5999
295240,5906,5984
322817,5913,5983
37315,5915,6031
2377,5916,5988
87505,5917,6005
105103,5919,5997
216019,5919,6031
70173,5920,6007
260219,5922,5987
322813,5930,6030
126893,5937,6031
26015,5945,6031
336546,5947,5995
46442,5947,6022
200610,5948,6012
232306,5953,6027
405131,5955,6025
299802,5959,6023
21438,5959,6031
34703,5964,6026
146478,5966,6019
28288,5966,6026
263493,5966,6031
66689,5968,6028
337281,5973,6031
