98100,110,169
14025,110,211
50836,110,225
35492,110,238
31755,110,270
133932,114,166
259617,114,237
333,116,270
83271,118,163
28101,118,202
293546,118,227
17169,118,286
19422,119,220
133935,120,198
267133,121,165
391745,121,276
2516,122,217
349225,123,202
82419,125,231
340777,127,206
366607,128,191
370555,135,214
254939,135,218
40686,135,236
64849,136,204
218872,138,197
271710,138,200
293545,139,201
2238,139,211
385453,139,281
47520,142,205
379657,142,210
119523,143,208
352468,143,303
231749,146,281
154008,147,273
333,147,277
141690,148,210
328583,149,295
284309,150,211
95949,150,283
83419,151,279
6359,152,276
2517,153,281
392930,156,278
106496,157,273
194273,157,281
247824,163,230
360906,163,280
83418,165,287
161976,167,297
110437,170,235
298177,171,234
147197,171,292
114706,176,284
118297,180,263
57240,189,259
124358,194,264
149108,195,262
307772,197,313
360613,205,266
332214,210,368
16555,213,279
385799,219,327
350468,222,371
343053,225,293
343054,225,305
205241,228,296
44300,230,277
255977,231,292
96921,231,302
128118,239,306
224503,239,316
29930,239,323
127802,243,330
23519,244,333
226237,249,327
16526,274,338
38057,276,343
353128,278,339
210542,279,382
68447,279,391
100415,282,360
66202,283,404
114216,284,372
137370,285,355
66201,286,353
106497,286,396
151499,288,393
162317,289,411
376267,290,366
18298,291,371
52444,291,389
66203,292,402
123627,295,356
158188,296,412
44843,308,439
321280,322,445
162318,371,476
197899,377,477
243120,380,497
162319,381,491
144176,382,511
249457,392,478
360134,403,479
335519,407,469
212631,407,472
127192,408,473
354927,408,478
77367,417,520
42680,420,523
42681,437,548
10215,445,571
158187,446,584
337519,452,514
66204,456,561
176786,456,582
115484,458,519
43164,458,576
279230,458,584
162320,459,570
112000,464,571
105857,477,578
276820,479,572
199484,486,571
332211,486,576
149103,487,549
250948,489,576
7328,495,583
323227,510,572
364347,515,580
293544,515,584
330697,517,578
75541,674,754
124359,698,761
403264,705,781
16527,917,979
118990,917,985
485,917,988
95948,917,995
4174,917,1001
247825,942,1026
144177,1063,1153
48645,1063,1168
98844,1063,1174
120587,1064,1133
150598,1065,1120
325565,1066,1150
349835,1066,1158
123630,1068,1144
375232,1069,1129
57287,1070,1176
126636,1071,1139
67465,1073,1222
149686,1074,1155
13158,1080,1226
124914,1084,1200
403134,1084,1207
106498,1084,1236
119233,1085,1218
335639,1085,1230
98423,1089,1140
115485,1090,1231
124360,1091,1226
391746,1094,1200
29307,1098,1195
31159,1099,1157
293547,1099,1221
122863,1102,1231
8760,1104,1229
31442,1116,1205
57286,1116,1225
120588,1118,1222
228883,1121,1226
12911,1121,1237
208285,1128,1236
144178,1132,1213
231750,1135,1234
199483,1150,1236
44842,1153,1236
17638,1167,1237
369555,1170,1236
88288,1172,1236
283086,1351,1412
119524,1383,1499
126282,1385,1495
119522,1387,1501
125377,1388,1509
111988,1405,1520
70221,1407,1532
886,1411,1536
332524,1414,1497
249455,1417,1503
106495,1417,1529
114126,1423,1523
114134,1424,1532
5208,1426,1488
122862,1426,1512
375224,1432,1511
97380,1432,1538
119527,1439,1512
50835,1444,1533
392929,1445,1537
263987,1447,1543
125375,1448,1534
332207,1452,1542
240981,1460,1539
216095,1463,1527
111375,1464,1533
14153,1591,1668
14152,1596,1668
70224,1634,1744
7327,1654,1721
343056,1785,1906
397371,1799,1894
262352,1800,1886
353425,1801,1911
141145,1806,1911
397372,1822,1884
31827,1824,1885
276013,1829,1892
324725,1830,1879
335888,1830,1886
17572,1830,1896
279225,1832,1893
369150,1835,1896
267128,1842,1895
364348,1981,2039
165842,1981,2041
16554,1981,2051
279229,1981,2115
186033,1982,2056
162315,1987,2111
296753,1992,2115
208521,2016,2146
254940,2018,2159
387398,2020,2127
162314,2023,2110
45564,2023,2155
126281,2024,2159
194274,2041,2151
165222,2041,2169
216096,2043,2166
254927,2044,2154
83417,2048,2167
25,2053,2163
284999,2055,2102
225309,2057,2158
365577,2059,2170
88286,2066,2154
25,2074,2154
25,2083,2168
124361,2094,2167
25,2096,2160
375233,2362,2469
281888,2369,2436
2801,2375,2468
381663,2375,2498
104376,2378,2467
367598,2384,2463
254474,2384,2505
343055,2387,2469
45565,2403,2464
237800,2431,2504
224942,2434,2501
29931,2434,2508
29932,2436,2509
370406,2444,2510
124139,2446,2512
124266,2448,2529
276719,2452,2515
386842,2467,2537
340265,2468,2534
262353,2470,2532
144174,2470,2542
354594,2471,2525
8688,2471,2534
170645,2471,2544
332523,2474,2535
66199,2476,2536
267132,2477,2540
26633,2482,2542
162316,2506,2573
119525,2539,2593
387399,2544,2596
54088,2550,2627
59552,2566,2644
69819,2578,2675
381664,2585,2668
175891,2735,2786
161978,2736,2795
88287,2736,2826
125368,2738,2796
50837,2738,2803
150463,2738,2825
149105,2745,2811
84606,2754,2816
377366,2772,2818
350467,2825,2901
38009,2834,2900
176636,2845,2902
53071,2847,2908
279226,2851,2920
363444,2857,2931
222181,2859,2923
9273,2867,2928
295505,2868,2934
314839,2868,2940
44981,2872,2925
6356,2972,3063
190805,3101,3174
208284,3244,3323
365578,3245,3328
383621,3247,3304
157380,3247,3321
383622,3248,3344
185604,3253,3312
89031,3254,3325
44304,3261,3307
308708,3271,3367
31437,3287,3358
385800,3344,3459
886,3357,3457
149107,3359,3452
59140,3363,3445
364350,3363,3451
254102,3363,3454
53827,3363,3457
111990,3363,3485
400910,3368,3456
111993,3370,3485
186034,3372,3457
385803,3373,3450
375224,3374,3463
332209,3376,3449
111991,3382,3485
375220,3386,3480
125376,3390,3465
50834,3393,3483
120585,3397,3484
96655,3404,3485
96922,3535,3597
91761,3540,3606
114707,3576,3638
125373,3576,3700
367599,3578,3694
149104,3587,3698
29146,3593,3695
359579,3594,3670
17170,3595,3706
381665,3600,3690
120586,3601,3685
192847,3603,3653
111997,3603,3732
96648,3605,3669
103705,3606,3679
2801,3606,3705
111998,3608,3690
144175,3610,3766
125372,3618,3711
166778,3620,3696
195532,3630,3711
271712,3631,3694
114132,3643,3768
114136,3668,3763
82947,3675,3768
158190,3705,3768
197900,3831,3930
352295,3832,3925
385802,3833,3921
173787,3836,3917
262355,3843,3945
173788,3846,3943
359578,3857,3919
886,3857,3937
254938,3857,3943
62773,3858,3926
362819,3858,3948
96653,3861,3966
332208,3862,3928
111992,3862,3981
282183,3864,3939
260666,3872,3975
375220,3883,3971
154733,3885,3945
96654,3887,3978
242244,3901,3975
204074,3902,4000
154731,3904,3967
360614,3905,3990
87933,3912,3983
290072,3916,3982
113692,3917,3994
174549,3920,3984
176624,3923,3985
143612,3923,3992
84611,3925,3987
98223,3926,4001
151071,3928,3985
176635,3931,3993
332212,3934,4006
37857,3936,3985
17444,3936,3999
267704,3936,4009
267705,3937,3994
279228,3938,4005
176787,3941,4011
174216,3941,4025
306425,3942,4015
211000,3944,4016
282182,3945,4013
65878,3946,3999
66909,3947,4014
191479,3949,4013
195830,3951,4012
116120,3954,4029
372177,3955,4032
114135,3955,4064
374661,3956,4017
114133,3957,4076
96923,3962,4038
204817,4139,4205
164850,4140,4194
165843,4140,4246
267129,4140,4251
96912,4140,4258
282219,4143,4197
87389,4143,4205
291787,4143,4210
64191,4144,4200
46608,4144,4228
295359,4144,4258
7334,4145,4199
83416,4146,4215
243121,4147,4228
119526,4148,4205
96913,4150,4252
154732,4151,4225
267134,4151,4228
46607,4153,4222
25368,4154,4228
155491,4155,4221
96914,4155,4276
111186,4156,4226
154728,4156,4240
83415,4157,4224
244584,4159,4220
292815,4159,4258
360905,4160,4224
83413,4160,4270
98424,4161,4222
125036,4162,4223
267130,4169,4268
366744,4172,4278
69917,4228,4303
69916,4230,4305
105528,4231,4293
370693,4231,4308
41748,4235,4292
273235,4247,4297
96649,4425,4490
96915,4425,4496
84607,4428,4496
274408,4429,4506
352014,4430,4494
203846,4431,4488
18411,4431,4493
6358,4431,4495
203844,4431,4497
39285,4433,4490
86761,4434,4508
403135,4435,4487
32481,4436,4497
360612,4437,4488
375231,4437,4494
40490,4437,4496
335741,4437,4498
170340,4437,4507
208522,4437,4527
65231,4439,4503
264076,4440,4506
96197,4442,4495
12254,4442,4524
175853,4443,4507
71881,4449,4507
351193,4450,4506
65229,4454,4539
85915,4455,4526
122299,4458,4538
65230,4458,4542
25332,4459,4527
120398,4468,4540
58601,4479,4540
149106,4487,4559
84947,4489,4556
96918,4491,4543
35362,4495,4553
89034,4500,4560
382302,4519,4574
83414,4612,4663
231748,4829,4922
82949,4835,4906
98097,4838,4907
114215,4838,4912
123629,4938,5010
192228,4957,5030
304884,4961,5031
120584,4988,5058
217160,4996,5058
332209,5348,5413
111994,5348,5434
332210,5348,5439
6357,5348,5443
353426,5348,5452
362818,5349,5441
375221,5351,5443
11742,5362,5424
75908,5378,5453
281886,5378,5457
66198,5383,5438
154729,5385,5447
338998,5385,5457
325564,5741,5812
226361,5746,5809
243119,5749,5809
375226,5749,5813
11848,5753,5814
98099,5936,6002
84370,5938,5999
25409,5938,6024
114131,5939,6007
96917,5948,6019
66200,5950,6026
83412,5960,6022
281887,5968,6030
333704,5988,6052
106030,5992,6049
279227,5992,6059
375225,6111,6175
119527,6111,6183
375221,6111,6188
367602,6112,6172
15735,6130,6182
281884,6131,6189
299120,6134,6185
7333,6143,6219
302604,6154,6202
231066,6157,6221
91441,6319,6384
210543,6330,6382
226360,6531,6606
29933,6545,6596
367597,6547,6613
190807,6549,6636
352296,6551,6602
86813,6552,6595
272660,6552,6613
359580,6552,6662
354922,6553,6614
190808,6553,6642
35952,6555,6637
174218,6562,6645
190810,6573,6642
886,6574,6665
149113,6578,6639
160542,6674,6739
267140,6682,6737
23139,6694,6750
375223,6862,6929
255976,6867,6933
306372,6868,6929
256319,6868,6936
299121,6989,7055
306373,7009,7132
259616,7028,7127
133670,7032,7138
249756,7052,7118
92613,7054,7158
353428,7060,7149
71761,7061,7132
141279,7065,7126
96652,7065,7152
22744,7070,7152
67019,7070,7157
86762,7070,7171
79858,7071,7159
123896,7074,7135
306374,7075,7148
125034,7075,7156
407796,7077,7138
125035,7081,7157
67754,7084,7148
43021,7084,7157
67018,7084,7197
161974,7085,7149
245841,7085,7176
70222,7085,7186
97715,7086,7152
80294,7088,7150
156878,7090,7153
26621,7091,7148
113676,7091,7151
352015,7091,7197
158192,7093,7156
322970,7093,7171
118186,7094,7211
263566,7095,7157
76314,7095,7161
382567,7096,7158
167535,7097,7167
386844,7098,7159
227932,7100,7176
385454,7101,7170
204785,7105,7194
4552,7106,7169
48137,7107,7201
158189,7108,7170
6360,7108,7174
364275,7108,7212
182546,7110,7159
255975,7110,7167
249456,7111,7172
59088,7111,7174
165378,7111,7202
323228,7113,7176
281277,7114,7190
125037,7114,7204
231751,7120,7213
38397,7122,7170
235651,7125,7172
321384,7130,7201
58435,7135,7199
332528,7144,7206
333705,7145,7213
166267,7151,7229
85018,7155,7212
52509,7159,7229
40148,7175,7229
364276,7179,7221
144173,7200,7270
340513,7333,7375
353569,7448,7533
271711,7449,7514
87391,7450,7515
1202,7450,7523
207106,7450,7530
353570,7450,7568
87390,7451,7573
244248,7466,7575
49091,7469,7573
136226,7472,7514
239562,7475,7566
161973,7477,7613
317707,7487,7579
249454,7491,7565
149114,7497,7570
154735,7502,7573
225607,7646,7707
106353,7675,7730
226715,7677,7725
18108,7693,7743
125032,7709,7792
122296,7712,7791
96916,7712,7802
363443,7718,7801
392932,7719,7808
154730,7719,7811
109090,7720,7806
289334,7721,7797
93644,7724,7824
250431,7727,7817
121902,7732,7849
127194,7734,7851
228881,7735,7836
367600,7735,7844
61819,7739,7841
82948,7744,7841
250432,7744,7851
886,7747,7856
12327,7751,7830
96651,7753,7850
125371,7753,7854
366743,7753,7858
406267,7762,7829
125370,7766,7852
114126,7766,7857
353429,7776,7839
149110,8050,8134
366742,8094,8191
149112,8143,8220
387401,8155,8215
385798,8171,8254
59414,8179,8253
90982,8181,8258
57336,8181,8263
38000,8183,8261
322971,8185,8265
71882,8188,8262
120907,8190,8264
22438,8195,8261
329605,8199,8260
103312,8201,8263
375226,8204,8265
375223,8216,8266
84612,8354,8474
27186,8372,8452
886,8379,8446
32244,8379,8456
119528,8379,8459
127657,8379,8465
383619,8379,8490
886,8383,8463
125369,8386,8466
375225,8395,8454
263988,8400,8462
385455,8422,8493
244586,8432,8533
53849,8433,8504
251244,8439,8508
399834,8441,8559
208177,8444,8509
66205,8448,8537
161979,8453,8506
105738,8456,8537
267131,8458,8518
4717,8461,8542
332525,8463,8548
352297,8466,8553
353571,8474,8525
249458,8502,8586
226363,8537,8618
83577,8538,8596
308707,8541,8620
377365,8542,8643
353427,8544,8607
278378,8575,8646
382303,8579,8630
84608,8582,8652
49093,8604,8670
207107,8828,8893
250433,8836,8896
66206,8970,9047
25950,8999,9070
106346,9062,9134
225950,9063,9124
325818,9065,9131
190806,9188,9248
2814,9189,9247
118187,9190,9246
173789,9190,9262
144679,9197,9256
316612,9197,9258
295153,9199,9257
375227,9199,9302
43456,9221,9268
352016,9230,9333
133933,9308,9395
349837,9329,9393
255207,9336,9397
49092,9546,9611
37999,9548,9615
22438,9548,9623
226362,9553,9620
11848,9553,9624
383049,9557,9624
112001,9560,9643
185605,9562,9644
112002,9573,9639
14306,9579,9644
114217,9580,9643
302605,9787,9874
385804,9787,9878
158191,9787,9881
151070,9787,9893
88289,9788,9865
49094,9789,9877
375230,9790,9882
242658,9791,9874
39798,9794,9857
151929,9794,9864
180881,9794,9880
151072,9803,9865
4175,9805,9863
381231,9809,9874
111989,9811,9881
208523,9815,9876
122301,9818,9879
70225,9819,9880
312709,9904,9958
176623,9910,9976
338664,9924,9988
230507,9925,9989
114709,9947,10019
191478,9954,10016
343058,9956,10020
29936,10070,10156
146332,10074,10136
288509,10080,10150
87392,10082,10193
385801,10089,10151
136181,10093,10188
115320,10095,10166
397373,10096,10202
386846,10097,10191
116366,10098,10156
161977,10098,10217
267135,10103,10191
77114,10105,10220
77193,10106,10178
87085,10109,10164
332527,10109,10184
141709,10114,10170
292816,10117,10237
125033,10120,10183
80974,10120,10189
367601,10127,10201
322224,10130,10192
41352,10153,10244
170646,10177,10238
122864,10182,10245
339368,10308,10371
365066,10319,10396
185606,10329,10393
82184,10330,10395
379656,10331,10415
84609,10336,10414
399974,10356,10415
59,10536,10598
375231,10539,10607
176622,10542,10606
352017,10545,10647
7329,10546,10607
151069,10546,10609
84610,10546,10644
176620,10550,10609
79076,10572,10645
255209,10572,10666
354924,10582,10680
27811,10588,10672
360616,10613,10694
375228,10614,10696
144172,10679,10779
302606,10713,10799
66309,10726,10778
84613,10730,10794
262351,10731,10791
174217,10755,10839
373548,10758,10824
122300,10760,10866
69288,10764,10839
354925,10769,10871
380515,10773,10840
354926,10775,10874
118219,10787,10850
354923,10791,10881
165845,10797,10866
247826,10798,10873
71880,10800,10861
24454,10803,10859
303687,10806,10859
188811,10806,10862
121991,10809,10871
54952,10809,10873
203845,10809,10883
70560,10810,10875
121992,10811,10866
386843,10813,10879
335640,11230,11289
72544,11295,11362
96650,11299,11382
157379,11311,11382
34225,11312,11380
38753,11319,11379
49142,11320,11382
225361,11323,11382
114130,11323,11384
51472,11332,11397
42021,11334,11402
47733,11343,11398
114709,11346,11409
226136,11361,11412
353573,11470,11539
93501,11531,11590
366745,11718,11783
48289,11729,11805
267136,11729,11811
293780,11751,11812
366660,11752,11806
375227,11759,11875
99327,11828,11889
327842,11830,11892
352299,11966,12050
332526,12070,12139
316590,12191,12260
364349,12192,12264
161975,12202,12282
114123,12245,12325
375229,12260,12380
339350,12542,12605
70227,12542,12638
154734,12546,12626
278379,12558,12623
36590,12575,12637
382304,12579,12642
84608,12579,12647
324412,12619,12689
92229,12634,12707
374481,12655,12718
373639,12659,12726
103982,12660,12723
176785,12668,12727
64192,12670,12728
250240,12671,12734
335641,12841,12899
114708,12842,12906
194275,12843,12911
83326,12843,12918
71762,12845,12907
240983,12848,12899
98845,12848,12909
114122,12850,12907
165846,12854,12907
99193,12862,12917
101409,12920,12980
249459,12937,13007
349838,13103,13155
26683,13104,13157
340200,13106,13194
241669,13106,13209
126318,13107,13171
268386,13110,13163
70223,13111,13184
379944,13191,13245
176621,13802,13921
105740,13819,13913
267139,13832,13909
133934,13847,13911
149109,13849,13943
268592,13850,13911
219985,13856,13915
197901,13856,13924
7335,13858,13932
362816,13861,13924
17173,13861,13977
341601,13863,13926
126283,13863,13968
197902,13864,13931
98098,13867,13941
216421,13876,13984
208524,13877,13959
250435,13887,13977
386845,13888,13981
187012,13889,13966
50838,13890,13946
197903,13890,13961
114128,13891,13958
165224,13891,13978
289335,13891,13985
199485,13891,13999
141281,13893,13981
141280,13897,13964
109088,13901,14006
111996,13902,13977
29935,13902,13980
24573,13907,13979
53070,13910,13991
109089,13910,14014
240984,13912,14000
360617,13918,13989
363446,13919,13977
321650,13919,13981
133671,13920,13980
61610,13921,13979
48255,13927,13997
352300,13927,14028
6540,13928,13989
166779,13930,13991
165005,13931,13990
195533,13932,14012
297625,13932,14015
311333,13933,13998
190809,13933,14006
140076,13933,14024
325567,13933,14031
15873,13935,14023
54089,13940,14004
7332,13943,14007
359581,13943,14022
325566,13943,14036
96967,13947,14008
176619,13959,14005
381935,13959,14031
377368,13966,14032
109620,13968,14036
172167,13970,14031
48138,13971,14037
362817,13979,14037
123631,13980,14036
19303,13984,14036
114590,13993,14036
52015,14200,14277
17172,14200,14288
343057,14200,14301
50842,14200,14310
70226,14201,14269
112005,14201,14272
365579,14201,14285
114127,14201,14292
2801,14202,14283
242659,14206,14276
164028,14207,14272
125374,14214,14310
364353,14281,14349
2237,14306,14374
15226,14339,14395
316613,14343,14413
332216,14343,14469
166780,14347,14409
106499,14347,14461
111995,14349,14415
247533,14350,14404
190813,14355,14464
247827,14369,14448
146908,14371,14453
296627,14374,14423
375232,14409,14472
339628,14471,14544
59025,14485,14543
199488,14485,14552
375228,14486,14568
375230,14486,14578
281889,14490,14543
151074,14500,14556
296628,14523,14582
111999,14525,14585
29934,14602,14677
262357,14606,14667
66200,14748,14815
50839,14748,14836
96919,14748,14847
352301,14758,14838
50840,14762,14825
392931,14762,14870
349836,14763,14826
119529,14763,14846
250434,14766,14815
365575,14771,14851
365576,14773,14854
165844,14775,14844
66208,14775,14866
66207,14775,14878
43020,14775,14898
267137,14777,14839
231752,14790,14871
61107,14791,14867
375222,14793,14864
260696,14816,14887
122295,14819,14878
267138,14825,14911
289336,14828,14923
228401,14834,14895
352019,14834,14899
352018,14836,14921
7331,14843,14908
237799,14845,14914
352469,14846,14918
127193,14850,14907
245170,14851,14914
228925,14853,14917
258384,14858,14919
281883,14858,14931
105741,14862,14934
17007,14866,14920
12775,14869,14921
343059,14875,14954
384358,14879,14940
89988,14880,14959
299396,14881,14933
174220,14883,14946
190811,14883,14954
190812,14885,14964
149115,14893,14954
114121,14908,14977
374490,14986,15067
270313,14992,15098
278073,14999,15062
122531,15001,15096
165006,15010,15071
139031,15108,15172
226714,15139,15193
114124,15160,15236
82950,15169,15234
195732,15178,15282
281885,15178,15290
6363,15202,15300
386847,15202,15304
387400,15215,15301
1345,15224,15303
98846,15305,15417
214963,15309,15379
399835,15361,15439
83420,15378,15438
151075,15391,15438
228885,15502,15564
150992,15502,15576
306371,15502,15585
228884,15503,15570
114129,15512,15576
112004,15524,15582
314840,15525,15591
26634,15657,15721
399837,15700,15761
332215,15799,15855
322226,15819,15879
204075,15886,15966
73912,15887,15941
347682,15889,15968
123147,15908,15970
273236,15910,16007
377367,15921,16023
174752,15922,15996
4177,15925,16002
125367,15929,16010
125366,15932,16019
172373,15934,15986
174751,15935,15998
109091,15949,16023
231753,16032,16085
51879,16032,16088
240986,16032,16092
375222,16034,16085
356474,16079,16128
79449,16079,16143
54090,16080,16145
117237,16082,16143
96968,16083,16146
293779,16084,16137
51321,16086,16148
24939,16086,16195
31773,16087,16136
255210,16087,16153
29191,16087,16156
306370,16088,16147
352303,16088,16158
67753,16092,16157
295015,16093,16164
318380,16106,16182
154157,16108,16185
190815,16109,16173
12043,16109,16180
54077,16109,16191
386848,16109,16195
210174,16110,16183
355998,16111,16186
33299,16111,16198
96645,16112,16180
268362,16118,16183
240569,16118,16196
386736,16118,16199
12095,16120,16206
240570,16133,16194
66451,16137,16196
269754,16139,16207
33597,16141,16216
210301,16144,16185
25516,16144,16193
240982,16147,16211
103016,16147,16216
161972,16149,16218
25515,16151,16210
24293,16151,16219
333706,16151,16229
57288,16152,16216
5788,16152,16231
376648,16152,16234
321281,16156,16219
203842,16156,16230
277433,16159,16211
224447,16161,16222
162321,16163,16234
251872,16170,16232
360966,16171,16230
86763,16171,16233
325451,16177,16231
275628,16182,16230
118203,16185,16232
30558,16316,16375
190814,16383,16445
354928,16386,16489
353572,16418,16489
364352,16518,16589
5446,16745,16803
293548,16773,16837
109092,16805,16860
375229,16805,16924
165841,16861,16937
136191,16883,16940
178770,16884,16939
352302,16886,16945
49095,16887,16958
354115,16913,16977
144171,17144,17230
17171,17144,17241
308706,17144,17248
125038,17144,17255
125967,17144,17266
14729,17145,17263
123632,17146,17209
392933,17147,17222
165379,17148,17209
96646,17150,17214
350469,17151,17212
203843,17151,17223
185948,17161,17224
80975,17161,17233
123628,17162,17228
19865,17162,17285
306027,17163,17288
176667,17164,17279
352298,17165,17240
16556,17171,17232
228886,17173,17236
269297,17175,17260
98848,17180,17285
165751,17182,17236
262354,17185,17313
122297,17189,17279
174219,17191,17269
114710,17197,17302
98847,17198,17291
363445,17208,17315
391744,17214,17278
93773,17215,17282
98425,17244,17315
72867,17255,17331
96644,17255,17336
44279,17273,17339
171056,17411,17512
1345,17412,17492
43022,17419,17493
151073,17423,17493
22564,17425,17513
6955,17428,17513
119530,17440,17515
96647,17442,17513
208286,17448,17511
8193,17451,17510
24576,17451,17513
375233,17558,17679
244585,17561,17663
70228,17561,17686
50841,17563,17669
144170,17564,17683
114125,17565,17655
370179,17568,17627
236385,17568,17635
255208,17568,17662
359584,17569,17658
2801,17570,17671
112006,17570,17699
17170,17572,17681
70230,17573,17698
240985,17574,17642
139032,17575,17634
112007,17575,17668
383620,17577,17651
359582,17578,17666
359583,17578,17694
6361,17581,17662
332217,17582,17686
276828,17583,17648
31464,17584,17650
70229,17585,17700
262356,17587,17679
112005,17588,17671
126483,17588,17684
133983,17589,17660
2801,17590,17694
28196,17591,17672
360615,17593,17681
66423,17593,17697
299397,17593,17703
112003,17594,17689
322227,17595,17676
255211,17596,17709
165847,17601,17682
13538,17603,17684
271713,17603,17689
367602,17607,17680
92250,17608,17695
363447,17609,17677
149111,17610,17743
378018,17622,17685
254937,17622,17695
46185,17625,17691
156474,17626,17685
400159,17627,17689
96920,17630,17713
151076,17636,17706
4176,17638,17695
75015,17648,17728
122298,17661,17766
6362,17664,17742
43849,17665,17727
19642,17691,17759
237915,17693,17755
322225,17693,17764
364351,17699,17771
332213,17701,17838
310016,17702,17808
125040,17704,17812
399836,17706,17767
310017,17711,17843
173790,17716,17845
231754,17723,17786
199487,17724,17848
160165,17726,17843
199486,17733,17850
105739,17735,17871
362637,17736,17813
325568,17736,17817
109093,17739,17816
2518,17740,17868
396112,17744,17828
629,17748,17820
366741,17751,17824
28325,17752,17871
127803,17760,17860
289337,17764,17878
333707,17765,17886
59234,17769,17862
352304,17771,17893
864,17783,17859
281278,17783,17870
87580,17784,17892
228882,17798,17862
365580,17805,17888
186035,17807,17870
383618,17811,17862
7330,18009,18063
125039,18010,18067
25,18125,18176
