34482,231,291
211855,231,322
107944,231,325
287788,232,282
276481,235,297
99395,240,300
213969,246,353
66707,267,404
292354,310,413
68017,316,427
31488,322,416
485,326,410
36622,327,426
46251,341,437
138611,379,443
354992,382,443
163289,481,538
226074,484,546
202558,486,584
238081,489,581
401524,489,585
176282,490,553
171882,496,562
143046,525,594
8652,527,638
284378,533,651
96161,546,621
54391,553,631
249728,553,662
205097,553,671
99397,562,655
304264,592,686
163474,596,719
180877,600,713
329320,600,728
7636,601,741
292588,613,670
253077,617,763
168763,623,678
3532,638,695
126657,638,739
120721,638,762
400426,638,773
273187,645,763
212155,655,762
8760,657,778
99396,659,783
104408,660,773
12555,662,756
36332,671,753
23149,672,769
247909,682,746
390287,898,995
388908,1050,1117
12890,1062,1106
250730,1062,1165
212152,1069,1162
224306,1072,1164
83818,1098,1182
238572,1100,1189
104021,1145,1219
83385,1163,1229
119104,1176,1226
252515,1287,1347
206434,1287,1349
35980,1287,1369
163290,1288,1345
155693,1288,1348
86895,1288,1358
354390,1290,1344
198718,1290,1351
43222,1292,1380
333030,1296,1369
133391,1297,1378
326788,1303,1357
86197,1313,1378
238569,1314,1374
39941,1318,1376
209891,1320,1379
353670,1321,1386
267654,1331,1401
69115,1342,1415
407488,1371,1435
369492,1531,1592
155327,1534,1591
103547,1534,1599
231296,1542,1605
163289,1755,1820
244207,1801,1868
198768,1803,1863
60129,2073,2116
168798,2204,2255
222499,2324,2402
20431,2335,2402
376612,2339,2403
184568,2434,2527
221089,2435,2529
290311,2438,2512
292587,2446,2546
70944,2452,2544
200756,2461,2512
345277,2462,2523
55794,2462,2547
179972,2463,2528
98970,2463,2543
253008,2469,2532
207537,2477,2556
330373,2479,2549
249515,2483,2551
253076,2483,2556
292353,2484,2542
381171,2485,2543
256831,2487,2543
28902,2489,2545
332036,2490,2539
16137,2506,2551
261744,2506,2557
385215,2620,2678
105531,2643,2697
238573,2702,2765
249516,2708,2765
256832,2709,2772
100878,2709,2775
380314,2709,2783
330479,2712,2768
69480,2714,2777
250002,2723,2784
281044,3001,3066
273186,3001,3070
10671,3001,3084
13157,3001,3101
200755,3002,3111
279431,3006,3073
101107,3006,3083
380543,3007,3075
92196,3015,3076
76438,3015,3087
104450,3015,3092
37717,3016,3079
14470,3016,3083
88375,3016,3114
163288,3129,3222
319645,3152,3218
208790,3167,3243
161707,3174,3233
296464,3174,3245
405661,3174,3250
390582,3176,3269
90352,3177,3243
73875,3178,3246
388387,3181,3245
164629,3182,3243
185093,3182,3248
131053,3183,3244
260129,3183,3267
344708,3184,3243
246588,3184,3247
296463,3186,3245
221090,3191,3253
148469,3207,3249
373739,3221,3262
224404,3223,3278
63800,3289,3352
183198,3316,3405
85316,3332,3380
30558,3332,3406
188732,3333,3403
11009,3337,3411
46619,3493,3561
99958,3744,3803
374520,3745,3805
367095,3747,3808
214086,3750,3806
362036,3752,3814
196642,3781,3852
307611,3982,4052
163290,3986,4053
95193,3986,4057
115817,3992,4049
343853,3993,4063
115859,3999,4058
70804,3999,4062
367515,4014,4064
355645,4209,4271
176620,4209,4277
212151,4217,4265
212154,4219,4271
253075,4219,4276
287139,4222,4270
11492,4235,4303
163288,4292,4371
277621,4376,4446
331872,4379,4449
164959,4386,4447
333223,4515,4603
281683,4522,4588
42794,4530,4593
82,4727,4774
172190,5005,5106
110753,5063,5146
164882,5425,5467
68014,5666,5767
185270,5679,5745
185269,5692,5759
281684,5779,5832
286870,6006,6063
180875,6011,6088
8651,6023,6076
390288,6026,6078
24484,6036,6116
385216,6044,6103
190081,6228,6278
52579,6284,6349
14983,6285,6353
150065,6286,6351
52173,6288,6350
176619,6288,6352
279258,6288,6362
344523,6289,6354
276480,6290,6352
44906,6293,6355
122,6297,6362
138610,6299,6368
85447,6300,6361
181527,6309,6409
211854,6314,6404
133245,6697,6756
162589,6922,6980
332572,6922,7021
63801,6923,7027
52822,6923,7035
268466,6924,7018
304262,6925,7033
81220,6926,6999
83817,6928,6985
99960,6930,7013
390836,6933,7000
163286,6936,7024
305686,6937,6998
179007,6944,7008
78513,6948,7022
77060,6950,7036
45353,6951,7034
307854,6957,7019
301317,6979,7028
319086,7185,7251
402385,7205,7251
401523,7317,7375
183197,7320,7383
86896,7320,7387
273709,7322,7390
46623,7323,7387
2671,7326,7383
286871,7369,7437
163286,7375,7454
213651,7375,7462
163151,7376,7457
237856,7377,7437
394986,7379,7458
296466,7381,7459
296465,7386,7461
270014,7403,7457
213653,7577,7653
151533,7599,7654
296458,7609,7652
214085,7659,7734
291993,7813,7874
326789,7813,7880
30257,7813,7883
46622,7813,7901
94910,7898,7959
120396,7911,7979
160570,7913,7981
333222,7914,7966
102493,7915,7979
97545,7916,7984
301203,7916,8007
219926,7918,7981
258519,7919,7982
141531,7920,7994
93822,7921,7984
348220,7923,7967
115816,7934,8002
214084,7937,8003
362396,7942,8019
40759,7943,8007
81926,7947,8013
16874,7950,8013
46621,7956,8017
151534,7956,8019
82,7959,8007
350142,7972,8016
314911,8097,8165
304292,8102,8165
387229,8105,8190
378541,8106,8171
365440,8109,8188
292786,8117,8190
211856,8121,8186
296527,8124,8185
84205,8126,8182
33333,8126,8188
227812,8126,8192
387230,8150,8215
34848,8170,8232
354209,8376,8435
4693,8398,8473
206289,8408,8474
165774,8409,8473
396143,8417,8479
247430,8425,8493
200109,8425,8499
354388,8430,8492
61004,8432,8499
201931,8437,8515
297631,8439,8500
91459,8439,8509
253438,8440,8487
76318,8440,8496
312235,8440,8517
342809,8444,8495
221517,8445,8493
120723,8447,8514
219930,8736,8788
1846,8737,8783
150923,8740,8796
268467,8741,8798
273708,8742,8795
390332,8889,8951
45189,8903,8947
44346,8907,8981
138673,8914,8975
209487,9122,9194
338746,9128,9192
354389,9141,9198
51419,9149,9225
213652,9193,9250
304582,9258,9306
233719,9258,9322
57101,9611,9689
352195,9623,9706
352196,9623,9712
46620,9645,9709
296460,9645,9713
64557,9646,9708
250731,9746,9842
88376,9746,9845
150922,9747,9848
394143,9748,9817
162588,9754,9836
26188,9755,9844
99959,9755,9850
238574,9757,9832
97546,9757,9845
86665,9757,9859
100168,9758,9834
18394,9758,9840
183141,9758,9854
279257,9764,9843
305685,9764,9859
304261,9768,9851
245358,9769,9841
41112,9775,9840
92250,9775,9855
98209,9782,9851
305683,9792,9857
372442,9794,9855
345276,9952,10014
105532,9954,10016
60942,9955,10014
10770,10062,10126
84945,10400,10455
367143,10516,10589
239447,10516,10600
231982,10516,10609
687,10520,10613
57401,10521,10588
312337,10525,10587
176622,10530,10585
332571,10532,10582
123602,10541,10594
326854,10543,10613
2792,10547,10638
304973,10554,10619
146689,10555,10618
259237,10565,10626
67467,10570,10643
138613,10571,10637
176624,10575,10617
34847,10576,10638
206459,10620,10708
227562,10645,10705
61005,10647,10712
35121,10650,10712
256677,10658,10736
183144,10662,10709
386697,10675,10739
305684,10676,10729
154369,10678,10728
171883,10680,10737
200757,10713,10801
292585,10757,10822
155694,10759,10806
269216,10762,10823
121626,10763,10808
21396,10763,10824
94446,10763,10830
104409,10763,10835
96162,10764,10827
170450,10767,10811
175020,10771,10869
244691,10777,10831
228622,10811,10876
400425,10815,10882
166257,10828,10892
70805,10829,10872
166256,10829,10895
93818,10839,10886
400424,10846,10899
30147,10852,10901
208791,10883,10936
38183,10885,10955
93820,10889,10952
214088,10896,10962
117275,10937,11020
178106,10938,11005
268344,10940,11020
268468,10953,11005
302358,11134,11212
163152,11148,11237
238571,11181,11242
98783,11218,11305
305687,11222,11284
209892,11225,11313
163287,11238,11329
265284,11264,11330
312382,11267,11327
46624,11277,11329
45354,11288,11329
119320,11360,11410
51585,11361,11408
332573,11361,11441
96160,11362,11447
185267,11363,11422
292584,11364,11427
163475,11364,11444
189371,11367,11429
189372,11367,11434
214087,11367,11440
304263,11368,11437
321987,11368,11445
267847,11369,11421
143440,11376,11421
253078,11376,11442
333866,11378,11419
270216,11378,11431
29509,11378,11437
84545,11379,11445
111460,11385,11461
292586,11385,11468
278278,11412,11472
345857,11414,11471
138612,11414,11477
130595,11421,11481
297360,11428,11481
304293,11431,11505
333224,11528,11602
80341,11540,11601
324679,11544,11606
120722,11544,11608
141304,11556,11618
244692,11557,11647
281681,11684,11754
185268,11688,11750
116886,11729,11806
105533,11734,11806
359999,11920,11970
17115,11921,11973
260131,11924,11987
187301,11925,11986
156951,11927,11978
183142,11934,11990
355317,11936,12002
86897,11944,12034
21395,11951,12013
163287,11965,12062
41611,11981,12044
261745,11982,12058
296462,11983,12050
110994,11988,12051
215169,11990,12053
261746,11991,12052
93821,12133,12223
326790,12133,12244
97221,12134,12190
93823,12134,12210
57931,12135,12185
206293,12135,12188
34044,12139,12210
376268,12144,12200
377940,12145,12207
253691,12146,12192
184283,12146,12209
68016,12150,12211
281682,12150,12227
334095,12152,12235
219929,12156,12241
140099,12168,12226
221091,12169,12250
180878,12172,12256
156757,12175,12250
219928,12176,12255
31489,12177,12247
68018,12189,12247
235526,12190,12248
292355,12191,12252
168764,12192,12274
296467,12196,12250
407489,12203,12255
68015,12203,12295
212156,12211,12268
299013,12211,12305
228621,12212,12329
176621,12227,12334
63802,12248,12325
407490,12248,12329
51420,12259,12330
65934,12267,12326
316968,12276,12369
54754,12306,12369
133247,12525,12585
219927,12525,12588
144524,12525,12590
133248,12525,12611
237858,12526,12609
350921,12534,12597
299012,12534,12602
93819,12536,12610
198179,12539,12603
301204,12549,12620
175273,12557,12621
370,12562,12623
253007,12661,12726
19341,12662,12730
37193,12662,12746
405660,12663,12735
180876,12666,12752
152614,12680,12731
175021,12698,12774
209934,12700,12766
296459,12703,12797
324481,12714,12776
176623,12714,12793
163153,12714,12804
377337,12731,12806
266435,12732,12801
272401,12743,12806
2785,12744,12820
334292,12745,12823
238570,12750,12812
256679,12753,12829
166258,12756,12818
64452,12759,12826
244500,12761,12832
104455,12765,12827
256052,12767,12824
175328,12767,12828
267655,12769,12827
138231,12797,12839
52614,12920,12973
2704,12921,12976
79475,12924,12976
402386,13067,13124
229384,13236,13306
237857,13236,13309
212957,13263,13326
183143,13269,13316
268469,13337,13405
5043,13379,13478
69481,13390,13466
62459,13396,13484
352161,13400,13474
87734,13400,13478
214089,13407,13479
212153,13413,13484
56264,13416,13478
56265,13416,13482
268377,13420,13484
389770,13421,13483
242201,13426,13479
334293,13426,13481
48807,13427,13490
199561,13429,13496
194951,13431,13483
99058,13432,13485
360679,13439,13491
293684,13439,13500
98655,13441,13503
90894,13443,13494
33501,13443,13498
361623,13562,13637
308009,13562,13660
14729,13562,13668
4692,13563,13654
24483,13568,13684
400995,13579,13671
266434,13581,13720
268470,13588,13671
387231,13592,13710
133246,13595,13721
246669,13605,13714
17616,13609,13723
56902,13616,13721
260130,13636,13693
253461,13636,13724
87733,13638,13690
45654,13641,13685
186737,13641,13695
180458,13643,13690
256678,13643,13698
231981,13644,13713
352197,13644,13719
345278,13647,13723
275830,13651,13717
9429,13652,13713
247431,13655,13716
209928,13657,13718
330736,13669,13721
256189,13671,13723
