124358,217,285
396679,223,284
163220,225,292
72296,229,303
366021,230,291
278828,234,306
391605,242,308
61617,246,301
55408,252,310
189207,260,329
372216,338,445
110174,349,463
291364,404,512
110126,408,510
144176,408,542
223585,419,506
110125,424,532
225799,424,538
382234,425,550
137795,428,537
142418,433,512
127192,434,502
276701,434,549
255714,445,508
268324,446,544
133604,447,502
384948,449,513
278830,450,515
372217,470,579
63964,478,547
223586,478,550
384949,482,582
43164,486,597
307771,492,584
112000,499,596
182034,509,596
7480,510,586
131514,511,597
113924,517,596
372305,521,589
158855,549,596
245870,681,732
260459,681,736
105548,681,809
158857,682,756
3217,683,734
394257,683,824
291963,683,840
28379,684,746
390230,684,814
2668,686,733
301776,686,742
131783,687,734
246081,687,761
179033,687,783
103773,688,758
110173,688,771
193683,688,810
22403,690,761
51928,690,816
107455,693,754
34482,693,761
3403,693,819
48396,693,823
1406,693,848
310255,696,811
53650,696,838
20832,697,843
126418,698,762
7482,701,833
1986,702,766
331728,702,768
256591,703,811
2486,703,845
26194,704,789
367129,705,749
3816,707,856
103609,708,831
359238,709,840
13684,709,864
47730,712,836
347493,713,842
387010,715,834
52137,718,844
248295,727,832
315386,727,846
82542,733,813
100166,733,861
79134,735,805
61616,735,827
268695,738,801
97706,738,832
39236,738,836
886,738,845
189209,739,841
188775,740,804
84763,740,833
886,745,866
886,751,826
163219,753,827
43166,754,823
21087,756,827
100168,757,834
26264,757,842
294307,757,869
401481,875,936
78187,887,945
291363,897,944
267047,1018,1128
356271,1044,1128
267048,1065,1137
208536,1066,1166
52154,1068,1139
61322,1068,1146
291965,1068,1152
51929,1069,1163
345285,1070,1158
193213,1073,1161
53039,1073,1167
113925,1073,1176
148464,1074,1137
386034,1074,1156
280168,1074,1165
72297,1077,1195
17911,1078,1139
97784,1079,1190
163431,1080,1147
48395,1080,1165
37410,1086,1162
303837,1087,1175
327259,1090,1181
125405,1090,1186
60121,1091,1164
138508,1091,1169
261370,1091,1190
228472,1092,1159
60031,1092,1180
394076,1095,1164
331804,1098,1164
302550,1100,1162
226134,1101,1167
144174,1102,1165
264606,1104,1166
181606,1109,1180
136079,1110,1173
66665,1110,1177
97785,1111,1218
66664,1117,1177
216938,1117,1229
268325,1169,1287
21835,1172,1308
48397,1173,1329
86479,1174,1293
180828,1176,1318
291362,1179,1294
272577,1180,1276
9746,1180,1311
97384,1189,1325
22899,1192,1322
179421,1193,1319
72116,1194,1294
20457,1200,1267
94146,1205,1324
60656,1206,1262
103774,1211,1346
7636,1212,1364
228470,1213,1263
629,1213,1282
291964,1213,1329
188777,1216,1351
86245,1224,1287
5332,1225,1289
248296,1227,1330
370798,1228,1333
326873,1228,1343
97292,1231,1334
97783,1233,1370
144177,1235,1334
61323,1240,1342
390231,1257,1358
32873,1261,1313
238382,1262,1306
163432,1263,1393
137796,1268,1368
243854,1269,1371
12555,1277,1393
208535,1278,1379
36332,1294,1385
65184,1294,1394
191370,1298,1392
144178,1303,1394
346731,1319,1385
100167,1322,1380
59507,1342,1394
201690,1567,1635
185577,1586,1674
121713,1603,1667
114183,1603,1709
24463,1636,1727
211185,1736,1803
65182,1737,1845
61319,1740,1812
272593,1740,1829
278829,1749,1846
129791,1750,1825
200332,1756,1820
218709,1757,1825
136560,1759,1835
24462,1786,1875
291962,1787,1884
307770,1796,1879
327257,1797,1891
83189,1807,1887
294302,1813,1874
157330,1814,1894
228471,1818,1880
221420,1821,1876
291966,1823,1940
113322,1945,2004
227634,1946,2008
83190,1947,2024
113323,1950,2008
188776,1982,2079
131377,1984,2065
291967,1985,2077
291968,1993,2077
272575,1999,2066
354952,2005,2072
401712,2009,2073
356095,2012,2073
8091,2017,2078
179420,2017,2088
381072,2018,2084
44248,2024,2089
345284,2029,2092
318167,2037,2091
65372,2040,2097
159305,2280,2391
144172,2291,2389
358584,2341,2426
198844,2351,2425
101921,2364,2445
20987,2365,2430
299462,2365,2440
7427,2367,2463
227664,2368,2430
26226,2368,2450
61320,2371,2443
127241,2372,2439
132011,2375,2463
281348,2376,2471
7427,2392,2466
65178,2392,2478
176153,2485,2536
295780,2489,2555
144170,3058,3168
382586,3063,3194
221803,3064,3180
2801,3065,3157
144175,3069,3226
196302,3075,3152
127242,3077,3166
382585,3081,3189
281346,3111,3225
4349,3167,3226
158854,3168,3225
7137,3318,3375
110175,3318,3377
117377,3318,3391
301398,3318,3405
255715,3320,3389
347491,3322,3374
48343,3322,3388
40394,3322,3393
200333,3323,3396
7481,3331,3390
397265,3346,3448
359237,3413,3499
85070,3418,3495
140963,3419,3481
309657,3421,3482
28874,3421,3494
360778,3423,3498
193423,3424,3492
94800,3426,3493
93782,3427,3497
352706,3430,3494
334288,3433,3495
1428,3519,3585
34046,3529,3610
17605,3535,3604
171826,3539,3608
136371,3542,3606
65179,3542,3628
325137,3546,3606
299451,3546,3617
139275,3547,3619
77618,3547,3631
21846,3548,3621
11737,3549,3633
97782,3549,3641
92854,3550,3610
4476,3550,3623
194349,3553,3618
60033,3554,3615
106064,3555,3619
144171,3557,3637
137794,3560,3645
390232,3561,3669
299461,3563,3631
106063,3568,3630
407641,3571,3635
171335,3573,3661
215874,3574,3615
331613,3574,3627
48234,3574,3631
275594,3574,3659
294308,3575,3639
81824,3577,3630
274421,3577,3681
52943,3579,3687
61618,3580,3673
14419,3581,3654
336433,3585,3655
52136,3585,3659
125406,3587,3651
6340,3587,3682
255713,3589,3652
159306,3592,3655
359095,3594,3643
26248,3594,3653
387012,3594,3671
376307,3595,3657
163430,3595,3663
229283,3604,3648
65180,3606,3694
65181,3610,3700
22962,4053,4152
196301,4058,4147
63080,4058,4163
60032,4091,4162
106852,4111,4157
89303,4112,4181
193461,4114,4179
60029,4128,4235
302601,4142,4223
43165,4146,4235
398795,4147,4215
106065,4152,4246
302602,4153,4239
78037,4160,4226
209335,4164,4232
60028,4164,4239
347492,4166,4236
71743,4186,4247
54947,4187,4245
65183,4204,4248
20831,4204,4269
34045,4303,4366
61619,4315,4367
34044,4326,4394
331688,4329,4398
220272,4332,4397
272576,4341,4424
60027,4354,4425
6339,4355,4448
27281,4356,4420
243853,4356,4430
17606,4358,4426
240759,4360,4429
329652,4379,4462
325136,4415,4483
22488,4614,4696
387011,4614,4709
375177,4614,4717
301397,4616,4701
372306,4616,4721
44752,4618,4730
158856,4619,4764
42701,4620,4678
112841,4626,4691
200839,4628,4687
65177,4628,4694
281345,4634,4703
345283,4634,4708
325138,4634,4721
63229,4634,4724
63081,4650,4723
29685,4651,4729
60030,4651,4734
407640,4652,4724
222857,4653,4722
262022,4657,4719
61321,4660,4763
200840,4661,4726
327258,4663,4729
131784,4664,4727
345994,4664,4736
1427,4664,4754
256941,4671,4732
97786,4673,4748
21836,4674,4761
1426,4674,4783
291209,4678,4760
327256,4680,4762
72907,4732,4803
201691,4768,4829
299460,4773,4888
281347,4793,4936
144434,4802,4865
144173,4809,4888
114184,4828,4954
189208,4890,4976
407579,4899,4957
390229,4899,4988
50213,4900,4952
86244,4901,4953
9241,4901,4979
51559,4902,4960
364790,4903,4995
31430,4912,4976
383226,4915,4968
13683,4918,4978
245411,4918,4988
1617,4919,4964
235163,4919,4974
115507,4941,5008
