190125,263,322
203664,263,329
283135,264,328
42888,264,355
194570,267,359
355077,267,384
168857,269,316
88000,270,351
386307,270,366
36777,270,369
287094,271,332
42751,272,373
227754,274,392
61077,282,351
272582,283,390
366102,285,367
12071,285,397
147529,288,349
405417,290,354
103965,295,392
220275,301,369
42889,303,368
196108,303,393
381869,306,394
121411,307,379
123561,310,371
350836,310,396
134789,311,413
261208,313,400
361940,313,422
147530,318,383
176753,319,404
53789,322,393
77812,326,389
96708,333,396
351339,337,414
232147,346,410
179184,350,424
356782,351,419
294213,355,422
29684,356,420
30526,357,437
218345,359,422
198994,359,427
344554,360,423
344555,362,425
120695,364,417
268745,364,420
285049,364,426
148627,365,423
147141,365,425
343696,459,509
331798,459,512
212839,460,515
132952,462,518
399583,465,521
190126,467,519
317334,581,639
79663,582,646
28755,582,664
75568,582,667
69150,582,678
403493,585,657
219580,586,668
351341,597,664
380080,600,661
311168,631,745
360792,636,699
87670,640,696
137006,643,727
251655,645,708
27005,645,721
251659,646,751
70781,659,728
40955,666,728
19130,667,751
339950,668,754
137005,669,746
342226,671,734
140103,673,775
399587,675,741
302493,676,739
121562,676,747
125769,676,783
293629,680,755
120694,682,748
319168,684,741
358414,684,750
346181,685,785
382584,691,754
126446,701,770
195349,702,765
56719,706,769
140708,707,783
126447,708,778
123937,730,781
50766,731,783
387036,758,822
304931,789,913
247349,790,844
140489,792,891
287093,799,917
212836,800,902
304932,804,934
346890,807,938
164177,813,901
8126,814,917
33015,817,915
40882,820,889
158957,827,992
373770,828,924
351946,829,930
223948,829,936
368484,841,913
348503,848,905
78491,852,916
346889,896,1043
158956,939,1082
346888,950,1095
370756,956,1075
346887,983,1095
354415,987,1049
134785,988,1060
343694,988,1084
343693,995,1100
49738,997,1056
86895,998,1061
315319,999,1068
134036,999,1081
272586,1003,1102
257117,1004,1065
127670,1005,1066
235394,1005,1068
272583,1006,1081
9252,1006,1095
373787,1009,1061
343692,1012,1106
181854,1013,1075
255445,1014,1096
89030,1015,1091
87225,1016,1095
366116,1016,1107
1925,1019,1084
28386,1026,1096
50201,1026,1103
629,1328,1405
366741,1328,1409
20373,1329,1395
268171,1329,1448
327816,1330,1391
274547,1340,1434
57723,1344,1443
101293,1348,1417
110057,1349,1421
95306,1350,1477
258576,1352,1416
133400,1352,1419
9255,1355,1434
48575,1362,1426
84642,1364,1433
371347,1724,1767
304930,1725,1826
304929,1726,1810
99942,1734,1826
195871,1735,1796
398087,1737,1785
205136,1737,1823
310349,1738,1803
181851,1738,1827
31844,1739,1789
134546,1752,1826
258575,1768,1861
369289,1805,1885
277793,1810,1883
369290,1811,1887
71732,1828,1891
73785,1830,1892
371427,1833,1889
198457,1833,1894
284998,1838,1907
265755,1839,1900
30810,1840,1887
35519,1840,1891
89031,1840,1908
360791,1841,1911
9983,1850,1929
134784,1853,1929
75676,1862,1929
62953,1864,1937
269392,1865,1927
40004,1865,1934
134029,1869,1935
306768,2030,2082
9254,2030,2086
350838,2030,2105
89019,2030,2113
48781,2031,2080
128737,2031,2084
63679,2031,2089
12070,2032,2091
401141,2203,2256
9246,2332,2414
163958,2332,2423
23647,2332,2428
181855,2333,2406
134786,2333,2411
134031,2339,2428
87225,2341,2425
375908,2342,2429
235393,2346,2424
9248,2348,2409
1925,2349,2415
1925,2352,2428
39589,2357,2428
143602,2696,2758
62955,2699,2760
270901,2706,2785
156237,2716,2762
376044,2716,2785
320455,2719,2764
32130,2804,2866
168407,2805,2868
274875,2806,2865
70440,2806,2881
103968,2806,2889
272584,2807,2936
99192,2808,2863
222562,2808,2867
104669,2809,2891
11946,2812,2891
96709,2813,2874
66736,2813,2877
29688,2814,2883
253829,2815,2881
268930,2816,2879
104668,2819,2883
375907,2819,2896
6537,2820,2878
365188,2820,2881
83170,2823,2883
4275,2825,2882
192373,2826,2902
134786,2828,2892
33710,2830,2883
15689,2830,2885
319413,2830,2903
104667,2832,2910
75606,2832,2920
1925,2840,2905
272585,2840,2908
9616,2840,2919
304933,2840,2929
158952,2841,2891
106831,2841,2925
94862,2842,2896
311210,2842,2903
272592,2880,2957
272593,2880,2963
82665,2883,2954
14310,2886,2949
293227,2886,2951
85628,2887,2958
62216,2887,2963
21896,2890,2951
68588,2893,2962
401140,2894,2958
303274,2894,2966
282516,2895,2959
71206,2897,2966
17647,2904,2960
114368,2904,2972
234884,2904,2985
230899,2905,2966
114372,2906,2967
93309,2906,2969
217559,2907,2961
199726,2911,2961
37051,2914,2966
68806,2992,3080
327680,2995,3079
351340,2996,3108
126,3008,3086
17648,3008,3103
99941,3009,3073
158444,3010,3117
34218,3011,3064
255444,3012,3115
86500,3012,3119
126133,3013,3069
34960,3015,3161
265655,3017,3104
126,3018,3106
399585,3020,3109
336598,3020,3112
336599,3021,3124
266406,3035,3107
227730,3067,3125
376998,3070,3134
188509,3086,3151
213903,3090,3158
226329,3092,3188
360790,3093,3156
112998,3094,3172
114557,3096,3173
180042,3099,3185
114558,3099,3205
9253,3100,3173
46642,3108,3194
181850,3108,3205
236249,3109,3173
372553,3110,3189
382933,3113,3173
393900,3113,3204
137007,3115,3183
137008,3115,3205
68805,3116,3176
9251,3117,3204
9250,3120,3204
140624,3135,3205
179944,3140,3204
103966,3323,3392
86501,3335,3412
183570,3346,3409
134137,3352,3424
274876,3429,3522
82601,3436,3521
24956,3443,3528
134791,3444,3525
251656,3444,3544
10131,3446,3519
337782,3448,3516
886,3449,3522
240843,3449,3525
235392,3451,3524
21090,3455,3522
23594,3455,3528
132944,3455,3546
222567,3530,3629
270829,3533,3597
134788,3533,3625
134787,3534,3615
68807,3544,3630
234883,3547,3622
354445,3547,3629
299937,3548,3606
403335,3549,3626
38361,3550,3628
75567,3552,3626
28756,3559,3628
67298,3562,3627
373773,3564,3640
50827,3575,3629
268172,3578,3637
89019,3578,3663
89028,3610,3664
42752,3741,3829
183569,3745,3808
384121,3747,3831
208436,3747,3838
156238,3748,3813
366414,3748,3846
287096,3750,3839
37119,3751,3822
351585,3751,3835
293025,3752,3816
95305,3753,3824
28547,3753,3839
233786,3756,3848
272674,3759,3825
380873,3759,3838
62956,3759,3847
38174,3762,3847
42758,3780,3854
165427,3781,3845
74789,3782,3843
203665,3795,3845
351947,3795,3871
89027,3795,3937
67067,3797,3848
375430,3797,3889
351945,3797,3903
351949,3802,3911
18068,3803,3898
168832,3823,3878
103967,3824,3902
89029,3825,3914
9249,3827,3901
223949,3831,3904
343362,3840,3908
252988,3896,3963
252989,3905,3959
384122,3910,3977
233136,3910,3980
240845,3932,4055
240844,3954,4035
150777,3954,4051
387469,3958,4034
272594,3958,4057
223635,4001,4059
271647,4002,4065
356069,4015,4074
283808,4202,4253
195869,4204,4278
195868,4205,4288
89032,4226,4338
156821,4230,4305
223634,4231,4295
30147,4235,4299
163817,4237,4301
114373,4254,4345
272588,4257,4345
60027,4258,4336
165426,4259,4342
183572,4261,4350
49053,4265,4339
89033,4267,4365
174088,4274,4343
8138,4278,4342
362023,4777,4856
239309,4778,4868
104671,4780,4879
89024,4780,4883
240947,4784,4886
89026,4787,4872
370945,4794,4863
346886,4815,4893
274548,4818,4884
1925,4819,4882
212837,4821,4886
89025,4826,4883
87720,4840,4944
60031,4858,4936
28106,4860,4926
212840,4860,4930
302733,4860,4945
186591,4861,4955
78020,4867,4952
172687,4868,4929
42928,4873,4924
317770,4879,4929
27255,4879,4952
197172,4883,4964
101404,4883,4970
96300,4885,4952
373774,4886,4972
100548,4887,4954
323273,4887,4960
9296,4893,4960
157984,4898,4974
89014,4938,5014
89020,5093,5188
222416,5306,5360
294217,5324,5391
212838,5331,5397
376655,5358,5421
115530,5362,5410
40094,5363,5425
158951,5365,5426
264032,5365,5429
174456,5367,5431
1018,5369,5427
44803,5369,5459
174961,5371,5446
18637,5380,5433
23987,5385,5458
60029,5387,5496
353760,5392,5457
387081,5395,5469
212528,5398,5489
370755,5400,5468
89014,5400,5494
9617,5402,5467
373772,5403,5468
114370,5404,5488
23973,5409,5493
92588,5412,5494
371426,5414,5492
155677,5415,5494
236874,5418,5505
261706,5419,5493
57084,5426,5494
60028,5430,5494
25777,5433,5490
91007,5434,5496
266407,5450,5507
100,5451,5499
223636,5451,5518
151855,5453,5506
129254,5454,5517
251661,5454,5522
367065,5455,5505
95217,5461,5513
276005,5461,5517
89015,5573,5665
76942,5599,5669
128112,5762,5836
93417,5766,5830
95436,5769,5834
255636,5855,5919
168545,5857,5919
326898,5858,5930
62217,5860,5938
48558,5862,5944
347046,5874,5952
52699,5877,5943
79665,5879,5993
134792,5880,5943
353683,5885,5927
19465,5889,5943
97710,5891,5998
222564,5892,5987
91006,5896,5942
228080,5897,5967
31050,5898,5954
143030,6025,6089
235395,6183,6257
89016,6199,6325
89015,6203,6303
28754,6222,6277
13351,6229,6301
183571,6231,6307
375429,6236,6310
339726,6236,6316
179895,6253,6303
195867,6398,6462
399586,6407,6460
259689,6444,6530
260108,6447,6529
81830,6476,6550
403492,6489,6564
46451,6490,6549
10577,6490,6561
60121,6490,6567
265656,6491,6550
46450,6492,6549
12072,6492,6552
39058,6492,6554
4438,6492,6560
325462,6493,6562
320822,6497,6572
42750,6501,6574
342885,6504,6567
42756,6504,6573
24959,6506,6550
62954,6507,6566
384577,6507,6568
97340,6509,6564
376992,6509,6574
378668,6518,6572
115084,6657,6712
116657,6682,6747
12073,6701,6758
175101,6717,6804
242207,6726,6801
249350,6726,6827
34621,6729,6807
283821,6733,6825
370757,6739,6826
212842,6743,6821
104379,6749,6826
2801,6756,6826
272589,6759,6825
68427,6765,6826
146523,6919,6981
387468,6920,6980
89016,7024,7159
89020,7025,7129
235397,7028,7086
45012,7041,7108
190127,7055,7135
183571,7060,7139
29690,7067,7130
168408,7067,7134
294216,7067,7150
355675,7067,7155
293505,7070,7145
397507,7073,7146
179896,7079,7136
255442,7094,7150
350576,7100,7145
284282,7233,7296
120959,7235,7299
125953,7237,7289
368962,7239,7293
384124,7243,7350
286618,7252,7299
102324,7255,7329
398657,7279,7331
29685,7313,7377
68808,7314,7367
293229,7314,7399
81530,7315,7377
60030,7315,7384
223637,7317,7369
214613,7322,7393
195870,7330,7400
399584,7333,7399
86896,7333,7420
278514,7339,7403
20192,7352,7394
37691,7368,7446
62952,7370,7449
223633,7399,7460
368961,7434,7515
368960,7441,7534
114369,7484,7535
31743,7663,7721
96299,7663,7726
213728,7664,7717
34702,7664,7737
79666,7669,7743
299779,7670,7729
251663,7670,7736
405043,7684,7729
62215,7684,7794
74828,7696,7752
288126,7711,7769
222563,7719,7797
181856,7725,7775
274973,7726,7786
181852,7726,7824
294214,7732,7796
294215,7733,7797
141996,7856,7934
287099,7881,7973
387079,7882,7985
387078,7883,7997
387080,7897,8002
235880,7900,7951
195872,7910,7972
294279,7916,8019
221322,7922,8022
37052,7924,7990
78489,7926,8018
103972,7931,7983
148111,7932,8017
42757,7937,7999
89021,7940,8004
79664,7940,8010
384125,7943,8022
147532,7944,8003
226330,7946,8001
298975,7947,8011
10132,7948,8012
140501,7949,8001
22874,7949,8004
70024,7949,8016
85629,7949,8020
175100,7954,8021
293582,7967,8020
276129,7977,8019
290500,8059,8120
70025,8081,8143
375431,8206,8269
70317,8207,8254
373776,8207,8290
146351,8209,8269
39815,8209,8274
80998,8209,8283
255439,8210,8287
281111,8213,8311
181853,8215,8282
378667,8218,8272
134037,8218,8303
50767,8218,8319
294325,8221,8326
75570,8222,8281
350839,8223,8328
359522,8224,8282
245907,8225,8314
20265,8227,8272
366744,8232,8324
42759,8235,8296
80859,8236,8332
32895,8455,8518
51416,8455,8521
165428,8455,8532
353761,8455,8544
170389,8456,8519
379431,8459,8534
147531,8466,8538
58904,8473,8540
9618,8473,8557
29686,8478,8539
255440,8492,8579
376993,8499,8553
140545,8500,8568
274877,8522,8593
61824,8524,8614
235396,8524,8634
24958,8527,8613
114366,8532,8617
350928,8539,8620
366743,8539,8636
71845,8540,8640
401143,8542,8635
358278,8542,8661
886,8543,8638
383317,8548,8609
79667,8548,8631
131198,8548,8637
368958,8548,8653
366742,8568,8675
60032,8572,8633
94001,8572,8643
2801,8577,8651
28757,8581,8638
287095,8640,8694
168406,8843,8906
235879,8844,8909
169718,8848,8909
387082,8851,8912
394884,8854,8913
289815,8856,8918
396404,8877,8964
217170,8913,8977
253284,8915,8976
394886,8916,8982
103969,8916,9027
351950,8926,9033
351945,8933,9030
72944,8935,9017
89027,8937,9071
28758,8939,9014
103973,8940,9034
28759,8941,9021
246754,8942,9037
24868,8943,9024
89017,8965,9036
223639,8994,9077
165500,8999,9073
141997,8999,9084
89028,9001,9064
33946,9012,9083
198010,9021,9083
102603,9021,9123
229285,9024,9118
152411,9024,9125
110064,9027,9118
230754,9032,9118
147291,9032,9139
169717,9033,9108
224830,9037,9119
285974,9037,9142
251425,9038,9106
239310,9038,9130
268173,9039,9113
310348,9040,9102
92587,9041,9121
222565,9041,9142
223317,9042,9106
154871,9042,9127
401142,9045,9140
127368,9046,9143
97712,9047,9112
142847,9048,9114
258574,9052,9115
10719,9054,9115
294876,9054,9122
337781,9055,9133
18639,9055,9138
366118,9055,9149
78488,9055,9152
255443,9057,9163
156820,9062,9145
127369,9063,9164
18638,9065,9155
51417,9067,9128
61682,9067,9146
133399,9067,9151
134039,9068,9184
1979,9069,9124
12004,9069,9134
212835,9069,9152
255437,9070,9131
158953,9071,9159
113116,9072,9161
89024,9072,9180
134038,9074,9189
331091,9075,9138
42060,9075,9162
355806,9076,9141
167272,9078,9162
294278,9079,9158
337783,9079,9185
163090,9079,9192
89376,9080,9151
107160,9081,9139
270902,9081,9154
79391,9082,9142
12772,9083,9155
89026,9083,9169
64469,9084,9152
235882,9084,9163
134042,9084,9183
324199,9086,9147
298772,9086,9159
187921,9087,9133
295413,9088,9158
328610,9089,9162
62214,9091,9158
322247,9091,9183
42006,9092,9179
235881,9093,9162
87225,9095,9191
134030,9096,9164
258665,9097,9158
160219,9097,9173
134790,9099,9189
294218,9100,9186
3874,9101,9168
272591,9103,9201
9245,9104,9158
343697,9104,9181
222419,9104,9187
242360,9104,9193
9244,9105,9177
300192,9105,9202
407908,9107,9178
343700,9107,9185
1925,9108,9176
89030,9108,9191
12487,9109,9164
134492,9110,9196
110582,9114,9184
1925,9114,9196
272587,9115,9201
272590,9116,9191
9247,9117,9179
176335,9119,9180
1925,9120,9184
255441,9163,9239
253828,9164,9234
192581,9164,9241
298461,9169,9215
87225,9174,9259
134041,9177,9253
239157,9179,9241
1925,9181,9255
212441,9183,9245
259690,9186,9249
89025,9187,9252
343698,9187,9262
266564,9189,9254
164448,9222,9278
293230,9227,9278
253827,9257,9328
166968,9260,9329
316270,9261,9323
368957,9262,9328
373769,9270,9327
240846,9273,9324
235878,9279,9328
30860,9614,9677
370813,9632,9736
42753,9634,9715
319414,9635,9690
350837,9635,9702
319415,9665,9790
113115,9676,9791
356071,9684,9759
134547,9685,9802
61193,9688,9786
120960,9702,9847
372869,9715,9840
126,9718,9787
366415,9720,9798
283820,9725,9805
47776,9725,9849
231852,9726,9809
358415,9727,9787
283819,9728,9822
126,9730,9801
113138,9733,9846
399588,9749,9823
23615,9758,9877
233137,9771,9884
17649,9775,9878
366413,9775,9885
112433,9776,9870
21936,9789,9870
79669,9790,9859
247155,9795,9869
319411,9795,9876
110271,9796,9886
136647,9797,9859
241836,9803,9859
265727,9803,9871
355078,9803,9886
339309,9813,9875
219748,9816,9880
33016,9820,9881
327829,9974,10021
195719,9974,10030
251660,9974,10046
246751,9974,10066
103970,9974,10069
246752,9974,10078
99196,9974,10084
99197,9974,10105
172100,9979,10074
392367,9980,10072
99194,9980,10081
103971,9980,10094
99195,9980,10100
266408,9981,10106
246753,9985,10104
246755,9987,10101
89029,9990,10092
80260,9993,10074
351948,10004,10080
99198,10007,10077
89017,10007,10087
203666,10021,10095
398954,10023,10086
29687,10041,10093
237016,10044,10109
346884,10111,10174
5788,10127,10195
293228,10132,10196
126131,10256,10311
69152,10256,10323
33014,10256,10328
366382,10256,10347
80858,10257,10339
165258,10263,10329
147533,10269,10344
213500,10271,10336
51418,10273,10345
78490,10274,10324
63840,10280,10343
89021,10283,10347
3698,10287,10342
368959,10287,10344
15466,10291,10345
139768,10293,10346
1998,10300,10346
85627,10642,10717
274549,10648,10736
221323,10659,10732
28760,10661,10730
147977,10667,10732
36529,10667,10736
384123,10667,10747
366384,10695,10758
121563,10695,10777
89018,10695,10786
280343,10705,10757
258963,10707,10779
146083,10715,10782
358279,10722,10798
343352,10818,10866
358277,11075,11131
5156,11232,11299
287098,11256,11314
258136,11359,11465
96821,11362,11457
190292,11364,11466
245906,11366,11464
258666,11373,11470
164768,11395,11471
9243,11397,11469
78487,11401,11468
190293,11402,11471
257238,11406,11470
53986,11415,11468
89023,12155,12214
400173,12156,12207
13996,12159,12223
287100,12163,12253
125420,12168,12228
173874,12170,12255
88222,12177,12252
212844,12181,12247
148276,12184,12253
369346,12185,12248
167459,12185,12256
42755,12185,12289
223638,12187,12251
262702,12188,12252
30861,12188,12265
92586,12193,12260
281739,12195,12244
133401,12195,12256
353763,12196,12263
266565,12206,12263
212529,12206,12280
115531,12206,12297
12077,12208,12292
30558,12209,12279
101,12210,12266
319412,12210,12296
175099,12211,12278
99400,12211,12288
167782,12211,12291
9241,12212,12300
222566,12214,12278
2631,12215,12282
120696,12216,12284
121564,12216,12333
97221,12218,12289
367066,12218,12303
167781,12220,12287
222417,12222,12286
103005,12223,12287
299122,12223,12292
266410,12224,12298
75372,12225,12280
268524,12225,12317
97713,12226,12278
40883,12228,12292
199066,12228,12301
159744,12229,12290
55355,12229,12297
52923,12230,12279
79668,12233,12296
89018,12241,12322
212531,12242,12335
9620,12246,12297
99193,12246,12315
70591,12246,12334
201619,12250,12328
89031,12251,12321
287102,12252,12342
147219,12254,12324
222568,12256,12319
227306,12256,12349
290501,12259,12320
89472,12261,12313
330641,12261,12319
301286,12261,12322
102517,12265,12342
125770,12276,12360
287097,12276,12369
165430,12277,12338
137009,12277,12355
304937,12277,12380
394887,12278,12385
152710,12280,12343
234882,12282,12356
104670,12282,12362
81227,12295,12367
198849,12297,12360
293231,12324,12393
122396,12462,12518
158955,12518,12595
183777,12520,12574
91197,12523,12585
134035,12523,12596
140546,12527,12577
9619,12527,12582
134033,12527,12600
12074,12527,12615
86897,12528,12621
264880,12529,12582
237017,12529,12584
40879,12530,12597
62218,12531,12595
269269,12531,12616
359680,12533,12589
134034,12536,12626
342884,12541,12626
239355,12547,12610
183867,12547,12616
8139,12549,12642
288980,12556,12622
134548,12559,12618
202797,12562,12634
339951,12563,12628
29520,12564,12625
342883,12564,12638
150992,12564,12642
56460,12572,12627
346885,12573,12633
979,12573,12641
346883,12576,12647
234881,12577,12631
255438,12579,12641
30862,12591,12642
187719,12591,12663
111013,12598,12662
222420,12604,12681
340833,12606,12669
24957,12610,12664
108128,12611,12672
251657,12611,12701
299780,12612,12681
251658,12612,12712
246756,12621,12711
222569,12624,12695
398656,12627,12714
251664,12630,12738
65876,12631,12711
97711,12636,12709
40884,12639,12731
272596,12643,12721
69151,12644,12709
324791,12647,12707
87721,12648,12709
19131,12662,12737
114371,12667,12738
21438,12673,12737
34703,12677,12738
366417,12680,12738
327830,12681,12737
279227,12816,12870
238310,12816,12885
174089,12818,12888
12076,12959,13045
164178,12962,13029
25724,12962,13037
2561,12962,13041
249352,12965,13026
287101,12966,13048
24286,12986,13050
143875,12988,13049
326570,12990,13050
343695,13335,13397
366117,13335,13399
327419,13534,13583
133403,13703,13763
235877,13703,13765
222570,13703,13776
366416,13714,13833
21937,13758,13835
304936,13763,13825
276202,13766,13824
21938,13774,13835
89022,13780,13837
181858,13785,13841
239311,13951,14011
89026,13952,14026
356070,13970,14055
288132,13975,14041
350927,14080,14174
359679,14105,14193
141998,14109,14227
56764,14263,14327
140117,14270,14351
270903,14297,14376
92585,14302,14365
294219,14348,14415
356378,14355,14434
5788,14362,14456
387083,14381,14445
92584,14383,14461
110270,14391,14462
255434,14404,14466
188696,14405,14472
284997,14409,14471
195875,14416,14496
114367,14432,14499
152413,14434,14532
240847,14439,14531
134794,14465,14532
266409,14469,14556
272595,14521,14585
351586,14548,14606
351587,14558,14609
114681,14607,14663
89032,14718,14814
134040,14737,14814
165429,14742,14853
183573,14747,14814
171899,14748,14812
373771,14752,14813
351342,14963,15051
22577,14966,15014
385141,14968,15025
62213,14970,15019
349925,14970,15031
243287,14971,15052
62093,14972,15018
70027,14975,15054
356072,14979,15054
63841,14983,15049
86915,14983,15053
29689,14986,15055
402786,14986,15061
405042,14989,15053
199252,14995,15053
5516,14997,15054
327681,15002,15054
78486,15016,15075
89033,15019,15103
337784,15022,15088
160990,15388,15448
217560,15389,15442
165431,15391,15446
182901,15393,15473
294111,15422,15492
370815,15455,15525
223950,15459,15524
99956,15478,15524
349335,15587,15639
226201,15589,15638
258099,15669,15717
126132,15669,15728
165212,15669,15736
181859,15670,15752
319487,15671,15742
355293,15672,15740
124889,15679,15752
60560,15681,15753
211979,15683,15751
179897,15685,15752
12075,15689,15752
217432,15692,15752
133402,15858,15921
370814,15859,15911
286431,15859,15920
9242,15859,15927
181862,15859,15948
311167,15861,15929
151384,15863,15923
158446,15865,15927
61683,15866,15930
134793,15867,15928
112265,15868,15923
134032,15868,15934
370754,15874,15934
287103,15885,15963
355079,15887,15934
234880,15896,15960
92453,15899,15954
2801,15899,15966
255435,15899,15981
127355,15900,15952
28757,15901,15955
103974,15903,15965
122651,15906,15980
168139,15927,15990
251662,15928,15979
316143,15981,16042
113117,15983,16042
99943,15983,16046
350809,16063,16124
367067,16079,16133
212841,16113,16173
33017,16115,16179
89023,16122,16192
222418,16122,16195
234879,16125,16193
255436,16132,16220
228949,16138,16205
42754,16149,16220
33390,16153,16224
373777,16157,16223
240848,16178,16224
366745,16190,16246
251665,16284,16346
68810,16284,16371
152412,16284,16375
125780,16285,16343
412,16290,16373
131259,16299,16370
75569,16315,16375
223318,16320,16377
343699,16328,16375
121413,16328,16411
121412,16331,16412
34202,16337,16422
333009,16340,16406
97050,16340,16411
126134,16344,16411
240353,16345,16416
289342,16346,16431
304935,16347,16420
104797,16348,16409
245167,16348,16427
339308,16352,16426
373775,16353,16410
384127,16353,16435
212530,16357,16426
289402,16357,16430
358280,16358,16402
177319,16358,16432
299123,16359,16405
294432,16363,16429
48050,16373,16428
366118,16374,16446
40880,16375,16431
29747,16380,16430
212843,16390,16455
181857,16459,16577
181861,16463,16575
181860,16475,16584
407734,16495,16579
268174,16507,16583
366119,16512,16563
139769,16512,16584
221324,16515,16561
245908,16515,16564
158954,16515,16576
70026,16516,16579
212845,16521,16581
10133,16527,16584
249351,16638,16712
24960,16670,16741
23459,16670,16749
407811,16670,16767
18069,16690,16748
37799,16690,16755
195873,16693,16755
69154,16703,16779
247346,16705,16762
295354,16707,16770
166139,16708,16792
349336,16713,16784
137010,16716,16798
394885,16717,16779
217302,16718,16796
252990,16720,16793
358874,16726,16787
114365,16727,16804
384126,16729,16809
294220,16730,16788
101127,16730,16795
69153,16749,16812
46072,16758,16818
366383,16770,16871
353762,16771,16847
37754,16787,16849
317771,16800,16847
63306,16800,16880
40881,16804,16854
106110,16808,16870
195874,16808,16881
339362,16826,16898
249608,16830,16901
89022,16831,16897
147534,16836,16898
232616,16943,17014
401144,16949,17010
6342,16949,17014
252991,16953,17008
304934,16955,17014
68809,16957,17014
283822,16960,17012
60033,16964,17012
