185448,116,163
185940,116,189
298001,117,180
88920,117,211
262839,122,178
251818,124,205
293416,136,208
285622,142,204
96644,156,242
42649,164,238
42648,164,262
17884,181,243
212365,186,358
70776,187,258
247812,195,274
181179,196,261
342406,199,261
224033,199,284
247811,199,297
334796,205,273
91877,206,281
138739,206,326
270253,206,344
212367,207,267
120038,208,275
120035,210,262
4783,211,358
78696,215,299
41443,215,302
224032,220,330
15143,232,310
212364,238,355
1345,246,341
29879,252,316
6955,252,356
212363,257,358
175194,265,356
13927,272,333
22564,272,357
1345,273,342
6955,278,358
41446,284,357
255273,287,357
87931,297,357
96645,301,355
8193,301,358
50871,394,483
194376,394,489
194377,397,490
84024,399,489
204021,400,473
93380,400,483
221466,401,462
138743,402,478
344136,409,469
280314,413,483
160937,421,485
99745,426,488
50875,431,486
379266,432,484
71483,545,593
172415,548,593
6674,550,595
81765,723,790
47526,723,793
371185,723,825
10964,724,804
263890,727,792
221631,738,802
9844,739,825
200187,746,857
313055,747,850
50541,749,864
140771,751,818
90665,755,820
87930,756,836
302019,757,828
326761,758,824
263134,762,854
38842,777,832
53113,777,836
369015,778,830
368257,780,843
397515,787,848
52978,790,865
99654,791,852
382295,796,852
224030,797,865
213087,958,1062
170201,967,1043
6673,977,1041
363059,978,1051
27236,978,1056
27237,978,1066
322191,979,1042
263925,980,1043
298671,983,1040
346627,984,1056
161571,985,1063
194635,985,1075
135474,986,1049
251819,986,1068
11239,997,1043
336079,997,1070
123668,999,1058
3741,1018,1070
76035,1020,1088
375505,1022,1103
134564,1054,1129
65636,1069,1147
69102,1076,1157
376866,1081,1133
288170,1081,1144
287179,1081,1167
270250,1084,1163
84795,1085,1141
282310,1102,1159
348795,1102,1189
253385,1105,1166
50873,1107,1186
71479,1108,1169
362851,1111,1167
33624,1114,1189
327532,1136,1243
105654,1138,1256
346844,1151,1249
22705,1154,1271
129806,1160,1232
32942,1164,1219
22563,1164,1260
280313,1165,1258
59077,1169,1263
139004,1171,1254
71438,1178,1275
262838,1186,1248
298787,1186,1304
76577,1187,1310
306385,1191,1252
182842,1191,1285
60736,1200,1268
182841,1204,1268
376087,1204,1270
35233,1204,1278
300752,1254,1319
237720,1257,1314
158383,1330,1391
6955,1470,1536
29888,1592,1656
18596,1645,1716
260147,1646,1712
96648,1647,1717
322190,1650,1714
273237,1661,1723
122298,1740,1855
291394,1741,1800
9241,1749,1838
362693,1754,1800
192790,1758,1830
182843,1763,1837
323010,1764,1835
79988,1768,1832
90102,1769,1848
60576,1772,1835
253558,1774,1831
81737,1781,1870
232827,1783,1844
349581,1783,1856
8208,1784,1863
50872,1784,1872
391025,1787,1850
39620,1787,1853
87929,1789,1853
204023,1790,1854
304794,1806,1875
375506,1809,1875
299702,1813,1876
202388,1813,1881
229810,1815,1876
330008,1815,1878
402335,1816,1877
302003,1835,1893
99753,2080,2147
361200,2172,2239
71482,2173,2265
204976,2177,2250
50664,2177,2272
272866,2179,2259
390160,2187,2236
145642,2188,2273
7875,2196,2267
18373,2197,2264
123858,2201,2260
298000,2201,2267
270249,2201,2270
151926,2483,2532
362855,2483,2540
17883,2483,2544
99748,2483,2552
7876,2484,2546
17882,2484,2558
20747,2485,2530
313054,2485,2536
313053,2487,2579
346843,2699,2786
365459,2712,2782
334328,2714,2793
29139,2722,2788
356417,2728,2781
199644,2728,2800
157330,2729,2796
255274,2730,2788
185445,2731,2790
36708,2735,2782
264114,2737,2799
22562,2772,2837
127546,2775,2844
348796,2805,2864
319377,2808,2867
224031,2808,2870
362850,2810,2869
18597,2811,2862
205622,2828,2879
66183,2892,2959
104094,2895,2965
107471,2898,2967
369017,2900,2965
315355,2900,2968
212039,3046,3107
174587,3047,3114
298784,3048,3111
71474,3051,3129
173007,3060,3132
29880,3083,3141
262840,3088,3151
163525,3088,3157
369018,3107,3173
263924,3126,3191
15466,3149,3194
54384,3198,3273
264037,3227,3323
253386,3227,3328
50713,3231,3300
18016,3232,3330
355822,3233,3327
306856,3234,3323
219353,3236,3305
153697,3236,3315
39373,3237,3325
81738,3239,3327
392966,3240,3320
16398,3240,3323
262837,3244,3332
128480,3249,3323
308295,3250,3313
13930,3251,3328
370335,3252,3322
299684,3253,3331
131648,3254,3319
323351,3260,3323
311368,3268,3325
71479,3282,3331
65689,3397,3458
99749,3397,3463
234793,3397,3483
13929,3398,3479
113938,3399,3467
4787,3399,3492
176400,3400,3512
131647,3403,3469
87932,3403,3473
298785,3403,3477
297993,3403,3484
2498,3403,3491
4785,3403,3494
174588,3404,3499
72076,3405,3458
56709,3406,3491
13928,3406,3517
313682,3407,3488
18018,3408,3510
167810,3415,3477
97881,3419,3499
295777,3422,3512
106182,3428,3491
277116,3448,3514
343010,3449,3513
84794,3455,3516
343012,3487,3575
219926,3508,3564
138173,3540,3605
68195,3551,3601
403510,3570,3633
214433,3585,3648
71480,3585,3655
285624,3592,3679
102532,3597,3677
18599,3599,3671
192789,3600,3668
100414,3615,3680
158384,3615,3685
96646,3619,3677
256498,3619,3681
174589,3620,3704
246091,3620,3738
241913,3621,3683
65690,3621,3697
268415,3622,3678
47998,3624,3677
242009,3624,3689
80100,3624,3694
292549,3625,3709
88302,3626,3748
74462,3628,3697
42688,3636,3678
334792,3636,3761
371186,3638,3697
137994,3641,3734
221309,3642,3741
249495,3644,3712
54509,3644,3716
198181,3644,3750
291724,3644,3755
96649,3648,3732
34368,3650,3712
287441,3653,3715
370295,3654,3712
34367,3654,3716
31297,3656,3717
188367,3656,3763
7694,3668,3754
39285,3671,3727
84410,3671,3735
186819,3679,3759
81736,3680,3751
388268,3680,3754
145643,3682,3759
253390,3684,3746
143557,3685,3753
337370,3695,3750
127547,3698,3760
5387,3701,3762
69103,3702,3756
24295,3702,3761
163526,3708,3763
293419,3897,3959
9243,3897,3978
362853,3897,3992
18594,3898,3986
2640,3899,3954
111409,3899,3964
206382,3905,3991
30637,3909,3988
380122,3911,3987
117171,3918,3979
298788,3922,3987
71474,3922,4000
380119,3923,4002
162459,3926,3978
20660,3927,4001
105655,3928,4008
173008,3930,4011
250620,3933,3991
158389,3944,4012
29881,3946,4018
169734,3949,4019
14470,4081,4162
171230,4083,4155
219354,4086,4152
278429,4104,4179
320179,4119,4184
71476,4187,4276
76033,4244,4286
346629,4390,4443
217707,4391,4460
56521,4391,4465
262836,4393,4456
4786,4393,4461
379267,4394,4467
170979,4405,4474
188937,4522,4587
235480,4720,4774
189194,4819,4870
99653,4820,4884
346842,4820,4896
285632,4826,4894
263200,4826,4899
186754,4834,4908
285627,4835,4927
235688,4836,4913
270251,4838,4908
352363,4843,4928
258017,4844,4905
9605,4845,4910
396338,4846,4907
107821,4846,4913
78310,4849,4909
391026,4850,4912
17878,4852,4914
375507,4853,4928
228627,4857,4952
41449,4859,4950
164161,4863,4909
11351,4864,4921
14279,4864,4943
207470,4868,4925
97879,4869,4950
159326,4879,4939
343013,4883,4938
391027,4883,5011
382296,4884,4944
295778,4890,4965
218494,4901,4968
379910,4915,5007
160938,4926,4982
322192,5026,5094
9246,5038,5113
76579,5047,5114
339255,5050,5110
42658,5052,5115
1925,5053,5111
366116,5053,5137
3191,5055,5115
212368,5058,5124
51169,5082,5137
251820,5376,5434
214434,5388,5449
73051,5389,5450
42650,5521,5616
383628,5521,5619
71476,5559,5630
22706,5591,5649
266942,5609,5675
9653,5611,5678
45051,5612,5670
50804,5613,5675
155906,5613,5682
301507,5614,5676
362965,5618,5676
99747,5626,5682
217708,5646,5717
242598,5653,5721
298786,5655,5717
282312,5661,5723
53517,5786,5829
169236,5786,5861
160939,5787,5853
158388,5788,5852
158387,5790,5874
44483,5792,5844
186752,5812,5893
248968,5820,5899
339256,5823,5887
261310,5823,5910
195144,5824,5902
107472,5825,5904
169738,5828,5903
287442,5832,5900
323032,5836,5901
41448,5848,5936
138745,5850,5963
264115,5853,5911
188368,5853,5928
186751,5854,5933
182844,5856,5923
137995,5857,5944
268416,5858,5907
169739,5858,5921
9252,5858,5936
1925,5863,5923
9244,5866,5924
312157,5866,5926
88921,5867,5923
87225,5867,5937
188369,5869,5969
9248,5870,5925
86219,5871,5938
41445,5873,5924
1925,5874,5929
41447,5874,5935
367178,5874,5941
219125,5875,5932
285623,5875,5936
42656,5875,5952
42657,5875,5962
42655,5876,5935
58606,5959,6006
138738,5990,6084
250619,6000,6078
218685,6000,6083
110661,6007,6079
351518,6011,6078
319378,6011,6081
151196,6012,6074
299264,6012,6084
15144,6015,6080
112211,6017,6078
201957,6021,6086
391028,6021,6091
18595,6022,6083
348347,6023,6089
139756,6024,6088
348346,6025,6089
390161,6026,6087
269020,6027,6089
285631,6027,6124
125684,6028,6088
163528,6240,6290
84792,6240,6301
41454,6240,6304
46122,6240,6326
219293,6241,6305
222055,6241,6308
153698,6241,6312
99746,6262,6318
186750,6267,6329
295792,6272,6328
21559,6274,6326
65271,6275,6335
17879,6275,6349
61316,6276,6328
252712,6276,6332
71732,6276,6334
128799,6282,6383
169754,6291,6353
46121,6292,6357
369016,6295,6352
163638,6307,6389
4420,6317,6406
41444,6323,6389
71472,6363,6462
224036,6373,6422
71481,6373,6454
172412,6385,6477
235477,6390,6452
172413,6404,6504
204022,6411,6502
185773,6421,6479
204024,6423,6480
241697,6479,6554
219046,6488,6550
196474,6511,6580
197581,6681,6760
324090,6682,6741
368118,6686,6743
71472,6696,6780
9242,6711,6767
255275,6784,6887
105656,6787,6865
22564,6788,6888
1345,6793,6870
77663,6795,6885
6955,6802,6888
96647,6807,6888
131570,6820,6885
8193,6821,6887
120041,6927,6978
120037,6927,7000
165947,6932,7000
201958,6935,6997
6086,6936,6999
297999,6939,7000
251823,6941,6999
105657,7052,7118
91964,7054,7120
88483,7064,7145
4051,7098,7163
375508,7108,7187
50687,7112,7174
43397,7120,7188
299701,7125,7184
134565,7127,7194
236163,7130,7193
99652,7221,7289
130166,7227,7291
158385,7227,7295
15369,7228,7292
262843,7228,7301
150662,7231,7297
201959,7234,7296
313056,7234,7325
254244,7236,7300
42651,7237,7299
242672,7238,7311
2166,7246,7294
10324,7252,7294
205341,7257,7328
173009,7265,7332
380148,7277,7344
71480,7410,7464
138897,7500,7576
334795,7501,7609
84499,7510,7607
334794,7514,7632
129996,7523,7605
83653,7524,7588
7879,7524,7598
254952,7524,7633
156271,7528,7633
140776,7530,7616
276738,7537,7613
99612,7546,7631
343011,7548,7638
96651,7549,7645
145709,7579,7632
343009,7663,7765
14729,7665,7770
296278,7668,7758
158386,7669,7766
299293,7671,7767
95428,7673,7766
293417,7673,7772
218577,7678,7772
17880,7684,7767
158247,7721,7772
376695,7847,7909
382297,7893,7986
67980,7897,7963
285625,7899,7954
56710,7903,7980
127787,7919,7977
355823,7919,7984
9251,7934,8019
9250,7938,8019
50542,7941,7993
48205,7941,8019
8555,7958,8019
380149,8083,8166
282311,8083,8169
71478,8084,8161
216691,8096,8159
252708,8102,8171
84498,8104,8172
15649,8107,8182
217785,8110,8179
293420,8117,8180
129997,8120,8183
69104,8121,8188
10972,8242,8304
29883,8242,8326
185446,8242,8333
202261,8242,8340
50874,8245,8309
295779,8247,8333
77907,8248,8335
167853,8251,8357
127548,8253,8334
375510,8255,8333
217709,8255,8349
42653,8256,8327
119651,8257,8332
6788,8258,8329
2270,8263,8329
293418,8267,8332
313155,8274,8332
219930,8274,8335
208666,8276,8333
92794,8277,8330
282313,8280,8342
261055,8284,8333
88925,8287,8353
76748,8292,8358
9249,8335,8400
285628,8336,8445
140773,8340,8464
97882,8344,8435
138734,8349,8439
282314,8350,8458
29886,8354,8416
285630,8354,8462
2801,8355,8433
17172,8363,8440
96653,8364,8456
363060,8365,8474
29885,8369,8475
386804,8378,8433
17881,8386,8431
56713,8388,8474
96654,8390,8470
29884,8391,8478
140778,8393,8461
29887,8393,8472
96655,8394,8464
29889,8394,8469
56712,8394,8474
99752,8412,8473
87933,8412,8475
324397,8427,8475
348348,8437,8487
250111,8665,8751
323012,8669,8730
386806,8669,8747
180518,8694,8771
278426,8698,8754
88923,8699,8770
228735,8701,8768
96652,8701,8772
241129,8704,8768
348798,8704,8783
326092,8706,8766
258016,8714,8778
315998,8721,8783
50684,8736,8797
226060,8740,8787
171470,8743,8804
88484,8753,8812
56714,8764,8831
242599,8772,8836
282315,8800,8877
2801,8801,8873
29890,8805,8879
29886,8806,8866
2801,8808,8885
299294,8810,8877
2801,8816,8876
47268,8880,8938
210923,8882,8971
15147,8885,8968
9932,8887,8983
170982,8888,8946
219045,8890,8941
76580,8890,8987
185447,8891,8936
376697,8892,8943
280315,8893,8982
84158,8893,8991
247813,8894,8987
93382,8896,8986
346845,8902,8947
130472,8903,8986
138740,8908,9006
363629,9007,9062
129807,9113,9182
9254,9119,9188
375511,9119,9198
171231,9123,9194
221467,9257,9300
41455,9387,9476
9253,9391,9462
41456,9391,9478
287010,9393,9466
188370,9405,9477
265373,9410,9461
96827,9410,9468
101321,9418,9465
358775,9421,9467
177676,9421,9475
309851,9423,9473
208565,9505,9554
391031,9505,9568
391030,9506,9610
71471,9512,9586
71483,9514,9580
312329,9518,9581
172411,9518,9615
49143,9519,9585
18601,9522,9592
138741,9525,9625
265722,9527,9582
218686,9529,9584
370691,9529,9598
71477,9530,9613
169755,9539,9599
363630,9540,9606
8077,9541,9597
50876,9547,9618
93381,9583,9636
386805,9599,9679
205623,9615,9684
60304,9618,9678
243165,9619,9683
209380,9621,9709
171234,9628,9719
169736,9631,9714
371496,9632,9723
76351,9634,9705
39149,9637,9705
24180,9641,9735
108000,9642,9719
268443,9643,9726
376696,9643,9730
17420,9646,9719
71478,9649,9717
298789,9662,9730
235479,9679,9740
288169,9684,9740
71471,9778,9846
398709,9779,9829
363252,9779,9858
49142,9780,9843
285626,9780,9849
17598,9781,9839
18603,9782,9838
172410,9782,9843
266703,9782,9846
394892,9787,9850
175611,9788,9858
294419,9794,9852
41457,9794,9861
82760,9796,9848
310863,9801,9863
120332,9802,9865
111410,9803,9880
348008,9806,9850
252720,9806,9870
12941,9807,9860
262842,9810,9873
150991,9834,9905
359591,9840,9926
214432,9842,9901
194123,9842,9905
217710,9843,9923
362852,9845,9918
46292,9847,9905
299295,9849,9930
178402,9850,9927
282316,9856,9919
313681,9856,9926
141881,9857,9921
334927,10013,10067
196473,10014,10079
17877,10018,10075
242600,10018,10117
42659,10025,10081
334793,10029,10116
126279,10030,10121
270252,10044,10111
135902,10046,10103
25548,10050,10101
140774,10058,10121
138896,10094,10171
138735,10114,10170
183791,10180,10241
44482,10280,10337
8390,10281,10334
68078,10282,10338
186753,10282,10344
22041,10282,10357
219292,10285,10339
57117,10286,10340
29891,10291,10343
57924,10293,10343
78695,10293,10355
21561,10297,10344
76034,10297,10361
341567,10301,10361
88924,10309,10363
120039,10311,10362
350596,10360,10433
140777,10364,10428
170977,10366,10428
84793,10367,10430
219927,10368,10428
138737,10534,10629
71482,10570,10655
59541,10574,10656
93091,10579,10662
270531,10579,10667
73496,10586,10655
107474,10589,10662
188567,10591,10653
56711,10592,10664
50686,10592,10691
16397,10593,10686
326769,10595,10660
45433,10595,10687
84791,10597,10657
12108,10600,10663
372876,10613,10677
158120,10613,10691
41451,10661,10720
59076,10681,10756
334327,10694,10760
171233,10705,10760
143976,10707,10749
84789,10709,10759
340648,10714,10761
336843,10801,10853
169740,10801,10888
21346,10804,10877
39285,10806,10868
52521,10807,10865
50685,10807,10888
172133,10817,10865
285629,10817,10882
356754,10817,10889
99750,10821,10867
235481,10822,10901
39580,10830,10905
210135,10836,10901
138736,10851,10942
348800,10852,10905
313057,10857,10904
371187,10858,10963
223396,10865,10963
211181,10868,10932
224037,10868,10970
311904,10876,10937
388267,10881,10939
76352,10901,10997
42396,10912,10972
347199,10915,10978
219928,10922,11009
190079,10930,11005
235478,10935,11004
224035,10939,11000
140779,10962,11047
94570,11026,11128
150333,11027,11109
6675,11028,11123
337371,11029,11105
97840,11032,11097
42395,11033,11102
252710,11038,11125
15146,11044,11143
96650,11045,11125
105027,11047,11102
18600,11052,11151
252711,11054,11154
391118,11063,11127
165707,11064,11142
76032,11065,11157
73592,11065,11160
302179,11068,11130
3269,11070,11126
45052,11070,11130
173010,11072,11159
174590,11074,11145
108856,11074,11158
298003,11075,11165
278428,11075,11170
250621,11076,11134
177516,11077,11127
21560,11077,11138
18602,11077,11143
71477,11077,11157
256153,11078,11162
80101,11081,11158
61927,11081,11166
196628,11082,11143
186755,11083,11147
20746,11083,11151
22098,11085,11146
141943,11085,11157
249349,11086,11150
106105,11086,11155
297744,11087,11142
16203,11087,11166
208564,11088,11161
285633,11089,11171
9245,11090,11152
95576,11091,11158
278427,11091,11170
322179,11097,11167
8214,11102,11167
192791,11103,11170
111411,11104,11172
160940,11105,11159
57506,11105,11175
178403,11106,11168
266702,11107,11172
294987,11113,11182
125683,11116,11183
400250,11118,11170
66731,11118,11174
59744,11123,11176
239581,11125,11182
391033,11235,11305
99436,11237,11285
134815,11245,11296
222621,11250,11323
395779,11255,11348
348684,11257,11315
161157,11261,11340
267643,11262,11335
265169,11274,11362
185450,11289,11365
395780,11289,11372
185449,11293,11362
380150,11318,11419
380118,11327,11415
383629,11331,11421
1345,11338,11417
71473,11344,11428
7878,11344,11434
7877,11345,11421
127549,11346,11449
88227,11348,11412
1345,11357,11419
267,11376,11445
302020,11379,11449
71481,11489,11560
219929,11493,11560
107473,11629,11688
42654,11634,11704
282317,11635,11685
346628,11679,11747
272153,11683,11762
348799,11683,11772
277615,11689,11774
196147,11817,11878
21063,11817,11881
126,11817,11889
116458,11817,11924
126,11817,11940
116457,11817,11959
383266,11818,11879
9423,11818,11897
126,11818,11906
97880,11818,11913
67722,11819,11955
35900,11824,11943
380121,11830,11958
364214,11836,11957
140775,11840,11949
73960,11844,11959
13679,11850,11934
52957,11852,11949
391029,11854,11955
18598,11859,11935
43582,11870,11959
175195,11873,11956
21453,11877,11959
9574,11895,11956
29882,11899,11959
208866,11901,11952
141371,11903,11947
172414,11918,11959
138744,11991,12117
15148,11992,12076
21567,12010,12124
87928,12017,12105
267,12018,12122
10553,12021,12113
1345,12022,12091
71473,12023,12112
5317,12026,12136
267,12032,12135
251822,12034,12146
116389,12044,12134
99751,12049,12125
188371,12053,12123
267,12054,12140
21562,12062,12125
23752,12066,12122
258012,12079,12136
329125,12081,12133
293986,12090,12154
169741,12099,12206
205342,12100,12188
293987,12105,12160
71475,12107,12204
242601,12110,12187
171232,12112,12230
282318,12114,12183
173011,12117,12183
48496,12121,12219
172408,12123,12189
213457,12125,12207
140769,12125,12217
364213,12127,12233
140770,12128,12217
298002,12136,12217
21933,12142,12215
169735,12284,12337
41450,12372,12473
158026,12374,12438
84501,12376,12424
323011,12376,12437
371497,12378,12439
138742,12378,12452
9246,12382,12454
172134,12384,12444
355319,12387,12455
339257,12390,12454
42661,12393,12452
298783,12393,12472
158025,12394,12450
14991,12395,12456
163080,12396,12472
1925,12399,12455
56399,12400,12466
169742,12400,12469
308598,12401,12452
348349,12401,12478
229284,12402,12456
71470,12403,12472
163454,12405,12473
186757,12408,12484
156134,12409,12472
158391,12422,12473
7880,12434,12528
30890,12436,12553
22566,12437,12518
56524,12439,12528
336500,12444,12556
244957,12447,12557
136653,12451,12520
6790,12451,12561
43272,12452,12513
139757,12452,12554
137079,12454,12510
390162,12456,12567
171236,12457,12511
11477,12457,12572
46611,12459,12535
163527,12459,12539
127550,12461,12532
171235,12470,12529
342086,12472,12578
362856,12473,12544
56523,12475,12556
120036,12475,12568
6789,12483,12604
342087,12489,12606
370558,12492,12547
205343,12496,12548
388935,12506,12605
193568,12520,12626
193567,12524,12629
21849,12527,12630
145710,12551,12617
170978,12551,12627
183005,12553,12657
207310,12554,12618
240716,12554,12627
224038,12555,12629
236164,12556,12626
42652,12557,12664
355318,12558,12599
145711,12558,12622
355320,12559,12623
236165,12559,12625
71107,12563,12629
76578,12564,12624
19032,12565,12642
172409,12566,12629
172562,12569,12643
59938,12570,12620
354439,12573,12620
16110,12574,12638
16109,12574,12640
252709,12575,12643
212897,12579,12651
254954,12579,12699
348364,12580,12641
316472,12580,12648
235356,12581,12645
212896,12582,12647
272751,12586,12663
174866,12588,12675
15356,12591,12684
42660,12594,12660
41445,12596,12659
9247,12596,12662
99025,12597,12658
121210,12597,12684
391032,12598,12661
71470,12603,12684
308599,12604,12657
311369,12631,12737
293985,12634,12735
197389,12659,12742
41458,12661,12738
175196,12664,12748
114003,12665,12745
15145,12666,12743
120040,12671,12744
72711,12677,12734
322193,12677,12739
141476,12679,12746
73593,12802,12879
144448,12812,12877
323269,12814,12879
323031,12816,12881
380147,12816,12884
16701,12819,12905
222682,12828,12886
178384,12832,12893
88926,12834,12881
382912,12894,12955
56522,13065,13122
348801,13065,13125
71475,13065,13154
246092,13065,13157
370473,13067,13125
9255,13067,13133
380151,13069,13125
200188,13069,13131
288171,13070,13124
33334,13071,13122
140772,13072,13157
401382,13073,13136
362854,13074,13135
376867,13076,13127
170980,13077,13128
362602,13077,13149
65691,13078,13127
357473,13078,13130
247814,13078,13144
170981,13078,13153
212366,13080,13135
326762,13080,13146
199689,13083,13153
158390,13084,13142
306421,13088,13154
367693,13219,13297
272752,13384,13445
348797,13392,13497
9574,13393,13445
364215,13397,13488
41453,13397,13499
41452,13405,13551
251821,13408,13544
323860,13412,13514
365144,13413,13507
151032,13416,13505
201528,13417,13510
266190,13417,13533
380120,13418,13526
293984,13418,13551
782,13419,13529
375509,13420,13501
125353,13420,13556
383259,13424,13527
255272,13424,13559
169737,13426,13546
267719,13428,13501
22707,13434,13499
52520,13434,13522
334813,13437,13499
137372,13439,13518
88922,13446,13561
3861,13447,13553
224034,13450,13525
207471,13452,13556
262841,13453,13561
253391,13457,13518
107215,13458,13525
24242,13461,13525
321059,13461,13527
39520,13470,13531
154655,13471,13537
352364,13473,13556
84831,13475,13573
141451,13479,13570
395778,13492,13549
22565,13492,13569
402447,13497,13573
186756,13498,13561
138733,13501,13559
304043,13504,13555
84500,13504,13559
402446,13507,13587
70214,13514,13578
84790,13527,13611
143819,13535,13607
254953,13543,13611
4784,13544,13631
