321705,147,225
184222,150,226
363542,153,228
215506,158,218
15735,158,221
321124,163,227
321266,163,233
363544,165,221
24513,167,232
248238,195,263
28288,209,278
407681,211,283
228493,216,287
406961,218,336
406960,236,352
180485,265,334
111681,270,333
146236,270,337
354736,276,342
276479,290,345
75256,308,373
349401,308,380
140290,309,388
9759,310,385
7825,617,682
236048,638,701
87890,651,705
385205,654,724
150024,664,747
141411,667,720
141412,667,723
75133,675,747
242247,681,742
15554,683,745
390173,688,741
215904,690,744
309230,1005,1058
138874,1067,1116
140291,1189,1241
140800,1514,1577
279844,1514,1612
283882,1515,1580
32463,1515,1603
279845,1517,1619
283159,1518,1581
219731,1534,1614
363543,1534,1628
192896,1536,1602
125358,1538,1602
267716,1541,1592
23147,1541,1602
152082,1542,1590
8505,1544,1620
64389,1551,1623
163033,1551,1626
55240,1556,1619
12036,1557,1631
56023,1559,1629
311811,1564,1631
41665,1589,1645
