67945,139,184
383342,235,292
224630,318,378
104800,318,383
8686,319,361
81024,319,381
272130,319,391
63302,319,400
151499,319,404
158188,319,419
351714,319,440
337572,326,377
272129,350,464
376494,352,472
225831,391,509
70586,407,522
81023,409,517
105174,414,474
357293,416,478
224631,416,509
10783,416,513
39992,416,548
144216,417,524
7585,417,567
60580,418,486
52445,419,539
47195,419,557
172783,422,483
214602,423,476
42680,423,518
346086,423,538
190446,425,543
168714,425,572
172605,426,532
22317,428,539
275925,429,564
391925,430,556
337569,433,502
334274,444,563
349955,447,511
10215,448,552
308820,449,511
10216,449,568
158187,449,582
240313,450,538
310952,453,509
371502,455,517
43164,458,564
10218,472,574
233521,474,539
396775,484,538
52502,486,540
132872,504,584
87897,506,583
216695,585,646
370768,594,669
249431,599,674
227489,607,662
73025,607,668
2558,608,663
234126,609,700
43914,609,707
258172,610,668
82829,610,680
309396,610,688
2163,610,710
329804,611,669
98640,611,706
279068,611,714
260016,612,689
234125,613,723
337571,642,715
96574,646,760
96575,651,753
284252,660,768
309489,669,799
119642,673,798
237128,675,796
384700,678,745
370769,681,758
190374,682,739
396358,682,751
331196,686,757
294374,693,775
108880,696,787
190292,696,815
332872,698,781
172764,699,795
234122,702,796
35017,703,806
325689,705,796
334273,710,804
243841,718,818
323558,721,809
260622,744,806
92919,845,892
98641,845,896
15975,849,915
3532,852,914
51133,855,954
195559,860,954
23593,865,954
31159,866,919
29307,869,954
134306,872,954
34781,881,954
228367,882,947
7347,883,945
83234,884,947
169003,891,953
108955,894,954
7810,897,954
94690,904,953
232357,1409,1470
20866,1410,1460
217509,1417,1481
59929,1443,1486
294375,1538,1601
184383,1546,1609
60568,1650,1717
286657,1650,1727
129471,1650,1735
61591,1651,1712
105387,1651,1715
129476,1651,1731
215611,1651,1742
284255,1658,1734
215612,1702,1752
92108,1845,1910
144332,1849,1912
323559,1850,1911
52503,1850,1923
215610,1851,1918
131417,1853,1929
301709,1884,1955
258171,1939,2025
284250,1947,2035
81215,1954,2043
13765,1956,2038
169287,1975,2036
279846,1985,2042
242698,2059,2124
214164,2060,2133
305677,2061,2125
368198,2062,2126
14387,2083,2125
112810,2203,2268
50321,2204,2280
75138,2228,2291
324602,2238,2299
203342,2239,2314
394607,2241,2305
275124,2242,2303
215772,2244,2313
314087,2246,2318
376492,2335,2409
286654,2349,2408
81214,2358,2477
379547,2360,2479
203165,2363,2444
8402,2365,2446
281446,2372,2476
393235,2375,2489
81224,2377,2456
376491,2382,2483
266542,2385,2484
195558,2387,2471
261580,2387,2491
281452,2388,2502
70579,2389,2478
51650,2394,2471
153052,2395,2478
294373,2397,2479
406666,2398,2470
299532,2398,2476
231131,2399,2468
10217,2399,2474
96564,2400,2485
387880,2410,2496
89137,2426,2490
223050,2427,2497
339366,2427,2532
255557,2477,2540
49004,2478,2544
225830,2482,2551
351681,2482,2580
330217,2485,2542
177665,2485,2558
254188,2488,2544
276492,2488,2548
73027,2488,2571
95889,2497,2542
67943,2499,2553
225829,2507,2596
16763,2518,2620
96572,2533,2603
114366,2534,2608
234127,2538,2607
408285,2539,2618
369926,2539,2627
104605,2544,2642
30207,2546,2610
242939,2560,2630
281455,2568,2698
81022,2603,2662
96576,2625,2708
17418,2630,2684
86400,2636,2706
70581,2639,2692
48321,2639,2719
266544,2646,2720
270555,2664,2719
25183,2696,2758
15976,2699,2788
67941,2720,2787
203449,2720,2801
60496,2727,2833
204856,2729,2810
302988,2731,2801
51651,2735,2789
276705,2736,2813
391926,2739,2795
96566,2739,2839
121731,2747,2808
175945,2747,2854
111039,2748,2835
61156,2752,2828
84321,2754,2834
159455,2758,2831
264916,2760,2832
54179,2762,2835
101561,2763,2843
381492,2765,2836
186992,2768,2831
13223,2769,2843
286655,2773,2837
143244,2774,2853
89826,2775,2842
66924,2785,2842
19103,2801,2850
309490,2918,2973
79231,2964,3064
8401,2968,3064
323560,2972,3063
17560,2981,3062
43771,2983,3049
34161,2987,3063
398077,2994,3063
12588,2996,3061
25,3098,3172
101443,3107,3176
25,3113,3171
266543,3241,3309
37991,3248,3329
81218,3252,3321
81219,3306,3377
285380,3313,3385
94689,3314,3375
176050,3316,3380
345923,3334,3402
369931,3355,3433
388866,3383,3454
47802,3392,3470
85506,3409,3467
129475,3410,3461
82830,3410,3472
236675,3413,3470
388515,3413,3472
96567,3414,3484
281451,3444,3562
37127,3446,3516
370772,3451,3513
325691,3454,3512
82832,3458,3512
113279,3461,3512
281450,3461,3575
17791,3467,3512
155479,3468,3578
113277,3471,3530
147730,3479,3542
272925,3479,3551
234124,3481,3566
281446,3481,3572
80879,3483,3552
176165,3484,3545
60571,3484,3549
60572,3484,3559
369930,3485,3554
396359,3485,3567
88451,3486,3548
52814,3488,3555
96568,3489,3557
284253,3498,3577
68533,3640,3703
378532,3640,3725
40068,3641,3700
281449,3644,3730
80880,3645,3718
61590,3645,3732
299191,3646,3707
331716,3647,3695
51131,3649,3729
23386,3651,3731
243811,3652,3725
42173,3653,3715
325690,3658,3721
68528,3660,3724
69230,3661,3723
114365,3666,3737
14903,3667,3725
114368,3669,3727
134445,3680,3732
233522,3692,3739
372419,3733,3794
119640,3746,3849
81058,3750,3814
70580,3755,3816
49349,3759,3823
119641,3760,3830
394137,3780,3852
17062,3845,3913
96571,3850,3913
67942,3856,3913
96565,3856,3915
103845,3858,3913
104603,3860,3913
81216,3863,3935
114165,4061,4118
310312,4061,4124
70282,4062,4115
48323,4062,4133
252225,4062,4136
376493,4066,4147
80399,4067,4122
70583,4264,4365
239766,4289,4377
183198,4294,4380
2253,4297,4368
300350,4300,4366
405792,4301,4375
270106,4304,4371
157913,4304,4396
38001,4305,4381
132201,4307,4373
20667,4308,4378
223887,4308,4407
152002,4322,4380
98642,4322,4384
310082,4329,4375
12403,4351,4410
228366,4351,4412
68529,4351,4419
162839,4354,4406
118275,4354,4419
358849,4355,4431
134446,4366,4427
316245,4377,4460
379551,4383,4480
272124,4394,4458
177664,4404,4481
299528,4442,4529
351680,4446,4512
392605,4455,4551
387878,4456,4522
236788,4464,4557
226570,4467,4529
312231,4467,4537
103213,4468,4523
272128,4470,4548
281456,4470,4556
281454,4470,4561
223888,4492,4587
79585,4493,4549
310504,4493,4562
370771,4504,4580
176052,4505,4583
24292,4518,4582
8400,4519,4587
35239,4524,4590
259827,4527,4634
175947,4528,4622
408284,4529,4609
175948,4530,4637
89138,4531,4595
24580,4533,4589
393236,4536,4621
394056,4542,4608
393237,4542,4629
49001,4549,4619
50322,4550,4612
309298,4551,4627
23405,4552,4638
396362,4553,4636
49002,4554,4639
70588,4557,4636
270821,4558,4627
35899,4561,4640
45282,4563,4638
175946,4567,4631
132176,4568,4647
98639,4569,4630
378534,4569,4636
204735,4570,4631
204734,4571,4635
68530,4573,4640
153053,4574,4638
316308,4575,4636
376495,4582,4646
282070,4585,4657
223886,4589,4652
166836,4593,4645
119950,4644,4706
382591,4647,4711
312246,4650,4715
51130,4652,4716
232035,4655,4718
68914,4658,4718
286650,4661,4720
111939,4668,4718
113275,4761,4824
82833,4762,4827
352637,4762,4837
352638,4768,4856
110836,4777,4846
160296,4817,4878
60569,4986,5040
144331,4988,5091
81226,4990,5053
379549,4991,5083
391013,4993,5064
379548,4995,5062
81220,4997,5068
281452,4997,5098
88452,4997,5112
81217,5000,5085
82831,5001,5088
153428,5001,5098
215613,5003,5094
393238,5004,5091
162775,5007,5069
35669,5009,5068
351872,5011,5083
78807,5013,5091
129474,5014,5099
15979,5018,5083
153055,5019,5116
164304,5020,5083
176051,5020,5085
158877,5023,5116
301710,5023,5126
16764,5024,5114
234129,5031,5080
337559,5034,5096
78254,5038,5126
101900,5039,5080
260072,5039,5091
15977,5039,5113
97713,5043,5113
10214,5049,5113
21977,5049,5115
236790,5050,5112
16765,5050,5125
149810,5051,5113
127078,5054,5115
104602,5054,5127
363829,5063,5123
223320,5075,5125
8797,5081,5126
363163,5282,5359
49890,5291,5352
218816,5293,5358
356799,5294,5351
61055,5295,5356
160909,5295,5359
22930,5304,5358
140671,5307,5350
266541,5308,5357
234123,5443,5540
10921,5444,5533
92109,5444,5556
17063,5450,5539
60570,5452,5495
10785,5453,5521
261582,5455,5529
281449,5455,5536
80880,5456,5531
351682,5460,5557
81223,5465,5538
325658,5467,5534
378533,5470,5533
45685,5471,5529
374035,5471,5534
236789,5472,5538
5361,5474,5536
228363,5474,5539
278732,5474,5565
331763,5476,5539
67944,5481,5556
114372,5484,5539
309395,5516,5587
266545,5522,5593
266546,5522,5597
359975,5563,5615
336869,5610,5671
72009,5615,5694
240087,5616,5661
23296,5616,5685
173715,5616,5696
69229,5618,5674
261109,5622,5692
119641,5623,5703
296221,5624,5687
10915,5624,5689
394797,5624,5696
380439,5626,5687
83763,5626,5689
369932,5626,5703
49003,5627,5720
309299,5651,5738
242940,5662,5749
281451,5677,5791
113276,5689,5743
281450,5694,5796
8404,5694,5816
2805,5704,5799
242881,5712,5800
252227,5715,5799
283633,5724,5795
231132,5726,5806
369927,5747,5835
369929,5750,5845
369928,5754,5845
73026,5758,5823
151603,5789,5860
111040,5792,5861
219038,5803,5856
175738,5803,5858
284434,5815,5863
252230,5997,6067
379553,6022,6106
48322,6045,6105
216404,6098,6149
68532,6100,6182
355238,6105,6177
68531,6116,6182
134309,6319,6402
104604,6320,6380
337570,6512,6572
114370,6512,6596
78808,6513,6577
328290,6513,6584
43165,6514,6609
39284,6519,6584
92840,6520,6596
226569,6522,6582
359845,6530,6598
309300,6531,6603
70584,6531,6617
194066,6535,6608
87898,6548,6610
53249,6550,6605
70581,6550,6614
155481,6551,6613
22896,6552,6616
103927,6556,6618
356029,6557,6620
405232,6726,6801
348643,6729,6787
183197,6776,6830
158190,6781,6838
284238,7153,7210
396360,7282,7335
379552,7285,7335
312232,7361,7417
312230,7361,7459
8011,7403,7460
158189,7410,7457
349956,7410,7460
110994,7416,7458
70582,7507,7568
42174,7512,7570
351871,7607,7678
129472,7607,7683
51652,7607,7695
10781,7607,7726
160295,7608,7673
169005,7608,7690
57153,7610,7672
272132,7614,7677
266548,7615,7674
19627,7640,7708
266547,7641,7733
204764,7676,7758
284237,7689,7754
240312,7689,7762
300423,7759,7805
183412,7874,7920
37126,7874,7930
157429,7874,7932
397925,7874,7944
43772,7874,7951
35898,7879,7952
370214,7879,7958
54178,7880,7971
35346,7881,7955
291514,7884,7949
188139,7886,7954
188669,7887,7931
12161,7887,7958
255213,7887,7968
140672,7888,7953
86462,7891,7973
369338,7891,7995
133249,7892,7965
44259,7893,7955
246358,7894,7951
313942,7895,7961
356800,7896,7994
204000,7900,7949
359871,7901,7974
68626,7902,7976
315868,7905,7995
113426,7907,7952
404852,7910,7979
345113,7926,7986
73542,7934,8009
376737,7936,7987
12075,7936,8003
43916,7950,8018
358466,7974,8074
109164,7986,8054
43773,7986,8074
343594,7989,8056
70585,7990,8071
312245,7991,8055
171675,7993,8055
243180,7995,8065
266549,7999,8071
33597,8003,8075
256397,8004,8065
9915,8005,8063
22930,8007,8073
161999,8010,8074
382758,8012,8074
92110,8013,8075
258173,8015,8075
399803,8020,8072
251643,8024,8071
46468,8167,8278
351447,8169,8281
175452,8177,8274
261581,8178,8266
396361,8179,8272
49007,8181,8233
82834,8214,8266
334276,8218,8266
144217,8218,8282
172773,8226,8280
385893,8230,8309
17739,8254,8314
49006,8285,8354
252231,8286,8348
92839,8432,8493
96570,8432,8504
214165,8432,8513
246428,8437,8505
252226,8439,8510
287559,8445,8507
367729,8454,8504
254189,8458,8504
286656,8464,8511
387501,8466,8511
284256,8478,8539
134305,8546,8604
144333,8548,8611
155485,8553,8635
155484,8553,8641
155483,8562,8640
114369,8573,8636
70589,8573,8660
50861,8574,8647
284241,8574,8650
281448,8603,8673
150851,8603,8682
156363,8608,8689
24581,8611,8669
284240,8613,8702
284251,8616,8701
89136,8629,8695
334275,8631,8729
284242,8644,8735
84210,8685,8734
48209,8798,8848
100993,8861,8933
337681,8862,8928
8403,8864,8920
310083,9226,9268
10222,9236,9297
351448,9246,9314
49350,9250,9325
38261,9251,9315
10217,9257,9320
129477,9261,9321
231135,9263,9318
70587,9370,9444
4390,9509,9558
122042,9514,9564
351715,9660,9716
79232,9660,9729
242941,9660,9738
374334,9660,9741
886,9660,9748
43166,9661,9721
408287,9661,9733
281455,9688,9829
281453,9739,9843
223319,9745,9844
73029,9752,9811
159212,9753,9822
309301,9754,9834
37755,9755,9836
55280,9757,9817
52169,9765,9844
272126,9768,9869
1878,9769,9844
50323,9770,9848
370770,9770,9852
49351,9772,9846
137162,9772,9861
252229,9776,9840
396363,9779,9857
119104,9780,9844
113279,9782,9844
53248,9785,9842
214166,9786,9848
81221,9788,9849
241217,9799,9854
297234,9800,9856
315785,9801,9867
144272,9803,9866
277024,9804,9858
43913,9804,9872
230808,9804,9893
5155,9809,9856
48823,9809,9864
215615,9809,9871
399939,9809,9888
399938,9809,9894
301707,9810,9862
234476,9810,9870
352639,9811,9891
110253,9812,9871
237251,9812,9874
192302,9812,9893
363733,9812,9900
325375,9815,9876
161998,9815,9898
284982,9816,9874
301708,9820,9886
351810,9823,9888
68913,9829,9911
367131,9831,9896
357294,9846,9911
234128,9906,9963
60574,9923,9974
236792,9923,10011
270822,9926,10010
23380,9931,9998
23926,10286,10368
18571,10287,10335
105388,10287,10353
270107,10287,10397
342166,10288,10350
69861,10288,10364
170725,10290,10343
73028,10291,10389
94642,10293,10363
281448,10295,10361
84322,10305,10362
113043,10305,10396
176053,10306,10367
208564,10307,10392
172784,10308,10370
253253,10311,10398
351449,10314,10409
111937,10320,10380
96467,10321,10387
101935,10325,10392
16769,10325,10412
319389,10327,10407
49352,10344,10429
384100,10355,10409
272125,10357,10439
259828,10360,10441
408286,10362,10427
8936,10365,10426
94691,10365,10428
60497,10365,10455
111938,10366,10421
60573,10366,10441
73031,10367,10432
284800,10368,10431
27185,10368,10440
370773,10368,10449
15980,10369,10428
96579,10380,10441
43911,10602,10660
379638,10606,10697
216078,10665,10727
160584,10667,10731
67946,10676,10749
156364,10681,10744
284254,10687,10753
244215,10702,10752
270794,11120,11181
317214,11125,11185
348387,11232,11286
144219,11266,11347
169004,11280,11338
281447,11376,11458
281445,11377,11428
192748,11425,11475
23927,11452,11507
281444,11491,11635
375635,11531,11590
10219,11548,11597
281454,11548,11641
169006,11549,11604
392606,11549,11621
395086,11549,11629
236788,11550,11638
243842,11555,11643
79587,11568,11625
387883,11569,11632
223889,11571,11643
379636,11574,11639
286651,11578,11626
77249,11580,11625
42855,11580,11643
129473,11588,11637
10732,11701,11774
86991,11703,11768
149130,11703,11773
71150,11704,11785
260073,11708,11790
342032,11712,11772
160952,11714,11800
266244,11719,11784
355422,11720,11790
152604,11721,11785
165993,11721,11795
349738,11722,11786
321855,11722,11805
47200,11723,11792
23384,11724,11785
353031,11726,11800
47201,11727,11803
299274,11728,11793
208565,11729,11790
146066,11731,11794
246991,11731,11801
379637,11742,11834
28493,11743,11804
378535,11743,11807
144218,11754,11816
215616,11756,11836
172263,11759,11819
70590,11759,11829
286653,11760,11822
192747,11760,11847
337573,11761,11814
376496,11764,11836
271881,11765,11834
79646,11772,11835
226571,11774,11902
380437,11777,11846
387882,11777,11899
226574,11778,11913
96577,11779,11855
226573,11783,11907
299530,11784,11871
393273,11792,11848
226572,11800,11909
10220,11807,11908
355563,11814,11917
169007,11815,11879
387879,11817,11871
387881,11822,11913
81228,11831,11910
355562,11838,11918
272128,11862,11932
302585,11935,12000
281444,11960,12094
281456,12013,12094
299529,12015,12066
281445,12238,12301
169278,12326,12396
14388,12337,12404
114373,12378,12451
299531,12457,12544
272133,12458,12528
312233,12458,12547
10221,12466,12533
134307,12517,12594
281447,12608,12697
234130,12959,13040
272485,12961,13030
121732,13051,13111
281453,13053,13141
378536,13057,13146
51653,13059,13129
396364,13060,13123
406667,13060,13133
242942,13060,13138
378537,13064,13151
387500,13070,13126
144220,13071,13128
15978,13071,13144
309302,13071,13196
35901,13084,13151
151602,13085,13161
259829,13086,13142
79586,13087,13155
96573,13088,13150
17793,13096,13159
118043,13097,13158
109378,13099,13160
286658,13114,13177
4733,13115,13186
286652,13115,13191
70591,13118,13195
75000,13119,13185
155482,13122,13186
176903,13122,13192
393854,13123,13185
212507,13128,13192
69228,13131,13192
302592,13132,13196
73030,13143,13195
375633,13263,13318
80751,13277,13336
175949,13277,13342
393239,13325,13400
250767,13326,13398
81222,13326,13409
119644,13333,13407
217510,13336,13397
217508,13336,13399
249432,13337,13404
242002,13338,13428
49008,13339,13398
17792,13339,13411
231134,13341,13404
203328,13342,13394
339367,13342,13402
158191,13344,13428
78809,13345,13402
57406,13345,13424
96578,13350,13412
285873,13351,13399
405793,13368,13409
243437,13373,13426
158192,13430,13478
375634,13477,13556
106620,13479,13546
98643,13480,13542
379554,13483,13576
81225,13484,13545
388020,13488,13550
111936,13510,13582
104606,13522,13585
43917,13525,13591
19942,13685,13745
253254,13715,13777
279302,13717,13782
323185,13735,13788
292371,13736,13801
377610,13742,13802
153211,13744,13845
132874,13774,13841
174502,13805,13863
114367,13816,13873
284239,14286,14343
25,14382,14442
363164,14383,14438
25,14385,14454
14389,14385,14475
79233,14387,14439
101901,14398,14474
157428,14627,14682
51134,14629,14682
216552,14631,14682
16766,14633,14681
379550,14635,14703
54011,14637,14695
111530,14641,14702
223,14642,14695
310084,14643,14707
115174,14692,14756
48565,14705,14798
403095,14716,14779
215614,14724,14787
179898,14725,14788
405853,14727,14786
112976,14727,14820
60678,14729,14795
194175,14729,14798
189666,14731,14817
23385,14734,14790
227977,14734,14795
43915,14741,14810
81227,14743,14821
344689,14744,14793
310085,14748,14804
104801,14748,14810
119643,14749,14817
272127,14846,14921
158122,14849,14910
396365,14854,14967
334277,14895,15021
234478,14909,15021
253141,14913,14970
11200,14913,15020
132873,14914,15015
53250,14921,15012
309397,14922,14990
51654,14928,14983
16770,14929,14984
236791,14929,15021
1248,14932,15021
26015,14938,15021
30657,14940,15019
49005,14941,14992
121733,14941,14994
301711,14944,14992
234477,14944,15021
313589,14947,15020
114371,14951,15016
21438,14954,15021
16768,14958,15021
66689,14961,15020
5576,14971,15021
340345,15094,15153
46470,15094,15180
5388,15095,15151
203166,15095,15195
156366,15097,15153
134308,15097,15166
130455,15100,15162
45011,15104,15197
254190,15112,15198
162211,15113,15205
82828,15123,15197
98645,15124,15207
195560,15126,15200
144221,15127,15196
71207,15129,15209
299533,15132,15199
98644,15136,15200
228364,15138,15218
137936,15144,15261
24583,15156,15220
24582,15156,15237
228365,15158,15276
157915,15167,15285
155480,15171,15232
3440,15172,15270
266498,15175,15272
388516,15176,15287
272131,15181,15273
294376,15186,15304
113278,15186,15326
43912,15189,15264
119769,15190,15259
231133,15192,15314
369933,15194,15273
157914,15196,15297
266607,15197,15271
126,15198,15278
126,15200,15318
16767,15201,15325
309716,15205,15315
35900,15211,15324
153054,15215,15335
252228,15216,15332
46469,15234,15330
13679,15238,15316
47803,15238,15337
234479,15251,15337
225828,15252,15330
156365,15259,15335
187858,15276,15337
297082,15280,15337
376497,15415,15459
94168,15479,15534
96569,15598,15684
157427,15598,15687
9196,15598,15692
169279,15599,15655
392607,15599,15667
51132,15599,15681
43714,15617,15680
187857,15621,15692
314443,15631,15692
2809,15632,15691
