59353,86,143
86759,111,170
347279,116,178
333201,131,180
151547,206,253
87860,206,363
263333,207,332
305734,207,380
350748,214,333
163865,214,341
313706,215,345
125570,218,298
144116,221,318
56412,222,354
99278,222,367
149547,226,284
5833,226,327
168207,226,368
404123,227,333
64980,229,359
338253,232,343
67245,235,331
80177,236,366
32,237,396
121261,238,361
89770,238,374
45170,238,402
158144,240,369
66106,244,374
167079,244,399
113988,245,305
241910,245,390
172372,248,375
28227,249,367
143760,253,330
57849,255,377
86929,258,407
2251,261,368
311244,263,330
237336,263,359
109019,264,365
217265,265,338
176445,266,326
282371,267,354
27583,270,325
95537,272,369
210023,278,393
5229,281,365
128148,290,370
84733,290,410
37800,305,419
191831,307,397
485,311,368
94562,312,379
95536,320,391
209339,328,427
21693,332,407
328404,335,394
76951,349,402
179578,367,439
307304,372,483
230481,403,507
141340,404,520
334359,406,524
9120,409,503
24816,411,505
306043,413,484
1190,417,493
61119,417,521
66306,418,477
387561,420,507
56060,420,537
347319,421,480
393677,421,519
86930,421,584
50434,422,523
20456,423,477
129776,423,504
20100,424,484
174491,424,520
373593,424,529
94085,424,536
28228,425,490
369218,425,496
55369,425,502
109018,426,526
190255,427,581
246747,428,591
73387,429,577
181845,430,561
371769,431,499
235966,431,521
47752,431,539
186473,431,550
13911,431,587
27937,432,557
363099,432,565
386774,432,594
130959,434,560
369851,437,544
214677,439,573
105425,440,560
282372,440,579
1190,441,504
89812,442,553
89809,442,590
98390,444,512
371471,446,555
284148,447,533
110770,449,564
8174,450,523
8506,450,572
170074,450,592
23899,451,542
120338,453,558
176304,453,574
105954,457,535
334880,457,562
181443,460,574
6804,463,573
277373,463,583
89817,464,542
142273,468,592
17708,470,540
212021,475,601
186511,479,600
55370,480,595
29944,488,598
313940,501,585
361420,511,572
110762,514,578
142424,514,601
183308,519,610
184105,523,613
89771,529,594
284218,544,590
225066,698,773
369853,699,828
218315,702,770
186329,702,790
124297,716,778
26111,728,789
145666,738,827
154381,741,805
301246,841,904
218258,948,1043
404891,980,1034
365842,1110,1158
403325,1110,1164
143222,1110,1180
196079,1111,1169
375021,1111,1193
133901,1111,1198
369854,1175,1263
133900,1177,1281
7408,1184,1285
197877,1188,1303
197878,1200,1286
145664,1225,1361
105952,1226,1305
375022,1228,1359
145665,1235,1362
244256,1240,1361
231086,1249,1313
303425,1318,1371
354132,1501,1591
105953,1502,1615
3598,1504,1604
224872,1506,1572
57103,1507,1590
354133,1507,1631
82787,1509,1570
3523,1512,1575
121947,1512,1619
195724,1512,1630
35049,1513,1626
284222,1515,1695
8707,1521,1598
14288,1524,1588
341979,1524,1630
300246,1525,1627
151551,1531,1646
1754,1534,1602
45978,1535,1647
364686,1542,1635
138576,1545,1652
137204,1546,1637
10357,1547,1641
89773,1548,1654
308140,1550,1651
151552,1553,1689
128336,1554,1643
5146,1556,1641
151550,1559,1655
114454,1562,1635
129180,1565,1684
16621,1573,1617
129181,1573,1664
382561,1575,1653
87427,1578,1641
111842,1579,1693
276147,1584,1650
89775,1588,1646
205720,1602,1661
403794,1603,1667
8302,1603,1694
150527,1616,1692
383654,1619,1690
7769,1620,1684
190013,1623,1681
14044,1623,1684
88091,1624,1686
124689,1625,1689
223657,1627,1689
248371,1631,1692
345557,1632,1687
86931,1636,1699
27437,1640,1699
113426,1643,1692
189471,1749,1805
45977,1749,1831
273305,1758,1825
94881,1761,1846
258345,1762,1867
139936,1775,1830
305733,1776,1866
273306,1778,1846
154721,1781,1847
292413,1784,1846
38133,1842,1940
21659,1848,1941
15384,1850,1928
263332,1853,1925
87428,1860,1943
174138,1869,1910
230511,1869,1919
337226,1870,1920
131605,1874,1920
195725,1885,1948
83079,1888,1933
8224,1899,1978
155503,1900,1961
110599,1911,1991
27296,1914,1991
5425,1915,1968
4957,1927,1991
110598,2058,2127
43750,2059,2129
387559,2064,2144
387560,2068,2133
34815,2069,2123
395354,2069,2144
305735,2080,2145
111873,2210,2278
329314,2210,2287
3018,2210,2298
45976,2210,2305
35049,2217,2304
195723,2219,2302
8707,2224,2292
151549,2231,2291
16961,2235,2304
93605,2239,2294
58689,2253,2303
212322,2765,2826
377497,2834,2923
37766,2835,2900
374003,2835,2921
148328,2835,2934
45172,2853,2915
154967,2854,2931
282373,2854,2939
263335,3220,3293
288212,3374,3433
118934,3383,3444
263334,3383,3450
55372,3386,3439
152253,3392,3443
45171,3436,3500
89774,3545,3613
109198,3548,3608
251283,3582,3647
69317,3582,3659
288328,3772,3917
119503,3781,3849
274888,3782,3841
296866,3786,3862
106661,3788,3865
319220,3789,3860
300247,3790,3853
105855,3792,3855
123435,3794,3904
5424,3795,3860
94092,3796,3861
106662,3797,3882
37767,3800,3887
157109,3802,3906
76002,3804,3890
264220,3807,3861
45975,3808,3878
23024,3816,3886
37768,3819,3898
37769,3823,3903
264221,3824,3897
313938,3827,3890
35855,3828,3911
37013,3830,3887
5423,3830,3904
125753,3831,3895
77145,3843,3913
341,3843,3918
399640,3852,3918
341153,3855,3918
313939,4007,4078
154246,4009,4077
189199,4204,4288
328390,4205,4270
126884,4207,4273
197812,4210,4280
86927,4219,4319
86928,4250,4373
212312,4275,4386
81304,4282,4371
292318,4292,4415
139250,4295,4371
300245,4301,4373
125462,4302,4383
36750,4302,4386
213996,4314,4388
223194,4315,4397
104483,4316,4382
151548,4320,4389
67604,4331,4382
89772,4345,4421
91267,4350,4465
311347,4364,4444
28229,4373,4471
407756,4374,4464
89769,4374,4488
174610,4379,4494
239073,4380,4464
142891,4381,4433
244257,4381,4487
393155,4382,4459
369852,4388,4476
28230,4389,4479
330068,4389,4507
192133,4390,4515
13049,4391,4483
43786,4393,4481
43149,4395,4508
22379,4398,4460
531,4406,4459
79438,4407,4460
67244,4409,4496
119054,4412,4480
49811,4412,4484
119053,4412,4496
241909,4413,4527
55902,4597,4728
239053,4600,4719
241907,4607,4721
191830,4616,4733
109199,4632,4746
352953,4635,4723
384615,4638,4766
59350,4641,4772
45173,4642,4734
70505,4642,4755
133902,4644,4732
52475,4644,4735
5426,4644,4746
352952,4666,4755
359346,4670,4756
211475,4670,4772
184130,4672,4782
6640,4704,4761
384616,4707,4834
143601,4712,4779
211474,4712,4806
369850,4714,4776
36368,4716,4773
59351,4721,4842
191829,4729,4846
241908,4731,4842
197876,4737,4841
31836,4747,4846
59352,4748,4842
808,4756,4846
176548,4761,4835
43751,4762,4847
221852,4769,4836
403797,4774,4846
