300310,107,257
186325,110,242
39355,113,175
15756,114,192
358226,114,210
319376,114,235
36945,120,231
255465,122,217
284453,124,247
367064,124,287
97177,131,193
29030,131,224
165183,136,226
212002,139,246
127987,145,257
336448,152,242
221259,155,262
400272,156,259
36944,158,272
111270,159,293
232910,163,261
138328,169,290
115627,171,259
146879,172,288
162094,173,258
215773,173,302
280959,181,250
186326,184,280
315912,185,303
325013,187,283
206067,189,300
358225,192,285
118500,194,256
174520,195,250
124838,195,257
303418,196,300
189343,196,310
331030,200,294
290314,214,285
40651,219,285
9737,276,395
205325,308,425
169011,314,430
158871,323,432
200656,327,431
94149,328,396
262698,330,395
58248,335,426
90999,336,433
191290,346,418
383421,349,430
408510,350,415
281087,357,421
62618,359,425
31435,362,423
6113,363,440
53523,376,437
153830,376,440
322765,431,512
31793,455,512
215226,555,641
30920,556,657
349953,556,663
94729,560,663
368214,561,623
138327,561,645
31434,562,635
38893,564,662
362299,569,665
94730,571,681
108265,573,643
366142,575,641
204645,577,642
275356,577,658
184249,579,695
349954,581,673
183086,582,644
154259,587,677
30540,589,666
152164,590,671
336489,591,668
344485,593,698
4470,594,692
293389,596,675
347873,597,660
339551,598,698
143991,600,685
94198,602,690
345369,605,669
250831,605,686
29504,606,668
61978,606,671
336446,609,690
129537,609,695
157048,609,702
176133,609,706
406503,611,708
79631,612,676
150788,612,690
361114,612,696
366398,612,700
125960,613,677
228857,615,683
9735,616,702
349951,618,710
307574,622,714
404,623,687
214638,628,693
129486,628,708
312592,629,694
52572,631,710
366399,633,705
31662,634,697
43498,638,706
9797,644,719
199750,645,710
31292,646,695
350231,647,704
380343,648,711
122278,653,719
316196,721,789
346457,722,816
352231,792,875
43199,816,879
204711,818,904
385012,821,870
314978,821,898
4943,822,885
92880,834,896
408000,841,902
183516,858,933
244874,861,944
399801,873,939
241293,896,958
139435,899,998
224250,911,989
22948,914,997
2316,921,1002
136200,930,998
314938,933,1000
405634,938,1002
82730,940,998
129310,941,999
29031,1064,1129
306032,1064,1146
84526,1065,1127
208739,1069,1170
203676,1076,1137
49360,1078,1188
302693,1085,1193
359235,1089,1202
122585,1090,1205
129884,1098,1159
380821,1099,1160
77402,1102,1165
215064,1103,1164
248552,1103,1174
147064,1107,1178
170451,1110,1171
177408,1111,1176
258597,1112,1174
265346,1112,1186
174135,1112,1202
166614,1113,1189
159419,1115,1176
307853,1116,1211
63625,1119,1185
15755,1119,1218
162856,1122,1196
286769,1123,1214
367914,1129,1209
287619,1138,1209
405603,1138,1215
194050,1138,1221
323943,1143,1209
204644,1145,1236
26985,1148,1212
125834,1151,1216
96308,1152,1217
103431,1154,1215
169012,1156,1218
73099,1170,1234
61570,1171,1233
386136,1227,1289
309796,1257,1329
71554,1259,1330
265166,1268,1328
236780,1301,1362
96612,1597,1665
360568,1599,1685
188698,1600,1682
375982,1602,1708
145467,1602,1719
157049,1603,1676
102736,1605,1671
78493,1607,1669
115626,1612,1677
30539,1612,1710
286681,1614,1730
190752,1616,1677
214914,1617,1736
236478,1620,1725
130154,1622,1704
154260,1625,1723
6604,1632,1709
291772,1634,1696
44280,1635,1698
407374,1639,1697
307132,1639,1701
316759,1641,1725
371045,1642,1707
13363,1643,1727
38290,1644,1709
36505,1650,1733
300665,1651,1711
190782,1654,1732
15972,1657,1722
30541,1657,1731
335120,1659,1723
208325,1660,1711
15754,1660,1721
223990,1660,1738
247253,1660,1745
40823,1661,1725
178687,1662,1724
405491,1665,1740
131626,1668,1725
309955,1671,1738
13775,1677,1739
392286,1679,1739
88015,1680,1726
89295,1682,1724
30532,1725,1818
35241,1891,1975
30529,1891,2010
312767,1892,1958
307133,1893,1963
162228,1894,1957
399386,1894,1979
7391,1895,1961
30533,1959,2068
399385,2047,2155
85569,2050,2111
107784,2052,2119
35240,2053,2153
162227,2054,2136
380336,2064,2145
30529,2070,2194
314541,2117,2187
30534,2131,2233
30532,2137,2229
30530,2139,2189
43616,2327,2384
102735,2414,2483
30530,2419,2481
30533,2419,2547
386214,2453,2543
240423,2461,2551
280455,2467,2567
356815,2468,2542
336447,2469,2533
146099,2470,2565
250830,2470,2570
208822,2471,2541
56802,2472,2549
129538,2475,2575
61976,2478,2583
300664,2480,2542
300070,2480,2544
85570,2483,2570
143935,2484,2548
56477,2484,2552
71239,2485,2547
30766,2488,2552
114882,2490,2557
162857,2491,2552
9736,2492,2579
186327,2492,2584
307575,2493,2574
204526,2496,2559
326857,2503,2564
198639,2504,2569
330218,2507,2581
215839,2514,2578
101622,2520,2570
298447,2520,2585
23006,2521,2586
23007,2522,2587
125058,2524,2583
319714,2524,2585
344282,2526,2587
131794,2527,2602
109441,2584,2642
30534,2630,2726
323456,2708,2780
195186,3056,3131
340755,3071,3127
336488,3143,3202
30538,3145,3210
356971,3145,3215
100331,3225,3315
358224,3249,3316
265372,3251,3306
281209,3251,3309
94720,3258,3310
404897,3274,3325
343379,3275,3352
324246,3279,3346
342318,3302,3356
251212,3313,3375
342319,3320,3394
166891,3382,3444
93707,3484,3533
342317,3499,3572
191793,3513,3584
340754,3516,3574
54545,3540,3613
267818,3543,3589
365101,3579,3644
66338,3658,3713
177750,3660,3740
237756,3666,3744
182328,3680,3750
353038,3692,3746
318839,3693,3751
273369,3763,3888
86957,3775,3853
168703,3791,3850
82790,3791,3853
271258,3806,3869
12245,3807,3874
307573,3820,3891
248484,3829,3890
248483,3830,3893
329690,3976,4060
7854,3976,4075
231885,3978,4099
376566,3987,4070
56232,3987,4088
2972,3990,4043
82771,3990,4055
191761,3991,4066
37850,3991,4070
76480,3995,4069
347770,3996,4067
226248,3998,4069
160362,4002,4071
107054,4007,4076
75198,4008,4074
397175,4008,4089
38818,4010,4099
194405,4012,4075
205991,4013,4093
326651,4014,4076
182539,4014,4087
221062,4015,4077
258598,4016,4078
128265,4018,4090
289104,4020,4091
45552,4022,4087
183034,4024,4086
46224,4025,4088
391137,4027,4095
86531,4029,4093
307576,4030,4092
170507,4031,4093
322766,4144,4209
56791,4331,4399
172382,4335,4399
52706,4340,4404
142788,4341,4403
43029,4438,4502
187038,4439,4501
109806,4442,4505
376053,4508,4596
252626,4514,4598
375056,4589,4680
353008,4601,4664
74128,4601,4671
24103,4988,5068
26900,4990,5060
267283,4992,5069
250754,4995,5067
213979,4998,5074
347872,4999,5066
356972,5000,5062
169137,5000,5081
243031,5010,5072
322417,5032,5102
138458,5033,5084
32279,5035,5085
138457,5037,5102
156074,5039,5083
30528,5039,5099
289652,5078,5142
398150,5107,5190
215838,5107,5200
350887,5109,5224
209400,5117,5220
8396,5120,5196
40630,5124,5234
88738,5127,5188
78292,5127,5192
226347,5129,5191
162095,5129,5204
204643,5129,5226
219619,5130,5202
341219,5138,5199
30539,5140,5246
156075,5151,5250
282600,5152,5245
366143,5156,5233
190280,5157,5253
228758,5160,5258
320402,5161,5246
366350,5161,5263
17600,5165,5251
236258,5166,5227
214573,5167,5270
153384,5168,5233
162396,5168,5277
320390,5170,5231
125057,5170,5247
208324,5172,5233
354892,5175,5262
63252,5177,5253
27553,5180,5251
27174,5182,5244
133489,5182,5295
327826,5183,5255
100025,5184,5246
90767,5184,5270
224042,5185,5251
39191,5186,5250
1175,5187,5240
118199,5187,5246
56365,5187,5270
141086,5188,5249
142499,5188,5251
250829,5189,5289
62985,5190,5251
224039,5190,5253
316013,5190,5280
253872,5192,5278
384844,5193,5255
365111,5193,5300
55187,5194,5257
224040,5198,5259
56360,5198,5278
61977,5199,5246
228759,5200,5263
30528,5200,5277
322418,5200,5301
308543,5202,5267
37422,5203,5273
228827,5205,5269
357269,5206,5277
159598,5207,5305
196206,5208,5271
155318,5209,5270
272525,5209,5275
67617,5210,5288
73935,5215,5300
271676,5215,5343
189342,5217,5332
356970,5236,5300
380335,5239,5348
30538,5242,5301
356919,5246,5349
153912,5257,5347
24245,5260,5329
244,5262,5350
86530,5263,5345
106440,5274,5339
129311,5279,5347
58909,5283,5347
373682,5286,5350
352230,5291,5390
337555,5313,5415
189369,5315,5400
109451,5322,5398
26983,5324,5393
349952,5332,5418
30919,5333,5466
332892,5334,5444
25211,5338,5394
362298,5339,5428
50032,5341,5421
326236,5345,5412
66062,5347,5411
182333,5349,5417
137958,5352,5485
182538,5374,5482
362300,5394,5487
4430,5398,5486
162858,5401,5483
352484,5407,5486
244,5411,5485
64492,5630,5710
395751,5632,5709
271861,5646,5715
163631,5665,5741
249488,5851,5934
52235,5854,5920
102977,5855,5943
408426,5865,5939
109132,5866,5946
187040,5868,5929
141519,5868,5935
118499,5868,5952
147742,5869,5923
172905,5869,5949
393733,5872,5916
252235,5874,5947
6018,5879,5959
142452,5880,5953
106958,5886,5950
240962,5886,5955
157047,5887,5959
375983,5889,5957
208801,5899,5961
78291,5902,5977
206335,5918,5985
174159,5919,5982
286905,5924,5985
162395,5925,5978
136201,5938,6005
137957,5943,6009
22947,5944,5999
253873,5945,6006
102734,5958,6011
114461,6106,6168
109100,6106,6177
273985,6111,6173
212972,6111,6205
63098,6113,6203
89269,6118,6180
368188,6118,6204
14522,6124,6186
408512,6124,6206
130778,6129,6206
308373,6162,6252
6112,6171,6269
137549,6177,6253
36295,6178,6245
187039,6178,6267
14520,6178,6277
77528,6181,6249
14521,6185,6294
74129,6186,6266
236779,6187,6272
225643,6189,6234
373665,6189,6244
291773,6190,6272
211859,6191,6238
26712,6191,6266
26984,6191,6287
408509,6207,6267
326652,6207,6269
2723,6207,6272
407905,6208,6286
93430,6209,6266
353094,6210,6268
159824,6210,6271
12619,6211,6266
74130,6211,6272
217572,6513,6596
169013,6514,6598
265167,6519,6595
193975,6521,6597
360308,6532,6595
233765,6581,6672
210248,6589,6671
217324,6604,6677
8455,6616,6682
30540,6620,6684
94197,6622,6680
177999,6642,6683
377697,6809,6872
91289,6812,6892
102728,6855,6912
299741,6855,6931
107571,6857,6925
293390,6863,6923
245309,6871,6933
66295,6877,6933
393022,6952,7046
301518,6971,7044
30535,7008,7068
171786,7125,7186
342670,7129,7201
252627,7134,7225
371000,7153,7214
208422,7254,7373
109133,7288,7350
154590,7288,7379
23465,7306,7372
22409,7307,7371
90766,7312,7372
162226,7315,7379
283536,7317,7379
129297,7318,7377
213255,7319,7379
381944,7333,7377
265347,7335,7379
221948,7445,7528
358718,7447,7577
37595,7463,7536
37596,7463,7539
252236,7465,7522
37597,7465,7542
154591,7470,7532
215837,7485,7540
41175,7485,7569
41176,7488,7593
358719,7494,7593
96164,7505,7571
139436,7506,7588
328882,7514,7591
193974,7517,7593
78290,7518,7583
43200,7520,7588
30536,7525,7588
65682,7530,7592
77124,7530,7643
300072,7536,7616
300071,7536,7641
182569,7537,7605
4227,7548,7608
229347,7549,7636
318838,7554,7626
340753,7564,7675
214195,7565,7661
274313,7572,7628
208323,7576,7675
129276,7579,7649
214915,7580,7684
147065,7624,7684
130308,7804,7860
314977,7861,7936
276432,7879,7936
97043,7889,7930
71555,8019,8106
169999,8020,8092
30535,8023,8092
88616,8025,8090
141564,8275,8338
241102,8286,8338
391377,8396,8462
176134,8425,8487
185869,8431,8498
210051,8441,8496
91331,8468,8541
376135,8470,8542
119706,8502,8565
215774,8517,8582
124009,8523,8567
358354,8524,8580
168380,8536,8601
145468,8545,8609
349502,8547,8626
89268,8548,8609
264047,8549,8613
408513,8555,8609
131793,8571,8622
129540,8575,8620
129539,8575,8623
344486,8575,8627
208322,8577,8646
242618,8578,8631
108480,8583,8632
233764,8585,8626
43617,8612,8671
200317,8630,8690
336449,8749,8852
116134,8764,8875
345347,8799,8904
30536,8837,8891
343380,9029,9116
4718,9030,9094
129277,9030,9098
387981,9036,9097
351808,9044,9117
80112,9189,9287
8456,9193,9271
237757,9213,9277
7625,9214,9317
292812,9224,9335
299772,9225,9316
97539,9227,9317
230917,9248,9344
108264,9250,9338
391656,9253,9338
122279,9259,9344
129709,9260,9337
42482,9266,9344
150600,9267,9331
42786,9268,9333
376054,9415,9479
157046,9416,9472
294888,9417,9478
374507,9417,9481
58204,9417,9501
298446,9427,9495
320404,9439,9547
398151,9449,9523
320403,9460,9552
331031,9484,9544
65683,9489,9552
183515,9493,9545
30537,9493,9581
42145,9507,9559
52707,9512,9600
30531,9566,9638
288148,9638,9692
60725,9771,9852
114957,9775,9835
200683,9848,9921
224041,9865,9932
398152,9869,9922
265348,9876,9930
73934,9879,9935
78483,9879,9944
61979,9881,9942
232441,9883,9936
365019,9883,9954
292811,9888,9936
28502,9888,9957
30531,9952,10025
267819,9975,10048
150368,9977,10051
345527,9995,10050
374140,10155,10217
80113,10328,10397
246305,10545,10609
129309,10573,10682
209399,10585,10687
273442,10594,10668
204646,10603,10686
86956,10607,10683
200277,10613,10677
101421,10619,10706
108448,10624,10706
383420,10625,10696
307350,10626,10687
30541,10639,10693
255466,10639,10706
69312,10640,10699
385209,10644,10697
367426,10750,10819
286906,11064,11133
291094,11071,11133
296797,11072,11135
50516,11072,11143
20520,11073,11151
215310,11074,11139
292571,11076,11140
236473,11077,11128
388459,11080,11147
230573,11080,11152
399240,11084,11149
399241,11084,11157
281953,11092,11157
231886,11093,11151
185364,11111,11183
30537,11128,11227
265778,11154,11220
75996,11199,11313
193973,11203,11271
26982,11210,11311
13679,11216,11297
30046,11217,11279
1994,11220,11308
115113,11222,11312
23191,11223,11309
342027,11235,11312
408511,11242,11313
109099,11362,11405
22946,11362,11408
