336831,124,185
338367,150,206
338368,151,209
302578,267,365
114119,267,371
125655,297,359
395983,308,376
16230,317,423
234748,318,387
321964,319,384
186094,321,444
259915,327,388
296897,331,406
161253,334,437
340399,338,396
380634,339,463
378571,348,448
393326,349,458
273606,350,445
408696,355,434
391857,360,441
246532,363,450
30814,364,422
307070,365,462
86004,366,465
117973,368,442
175405,377,442
71520,377,450
94915,382,447
378573,389,438
75942,393,474
91891,396,476
223531,399,472
402770,411,472
254583,411,476
358077,413,477
337020,414,500
213981,418,493
187513,442,493
206175,442,506
359468,442,512
67325,442,518
232227,443,516
94105,444,497
351857,452,519
279251,459,512
62755,614,679
223005,624,678
216753,624,682
161675,624,685
115279,626,689
309480,631,689
146574,632,686
161674,633,685
20054,634,688
232252,714,775
234749,718,794
88765,723,776
263790,728,780
136613,731,797
188603,741,797
142992,901,950
36344,911,964
88138,911,982
49245,965,1033
145677,1059,1117
264223,1060,1114
339914,1067,1129
408697,1106,1167
306802,1188,1252
283810,1188,1259
367441,1192,1268
285783,1192,1288
257973,1207,1287
391971,1207,1291
139588,1209,1270
109305,1211,1272
108109,1211,1282
315439,1222,1287
134444,1225,1289
174841,1226,1286
241247,1226,1290
257807,1228,1290
270682,1229,1293
92772,1231,1288
176600,1232,1305
16382,1234,1297
164903,1236,1295
283258,1244,1296
9007,1244,1317
267008,1247,1293
80454,1251,1325
408503,1252,1304
72911,1252,1328
87771,1254,1318
383237,1257,1322
58336,1258,1329
54247,1260,1324
80380,1267,1367
259377,1283,1363
364292,1302,1366
52282,1302,1371
219860,1304,1367
169212,1305,1373
280491,1307,1366
1202,1307,1376
49246,1308,1371
188987,1308,1373
136276,1437,1539
398157,1438,1549
189556,1447,1565
212328,1450,1539
267009,1452,1564
67327,1458,1541
136614,1459,1571
201976,1464,1560
244,1465,1546
89810,1468,1539
86530,1468,1554
309504,1469,1531
244,1470,1564
162584,1479,1566
244,1485,1551
58909,1488,1551
314508,1493,1567
177640,1493,1579
36928,1495,1564
17104,1499,1567
20689,1501,1589
108037,1505,1571
64355,1506,1562
400273,1506,1574
99995,1510,1565
340635,1510,1589
287419,1512,1574
293744,1512,1590
86531,1519,1568
1526,1519,1588
233998,1539,1587
241743,1571,1624
130485,1614,1681
221827,1615,1701
9631,1638,1704
128507,1643,1694
275849,1643,1700
10249,1643,1702
191214,1644,1707
267010,1644,1744
62754,1662,1724
45445,1663,1723
95283,1666,1718
206524,1668,1720
265364,1672,1718
145487,1673,1752
172355,1675,1747
216843,1677,1728
57152,1677,1768
359409,1678,1750
362928,1678,1758
306921,1685,1782
222794,1715,1822
337025,1721,1792
348701,1724,1788
18040,1724,1791
315383,1726,1771
246670,1728,1782
320208,1728,1823
22848,1729,1772
127230,1734,1797
9006,1735,1806
1368,1736,1795
398158,1737,1843
53328,1738,1803
288637,1738,1810
326868,1744,1847
118459,1745,1814
165537,1746,1842
378572,1747,1815
276842,1751,1815
391856,1751,1841
271218,1759,1817
339407,1759,1867
10248,1770,1873
123904,1773,1841
166234,1773,1850
112558,1773,1857
195801,1793,1856
28953,1800,1864
265194,1806,1867
276330,2051,2098
95441,2052,2120
10973,2052,2139
255030,2054,2108
66887,2054,2132
144824,2054,2138
290574,2064,2137
257970,2067,2137
136615,2091,2194
234747,2108,2198
121847,2128,2191
283461,2264,2319
344172,2285,2347
223360,2286,2350
1017,2461,2542
183254,2473,2536
325102,2475,2537
189753,2761,2834
302706,2771,2885
236000,2795,2874
283778,2800,2890
271233,2806,2872
131628,2806,2920
245311,2808,2871
153747,2811,2865
205561,2812,2913
391402,2815,2886
10632,2817,2914
288085,2818,2886
400716,2818,2907
54726,2820,2891
174130,2820,2898
109525,2821,2886
358800,2821,2906
147110,2823,2913
108775,2824,2886
158122,2824,2903
273205,2824,2911
76198,2825,2891
344173,2826,2887
188668,2826,2921
270754,2827,2888
228984,2827,2892
83660,2829,2904
358799,2829,2909
15882,2831,2893
201890,2832,2897
305050,3009,3065
36927,3223,3287
155948,3290,3340
67326,3295,3398
168283,3298,3388
168284,3304,3398
183014,3310,3383
374810,3329,3383
183015,3350,3396
262106,3360,3411
80138,3360,3414
249703,3489,3559
41144,3497,3569
118081,3498,3565
252140,3499,3578
314742,3516,3579
219234,3524,3606
93856,3528,3604
121848,3529,3612
333459,3530,3609
95195,3536,3602
196345,3536,3609
16383,3536,3615
400557,3548,3611
99426,3551,3614
9008,3552,3615
52100,3697,3762
347352,3701,3761
223945,3784,3845
364291,3814,3921
