100894,89,188
369055,90,150
273842,90,156
80840,90,169
161079,143,255
43153,152,246
142653,176,256
319919,182,255
23521,186,247
25586,187,255
31147,205,274
183847,210,264
337460,211,276
175336,212,281
383440,214,255
402251,324,387
350656,435,523
90553,436,506
273221,442,576
244513,443,512
300621,452,575
64302,456,576
4539,459,587
375666,461,579
90552,464,570
300622,483,591
36432,493,575
153865,494,591
120637,495,583
18434,501,579
105727,502,572
11506,521,580
62693,645,689
203895,645,705
300918,1003,1071
116134,1015,1123
57652,1398,1467
286709,1398,1473
212647,1409,1485
283389,1414,1478
390789,1415,1493
265414,1419,1481
195483,1422,1488
372683,1425,1486
9755,1434,1484
225512,1434,1496
356641,1437,1499
395923,1441,1493
289084,1443,1506
59124,1446,1518
124207,1882,1944
44549,1889,1945
226104,1889,1962
236940,1938,1999
352372,1938,2007
192785,1938,2013
369125,1946,2030
174651,2125,2184
408584,2131,2194
340341,2134,2189
383295,2405,2468
74985,2405,2483
174591,2405,2499
136618,2498,2561
3573,2513,2570
351511,2518,2597
