40843,89,169
100578,90,152
293071,90,158
157457,92,223
156914,115,212
198891,117,238
278627,125,238
107284,132,261
181494,135,278
13125,157,285
314699,162,274
202634,173,240
175147,177,258
109064,177,284
109419,178,267
333957,184,240
67006,184,251
81853,184,266
109420,184,324
375546,186,287
325118,188,339
53961,201,352
10211,202,339
77037,210,337
359179,214,276
228076,223,359
73553,224,348
356738,224,355
86671,229,344
10913,232,357
2251,236,356
64087,241,360
169784,241,366
17555,242,379
2849,243,330
112253,244,347
143215,244,357
106528,245,331
201351,245,363
86672,249,379
68497,250,366
214112,251,330
5229,258,355
245676,258,375
175148,262,356
401645,271,388
314256,272,366
56534,272,379
367002,272,385
236005,276,368
169785,284,386
395587,285,368
485,286,355
36187,287,360
20988,290,357
147136,295,371
222385,295,379
3278,306,369
201121,307,373
149522,314,370
196982,361,410
55005,416,489
55369,422,510
20100,425,488
31793,427,488
314258,427,542
356469,427,554
110314,428,481
72308,428,484
1190,428,495
1190,428,512
155938,428,531
201939,428,594
335689,431,494
112252,432,552
60254,433,536
345806,439,591
20101,444,524
223972,445,594
386643,456,577
6804,462,591
365665,477,592
244902,481,611
109418,483,616
81042,485,600
30464,485,625
55370,487,615
169783,488,594
53437,493,626
77038,495,592
29012,499,586
366092,501,629
305785,503,620
99847,508,626
276991,514,616
377240,515,627
9262,517,624
67764,522,635
12140,525,641
314257,531,631
366093,531,643
17858,534,627
273033,534,648
238238,536,661
388794,537,671
278411,540,663
355070,544,643
116476,544,651
84446,548,650
96622,554,631
349411,555,628
25476,556,641
58382,557,619
177585,557,631
186621,561,661
83362,562,641
30306,564,627
355991,565,628
82744,566,645
375728,567,639
17022,570,633
231918,570,642
356578,572,622
259571,572,644
64110,574,640
152759,575,639
281772,575,658
41952,576,673
218608,577,640
113199,577,689
277259,578,697
181554,579,683
103028,582,643
340709,582,648
311284,583,659
239644,584,661
211879,585,653
25684,587,664
335513,587,683
37086,588,696
131700,589,682
209071,593,661
240069,594,657
37085,595,696
55841,597,659
118595,600,695
281760,601,668
7434,602,663
393165,603,706
248159,607,669
42998,613,709
81284,615,702
244213,616,678
404442,618,709
300261,619,699
406959,621,690
367892,622,682
229058,625,683
385510,627,677
285181,627,691
221701,629,698
160997,630,700
207466,630,709
18033,635,709
83592,636,704
393164,638,720
304447,639,709
385170,641,716
144031,647,699
147755,661,752
31545,691,781
203858,834,895
8538,980,1053
5696,980,1069
206766,990,1069
153165,1013,1067
109417,1014,1070
157458,1017,1070
147753,1259,1319
182769,1267,1329
182748,1379,1456
59317,1388,1480
345137,1399,1482
115822,1399,1488
327581,1400,1499
27656,1401,1465
235964,1401,1478
23323,1401,1485
390910,1402,1466
25586,1404,1465
140517,1404,1481
394247,1415,1495
42942,1416,1472
247947,1416,1481
196133,1416,1487
345967,1422,1494
395673,1422,1510
215082,1485,1565
126323,1501,1587
389021,1502,1564
319992,1504,1576
79991,1505,1579
139202,1507,1571
31159,1507,1576
20465,1508,1568
93706,1510,1575
123916,1511,1579
334866,1516,1577
281475,1516,1587
206713,1519,1578
377239,1521,1579
166269,1522,1583
16790,1528,1576
367003,1654,1703
15099,1740,1782
327846,1740,1791
27165,2090,2155
57075,2090,2165
90045,2090,2168
73552,2090,2173
166288,2091,2157
294745,2093,2149
354365,2093,2163
295875,2093,2166
329848,2096,2169
306128,2097,2158
25924,2098,2155
346760,2098,2179
266592,2098,2184
300425,2098,2190
291100,2101,2176
190005,2104,2193
110991,2106,2165
192091,2109,2175
377319,2129,2202
73902,2155,2232
175012,2159,2263
247255,2163,2264
351687,2165,2256
39439,2169,2264
376368,2174,2264
209398,2175,2260
21149,2178,2240
373137,2179,2271
190004,2184,2260
300426,2184,2265
116336,2185,2242
81283,2187,2240
351686,2197,2307
151489,2225,2289
298113,2384,2456
255632,2392,2455
28509,2393,2457
223945,2405,2456
281062,2406,2457
92696,2528,2584
49703,2528,2591
94192,2528,2596
94193,2539,2600
324301,2618,2719
141555,2639,2695
29099,2958,3034
29100,2960,3041
26897,2966,3043
175011,2968,3042
293646,2972,3034
395619,2973,3042
53481,2974,3039
107555,2983,3059
5042,2984,3041
107556,2988,3059
12469,2993,3060
399440,2994,3066
320902,2997,3060
74941,3021,3081
193191,3028,3072
85435,3066,3138
300684,3066,3141
162483,3079,3199
379755,3092,3155
57702,3109,3212
285433,3110,3200
269583,3118,3210
61078,3126,3204
247946,3133,3206
193974,3134,3201
155093,3141,3204
285077,3144,3207
159027,3145,3206
46030,3146,3209
123809,3148,3200
186622,3150,3207
252607,3151,3197
252606,3152,3204
122538,3154,3208
314321,3282,3348
301272,3283,3342
388546,3283,3346
81854,3284,3345
68670,3284,3369
7054,3287,3370
197559,3288,3350
173426,3289,3351
271998,3289,3361
278410,3293,3356
154355,3294,3362
35925,3296,3374
244212,3303,3369
63639,3303,3372
370857,3572,3643
37259,3653,3714
367373,3655,3714
223456,3671,3732
175146,3675,3749
231919,3681,3747
74791,3689,3755
99817,3700,3749
185833,3704,3789
144501,3707,3770
56535,3709,3778
356734,3712,3790
198386,3724,3814
327582,3726,3790
141778,3727,3788
141777,3728,3790
180941,3728,3803
342445,3728,3813
354366,3729,3789
266885,3729,3792
326265,3731,3798
386050,3731,3814
242821,3732,3790
285078,3733,3791
299230,3735,3791
308998,3735,3813
284446,3738,3791
287489,3738,3795
253741,3738,3797
2849,3739,3812
189069,3740,3791
207679,3746,3830
264075,3748,3813
148264,3774,3833
276983,3776,3837
168076,3780,3842
245677,3810,3878
77160,3810,3918
24349,3814,3879
31297,3821,3885
293645,3839,3944
193975,3881,3951
356736,4085,4183
203412,4087,4164
113819,4100,4165
261455,4109,4174
147754,4112,4172
29615,4115,4188
107016,4117,4191
26061,4122,4178
287490,4229,4280
73551,4263,4365
224965,4269,4373
36406,4270,4359
122115,4272,4387
14063,4273,4364
31043,4274,4360
12742,4275,4363
39790,4276,4397
189192,4279,4358
77159,4279,4362
290192,4279,4369
68368,4280,4365
16024,4281,4371
39084,4282,4390
356735,4284,4363
74145,4285,4367
363727,4285,4410
195158,4286,4379
61114,4287,4366
353637,4287,4384
405104,4288,4391
50968,4290,4352
116088,4292,4404
355069,4293,4365
5645,4293,4374
915,4294,4402
76311,4294,4414
159379,4296,4405
3982,4296,4410
28509,4307,4361
24350,4308,4372
53053,4320,4417
1994,4326,4401
84445,4326,4417
211880,4326,4440
128744,4339,4433
385278,4384,4442
169480,4384,4447
152859,4386,4447
6695,4405,4472
393877,4412,4473
25263,4463,4596
175010,4506,4578
238114,4526,4578
29098,4806,4903
163010,4819,4927
90696,4822,4924
356733,4829,4940
87143,4835,4899
175009,4839,4899
370148,4853,4913
36314,4890,4993
340708,4902,4965
408632,4902,4972
408633,4902,4975
406061,4920,4990
300424,4931,5006
138130,4942,5016
24348,5155,5216
19898,5222,5285
191295,5235,5293
342831,5236,5309
83593,5236,5312
199632,5242,5313
51781,5247,5313
77680,5247,5318
375545,5257,5323
142543,5261,5317
296381,5283,5355
230981,5413,5469
191428,5539,5603
157534,5539,5613
113818,5553,5614
103607,5554,5604
146923,5554,5608
184608,5566,5614
157456,5674,5765
324302,5674,5773
306613,5679,5770
193973,5681,5760
244892,5688,5780
69538,5688,5783
391886,5696,5763
281652,5696,5770
282435,5697,5760
211978,5700,5786
1574,5701,5782
72494,5985,6037
362038,5985,6042
356737,5985,6051
335659,5985,6080
357689,5986,6027
116924,5986,6050
14063,5987,6082
322171,5993,6038
363725,5994,6074
77159,5994,6077
50666,5994,6082
31042,5995,6067
57049,5995,6072
28508,5996,6079
108672,5998,6063
363726,5998,6074
67027,5998,6080
5645,6001,6081
272861,6007,6082
260907,6016,6076
77160,6131,6222
130200,6134,6198
264097,6136,6192
2325,6137,6193
169659,6146,6209
352769,6150,6209
213544,6152,6207
280525,6152,6273
256095,6154,6216
73550,6192,6268
407437,6234,6313
376398,6235,6310
112254,6251,6313
198890,6267,6312
73393,6386,6438
394552,6399,6451
