87408,121,178
316130,122,174
400157,138,248
113172,139,240
217633,140,229
10373,147,241
185899,171,245
19982,184,248
36646,202,269
108527,281,345
75487,283,342
101679,289,351
138002,289,356
217154,292,346
351727,293,363
193803,320,395
64270,402,484
177537,1084,1141
13262,1095,1142
175797,1095,1164
269726,1099,1162
400733,1101,1153
194667,1106,1156
183514,1106,1158
122126,1106,1164
125498,1211,1270
262906,1481,1575
47418,1482,1573
41321,1488,1585
102536,1506,1575
123536,1528,1590
123535,1530,1591
20581,1642,1721
68484,1644,1698
84732,1646,1717
164886,1657,1718
266805,1975,2043
24779,1979,2037
381886,1981,2043
334910,1983,2046
200264,1998,2063
110113,2007,2075
199095,2013,2076
252092,2242,2296
284593,2454,2507
277664,2455,2508
57317,2455,2510
45631,2455,2518
161347,2464,2522
24298,2740,2803
75099,2742,2794
124291,2798,2854
11241,2872,2962
124290,2903,2962
342642,3221,3306
295612,3222,3303
189564,3277,3345
154465,3320,3397
34502,3327,3398
190231,3330,3382
269302,3332,3396
199316,3336,3401
156063,3337,3396
313889,3341,3390
186764,3343,3388
166863,3343,3414
202332,3343,3417
89868,3346,3403
76488,3347,3391
338338,3347,3431
35505,3349,3421
46362,3350,3432
10301,3351,3410
178623,3351,3425
394908,3352,3408
48750,3353,3415
22633,3356,3427
6534,3357,3402
199094,3363,3431
347695,3369,3449
210730,3571,3616
116510,3603,3671
179705,3606,3671
379016,3607,3672
45521,3613,3675
81372,3620,3689
16239,3626,3692
83870,3629,3694
359794,3706,3767
141467,3724,3772
21152,3950,4019
206637,4032,4104
264600,4036,4124
107554,4038,4104
397947,4040,4106
262815,4041,4113
262816,4041,4118
238040,4042,4131
113937,4067,4131
49204,4166,4233
150358,4182,4240
115281,4255,4307
71925,4444,4503
337083,4572,4636
58089,4580,4650
118720,4583,4649
241283,4606,4674
237952,4609,4681
26695,4615,4673
235314,4620,4679
224250,4841,4899
371429,4841,4901
246808,4841,4918
246807,4843,4903
350011,4864,4912
12028,4864,4918
23134,4864,4921
380520,4864,4952
238364,5000,5074
97767,5001,5048
214710,5001,5064
196932,5001,5083
73822,5032,5106
73821,5036,5094
337482,5139,5187
329671,5522,5610
67520,5523,5577
369595,5523,5620
113576,5535,5615
147240,5538,5610
146054,5560,5620
193649,6202,6297
317606,6206,6275
7649,6218,6275
108117,6221,6275
256596,6229,6286
52539,6233,6289
347696,6234,6307
374850,6236,6302
57896,6243,6303
296433,6248,6300
121336,6248,6338
204884,6249,6303
286854,6255,6304
225400,6260,6325
317325,6295,6350
383536,6445,6507
235633,6488,6555
30990,6489,6551
146664,6490,6552
100076,6758,6839
225234,6760,6834
84731,6761,6840
323907,6772,6839
183182,6792,6861
381120,6799,6868
31799,6802,6869
398496,6802,6874
102632,6805,6874
140060,6808,6864
198451,6808,6878
263082,6812,6875
28289,6824,6875
20875,6905,6958
341460,6971,7070
248870,6973,7042
369596,6973,7049
329672,6977,7048
169240,6979,7041
159107,6979,7071
347909,6980,7050
21761,6980,7069
4989,6980,7073
44256,6983,7072
102633,6991,7117
25280,7031,7085
369494,7098,7147
100987,7200,7287
247858,7208,7267
315080,7276,7391
325301,7560,7635
400734,7567,7622
394321,7567,7634
346243,7571,7628
289621,7571,7632
325665,7571,7636
92725,7573,7630
14148,7574,7631
377088,7580,7635
206027,7599,7675
73820,7614,7676
223214,7919,8000
281527,8140,8199
307202,8871,8931
94200,8933,8997
16915,8934,8996
400735,8934,9001
28290,8973,9043
71709,9318,9386
335725,9332,9400
199093,9336,9399
228190,9349,9400
374851,9560,9632
228190,9597,9661
211396,9604,9677
307204,9605,9698
200235,9607,9677
146700,9612,9675
144468,9612,9679
86926,9617,9677
2096,9618,9675
7772,9618,9680
129348,9618,9694
56858,9621,9674
9203,9621,9692
262898,9631,9703
338339,9637,9730
30906,9638,9702
133652,9650,9711
49231,9667,9732
207123,9689,9746
194758,10188,10246
238365,10831,10900
100986,11063,11120
13704,11198,11267
309374,11198,11285
110112,11207,11259
92290,11208,11261
360902,11211,11305
40936,11231,11285
277328,11232,11282
252929,11244,11303
252928,11247,11312
313888,11309,11374
226746,11311,11384
378001,11324,11386
188373,11542,11603
14508,12242,12307
312198,12305,12381
