31352,188,299
232923,201,267
31353,201,299
5706,204,275
129905,205,266
208394,205,268
46282,206,294
259030,210,275
253643,212,285
172986,227,321
231421,231,282
163376,232,348
15209,233,295
29657,234,296
83943,238,284
283094,244,290
54709,246,321
261544,247,319
192378,248,347
328405,253,345
89341,263,325
332130,264,331
16450,281,348
126503,286,356
100804,338,401
296779,349,410
133771,350,408
147225,370,422
230597,386,446
203813,627,707
88612,630,723
78876,638,715
163733,640,702
114544,641,707
228775,642,719
346933,657,721
346389,784,849
175533,789,852
362026,1130,1254
247255,1137,1253
365825,1139,1191
46765,1144,1251
41522,1153,1252
80644,1161,1253
260395,1187,1253
131593,1191,1253
66667,1323,1372
261913,1323,1405
261914,1324,1423
101578,1327,1423
213412,1328,1393
116833,1328,1402
214157,1332,1411
347483,1332,1415
364845,1333,1421
110157,1343,1459
181602,1350,1432
146003,1356,1433
351961,1415,1483
184631,1418,1475
181601,1558,1641
13025,1563,1651
40327,1564,1639
181603,1564,1644
356870,1566,1640
22990,1566,1643
85624,1580,1652
393751,1581,1648
221319,1581,1682
9609,1587,1683
190669,1599,1677
101577,1603,1682
44268,1606,1677
22243,1613,1682
191779,1615,1677
329051,1738,1794
254375,1740,1792
348957,1743,1792
200225,1743,1794
124527,1746,1833
103439,1799,1854
376117,1804,1852
244299,2024,2102
305742,2255,2317
151503,2284,2345
296780,2518,2579
19355,2537,2600
36493,2540,2601
294136,2542,2604
403423,2542,2608
36396,2542,2611
206628,2544,2606
42170,2544,2610
276142,2546,2602
98752,2549,2610
157454,2558,2602
