154456,141,203
362933,142,204
362348,279,352
329656,287,348
265932,293,354
289591,319,380
408614,319,396
280975,329,387
277483,464,516
61298,472,521
53189,474,536
359783,475,534
99835,478,530
192483,478,543
381224,479,545
43293,482,544
26345,484,545
116978,487,542
311973,489,542
336691,649,712
360067,655,717
380620,731,782
394025,731,804
282037,739,828
394783,743,845
269595,749,844
233310,752,822
130518,772,838
59641,785,847
272962,789,849
163512,790,851
96603,962,1025
369239,999,1070
168105,1016,1081
239431,1018,1086
53844,1049,1111
251636,1069,1131
269596,1069,1137
67099,1073,1143
314978,1190,1279
264535,1190,1300
15450,1192,1284
100280,1195,1261
291836,1209,1260
87179,1214,1278
146319,1214,1281
26342,1217,1296
378880,1224,1299
26606,1224,1322
576,1226,1303
30225,1227,1310
246887,1233,1312
575,1234,1315
280974,1236,1297
146602,1239,1301
336690,1240,1306
19650,1240,1311
145234,1247,1308
105579,1247,1314
351044,1257,1313
82533,1257,1318
241232,1257,1322
202352,1260,1332
74312,1268,1338
345740,1271,1319
283254,1276,1372
194953,1277,1346
121284,1278,1328
389610,1278,1355
87534,1281,1347
55026,1282,1343
194628,1283,1355
107350,1287,1373
373935,1321,1382
246887,1344,1414
41627,1643,1704
236180,1644,1722
96555,1644,1730
115827,1645,1743
311974,1646,1711
190158,1647,1739
8238,1648,1732
163513,1654,1725
236181,1659,1732
281588,1662,1732
296257,1678,1741
13625,1684,1746
137621,1693,1761
269597,1695,1774
392435,1697,1766
274923,1701,1767
205559,1707,1784
37230,1708,1767
32116,1709,1764
204054,1712,1781
137429,1726,1809
192114,1729,1796
2614,1734,1808
292851,1746,1830
345252,1748,1814
33674,1752,1821
116066,1757,1819
292850,1757,1843
70169,1773,1855
364200,1783,1848
206328,1788,1866
216490,1790,1852
368169,1794,1858
246553,1798,1861
334363,1838,1951
395819,1851,1952
344482,1863,1951
63592,1895,1953
405980,1896,1954
93204,1980,2025
141663,1980,2060
116327,1981,2026
126280,1981,2074
90342,1983,2040
30226,1986,2078
147899,1993,2047
113106,1996,2064
325161,1996,2084
163173,2092,2150
336196,2106,2190
131593,2115,2176
235496,2226,2287
309728,2227,2285
7769,2227,2289
392434,2231,2288
351892,2232,2323
7321,2245,2315
26343,2254,2334
169866,2262,2328
354735,2270,2333
406715,2334,2423
395820,2358,2432
31734,2359,2438
314977,2363,2449
177802,2401,2452
184642,2403,2451
41626,2531,2592
258577,2552,2648
76126,2553,2642
251153,2554,2632
366268,2555,2618
53755,2556,2628
302208,2562,2627
110316,2574,2640
317793,2575,2654
259861,2593,2654
67797,2595,2678
800,2612,2680
76263,2627,2687
69075,2628,2696
25193,2633,2712
130517,2640,2701
359496,2641,2689
343144,2645,2725
346646,2653,2724
191609,2669,2748
8415,2671,2726
265343,2674,2736
162213,2683,2749
55492,2686,2753
34085,2688,2748
139587,2689,2757
292849,2690,2766
332062,2691,2756
111683,2698,2751
9550,2700,2798
345251,2701,2765
216491,2709,2771
406936,2715,2798
165165,2717,2765
373468,2722,2798
395835,2735,2795
148619,2736,2797
103394,2737,2798
163720,2739,2797
64550,2841,2905
199516,2842,2925
163166,2843,2930
26344,2844,2906
154472,2844,2912
252082,2845,2909
160242,2847,2915
64132,2852,2918
123568,2855,2905
328506,2856,2924
363082,2860,2921
50534,2862,2927
56800,2862,2939
69076,2865,2942
132629,2867,2929
355170,2871,2921
212833,2886,2953
212832,2887,2951
12281,2887,2958
61991,2901,2981
61992,2904,2978
207964,2911,2965
403499,2912,2968
113105,3200,3268
88950,3204,3268
574,3215,3268
256177,3427,3501
129169,3428,3506
400494,3435,3522
354253,3443,3494
21015,3456,3521
259862,3457,3524
173197,3458,3517
15016,3458,3533
67798,3459,3523
332468,3459,3553
275690,3460,3521
280053,3465,3507
299672,3469,3531
388067,3470,3535
373936,3471,3534
387269,3475,3530
143567,3475,3536
390088,3477,3524
117553,3480,3539
251402,3512,3580
360037,3513,3583
81727,3516,3583
366269,3519,3582
195484,3612,3684
105580,3616,3684
4938,3627,3711
203779,3629,3699
50892,3635,3685
319557,3840,3907
27998,3847,3921
12783,3856,3921
87239,3860,3921
2615,3972,4025
246501,3973,4031
132628,4280,4336
230500,4429,4494
127607,4586,4662
250319,4634,4712
245649,4670,4757
388740,4676,4758
245650,4678,4756
272961,4701,4793
272960,4706,4803
156367,4710,4758
306066,5102,5170
39128,5113,5176
78312,5122,5189
72610,5181,5260
309727,5194,5307
321870,5214,5288
163721,5220,5304
141326,5233,5286
76926,5405,5449
211667,5406,5454
94909,5408,5465
82490,5413,5476
51863,5416,5469
252584,5416,5495
336689,5419,5496
198270,5557,5615
407172,5557,5621
