354477,116,192
292028,144,205
145644,153,211
263502,514,565
157475,520,590
169641,712,767
353631,727,794
34581,730,791
327695,740,804
241283,743,803
358681,1437,1500
167874,1470,1534
90129,1502,1556
312962,1511,1578
123312,1517,1598
165234,1541,1603
353630,1554,1619
350586,1555,1596
374058,1889,1944
267437,2145,2212
406656,2320,2382
361198,2328,2389
361197,2331,2390
371602,2334,2405
114190,2342,2403
222827,2342,2411
131842,2342,2420
243910,2346,2423
148800,2353,2424
188017,2355,2423
30593,2359,2434
172398,2364,2425
235976,2366,2427
222127,2398,2449
277482,2936,2996
181408,3032,3096
408571,3033,3075
69529,3508,3568
8524,3509,3571
162115,3520,3569
33503,3525,3579
69530,3525,3581
333867,3607,3675
265382,3621,3673
101886,3788,3849
89433,3788,3851
293200,3791,3853
256214,4028,4076
166078,4028,4089
229126,4046,4094
211496,4046,4106
199115,4185,4240
246279,4196,4259
246280,4196,4280
362728,4207,4258
372857,4211,4282
101449,4223,4280
301758,4336,4402
50997,4343,4386
266729,4352,4423
3294,4690,4743
261949,4690,4746
143240,4690,4757
92650,4691,4753
88715,4691,4755
168214,4693,4755
202269,4697,4743
114423,4701,4754
87523,4821,4889
85035,4821,4895
228003,4822,4882
261266,4823,4887
302618,4826,4889
243911,4826,4894
157364,4975,5047
161690,5116,5174
68335,5122,5174
20872,5279,5341
395837,5343,5416
110745,5345,5415
101816,5345,5434
301759,5354,5427
170792,5365,5433
279463,5373,5436
320479,5634,5681
184870,5739,5802
102232,5740,5820
719,5742,5802
70970,5830,5886
50881,5830,5900
306253,6165,6214
100568,6169,6222
37101,6184,6237
139746,6319,6368
92649,6319,6383
355733,6320,6387
399485,6322,6377
97327,6324,6382
54190,6325,6397
67755,6331,6379
272992,6334,6398
167419,6345,6408
50223,6470,6538
348696,6815,6868
115176,6815,6870
60679,6815,6873
201697,6816,6867
50262,6818,6870
297393,7169,7245
56455,7179,7239
51583,7185,7242
72076,7388,7444
132198,7830,7894
23097,7833,7909
30729,7849,7912
126964,7854,7906
72376,8841,8939
68368,8855,8939
341252,8861,8940
358988,8863,8939
37140,8865,8931
190177,8867,8940
274651,8872,8935
5645,8872,8939
288958,8873,8931
221535,9583,9634
63299,9583,9642
300278,9584,9641
199810,9584,9647
131007,9586,9658
132012,9587,9654
312961,9588,9640
148471,9605,9666
137858,9610,9677
5031,9864,9933
50882,10017,10079
349737,10031,10078
135369,10532,10600
8081,10536,10600
99323,10540,10599
396303,10542,10600
367452,10641,10696
68514,10641,10723
327341,10641,10734
161940,10644,10721
80605,11015,11070
71698,11034,11101
163115,11052,11100
98443,11063,11140
399484,11383,11448
87905,11411,11465
110892,11412,11466
356085,11622,11698
243909,11742,11807
15446,11743,11802
181407,11759,11821
71185,12087,12161
205967,12155,12217
205716,12172,12245
221155,12360,12417
228469,12457,12512
367086,12460,12520
315872,12569,12644
46339,12570,12627
295800,12574,12624
301679,12574,12627
59955,12574,12642
119513,12575,12645
65457,12580,12641
103923,12929,13008
167586,13482,13548
23587,13485,13564
