278538,98,196
78,141,215
317825,144,232
5913,149,210
258793,151,228
322299,152,257
117845,153,216
93409,153,253
41178,157,225
250053,160,231
161231,161,223
127047,161,265
125625,164,226
164446,164,228
158961,165,227
142348,166,228
34879,167,231
196853,169,275
317824,170,232
138586,171,240
385920,172,234
401210,172,245
353918,176,255
308868,176,259
52919,177,251
52918,178,256
405738,179,242
111035,179,244
96193,179,265
199420,179,272
114970,180,239
290410,181,243
16513,181,253
136755,182,238
285151,183,248
266710,186,258
294336,186,264
294964,189,252
364488,192,259
341953,196,257
371141,200,265
294963,201,263
236723,624,705
102262,631,725
330540,637,712
157311,640,708
10098,641,705
45308,641,741
40905,644,711
176559,646,705
40846,647,719
352256,651,708
363148,651,722
352777,654,732
48421,657,741
126894,673,733
149610,675,737
13965,675,741
54491,676,752
266114,679,745
303053,680,740
160426,680,744
214115,681,751
17690,686,748
117141,686,773
391731,696,741
141165,710,776
16311,831,904
110639,831,919
291498,834,901
53813,840,919
201727,1052,1138
149256,1053,1116
131475,1054,1122
198151,1055,1118
317601,1055,1128
244141,1056,1126
247872,1056,1135
57771,1062,1133
53243,1069,1136
82388,1070,1134
348111,1076,1139
284747,1076,1158
157080,1079,1138
52442,1080,1134
146939,1082,1130
261639,1082,1132
342484,1083,1176
177115,1087,1157
16359,1092,1155
313665,1094,1171
253901,1094,1174
130283,1096,1158
205084,1099,1170
61841,1101,1169
324927,1107,1169
146262,1111,1174
318976,1134,1186
236551,1271,1338
14930,1278,1339
126882,1404,1459
400244,1409,1457
66066,1430,1483
158459,1450,1496
13964,1451,1516
154236,1467,1514
386597,1597,1670
291763,1743,1844
278528,1747,1846
129016,1748,1840
140160,1754,1842
7565,1756,1844
147817,1760,1835
245238,1762,1826
126246,1763,1834
143787,1763,1840
26504,1764,1822
340130,1764,1832
81408,1764,1850
396691,1764,1859
119006,1765,1826
96186,1765,1835
179016,1773,1846
246609,1779,1847
150291,1781,1842
156651,1782,1846
390022,1785,1844
226481,1893,1956
348697,1894,1961
11062,1898,1956
207146,1912,1963
332974,1914,1961
57218,1993,2041
284743,2020,2095
60907,2050,2130
303887,2054,2132
283519,2183,2236
44103,2358,2463
272969,2359,2437
275534,2362,2469
10064,2364,2430
362919,2364,2436
206490,2377,2428
58553,2378,2430
117189,2379,2428
406902,2380,2446
50534,2382,2457
58089,2383,2468
317602,2385,2503
109934,2406,2469
320946,2412,2479
267371,2414,2477
297589,2415,2481
348567,2415,2485
71059,2561,2612
159343,2561,2618
148414,2561,2626
355479,2563,2605
39617,2563,2611
272263,2564,2636
309463,2573,2626
165504,2577,2629
293942,2579,2629
70146,2697,2786
4943,2710,2783
331753,2717,2789
144215,2718,2769
16762,2718,2782
165505,2718,2786
256740,2721,2785
332753,2723,2776
33883,2723,2795
4943,2724,2782
53386,2724,2787
134349,2724,2790
369974,2725,2786
325395,2726,2778
364192,2727,2783
255143,2727,2809
368998,2728,2797
178291,2728,2807
264348,2732,2783
210284,2738,2796
97009,2740,2795
166430,2741,2809
338216,2855,2920
10226,3073,3160
112649,3184,3246
377877,3184,3264
378069,3185,3240
235513,3198,3241
240176,3289,3347
195213,3290,3351
151549,3358,3419
56401,3365,3420
287814,3368,3420
52279,3503,3549
38710,3506,3559
157079,3510,3562
42066,3511,3570
50606,3511,3572
380800,3512,3553
329687,3516,3589
194891,3520,3572
82433,3520,3574
255482,3524,3593
206491,3526,3571
206368,3527,3572
71488,3527,3583
226756,3528,3591
229626,3606,3661
239617,3611,3661
272365,3613,3682
24588,3621,3683
361119,3626,3690
149389,3629,3698
362299,3634,3714
16004,3640,3696
236297,3640,3701
18306,3647,3714
177239,3661,3713
198152,3662,3714
245989,3788,3845
112801,3792,3856
338377,3804,3860
382083,3976,4056
288759,3998,4074
225375,4008,4069
57128,4009,4091
275535,4009,4112
387430,4009,4119
10477,4015,4113
340129,4017,4115
196356,4017,4130
240174,4019,4112
53349,4021,4117
42608,4023,4101
196355,4025,4113
35186,4025,4121
284210,4026,4087
19695,4032,4132
27834,4034,4137
125626,4038,4109
102373,4038,4123
406733,4042,4128
262873,4045,4153
317818,4047,4125
402369,4047,4132
248670,4049,4113
284211,4050,4110
362298,4051,4153
7102,4052,4110
184904,4053,4126
234336,4057,4115
95598,4058,4131
38717,4059,4129
75180,4060,4145
227616,4060,4155
33577,4061,4143
265925,4062,4139
74620,4064,4136
250246,4066,4113
190505,4067,4112
90473,4067,4123
64906,4068,4130
214117,4126,4204
122582,4147,4196
219950,4152,4209
250902,4196,4263
88116,4199,4250
304615,4199,4279
227617,4201,4252
200834,4244,4311
64671,4248,4309
358896,4256,4308
10063,4258,4322
370082,4263,4325
384431,4265,4312
39618,4265,4314
257638,4266,4311
243205,4267,4335
302721,4270,4334
193473,4287,4364
214113,4315,4376
369809,4493,4548
88117,4495,4552
54403,4498,4559
383785,4499,4552
304616,4500,4569
46020,4561,4662
13963,4572,4653
266036,4651,4726
260792,4659,4726
8931,4824,4914
171614,4829,4890
219604,4833,4881
125687,4838,4899
120822,4838,4901
129956,4839,4902
152733,4840,4898
45560,4845,4906
44057,4867,4941
76259,5048,5110
214116,5196,5264
142648,5196,5267
45355,5197,5258
189520,5197,5260
148089,5233,5299
24146,5252,5302
172835,5253,5303
240175,5375,5456
278528,5377,5486
291762,5380,5477
165968,5385,5466
225376,5386,5495
278536,5387,5467
222067,5388,5473
290801,5388,5478
72243,5389,5487
119007,5392,5453
245238,5392,5456
143787,5393,5474
54140,5396,5465
13554,5412,5473
407919,5413,5483
5146,5419,5495
35563,5420,5483
151550,5420,5508
151548,5421,5494
43592,5428,5522
66529,5430,5486
24388,5431,5501
191147,5450,5522
317823,5597,5687
101472,5617,5682
93408,5620,5685
274130,5657,5761
341998,5675,5745
108779,5682,5743
278519,5682,5790
334075,5685,5746
70507,5688,5746
273712,5760,5822
117062,5760,5849
117063,5770,5856
207494,5799,5873
278519,5819,5909
332593,5829,5895
226480,5845,5913
127621,5847,5907
28877,5847,5915
49813,5848,5911
68800,5850,5898
210247,5852,5913
210849,5854,5909
329735,5992,6042
395712,5992,6052
15423,5993,6056
186813,6038,6089
112800,6041,6128
179705,6047,6097
167611,6131,6221
1305,6145,6221
198150,6145,6227
59757,6153,6213
229841,6171,6236
56756,6192,6261
202746,6235,6301
397452,6250,6329
1994,6257,6330
13679,6262,6330
404108,6368,6422
280571,6374,6425
255818,6374,6433
10225,6375,6421
199993,6523,6585
45309,6525,6585
234335,6525,6624
174563,6531,6615
278524,6536,6613
63161,6540,6663
210283,6552,6624
174562,6557,6619
10062,6557,6657
357347,6558,6613
336405,6558,6620
406323,6559,6618
284349,6559,6674
385123,6560,6607
153631,6565,6626
9686,6568,6639
67835,6574,6650
129017,6574,6654
330821,6577,6678
278537,6583,6689
199992,6587,6680
269710,6595,6657
62781,6599,6711
361120,6608,6685
7321,6613,6670
174122,6613,6686
141166,6626,6675
141167,6626,6705
284745,6714,6817
368037,6719,6775
255142,6728,6824
298357,6731,6843
13679,6741,6823
6808,6741,6841
1994,6742,6818
134340,6745,6835
319605,6745,6846
293075,6760,6849
312478,6761,6827
358895,6762,6806
150292,6762,6829
24388,6786,6851
266770,6795,6862
244,6871,6938
229464,6875,6962
290737,6898,6961
89186,6904,6964
13553,6916,6984
247871,6921,6983
53812,7104,7166
389229,7104,7170
202536,7104,7177
269553,7105,7163
256082,7116,7170
81589,7116,7178
87784,7118,7174
50536,7120,7168
378294,7125,7179
90499,7189,7296
237208,7202,7318
139844,7218,7306
204400,7220,7330
30103,7228,7334
397250,7231,7315
70042,7239,7350
380230,7239,7360
157521,7244,7311
158458,7248,7337
266035,7252,7328
375071,7252,7335
338376,7256,7317
391569,7261,7322
163471,7262,7341
100466,7263,7331
208620,7263,7344
90474,7267,7338
127589,7273,7337
44402,7278,7358
253952,7279,7337
13966,7287,7366
240173,7291,7339
223439,7295,7367
202535,7308,7369
235216,7525,7603
41179,7532,7602
278539,7534,7618
363088,7538,7603
296614,7608,7664
268292,7806,7929
50535,7807,7916
6464,7809,7875
330946,7809,7922
13956,7810,7899
51698,7817,7887
67834,7825,7912
13738,7829,7913
249040,7834,7915
1213,7836,7928
215217,7840,7921
158460,7840,7931
117143,7842,7913
320013,7842,7929
26387,7848,7912
176568,7857,7924
204675,7865,7926
360428,7867,7929
319978,7868,7923
27793,7871,7931
25523,7876,7932
158755,7886,7956
57700,7888,7929
278520,7953,8048
233889,8092,8175
162482,8094,8157
341997,8097,8157
322028,8110,8175
58934,8111,8184
377472,8113,8183
115826,8115,8193
43595,8119,8181
179988,8129,8191
43719,8135,8212
278520,8137,8222
337827,8140,8219
22664,8143,8213
274316,8145,8211
258182,8161,8222
143538,8174,8222
237799,8275,8337
349445,8280,8338
184907,8303,8366
71765,8306,8366
292407,8316,8373
199991,8316,8381
284746,8318,8395
66776,8322,8378
59080,8328,8382
139843,8335,8417
278520,8335,8432
120234,8351,8424
259443,8352,8431
247154,8355,8435
161683,8360,8433
303888,8363,8469
183534,8367,8440
312256,8372,8433
349421,8372,8439
80943,8375,8448
85403,8376,8439
376165,8378,8447
272989,8379,8464
354134,8382,8447
201725,8383,8444
167924,8383,8450
149211,8384,8443
245237,8386,8447
340717,8387,8460
97001,8399,8475
191098,8400,8463
86978,8401,8462
48750,8404,8450
186820,8412,8483
251829,8416,8478
315509,8417,8482
28749,8418,8483
10354,8419,8484
322029,8420,8483
309766,8422,8486
246610,8424,8485
33308,8504,8565
286787,8516,8579
19679,8517,8569
16360,8517,8587
345402,8520,8602
299756,8530,8594
218552,8536,8611
310596,8537,8591
278524,8537,8615
346502,8549,8617
54490,8554,8617
385124,8555,8610
345401,8562,8609
25295,8574,8617
345403,8607,8713
73986,8614,8699
373076,8616,8733
5620,8617,8720
190018,8620,8706
45300,8625,8719
195591,8625,8726
278541,8625,8816
7569,8626,8712
82390,8626,8747
16511,8633,8719
281655,8637,8737
150290,8639,8712
125629,8639,8788
184906,8640,8719
2971,8646,8798
284209,8648,8784
13957,8657,8803
345404,8661,8799
92425,8663,8791
266627,8667,8801
137786,8667,8824
291005,8672,8744
359038,8673,8793
373077,8679,8813
374053,8686,8809
394758,8692,8859
141168,8693,8803
284744,8696,8815
114142,8696,8850
16512,8701,8819
406146,8704,8810
13958,8705,8815
73045,8707,8819
300910,8708,8859
35001,8709,8775
332537,8711,8850
147302,8713,8841
63817,8714,8798
235217,8714,8804
402371,8714,8858
16960,8715,8796
45306,8716,8843
406147,8718,8835
19543,8719,8811
93225,8723,8820
166138,8724,8782
336135,8727,8851
82389,8735,8816
397451,8736,8814
398289,8738,8795
60356,8745,8802
75144,8745,8816
388658,8750,8862
235046,8900,8972
132641,8904,8977
262874,8909,8983
236724,8914,8975
116951,8915,8988
7932,8963,9023
201858,8972,9026
45127,8975,9025
278540,8998,9120
302720,9073,9153
67237,9083,9147
356015,9090,9153
326208,9196,9249
244094,9199,9246
176560,9199,9279
226554,9200,9275
171613,9221,9280
173515,9226,9301
372843,9282,9345
4015,9291,9374
342485,9292,9353
28750,9292,9357
272968,9315,9371
28751,9334,9389
125627,9497,9577
196050,9543,9603
66084,9685,9731
334074,9685,9734
149210,9685,9754
318370,9685,9762
82387,9696,9765
118180,9710,9767
207147,9718,9769
226535,9763,9835
245990,9844,9910
378068,9855,9922
95767,9950,10012
244143,10135,10216
253953,10135,10220
274241,10136,10203
131604,10145,10210
202448,10168,10231
278521,10264,10326
360810,10411,10488
51735,10414,10477
278521,10435,10509
60549,10677,10736
244,10838,10894
308672,10840,10893
3551,10842,10897
76926,10943,10985
355480,10945,10993
191149,10954,11019
218553,10954,11033
191860,10954,11040
238440,10955,11025
184905,10960,11023
387699,11009,11065
63907,11009,11068
304607,11169,11232
142241,11174,11233
300899,11207,11261
24171,11208,11251
224850,11218,11259
146704,11220,11276
148088,11242,11313
10353,11245,11308
222068,11272,11334
128537,11315,11365
275752,11545,11616
58957,11589,11663
165938,11602,11662
377473,11672,11726
191369,11787,11891
278538,12074,12164
273711,12106,12169
251602,12127,12203
14424,12271,12349
339127,12276,12349
13075,12278,12348
355481,12280,12349
385945,12287,12349
267751,12293,12350
278533,12294,12349
17688,12565,12617
294711,12567,12640
53564,12576,12638
42067,12579,12646
164442,12588,12636
218551,12588,12650
182436,12607,12686
288143,12610,12685
246079,12620,12686
186814,12715,12783
293809,12726,12790
392766,12728,12782
65965,12743,12804
322298,12745,12848
265850,12760,12842
244142,12763,12846
98544,12764,12839
13604,12764,12843
24658,12764,12853
219665,12765,12834
232818,12767,12840
208319,12780,12850
346501,12781,12842
187459,12813,12868
244,12817,12889
33569,12821,12875
3551,12823,12889
185627,12832,12890
303962,13058,13132
278523,13059,13175
22935,13061,13127
323349,13083,13145
137591,13099,13162
81866,13168,13224
287159,13193,13263
257637,13252,13321
68492,13298,13356
33317,13298,13361
99436,13300,13355
35499,13303,13368
43596,13317,13362
54489,13318,13367
278523,13549,13656
222069,13576,13676
137590,13585,13656
278536,13605,13678
192289,13607,13677
71821,13613,13670
143788,13613,13678
228560,13630,13708
58368,13658,13718
278529,13908,13959
252331,14102,14172
107203,14108,14182
13552,14110,14172
285152,14110,14178
13613,14112,14176
278532,14112,14213
278535,14121,14212
274240,14124,14182
41247,14124,14193
211733,14128,14182
149212,14137,14207
71060,14143,14209
316573,14150,14212
278526,14256,14349
244,14257,14320
368554,14257,14352
354713,14258,14345
69429,14264,14390
236224,14267,14328
146259,14280,14349
88746,14282,14378
247142,14287,14371
176025,14292,14343
69428,14292,14415
70214,14293,14354
59819,14293,14388
100789,14295,14402
147733,14298,14389
24004,14300,14391
143675,14302,14378
66527,14304,14412
225623,14305,14425
154222,14307,14406
66528,14308,14424
221855,14310,14404
293894,14311,14425
262872,14312,14407
317599,14313,14376
118185,14313,14410
363147,14314,14413
86418,14314,14419
78161,14315,14378
19247,14315,14395
146072,14315,14403
103651,14315,14411
310079,14316,14377
368036,14318,14380
190785,14319,14388
175211,14320,14395
117256,14320,14420
41331,14321,14382
58958,14323,14395
191148,14324,14384
87534,14326,14379
210144,14327,14391
342716,14329,14381
186457,14329,14391
162966,14332,14443
126349,14333,14383
184147,14333,14388
27794,14346,14434
161264,14347,14395
101044,14351,14457
246837,14359,14428
82383,14423,14509
241246,14427,14508
82384,14435,14505
162388,14435,14508
283577,14648,14702
54488,14650,14773
194148,14652,14748
63202,14655,14716
181786,14661,14747
41180,14665,14743
71061,14666,14749
5833,14666,14757
97002,14668,14748
240884,14679,14755
194249,14685,14755
244093,14685,14774
216633,14693,14772
189561,14695,14763
200800,14697,14754
120026,14698,14773
76258,14782,14844
146261,14784,14854
114424,14790,14853
1018,14791,14850
278530,14793,14854
86561,14793,14856
168570,14801,14884
93410,14802,14876
303149,14804,14880
231214,14805,14866
343900,14805,14888
238439,14808,14876
238438,14809,14872
146655,14815,14885
46021,14817,14884
50746,14821,14885
34527,14822,14889
165440,14831,14894
284742,14836,14903
280364,14841,14910
305167,14851,14918
49138,14853,14910
8227,14854,14919
65370,14854,14922
304090,14856,14929
256555,14859,14942
16781,14866,14930
53384,14877,14952
15422,14883,14990
372844,14920,14993
109068,14935,14988
191097,14935,14994
93866,14937,14987
286770,14992,15058
394677,14995,15058
404590,14996,15060
383786,15226,15295
311198,15237,15300
53066,15240,15307
338217,15345,15411
201726,15370,15451
96192,15381,15452
82381,15382,15462
40797,15388,15447
180266,15526,15579
53065,15528,15582
227615,15528,15586
376166,15560,15630
139235,15620,15693
206670,15629,15701
344549,15632,15698
126883,15650,15700
358513,15735,15802
386318,15747,15801
347401,15990,16040
221856,15992,16039
317355,16071,16114
229145,16076,16149
50912,16114,16209
193055,16131,16201
222357,16152,16207
151925,16183,16233
278531,16272,16339
266034,16292,16359
197613,16325,16397
220941,16528,16590
105115,16533,16593
34335,16539,16593
2076,16542,16587
275645,16542,16593
210145,16547,16608
251380,16548,16591
274167,16557,16609
376167,16747,16833
118379,16748,16814
231998,16750,16809
68802,16759,16823
285890,16770,16816
34845,16770,16856
128536,16805,16899
303961,16823,16884
16361,16824,16880
112734,16827,16889
15419,16828,16891
85405,16830,16900
13551,16833,16915
278509,16834,16878
318190,16835,16882
47057,16835,16917
269940,16837,16894
385676,16837,16902
217116,16838,16899
60909,16839,16900
67259,16839,16903
57699,16839,16907
147057,16839,16916
36377,16840,16899
216252,16840,16901
258792,16841,16908
60908,16841,16915
235137,16849,16930
14798,16852,16915
123902,16854,16911
222247,16855,16919
139463,16855,16924
384607,16856,16922
175153,16857,16912
383240,16858,16910
263065,16858,16918
264645,16858,16940
105600,16858,16963
169330,16859,16911
166591,16859,16913
9685,16859,16916
35000,16859,16950
313105,16859,16958
17754,16860,16910
325039,16860,16917
169329,16860,16921
225622,16862,16927
41481,16863,16935
229144,16863,16942
46204,16865,16916
407338,16865,16937
354618,16866,16947
2970,16867,16964
15421,16874,16960
156773,16882,16956
332536,16890,16959
176723,16892,16961
59403,16892,16998
128870,16906,16968
390800,16914,16969
343786,16917,16969
170367,16917,16988
129279,16918,16972
96383,16920,16974
402368,16921,16982
46241,16929,16975
41703,16935,16995
243786,16938,16993
45307,16958,17029
124498,16968,17034
245991,17007,17058
163770,17008,17077
295675,17044,17087
267564,17064,17136
134350,17286,17331
33998,17286,17339
255140,17286,17343
41702,17287,17366
266037,17287,17371
4430,17287,17379
189556,17288,17388
40653,17291,17354
362300,17291,17387
229842,17292,17375
132047,17292,17381
189843,17293,17384
218611,17295,17395
368555,17296,17388
37396,17298,17387
90472,17300,17366
278526,17303,17404
49217,17304,17393
244,17305,17367
281592,17305,17399
71305,17310,17372
184399,17311,17376
339290,17312,17403
244,17313,17383
158085,17313,17401
370854,17314,17386
191015,17320,17393
58909,17321,17384
18412,17322,17395
368035,17323,17390
36928,17328,17389
234526,17332,17402
238700,17334,17395
61310,17337,17398
247143,17338,17413
304614,17366,17431
68369,17401,17463
264993,17403,17499
287735,17403,17502
200835,17404,17464
185829,17404,17477
201382,17404,17491
61567,17406,17484
60266,17415,17490
126884,17415,17493
118747,17418,17483
274675,17421,17482
255141,17427,17500
401148,17440,17502
120088,17462,17503
291761,17557,17648
278529,17558,17619
117061,17560,17635
127046,17561,17622
265924,17570,17667
272960,17572,17664
291760,17573,17674
235142,17576,17664
235143,17580,17670
157520,17582,17663
176558,17588,17681
179529,17591,17667
179212,17591,17683
235141,17600,17685
278537,17601,17692
85404,17607,17668
111034,17607,17684
330820,17611,17687
402682,17626,17691
209187,17627,17682
21176,17645,17757
243366,17655,17751
16384,17675,17750
300909,17679,17771
27833,17681,17747
171745,17685,17747
45305,17685,17749
95766,17695,17763
118769,17719,17772
195461,17723,17772
113875,17827,17916
334073,17828,17890
278533,17828,17892
341996,17828,17897
364487,17828,17907
251828,17828,17911
45304,17831,17923
113874,17834,17931
140161,17900,17989
13614,17936,17993
278534,18006,18084
50914,18033,18098
50913,18033,18104
53385,18042,18110
171975,18044,18119
345405,18045,18104
133008,18045,18109
293123,18045,18117
229997,18046,18103
154235,18049,18102
5268,18054,18102
71025,18054,18118
308673,18055,18119
76260,18057,18104
109935,18130,18212
381108,18133,18225
126053,18167,18261
380231,18181,18266
300898,18189,18256
165444,18190,18268
13569,18197,18264
296613,18200,18261
334078,18202,18268
214856,18202,18271
385125,18202,18276
334387,18204,18269
83064,18205,18283
341345,18209,18275
10060,18213,18289
170870,18213,18296
155703,18398,18468
175919,18400,18464
274892,18400,18470
71959,18404,18465
7321,18404,18468
146914,18496,18549
139846,18497,18547
68801,18499,18547
234334,18511,18593
10224,18579,18669
300391,18740,18794
226536,18758,18841
50537,18765,18840
394678,18767,18833
192684,18774,18838
240683,18779,18840
250245,18898,18981
249504,18900,18951
236552,18904,18952
378293,18906,18971
151109,18914,18978
391265,18917,18976
317448,18919,18981
334388,18934,19012
336582,18937,19001
380766,18937,19012
64672,18942,19027
182437,18945,19003
305188,18947,19012
128132,18954,19015
299962,18966,19012
317600,18968,19039
234333,18971,19042
124371,18973,19045
352744,18975,19029
160157,18978,19037
296967,18978,19042
161265,18979,19031
86419,18980,19039
167854,18980,19042
274676,19005,19091
111246,19007,19066
70761,19007,19092
338990,19016,19091
151037,19021,19091
34846,19034,19096
79944,19036,19088
92426,19048,19126
278525,19189,19298
225621,19191,19265
278532,19197,19298
200481,19205,19280
117257,19210,19294
150289,19211,19286
401932,19212,19275
33306,19212,19277
278530,19213,19265
2075,19214,19278
134339,19214,19285
2607,19220,19285
86420,19221,19283
110630,19221,19293
195212,19222,19282
372842,19229,19299
192288,19235,19287
356014,19256,19298
149609,19496,19583
167263,19515,19583
237800,19517,19581
382301,19546,19589
41622,19550,19604
78208,19687,19747
356013,20016,20061
46025,20185,20248
361681,20191,20252
79945,20193,20258
10059,20195,20258
278522,20388,20484
378067,20447,20519
50911,20473,20517
347400,20476,20544
14579,20487,20536
278522,20575,20671
281678,21026,21088
295809,21027,21089
4795,21048,21105
278531,21333,21407
278525,21524,21624
46024,21526,21578
278535,21530,21623
205058,21538,21597
68491,21547,21617
97009,21551,21623
13129,21558,21623
1305,21717,21800
198150,21717,21807
137,21728,21800
1878,21871,21932
196354,22013,22097
214114,22014,22086
115634,22015,22104
37485,22052,22113
28621,22056,22113
339291,22058,22112
69427,22206,22269
102397,22212,22262
115633,22244,22350
279278,22254,22319
46022,22259,22339
198149,22265,22336
13961,22267,22325
102397,22269,22335
102221,22269,22349
264406,22271,22339
18306,22286,22351
103917,22287,22350
50812,22501,22571
85488,22513,22609
6195,22515,22613
352283,22516,22611
342486,22516,22618
284741,22530,22607
13967,22530,22615
1994,22532,22609
28620,22586,22670
262871,22589,22646
352713,22601,22670
229843,22607,22678
13960,22610,22673
319669,22612,22677
97010,22614,22673
339126,22614,22677
125630,22615,22678
204674,22617,22679
220881,22618,22672
385722,22766,22825
278527,22785,22834
270819,23139,23196
293047,23173,23230
59404,23180,23245
339386,23191,23264
81783,23193,23245
235215,23197,23269
191118,23199,23257
391308,23199,23265
278539,23199,23277
254193,23208,23260
57781,23211,23253
240883,23274,23339
394679,23285,23365
60548,23288,23375
60547,23300,23375
240882,23304,23354
215181,23308,23374
322635,23311,23369
175888,23312,23366
193280,23318,23366
291004,23326,23374
75181,23748,23838
109671,23762,23839
380801,23779,23838
55963,23790,23832
242260,23902,23967
125628,23910,23974
284348,23915,23981
145530,23915,23991
177110,23931,23997
134348,23946,23997
408163,24130,24213
372414,24132,24222
124778,24149,24216
391306,24341,24388
296612,24350,24409
311199,24360,24408
207054,24403,24455
320837,24523,24564
99342,24601,24660
363757,24603,24662
120027,24645,24720
224849,24855,24940
9806,24866,24938
321060,24883,24952
278534,25180,25254
394176,25184,25253
15418,25235,25310
33307,25245,25308
204673,25331,25422
116594,25333,25385
402042,25359,25423
364902,25396,25461
225373,25397,25449
167610,25397,25463
106397,25401,25466
237355,25404,25488
7441,25408,25492
250054,25414,25482
170871,25416,25491
171974,25419,25489
220882,25426,25487
139462,25426,25491
286297,25426,25504
174448,25427,25521
174449,25427,25530
87875,25428,25513
354135,25429,25489
13245,25429,25493
16362,25429,25503
139867,25429,25507
389069,25430,25484
133803,25430,25500
89185,25431,25481
313666,25431,25512
168861,25432,25486
53244,25432,25502
118378,25433,25498
284016,25433,25509
137164,25435,25498
318699,25436,25520
118377,25437,25498
4714,25440,25497
406663,25442,25496
317745,25442,25507
38590,25444,25517
179302,25444,25525
95944,25450,25523
214620,25451,25498
18232,25453,25516
34528,25453,25529
161266,25454,25506
41588,25454,25512
40879,25454,25523
262384,25454,25532
360200,25455,25527
336755,25456,25509
276938,25457,25524
146260,25458,25533
175152,25460,25511
187669,25461,25513
261029,25462,25530
356260,25464,25532
125822,25466,25528
139847,25466,25530
229912,25514,25572
139234,25533,25597
397881,25540,25603
174564,25542,25602
5912,25567,25627
176721,25898,25951
396117,25898,25960
322195,25898,25975
272988,25898,25993
364191,25899,25985
305189,25903,25956
77413,25920,25989
10058,25920,26003
111033,25920,26018
196353,25921,25992
348110,26028,26106
175611,26123,26192
184903,26146,26210
391307,26173,26234
278527,26183,26249
45303,26184,26245
85284,26291,26372
9263,26293,26379
302719,26296,26380
7121,26307,26386
72814,26330,26391
83167,26343,26410
228431,26349,26401
229952,26350,26403
46023,26352,26415
179528,26445,26510
2758,26498,26559
229463,26499,26562
155701,26503,26562
229142,26653,26718
339533,26664,26747
158754,26672,26782
229143,26673,26737
10061,26677,26761
1461,26681,26750
320544,26683,26771
166352,26687,26779
75183,26696,26772
307293,26704,26785
166394,26706,26782
37971,26711,26753
356012,26711,26776
70758,26713,26794
25270,26714,26769
200799,26715,26799
68803,26720,26771
164443,26720,26774
39619,26725,26772
45298,26752,26843
45299,26773,26868
394757,26778,26908
266626,26780,26888
373075,26780,26904
73448,26782,26841
128196,26782,26874
45300,26782,26877
394226,26784,26894
195593,26786,26846
5620,26786,26876
5678,26786,26889
141164,26787,26919
82385,26787,26952
278541,26787,26963
13959,26788,26933
327485,26790,26859
345406,26794,26940
125631,26801,26957
394756,26802,26962
388640,26803,26875
284739,26803,26953
284740,26818,26955
92427,26820,26946
268757,26825,26961
359037,26835,26943
2969,26839,26958
176722,26841,26927
82386,26842,26963
394755,26851,27015
42557,26853,26971
9822,26855,26962
37667,26856,26927
195592,26859,26954
284212,26864,26976
397453,26867,26972
394227,26869,27001
300908,26869,27030
63817,26871,26950
16510,26871,26977
292083,26872,26933
47947,26872,26936
45301,26872,26971
114141,26872,26999
332535,26872,27003
19543,26877,26956
150552,26880,26927
389887,26880,26964
334120,26893,26963
45302,26900,27000
75144,26901,26962
406903,26914,26963
206367,26914,26968
190504,26914,26986
406145,26917,27001
389886,26924,27025
355084,26935,26998
106156,26935,27036
182685,26940,27021
170872,26948,27047
32225,26965,27041
142649,26965,27046
189506,26972,27035
2181,26974,27046
278540,27112,27233
275533,27165,27233
127045,27174,27239
45976,27175,27285
33305,27176,27293
35562,27177,27283
96707,27178,27254
79808,27185,27301
163771,27191,27294
350830,27191,27306
132640,27192,27290
146258,27193,27270
27999,27194,27273
27795,27194,27281
291759,27195,27299
26479,27197,27270
15420,27198,27265
45505,27199,27278
144630,27200,27313
153634,27202,27270
291758,27204,27323
151551,27205,27318
151552,27215,27352
9587,27216,27280
287558,27216,27289
105395,27216,27319
191368,27218,27307
298358,27229,27330
272962,27230,27291
288587,27233,27310
291757,27238,27355
265923,27245,27355
117060,27249,27321
272961,27251,27341
176557,27270,27354
181546,27271,27362
177114,27283,27344
59866,27290,27349
67979,27290,27368
385944,27292,27375
13344,27294,27403
155702,27305,27364
251603,27307,27368
401147,27339,27404
11753,27350,27404
402370,27353,27403
289136,27491,27537
14646,27624,27686
274893,27624,27693
4869,27630,27695
141163,27637,27696
44104,27751,27801
368158,27819,27890
132860,27877,27931
8932,28004,28066
85334,28047,28120
360987,28110,28188
323358,28114,28191
298359,28193,28270
165937,28224,28266
298340,28467,28516
286788,28480,28537
148087,28491,28565
129018,28492,28574
100465,28492,28584
295808,28494,28585
360007,28495,28559
142650,28495,28582
110979,28496,28578
269709,28496,28589
75182,28504,28578
11466,28508,28573
154221,28510,28573
14646,28518,28583
324604,28520,28585
7321,28523,28586
233349,28791,28854
260120,28817,28888
190519,28866,28917
82382,28919,28982
157519,28920,28993
47058,28925,28977
308927,28928,28983
317744,28929,28991
192286,28929,28994
92869,28935,28996
305971,29033,29099
377876,29301,29358
34999,29335,29400
30063,29336,29416
8707,29338,29411
231686,29344,29397
21822,29344,29403
107125,29345,29422
106533,29357,29420
144629,29359,29420
191367,29362,29419
13343,29370,29420
265849,29585,29653
251604,29598,29662
408164,29607,29680
251263,29625,29682
402681,29626,29679
19356,29626,29688
6988,29627,29677
267648,29631,29688
164444,29633,29680
408165,29633,29684
135473,29640,29698
18088,29686,29760
20992,29694,29762
236553,29697,29773
213452,29701,29762
201381,29705,29774
133125,29708,29765
225374,29708,29819
160793,29721,29816
44377,29841,29908
1703,29848,29909
327484,29913,29987
192287,29928,29982
