63891,147,227
42902,149,241
228853,150,277
88139,154,266
48865,161,222
369682,164,227
300948,176,271
317648,180,276
57523,183,277
239198,188,280
333863,189,277
335479,218,300
149391,222,280
73994,406,469
246980,407,459
191418,439,500
36838,514,635
327208,570,632
182502,577,664
287445,606,668
44881,635,696
124500,906,981
119835,946,995
58361,1345,1404
33945,1348,1407
296754,1351,1401
187528,1352,1403
293305,1491,1556
246337,1559,1642
273190,1563,1644
200435,1565,1701
363721,1566,1629
88506,1575,1645
213318,1579,1689
44331,1619,1717
38935,1653,1717
344810,1655,1719
393643,1903,1962
174940,2021,2088
79697,2022,2084
177748,2246,2318
38355,2504,2628
8017,2544,2622
348850,2544,2640
304528,2552,2640
244084,2739,2792
200434,2893,2971
239029,2909,2973
354871,2913,2988
124039,3016,3073
348850,3697,3805
160248,3701,3801
38354,3704,3820
36838,3710,3830
85211,3762,3870
181114,3767,3851
9471,3802,3868
79924,3815,3870
389210,3816,3866
220819,3816,3868
41853,3827,3929
273867,3838,3930
55831,3839,3948
44522,3843,3929
32729,3843,3945
53579,3851,3938
131216,3855,3924
8739,3861,3930
141372,3862,3940
178798,4262,4330
55832,4401,4457
274000,4404,4459
