361283,115,228
279083,128,266
97800,132,230
59707,132,239
356859,132,247
268582,133,221
220301,134,263
188733,135,241
299565,136,249
55251,137,258
295921,138,247
142129,142,264
332380,144,252
116112,147,239
68068,147,273
64928,148,257
17217,148,267
189423,150,239
174607,152,234
171204,154,264
283789,155,269
261004,156,250
28227,156,272
234974,161,217
91820,161,247
139247,162,281
17722,164,288
2251,165,273
37622,167,253
202381,167,260
49669,167,278
232737,168,264
289899,168,291
225655,169,239
36416,174,286
295915,176,239
109558,176,249
214888,176,284
226403,177,288
24562,178,273
171777,183,266
9614,187,255
32437,188,300
7813,191,257
5229,192,278
157006,196,290
169595,199,288
215214,204,317
122507,219,293
295920,223,296
280427,244,293
47045,318,383
364892,339,433
169942,348,411
367746,349,414
313362,364,439
302267,367,444
32933,373,448
31812,380,440
202380,383,440
45296,385,452
191481,414,476
346920,550,602
202435,567,634
25737,580,629
51798,640,714
227770,646,704
228149,647,715
338643,653,714
286193,657,721
373820,658,719
195433,779,821
122437,857,919
165533,1134,1196
303886,1135,1199
115126,1232,1337
376214,1245,1317
405481,1261,1316
43124,1287,1351
150433,1295,1349
72478,1299,1353
358376,1302,1376
37737,1316,1393
355371,1317,1379
316854,1320,1383
358316,1360,1424
229671,1362,1432
323216,1381,1448
120063,1386,1451
167245,1388,1460
260227,1395,1459
304742,1399,1474
86441,1400,1472
113592,1402,1474
291159,1404,1468
139434,1404,1475
81201,1405,1493
404141,1407,1475
202434,1410,1487
232478,1412,1474
174805,1414,1475
208266,1418,1485
34869,1434,1485
359770,1436,1500
157832,1437,1502
149349,1439,1491
102952,1770,1854
46331,1771,1832
65502,1773,1840
8360,1774,1837
125609,1775,1842
253737,1815,1877
289533,1852,1914
248005,1854,1927
225135,1859,1964
125266,1876,1967
275646,1884,1967
257017,1884,1973
205657,1902,1970
258344,1939,1993
207043,1943,1988
25927,2056,2131
115749,2101,2166
130602,2241,2306
191683,2245,2323
68983,2250,2312
82692,2252,2323
135278,2256,2305
51154,2257,2318
112859,2261,2327
52753,2274,2336
350282,2281,2329
357860,2305,2378
181406,2431,2500
149717,2433,2533
47543,2437,2490
207395,2444,2505
84129,2447,2518
134108,2448,2522
29821,2454,2525
170846,2454,2528
263180,2459,2535
1976,2482,2531
9470,2482,2535
273409,2483,2534
332507,2712,2778
84602,2874,2933
25330,2874,2937
147570,2874,2943
313709,2874,2956
89194,2874,2960
7836,2874,2967
18594,2874,2972
127882,2875,2950
68295,2876,2938
379282,2876,2940
396235,2876,2984
95652,2877,2933
4587,2877,2953
188882,2878,2939
353331,2878,2947
35574,2878,2957
10678,2880,2948
152686,2882,2961
313710,2882,2966
188766,2884,2964
361572,2888,2951
182002,2888,2953
245981,2889,2961
232628,2890,2950
133309,2890,2953
54300,2893,2950
229672,2894,2959
401789,2896,2957
208265,2897,2972
18087,2902,2965
357676,2904,2991
4945,2911,2984
82067,2919,2984
41558,2920,2981
105050,2922,2986
71486,2922,2992
349525,3013,3070
97801,3014,3079
62473,3044,3098
57730,3110,3181
190419,3111,3183
346790,3113,3179
27269,3241,3333
302974,3243,3341
304161,3244,3335
298011,3252,3352
121366,3253,3342
399957,3258,3333
393474,3259,3337
97802,3263,3345
193351,3264,3336
276545,3267,3337
200692,3273,3369
342447,3278,3342
43968,3290,3353
165288,3418,3513
90068,3435,3510
79128,3580,3643
221316,3594,3643
44330,3595,3642
119004,3596,3646
4263,3596,3659
121459,3666,3721
393013,3736,3803
267013,3941,4020
267012,3941,4048
241048,3948,4002
234739,3977,4046
198962,3985,4045
4944,3985,4048
170845,3988,4048
375350,4071,4141
223819,4084,4145
52200,4088,4140
318671,4089,4141
76271,4090,4165
25062,4091,4187
114354,4096,4193
263181,4106,4167
293585,4106,4189
189637,4107,4168
40722,4109,4170
183789,4109,4180
284466,4113,4183
390765,4114,4180
134322,4114,4187
346017,4118,4186
37994,4119,4196
283790,4124,4195
23949,4126,4194
221888,4131,4193
270645,4139,4186
280572,4142,4188
38400,4149,4198
23788,4245,4300
198963,4247,4312
287046,4251,4311
355826,4264,4326
41457,4275,4335
179632,4428,4486
58718,4514,4563
171696,4514,4565
268572,4514,4577
199240,4514,4579
45970,4514,4583
39072,4524,4565
38399,4705,4788
118139,4711,4786
120796,4711,4790
