313926,107,173
37320,107,196
113749,108,179
91373,108,201
50916,117,196
201128,121,184
227275,123,200
199649,124,180
30129,127,196
113860,132,204
43381,132,209
222627,135,201
383670,143,198
405377,146,206
313928,148,217
39575,150,196
66700,152,199
336183,158,205
21870,180,242
166236,182,245
307292,237,290
27872,251,316
261735,255,317
251059,340,405
20260,501,543
149224,514,583
232930,517,586
263053,532,614
188675,540,611
142453,541,613
309574,544,619
28269,545,628
190625,549,613
98295,549,630
393139,552,624
202626,570,621
383938,619,693
361920,622,692
251058,737,817
396018,994,1058
203716,1027,1087
94962,1028,1102
349372,1035,1093
394574,1036,1120
207874,1037,1105
364942,1047,1119
268730,1053,1104
141139,1067,1168
254658,1070,1137
349,1097,1154
20963,1153,1206
65506,1303,1403
100611,1304,1414
227953,1308,1414
231045,1309,1373
14063,1310,1405
68368,1315,1407
251369,1315,1411
65507,1317,1408
260279,1317,1416
248537,1322,1406
368884,1324,1408
347017,1327,1392
5645,1328,1408
325649,1333,1405
384295,1336,1410
28509,1343,1403
162673,1421,1482
151109,1424,1476
204561,1424,1479
99897,1720,1770
8969,1825,1877
259412,1825,1896
199043,1826,1881
65508,1826,1900
256001,1833,1880
328707,1855,1924
30404,1859,1920
31499,1874,1926
120654,1878,1946
148412,1880,1926
6354,1880,1936
232528,1882,1956
68360,1886,1931
349347,1889,1985
68898,1898,1959
68702,1956,2027
345104,1958,2039
372915,1966,2046
70243,2038,2123
34976,2047,2161
28019,2051,2174
288793,2056,2174
99741,2061,2175
142089,2063,2173
200679,2064,2192
68361,2068,2174
69459,2073,2173
203717,2076,2185
317849,2091,2192
166453,2094,2151
21871,2095,2168
256043,2096,2162
252967,2096,2187
233894,2098,2180
313927,2098,2183
21191,2099,2168
248841,2099,2171
247362,2100,2174
274707,2100,2178
248019,2102,2175
375741,2107,2169
317850,2116,2192
