111193,84,141
145167,85,156
285214,88,161
278029,91,141
177288,96,160
142852,98,163
309555,98,182
36781,103,226
222469,111,204
137274,114,208
236732,115,220
311414,117,214
383183,121,171
360207,121,199
63453,126,220
63452,126,226
334767,133,214
278792,133,222
246199,147,220
49972,183,252
3543,192,248
255054,202,264
398817,206,288
139443,214,304
184108,215,321
181367,241,303
331079,445,514
186420,446,506
360340,448,518
28991,450,514
91882,455,513
32847,455,517
280244,455,539
128540,456,529
230578,458,527
103977,459,508
278071,460,531
326475,470,518
353736,474,528
112085,476,529
63174,478,565
250500,491,554
383630,783,847
88717,898,985
366197,901,986
44439,929,985
331448,939,1010
303962,1141,1213
10189,1161,1221
9476,1390,1466
262090,1519,1582
382788,1899,1955
103978,2281,2336
72755,2367,2474
255043,2382,2473
242441,2390,2453
351874,2390,2492
66735,2391,2452
72756,2481,2634
120717,2487,2607
104268,2488,2582
340277,2498,2634
63175,2506,2609
125641,2514,2588
66795,2533,2611
96172,2533,2615
102960,2536,2583
394097,2547,2633
