14002,116,215
104120,116,222
14001,117,173
37320,117,200
91373,117,211
324212,129,213
32986,131,221
348053,132,206
348052,134,220
243683,418,475
210639,433,477
301447,525,589
149382,526,592
239703,747,827
183721,749,844
58520,754,873
221664,815,911
119366,843,911
208642,845,912
137846,845,930
139838,877,953
124328,879,964
41414,889,968
136217,896,963
86679,897,986
73608,903,965
2288,1045,1108
15030,1259,1320
366668,1417,1483
168848,1418,1482
2925,1578,1646
391299,1579,1654
6136,1581,1659
156607,1722,1801
46229,1751,1816
242096,2143,2207
151622,2144,2205
63636,2146,2205
292064,2147,2204
227187,2152,2215
287241,2240,2328
333066,2266,2327
300921,2278,2338
21076,2516,2638
116482,2557,2645
98332,2564,2629
351990,2564,2633
239702,2565,2626
1325,2570,2643
408463,2571,2641
223228,2572,2635
211151,2574,2637
345036,2577,2642
136216,2580,2643
310250,2890,2996
76813,3045,3096
342720,3192,3296
126054,3208,3253
328982,3219,3292
185930,3474,3547
371064,3477,3541
64422,3479,3547
292063,3487,3550
240548,3493,3547
136218,3494,3558
298179,3500,3561
212221,3549,3615
249853,3555,3659
400099,3583,3633
342721,3583,3694
193666,3771,3892
342483,3781,3896
249854,3786,3898
48398,3806,3902
309762,3818,3877
26408,3819,3885
119231,3938,4001
151621,3943,4001
278553,3948,4007
322260,3958,4032
178560,3972,4033
229973,4266,4340
292065,4266,4366
254263,4266,4386
126520,4278,4393
380125,4278,4400
3935,4282,4391
253401,4290,4389
191797,4305,4404
278959,4310,4395
68936,4314,4389
334265,4315,4423
278960,4317,4400
139514,4318,4405
388969,4322,4428
28469,4324,4422
310249,4327,4412
202953,4328,4434
298972,4329,4445
72446,4330,4432
14779,4330,4436
139112,4335,4389
339566,4335,4410
8220,4335,4416
50844,4335,4438
43468,4336,4433
370850,4339,4396
7556,4339,4412
96745,4342,4394
2287,4354,4423
163455,4377,4450
109528,4397,4444
34102,4398,4456
43467,4403,4472
139078,4413,4486
118558,4477,4539
394125,4637,4720
26945,4788,4914
214013,4805,4889
214014,4826,4914
175814,4832,4914
139909,4992,5067
400287,4993,5083
139153,4995,5048
43636,4998,5070
405577,5026,5092
247900,5029,5094
359366,5031,5095
366974,5032,5093
301943,5035,5079
121997,5259,5323
239433,5356,5408
50833,5363,5415
338836,5719,5768
334104,5719,5782
78761,6350,6404
105052,6364,6419
374896,6422,6477
92434,6522,6572
292066,6522,6575
380124,6522,6598
223229,6524,6591
11283,6526,6580
370362,6530,6602
366955,6578,6645
92650,6620,6675
350277,7054,7122
8482,7073,7128
21440,7123,7183
253400,7506,7586
239758,7516,7595
180289,7519,7599
18623,7522,7598
341862,7535,7598
2289,7841,7904
139077,8129,8257
53008,8374,8430
305655,8449,8498
287597,8510,8563
274405,8729,8797
252763,8763,8812
139077,8914,9041
404827,8915,9025
339565,9019,9111
91319,9038,9131
145871,9155,9229
81021,9162,9229
204923,9169,9230
239701,9170,9229
139078,9305,9371
112664,9316,9380
211737,9963,10017
340638,9963,10022
1965,10142,10209
64993,10347,10398
312193,10832,10896
178559,10838,10904
382285,10842,10892
168847,10846,10896
185089,10891,10963
29039,10904,10963
96450,10919,10983
383519,11164,11245
51057,11169,11245
78306,11173,11244
25019,11175,11245
334516,11180,11242
303059,11182,11245
164121,11197,11243
169694,11554,11607
112663,11668,11745
315829,11671,11756
391298,11883,11944
137845,12042,12097
369219,12044,12103
75136,12246,12301
256384,12246,12305
366332,12462,12523
215999,12463,12515
6304,12545,12601
101676,12658,12724
275580,12659,12720
143444,12659,12722
151398,12659,12741
153719,12660,12721
259642,12660,12724
308725,12661,12723
324317,12661,12727
231295,12662,12725
14109,12663,12719
78762,12663,12721
50634,12663,12723
139513,12663,12726
238469,12665,12726
154102,12665,12739
385067,12666,12719
119232,12672,12739
227639,12941,13059
14777,12956,13075
394444,12990,13061
269488,12991,13092
14776,12996,13080
14778,12997,13076
340637,13040,13112
325050,13056,13109
130579,13064,13113
240080,13461,13548
309354,13474,13554
86258,13475,13548
46171,13475,13580
144601,13484,13549
3696,13485,13547
88370,13485,13575
88371,13485,13580
108855,13487,13576
14780,13488,13580
335588,13489,13550
4263,13494,13554
32657,13494,13563
41956,13494,13580
246639,13499,13580
326777,13502,13563
177788,13502,13579
41691,13503,13575
356157,13515,13580
367544,13516,13579
17213,13517,13580
136215,13522,13579
278108,13524,13580
213109,13713,13793
331088,14438,14512
356253,14539,14610
197933,14542,14604
31522,15174,15268
236150,15831,15891
105729,15854,15916
382437,16212,16307
138780,16273,16337
294357,16320,16381
119244,16474,16558
23225,16485,16553
400286,16488,16558
214194,16490,16552
41955,16490,16557
159622,16496,16557
373651,16496,16568
159621,16501,16558
54420,16501,16573
4263,16504,16561
391297,16508,16608
230989,16560,16630
310122,16567,16670
123197,16588,16688
16686,17025,17082
37691,17028,17089
252761,17180,17256
89946,17296,17345
183722,17368,17428
331086,17383,17454
1190,17402,17455
294422,17708,17762
154103,17890,17983
359189,17913,18040
136214,17972,18055
110817,18060,18145
98067,18067,18156
252762,18076,18157
217640,18076,18164
218173,18077,18155
331087,18080,18168
293943,18086,18167
75145,18090,18164
400285,18094,18167
339564,18095,18163
55925,18096,18168
156606,18099,18168
309761,18100,18165
72498,18419,18502
135795,18422,18500
218012,18429,18494
209140,18432,18507
316936,18434,18496
180965,18434,18526
19694,18437,18502
19693,18440,18507
349024,18749,18796
307038,18749,18798
216932,18751,18796
317426,18868,18935
165021,18887,18962
347827,18936,19002
242770,18936,19031
3190,18937,19033
132359,18940,19019
407612,18942,19039
370343,18943,19018
164149,18976,19030
269128,18976,19064
296531,18985,19068
348049,18989,19059
348048,18989,19063
348050,18989,19088
348051,19000,19093
204364,19003,19061
371801,19007,19072
