283038,2624,2685
222993,4750,4828
291686,4752,4813
29165,4753,4824
81462,4756,4820
265532,4757,4819
222992,4759,4838
219681,5394,5443
342632,5403,5455
159798,5954,6005
150988,5964,6006
222386,7154,7199
393999,10266,10328
10186,10357,10410
124690,10868,10929
212947,10879,10948
126495,10884,10947
5320,10884,10951
216689,10886,10952
364100,10887,10950
308308,10893,10950
80909,10897,10962
46052,10898,10950
365650,11215,11271
30038,11640,11687
400317,12021,12081
281595,17698,17767
295254,17708,17752
159906,19251,19315
332298,19819,19865
307631,19827,19868
251924,21092,21145
69001,23863,23919
210985,28855,28910
222991,28878,28935
115855,28881,28941
372948,28981,29078
49462,28987,29060
97558,29067,29150
258830,29080,29142
30875,29081,29157
23393,29082,29149
333189,29082,29163
82,29097,29144
300429,29101,29156
253205,29115,29171
182815,29116,29167
189935,29117,29166
353282,29119,29165
235735,29271,29337
302929,29348,29424
167110,29358,29427
64393,29363,29444
62887,29435,29485
35702,29530,29597
49462,29746,29819
372947,29748,29816
350425,29823,29870
