229089,151,211
212187,158,209
55196,160,212
110904,164,213
234245,381,438
303891,382,446
279271,387,435
67262,398,440
308900,655,719
48328,1481,1533
355152,1482,1547
286582,1485,1539
28343,1488,1550
21275,1488,1557
261450,1490,1573
172348,1585,1642
39066,1598,1645
229673,1791,1847
391135,2031,2100
3962,2032,2087
203312,2036,2098
232151,2367,2426
388053,2374,2431
371265,2446,2499
193360,2447,2508
13453,2467,2524
363052,2471,2526
63751,2471,2528
331745,2472,2533
380155,2565,2617
35076,2565,2621
166589,2847,2909
54348,2983,3035
240367,2983,3042
77164,2984,3066
77163,2985,3059
16051,2995,3050
343080,3022,3083
127613,3022,3109
86832,3023,3106
66448,3025,3094
368330,3026,3083
330053,3032,3116
112067,3045,3106
193421,3050,3117
131878,3052,3113
378971,3056,3107
169844,3079,3143
144988,3119,3190
231990,3617,3681
325060,3686,3732
320583,3689,3738
257830,3694,3768
291258,3700,3750
184948,3726,3794
318554,3728,3792
391134,3734,3804
164174,3748,3810
166643,3749,3831
297842,3753,3811
401333,3753,3815
236393,3785,3844
121690,3832,3920
163135,3833,3897
144988,3971,4042
407417,4000,4043
395388,4251,4313
247729,4381,4457
329209,4390,4457
9223,5408,5478
151931,5409,5475
402657,5411,5480
57233,5414,5479
136031,5494,5548
334401,5507,5589
402658,5534,5614
92105,5535,5603
340803,5535,5609
236640,5537,5614
192905,6130,6183
216210,7049,7105
273231,7050,7111
101898,7051,7116
360804,7053,7117
382071,7055,7120
236639,7056,7112
179912,7057,7101
36663,7068,7111
25808,7322,7368
367259,8469,8525
213672,8472,8528
404591,8473,8526
177996,8556,8626
261351,8913,8964
269038,9203,9256
