43967,367,445
5229,369,437
63093,371,438
485,373,437
329700,394,467
177430,418,471
185399,431,473
357148,631,677
21126,631,679
152184,897,958
301279,899,957
313588,1484,1565
308853,1705,1783
260470,1794,1867
90650,2252,2353
196239,2264,2343
22873,2268,2360
407694,2271,2393
90651,2273,2360
126722,2278,2342
147732,2283,2391
160043,2286,2390
45535,2290,2358
204725,2295,2396
105797,2307,2395
43650,2307,2415
185296,2310,2360
153743,2311,2372
37263,2311,2376
216948,2314,2406
223023,2318,2383
230451,2321,2385
72852,2321,2390
286285,2328,2397
316398,2328,2419
403435,2333,2396
360430,2333,2399
96606,2726,2782
57597,2758,2834
272462,2814,2886
147733,2826,2909
252577,2831,2909
76645,2833,2914
363133,2835,2911
12358,2835,2916
175980,2839,2919
259040,2840,2907
52634,2842,2916
81360,2846,2911
385316,2848,2909
150245,2851,2912
346987,2857,2913
144375,2905,2970
188262,2915,2969
35942,3011,3076
354830,3025,3094
235836,3245,3322
247771,3687,3749
295228,3695,3750
302618,3942,4000
295724,4091,4136
371966,4103,4197
89969,4105,4196
115781,4550,4634
130606,4735,4799
37394,4753,4801
324258,5013,5092
308365,5025,5088
180882,5256,5314
257089,5401,5465
1484,5565,5639
343402,5581,5640
272562,5591,5691
314894,5597,5651
346077,5750,5824
308664,5762,5829
157826,5762,5833
235046,5777,5834
243693,5929,5985
168548,5956,6049
80899,5992,6056
129312,5992,6097
18002,6008,6090
58397,6008,6097
243692,6017,6096
377031,6021,6090
89877,6027,6091
82170,6032,6097
221087,6035,6097
147731,6205,6271
43848,6828,6879
7616,6828,6912
147108,6834,6896
215992,7062,7119
403434,7464,7519
347482,7465,7555
383596,7468,7533
94678,7472,7542
71258,7537,7584
171743,7537,7597
372873,7545,7619
320373,7841,7917
315474,7864,7933
401123,7872,7934
232454,8025,8075
394094,8026,8073
46859,8028,8094
234245,8152,8205
306419,8152,8207
54493,8154,8205
43990,8843,8899
