51101,263,328
272915,263,365
142588,350,467
272914,521,588
274,523,576
243042,726,784
83332,1018,1082
143657,1020,1082
256768,1027,1094
228620,1031,1099
337445,1034,1083
34558,1712,1775
299561,2348,2410
277614,2488,2559
47761,2490,2581
27129,2492,2561
270431,2511,2583
291989,2512,2574
276583,2514,2579
97981,2516,2578
404294,2519,2578
111700,2519,2591
11713,2522,2575
158357,2522,2587
316058,2525,2588
119057,2622,2687
119058,2643,2707
374010,2646,2708
160418,2655,2708
88818,2657,2707
91823,2690,2754
171969,2702,2746
9202,2807,2873
123560,2818,2913
113833,2825,2913
354090,3050,3140
367533,3349,3426
33723,3351,3424
330648,3473,3538
354090,3482,3578
10925,3624,3697
196919,3637,3698
339634,3846,3911
276082,3850,3914
135811,4089,4154
104747,4810,4875
387680,4906,4969
282388,4907,5001
178453,4921,5029
396431,5332,5418
