336565,111,176
34474,135,191
228159,137,193
227371,240,304
224469,240,317
209114,240,342
281569,240,346
119514,241,292
294782,243,362
106313,272,345
396014,274,386
124729,279,373
2220,282,385
136678,288,391
262678,294,422
281568,296,431
307544,297,380
310275,297,385
305104,298,427
142147,301,439
3967,302,389
88712,303,398
6668,305,397
120261,306,347
169912,306,449
377468,307,380
336566,307,395
224468,307,458
19247,308,387
107294,308,398
188764,309,416
175211,313,388
16927,313,409
302334,313,417
262024,317,372
211276,318,411
159157,318,414
11636,321,379
62318,321,387
144565,321,391
266646,322,375
48005,326,458
241961,327,431
377449,330,379
20046,332,415
284568,332,444
315869,339,395
67030,339,468
282657,340,450
397547,341,466
283501,346,433
73253,350,420
227926,350,428
224467,350,478
311109,354,438
233939,358,451
33434,360,437
359554,364,451
55497,364,460
122630,366,465
196180,367,458
75878,372,469
129135,373,448
50758,373,458
189478,374,466
341419,376,459
83185,377,440
239379,381,462
2462,382,458
112589,382,467
162604,382,511
130265,384,500
338725,385,468
48004,386,473
13910,388,460
405761,388,496
279131,389,511
243293,392,496
143945,392,519
241251,392,537
116605,393,489
147708,393,529
349484,400,478
405441,401,516
53201,402,465
13058,405,463
12288,417,478
67029,428,568
376751,440,492
191625,461,542
68320,462,534
363413,464,538
5492,465,534
78229,468,566
117281,471,541
4091,485,590
68197,490,560
117282,492,554
297469,493,590
54469,496,611
117395,505,617
6804,507,611
9799,509,589
241530,510,573
341101,514,588
286197,516,620
44543,517,603
27737,519,636
206776,524,636
175088,529,638
358352,532,649
99847,538,642
342000,546,649
241252,547,602
114565,561,657
19940,580,644
94758,606,703
78361,644,704
136954,651,704
307543,793,901
34835,794,864
354454,794,868
87564,795,898
378631,808,897
178717,912,983
405440,923,992
120407,928,992
246773,932,1003
272285,936,999
113677,957,1014
353703,1021,1096
19299,1023,1097
10,1023,1116
408296,1026,1116
61670,1028,1115
87031,1033,1088
143685,1033,1115
68196,1037,1114
124730,1317,1388
261947,1317,1400
157017,1317,1405
62319,1317,1408
33680,1323,1461
144566,1338,1447
54192,1378,1466
46232,1382,1469
60987,1394,1461
353029,1395,1452
394158,1397,1463
296728,1398,1462
93092,1399,1461
74373,1408,1458
56184,1408,1463
179079,1562,1629
377467,1845,1911
355643,1919,1986
407856,1921,1989
253106,1928,1995
175423,2522,2583
73630,2537,2600
183127,2542,2628
281733,2544,2619
39799,2547,2668
94757,2550,2643
15114,2552,2642
290762,2553,2629
251030,2562,2662
172119,2569,2677
408295,2573,2635
268791,2588,2668
54192,2609,2680
263801,2631,2740
1078,3369,3429
245557,3485,3561
3968,3514,3571
172118,3649,3706
360567,3678,3750
78360,3678,3755
283499,3685,3749
283500,3688,3749
27872,3688,3754
309804,3688,3758
9296,3691,3745
88710,3692,3756
208241,3697,3748
199321,3698,3756
309803,3699,3753
78127,4016,4077
78646,4022,4089
309802,4023,4081
241656,4025,4095
179338,4029,4099
39008,4030,4109
297355,4030,4121
297356,4032,4126
387418,4033,4124
97406,4035,4106
54840,4035,4109
68563,4037,4103
25079,4040,4108
188545,4050,4121
243531,4053,4117
270239,4055,4119
60478,4057,4106
98167,4057,4112
154238,4058,4118
205307,4058,4125
310649,4060,4113
162795,4062,4118
252525,4062,4120
52101,4065,4139
201500,4066,4108
229418,4066,4152
317019,4082,4150
72002,4082,4153
54191,4412,4512
90864,4463,4513
54191,4706,4788
47561,5139,5203
247160,5145,5203
233390,5338,5423
88711,5354,5420
268523,5786,5855
351442,5847,5941
101523,5879,5938
107203,5880,5954
334085,5898,5955
263802,6043,6111
279556,6087,6144
70912,6088,6135
17720,6088,6151
175085,6096,6162
320667,6097,6197
157970,6441,6502
55121,6446,6525
154237,6451,6534
357002,6454,6523
3841,6455,6525
387930,6457,6555
31485,6483,6595
7625,6484,6579
387931,6501,6617
193410,6516,6592
91201,6521,6591
83618,6533,6594
389602,6697,6747
312539,7526,7623
400013,7531,7624
146929,7535,7623
77644,7538,7621
5630,7544,7614
63408,7549,7629
41624,7555,7619
35778,7557,7620
42083,7564,7629
73599,7834,7887
42082,7836,7887
179772,7976,8031
218467,8294,8361
378058,8318,8369
