257562,111,173
130324,113,225
374516,120,174
343227,151,220
44607,151,231
201577,153,206
356818,161,240
356819,163,237
199574,165,226
241065,168,227
199575,175,279
64962,294,405
290856,301,381
108589,307,381
104448,310,392
64961,312,416
87617,313,398
234786,314,376
349464,315,382
338929,315,396
70758,319,398
174991,324,399
380402,325,386
280560,328,397
237470,329,401
367627,331,407
290855,333,385
64960,335,392
323103,343,385
192327,347,428
229978,349,394
18529,349,409
367714,360,418
141440,362,414
345133,366,415
339038,366,418
323388,517,578
138926,524,595
318648,547,596
55797,637,705
373111,766,863
270786,774,875
287431,776,862
202495,782,832
342080,804,872
385564,810,900
348768,811,946
149035,814,877
321168,829,968
353297,847,953
225825,849,927
8030,858,964
219174,862,974
4283,867,934
47117,867,965
328303,929,1031
20297,985,1067
272956,993,1088
39337,1001,1064
86003,1008,1069
135644,1009,1071
244154,1010,1086
181792,1011,1072
178601,1013,1074
177240,1016,1093
393284,1026,1091
47733,1028,1092
