19561,147,208
138630,177,234
311399,181,238
56861,195,269
174304,616,670
75022,1396,1452
219216,3476,3539
345761,4488,4553
76638,4626,4682
173215,6859,6918
348326,6878,6937
294010,7960,8021
266584,7965,8040
119954,7972,8036
71433,7978,8022
11871,8442,8502
262863,11424,11478
129002,11761,11843
139974,11771,11845
330855,11784,11866
308188,11800,11844
117465,11807,11867
402944,11815,11879
228525,11897,11968
8069,11920,11977
41213,17499,17555
10404,17503,17577
106014,17510,17574
175808,17515,17576
31121,17519,17573
274193,19333,19374
33247,19336,19408
215882,19339,19407
178296,19341,19406
88570,25537,25589
266793,26251,26306
70318,26743,26793
149077,27402,27454
208998,27403,27457
261800,28439,28482
263719,28440,28498
266637,28442,28487
280487,28546,28616
301,29944,29996
