3244,225,278
181970,306,388
277520,307,386
169292,311,408
131949,315,438
206186,318,434
81678,322,383
169291,325,429
131948,325,445
46486,329,401
201631,329,411
72892,330,404
274294,331,409
47493,333,425
287338,334,407
49806,334,421
385197,337,406
374281,341,406
324859,343,410
78387,346,408
183995,347,411
155326,349,416
130301,352,433
234309,362,444
348979,366,429
191433,373,442
245734,375,438
190235,376,483
212053,403,520
56021,406,473
56655,411,490
1190,430,519
385468,439,532
20456,441,505
144345,441,524
178917,443,530
352622,446,568
170073,447,551
22604,447,589
1190,450,520
350444,450,526
396841,450,549
14924,450,586
13911,451,605
201630,453,589
204217,454,536
169290,455,604
317412,456,525
196482,456,542
317413,456,550
389561,458,555
214677,458,594
97975,459,589
407087,464,571
375251,465,584
69048,466,543
142519,466,604
295420,467,548
344530,467,600
197001,471,532
34732,471,593
8506,471,599
208622,472,541
189616,472,553
8174,473,548
170074,477,605
226915,480,599
110604,480,604
322684,481,593
178918,483,562
315060,485,549
112403,490,596
204218,491,548
149721,491,592
294901,831,904
193241,837,904
184142,841,899
227116,841,904
402552,843,904
41296,1000,1066
32655,1002,1071
44554,1008,1061
158504,1011,1068
187828,1022,1076
351112,1425,1470
111934,1576,1691
118435,1578,1635
215132,1583,1645
56805,1584,1682
287428,1593,1643
339577,1594,1646
296358,1594,1650
60663,1594,1659
72891,1595,1664
1029,1595,1667
42926,1598,1666
225311,1602,1703
231881,1604,1700
269601,1606,1703
287427,1609,1681
302216,1624,1694
338900,1628,1692
259879,1633,1696
288328,1958,2117
69138,1972,2043
71703,1983,2096
197681,1984,2051
170413,1984,2056
170412,1988,2099
133746,1990,2093
23420,1996,2078
406246,1996,2120
338227,1997,2052
311475,1999,2090
269602,2001,2094
341561,2006,2060
404274,2006,2092
259878,2011,2083
269600,2019,2105
131398,2033,2119
269599,2106,2188
111933,2119,2211
303415,2121,2191
2405,2121,2198
117683,2122,2182
72889,2124,2184
5249,2128,2211
133393,2141,2205
135172,2151,2211
72890,2154,2211
395185,2395,2468
75329,2444,2534
34584,2452,2534
351820,2461,2537
2776,2463,2518
153051,2466,2535
15008,2481,2556
25104,2483,2535
157569,2560,2635
139249,2636,2697
171347,2639,2702
78024,2641,2704
170326,2644,2687
103929,2644,2715
394749,2718,2775
3760,2722,2780
157568,2750,2799
320033,2854,2952
38216,2903,2965
373987,2911,2973
104478,2915,2973
398034,3288,3336
46485,3355,3417
276896,3356,3421
265605,3357,3419
389789,3361,3426
31173,3380,3425
273712,3623,3691
259055,3653,3710
315585,3655,3717
22605,3792,3844
327454,3858,3917
2928,3935,3987
27365,4072,4119
110979,4072,4142
103928,4074,4134
103930,4078,4143
131293,4083,4142
16857,4087,4146
210631,4191,4241
112455,4194,4276
9391,4196,4267
133745,4200,4263
75534,4201,4256
123970,4205,4282
98841,4209,4280
5345,4211,4283
271954,4227,4323
114855,4228,4344
320032,4290,4377
237650,4303,4368
219211,4303,4383
132640,4304,4392
197002,4305,4396
139250,4322,4387
223543,4322,4397
142518,4326,4388
334425,4405,4459
329990,4414,4477
271826,4666,4737
304104,4673,4738
273711,4674,4737
170362,4962,5052
72319,4971,5058
72320,4993,5058
293254,5288,5360
61093,5324,5422
272609,5332,5429
301485,5338,5427
401377,5350,5444
294042,5364,5442
381561,5379,5443
74879,5381,5459
376520,5384,5471
270496,5387,5454
4866,5391,5447
51815,5397,5470
136458,5399,5473
308745,5403,5470
245738,5404,5502
394750,5404,5507
327453,5406,5504
392024,5408,5470
363792,5418,5471
14555,5472,5551
340916,5473,5549
347671,5475,5541
5851,5484,5541
72563,5484,5548
250043,5485,5547
146139,5637,5712
