121802,97,268
141239,102,284
242569,105,166
97390,110,237
359113,110,249
144605,119,215
205453,119,220
335892,120,241
48599,126,227
86057,127,241
406474,127,283
405071,128,231
276606,129,257
41784,132,236
67592,133,267
3142,134,282
93414,137,226
23434,137,274
51243,141,211
290786,141,215
107005,142,198
240458,143,221
85147,143,236
134091,143,285
156905,144,289
61930,145,278
240278,146,256
386287,147,251
37228,147,292
183057,151,272
28689,152,256
276350,153,215
403974,153,248
192359,153,253
94284,154,279
1007,156,262
70115,156,268
352403,156,281
217627,158,279
13125,158,289
31346,161,286
327662,163,261
316362,163,282
118211,163,290
217623,164,213
211742,165,243
26699,165,268
142698,167,285
407167,168,274
106311,168,281
141238,171,308
27935,172,267
209753,172,314
122970,173,256
307248,173,269
219815,174,277
67407,176,295
325046,180,263
25386,182,245
32150,182,285
134644,183,278
292881,183,343
274013,184,293
289904,185,247
288996,187,326
376392,188,249
168921,191,339
348152,192,254
176995,201,327
32388,201,337
289491,203,313
260648,204,325
268607,205,281
119156,206,336
186202,210,325
12436,224,346
311350,228,391
81461,230,349
58982,231,400
25463,233,313
359034,233,344
16421,234,392
239621,236,359
70712,239,342
17722,246,364
316255,250,358
67485,250,410
2251,253,359
241853,256,405
360764,260,372
334587,263,359
5229,267,358
79863,268,408
57494,274,420
158529,279,384
83860,285,359
7601,287,363
398549,287,427
128198,289,352
156230,293,362
52797,296,358
144557,296,419
485,297,361
109426,298,360
360738,307,439
4694,308,387
308274,312,360
250476,312,382
52551,314,383
318373,315,377
103190,327,419
43537,330,419
184476,330,432
383441,332,401
201631,332,415
150419,333,394
293101,333,408
393289,335,399
296715,335,404
28893,337,403
79862,341,420
282981,343,421
32151,346,431
33082,348,415
15985,349,432
221925,350,408
370228,350,427
90502,352,407
125861,354,431
85790,355,416
372234,356,423
189692,357,427
49425,360,442
217061,362,431
41578,364,418
103010,365,442
15941,368,436
120478,371,435
360737,377,442
34169,426,493
159978,430,517
243359,430,526
1190,436,516
55005,437,500
97935,437,538
109018,437,548
359033,437,554
186203,439,532
81947,442,566
25533,442,578
350179,445,539
372694,445,573
71891,446,530
288971,446,537
14549,447,577
49493,448,554
158382,449,547
332701,452,550
234263,452,572
122556,453,502
121224,453,587
89809,453,598
68421,455,523
7553,455,591
161900,456,568
181174,456,579
320836,457,572
392387,458,557
282982,458,576
83446,459,534
4091,464,573
407168,465,578
268315,469,552
11090,476,525
30142,482,550
44543,486,587
52829,488,591
307339,491,599
239724,514,599
350221,540,598
92785,636,705
71114,639,708
347746,751,810
372693,751,838
195990,764,868
204779,766,850
111723,767,825
107669,771,848
117499,774,830
157671,774,851
407115,778,856
278196,781,850
332702,826,895
333257,964,1025
80091,979,1044
350180,1091,1150
350119,1093,1191
268280,1107,1207
19871,1113,1210
404246,1120,1208
39839,1120,1217
285366,1123,1215
75408,1124,1189
84401,1124,1194
316363,1126,1210
285367,1126,1215
90657,1127,1213
8844,1135,1208
298919,1143,1193
4943,1143,1208
198766,1143,1214
74819,1144,1209
173115,1150,1212
261299,1151,1218
157670,1154,1198
310534,1157,1218
268279,1309,1369
111888,1338,1418
12490,1344,1415
288147,1346,1414
221518,1348,1419
87798,1356,1416
220836,1359,1414
260646,1511,1577
173920,1511,1600
104866,1511,1607
139509,1512,1597
9117,1518,1609
120835,1521,1604
349201,1527,1591
318949,1531,1605
178898,1531,1608
153801,1534,1595
346225,1538,1586
146116,1538,1602
199281,1546,1597
47849,1546,1608
393288,1556,1605
83859,1661,1730
303227,1662,1724
341356,1662,1727
399684,1663,1756
400223,1664,1742
399685,1666,1744
351233,1668,1752
318951,1670,1748
357233,1671,1728
216762,1672,1736
250818,1672,1749
161902,1673,1726
152485,1673,1734
140215,1673,1741
299890,1673,1744
147775,1673,1747
355018,1674,1729
207542,1674,1736
80621,1675,1738
84585,1675,1752
333953,1676,1722
120835,1676,1741
395110,1676,1754
345856,1676,1757
249324,1676,1760
157132,1677,1724
244197,1678,1734
123233,1678,1742
48064,1678,1745
357232,1679,1727
167793,1679,1740
136781,1679,1760
285850,1680,1752
135408,1681,1725
110666,1682,1753
173921,1683,1759
226707,1685,1742
183225,1685,1747
408196,1686,1749
343636,1690,1757
29036,1691,1749
3052,1691,1752
125757,1692,1754
57605,1703,1754
35022,1703,1759
327661,1711,1773
52798,1712,1771
30143,1712,1783
288836,1714,1782
77443,1716,1766
56911,1746,1811
121967,1755,1822
260650,1763,1817
120736,1785,1847
329202,1917,1978
260646,1919,1973
39466,1934,1985
35385,1934,1989
184341,1938,1991
225938,1940,2000
118212,1963,2037
178604,2147,2215
395710,2152,2207
159619,2314,2401
181526,2331,2401
248387,2360,2421
138927,2505,2598
329201,2507,2600
301669,2517,2576
295347,2517,2578
60882,2524,2581
334334,2524,2585
128088,2525,2602
271193,2527,2590
102383,2527,2601
288680,2533,2594
311582,2637,2700
25733,2647,2706
405072,2832,2903
405024,2847,2904
76099,2849,2904
13291,2854,2902
296860,2971,3058
378747,2974,3067
296859,2990,3059
70453,2992,3055
81948,2995,3059
273993,3002,3065
374373,3011,3075
352648,3016,3068
233753,3223,3299
399331,3241,3341
404194,3246,3359
176247,3257,3339
171947,3270,3373
636,3275,3352
196104,3277,3357
281262,3279,3343
285783,3280,3374
295334,3281,3354
28160,3281,3365
19723,3287,3350
107719,3291,3357
221969,3291,3364
383995,3291,3384
372875,3303,3368
143694,3312,3372
396547,3320,3375
328206,3328,3372
7839,3426,3497
139507,3432,3494
249061,3433,3500
86199,3434,3496
349430,3590,3672
314408,3609,3674
228553,3613,3705
383996,3614,3696
7556,3617,3691
4467,3843,3939
232973,3844,3902
208542,3844,3913
366153,3845,3967
284836,3847,3910
215795,3847,3928
73263,3852,3937
103684,3853,3907
319993,3853,3915
80094,3853,3919
3486,3853,3929
200410,3853,3943
295346,3854,3948
103683,3856,3942
381068,3857,3918
249053,3858,3920
145353,3864,3921
355180,3864,3948
272212,3865,3926
298778,3865,3954
408767,3867,3948
62532,3867,3964
144556,3868,3932
48065,3873,3938
80093,3873,3943
260649,3873,3949
6785,3874,3946
209754,3880,3947
161901,3881,3943
315001,3881,3958
107670,3883,3948
13689,3884,3947
250692,3886,3947
145590,3891,3965
122558,4067,4164
34967,4069,4139
15576,4069,4174
73115,4071,4147
260648,4071,4187
10211,4074,4198
52831,4077,4147
306967,4081,4198
20962,4083,4204
122557,4084,4188
326186,4084,4199
32387,4085,4206
48919,4090,4212
312093,4093,4208
287828,4097,4220
159979,4099,4212
57969,4104,4217
184262,4109,4221
383997,4112,4220
100618,4113,4172
35879,4113,4208
359490,4114,4225
13852,4115,4175
109019,4115,4213
366154,4117,4218
215523,4124,4229
215522,4155,4229
319034,4190,4253
76678,4205,4254
43467,4205,4274
398548,4206,4267
242869,4209,4269
361867,4209,4282
100617,4212,4355
81303,4213,4289
278234,4214,4303
350220,4218,4288
121801,4226,4288
19301,4229,4284
134643,4229,4297
302705,4243,4297
131116,4254,4307
268877,4278,4367
73116,4278,4370
320027,4329,4396
76483,4331,4388
311193,4335,4400
87799,4352,4406
35914,4355,4423
393977,4434,4490
165470,4436,4506
207647,4436,4518
85395,4439,4498
164224,4441,4504
53329,4446,4504
355804,4447,4512
296861,4449,4511
149880,4450,4541
11999,4451,4526
98296,4454,4525
52799,4458,4513
340756,4462,4511
172361,5026,5103
180918,5152,5213
353718,5157,5222
220124,5170,5223
58600,5235,5287
145614,5290,5392
323363,5293,5391
246515,5294,5417
234466,5301,5356
200409,5301,5392
131980,5302,5355
149880,5304,5389
131981,5304,5401
307467,5305,5380
207540,5311,5365
192455,5311,5387
43468,5311,5406
188942,5312,5390
332700,5315,5423
290785,5369,5422
359491,5379,5504
70891,5398,5506
281958,5434,5507
13,5441,5507
191519,5444,5507
181031,5569,5621
387243,5587,5663
407675,5624,5686
372235,5650,5711
351796,5892,5960
52830,5893,5962
196105,5896,5965
260650,5913,5974
25697,5929,5994
254062,6068,6120
275194,6097,6162
406473,6114,6162
156906,6198,6258
100297,6344,6402
139508,6391,6460
175955,6393,6470
370759,6515,6567
285181,6518,6564
358912,6518,6566
241312,6519,6565
343004,6521,6565
164866,6574,6630
199280,6574,6642
73407,6581,6633
108242,6585,6646
329203,6585,6651
55032,6587,6656
191207,6589,6648
25742,6589,6658
1226,6590,6652
297004,6590,6654
354239,6591,6656
153800,6592,6654
319952,6601,6652
324115,6601,6656
399683,6710,6783
164441,6722,6785
235978,6888,6952
44612,6888,6957
268278,6889,6951
71753,6889,6954
15534,6889,6960
267641,6890,6946
120954,6890,6949
392572,6890,6952
317208,6891,6965
317209,6894,6959
346196,6988,7037
120737,7129,7190
39293,7129,7192
58986,7135,7193
52968,7437,7491
271194,7571,7620
196513,7585,7671
372699,7585,7722
58985,7595,7687
4942,7596,7656
107520,7600,7700
188943,7601,7666
80096,7601,7677
149767,7605,7667
40754,7613,7669
260647,7627,7729
372696,7632,7730
353717,7634,7708
260643,7634,7738
241224,7635,7731
314407,7637,7726
27613,7640,7727
249421,7701,7767
181173,7712,7779
203511,7724,7785
192341,7725,7783
13290,7732,7884
372695,7754,7906
312322,7757,7836
336458,7758,7851
359032,7786,7851
372698,7794,7917
260643,7796,7898
393824,7798,7867
135490,7798,7872
260645,7798,7917
353716,7799,7863
313248,7801,7874
118370,7802,7863
107523,7804,7916
23294,7813,7863
140504,7816,7892
27611,7816,7919
398951,7817,7877
268281,7841,7896
359492,7865,7938
260644,7870,7960
118369,7880,7976
93295,7892,7955
360736,7893,7946
263477,7894,7956
107522,7894,7958
11088,7894,7976
196923,7895,7955
13289,7896,8015
320701,7898,7974
249422,7899,7977
48066,7901,7988
316574,7905,7972
73117,7910,7975
13367,7911,7971
255744,7911,7973
170718,7912,7975
260649,7912,7982
107102,7913,7985
6785,7915,7984
80092,7920,7995
30128,7922,7969
14994,7922,7981
169536,7922,7997
58984,7922,8000
372700,7922,8052
47550,7925,7973
326318,7925,8026
15354,7926,7996
121693,7926,8022
145589,7927,7990
372697,7961,8053
4536,8034,8099
307166,8037,8090
86200,8037,8095
4537,8042,8099
237440,8048,8122
388085,8057,8130
95626,8058,8122
260644,8064,8165
118368,8081,8166
35188,8082,8140
168920,8084,8169
373988,8091,8144
192360,8092,8163
13008,8093,8153
312366,8094,8142
171011,8095,8140
223729,8095,8145
11089,8095,8166
122004,8096,8152
105107,8096,8158
330584,8098,8166
82972,8098,8169
357231,8098,8173
314406,8100,8152
217624,8100,8172
304112,8101,8150
314527,8101,8158
147615,8101,8166
398547,8102,8167
348153,8105,8166
239620,8114,8169
70207,8114,8177
391333,8121,8191
107520,8145,8239
149766,8152,8218
260647,8164,8264
169538,8171,8233
372702,8173,8272
353715,8174,8255
107521,8177,8255
260645,8178,8278
166246,8183,8237
263701,8187,8237
27611,8189,8277
13288,8197,8277
138949,8327,8375
322495,8327,8396
350212,8328,8389
358913,8329,8395
19302,8332,8404
20134,8333,8398
353714,8344,8440
239723,8347,8412
13286,8354,8436
13287,8354,8468
58983,8372,8463
372703,8390,8472
373783,8391,8446
258978,8392,8462
372701,8393,8484
276349,8396,8467
336459,8446,8502
26024,8455,8503
311581,8550,8609
374420,8550,8616
13285,8550,8623
2191,8551,8610
131006,8583,8642
285180,8588,8652
222205,8634,8706
331089,8666,8725
354238,9342,9400
12534,9354,9419
76802,9360,9420
308371,9363,9440
22384,9365,9413
77626,9366,9418
201051,9367,9439
393825,9368,9419
326550,9377,9444
181172,9663,9728
95532,9848,9891
161651,10174,10258
217626,10174,10284
197263,10180,10287
318950,10189,10273
130095,10201,10289
217625,10212,10294
58227,10237,10282
49847,10256,10335
325075,10303,10387
200408,10355,10418
80095,10365,10444
277278,10367,10422
245985,10369,10436
96876,10378,10442
142851,10559,10637
171683,10559,10663
265534,10568,10668
54703,10571,10669
308170,10613,10668
284244,10897,10957
120738,10899,10957
73408,10915,10977
206443,11395,11448
333258,11399,11451
187076,11442,11509
366099,11447,11522
20337,11450,11532
400288,11452,11533
147776,11468,11592
96773,11484,11549
70890,11485,11580
383998,11485,11588
265533,11486,11541
73412,11523,11584
53838,11523,11587
311728,11523,11590
223730,11538,11585
345666,11726,11775
169537,11726,11791
25734,11727,11801
53328,11729,11790
74818,11730,11792
114088,11733,11801
637,11735,11800
248266,11738,11797
207541,11739,11802
165469,11740,11801
74816,11740,11818
46834,11744,11818
14841,11858,11928
208541,11859,11963
174210,11915,11971
295057,12304,12366
70101,12307,12364
111509,12394,12462
215796,12396,12482
189663,12409,12479
276607,12420,12540
135489,12421,12492
399634,12434,12537
360507,12480,12537
181099,12607,12676
341388,12656,12720
365215,12815,12881
