147806,129,199
101371,272,334
327865,366,430
339044,367,444
123358,368,503
2317,369,431
485,372,433
122985,375,523
192646,378,458
346131,378,469
103070,382,519
323653,390,520
189554,394,518
260449,400,536
122984,400,547
106709,401,475
305818,401,530
98088,402,514
169985,403,493
147292,404,521
352534,406,525
73381,407,471
48960,415,542
115061,419,552
320746,433,493
26958,438,544
217436,444,560
95550,445,491
5492,499,560
69595,598,682
18802,599,687
161028,600,692
68795,601,684
187406,601,697
12223,604,697
47729,605,670
264768,606,667
358884,609,722
297869,610,683
22651,612,682
19893,613,674
318486,625,700
67682,628,702
386955,628,720
322403,630,692
71325,631,682
8045,631,700
169881,632,673
70343,632,683
148914,632,687
113413,632,690
386169,632,697
192589,632,713
232500,635,722
140786,639,697
292865,640,696
294035,641,740
102508,648,719
283569,648,749
333941,653,722
352337,667,748
282555,673,735
240081,687,756
330247,691,758
132896,754,822
374010,769,830
166021,770,885
109701,777,840
156976,779,847
314475,793,883
329679,797,861
348415,829,905
10098,832,901
68796,836,910
40905,837,907
113347,845,919
106074,847,916
334008,861,924
68070,869,930
105094,1046,1166
363442,1057,1169
219560,1060,1164
5190,1073,1164
50483,1078,1165
337,1085,1165
217244,1091,1164
314810,1110,1161
41657,1113,1165
320270,1358,1437
362205,1365,1435
22885,1372,1436
102507,1377,1440
144968,1388,1440
321972,1391,1442
347954,2172,2242
86005,2178,2245
139102,2181,2242
82055,2183,2246
162067,2189,2253
199548,2190,2251
157869,2193,2244
104267,2197,2259
257635,2312,2409
21445,2333,2387
98860,2635,2696
123557,2646,2696
377717,2844,2910
370281,2850,2912
172474,2868,2924
210153,2870,2950
8032,2877,2929
403230,2878,2948
33107,2883,2950
358546,2884,2947
370216,3032,3086
