63370,137,200
124838,258,310
320658,258,313
84119,258,341
393044,296,418
236136,298,356
107884,313,434
211415,320,440
225655,337,418
32766,348,454
2251,348,459
367352,351,470
35689,352,449
161923,362,460
402818,371,480
136898,380,514
123502,392,457
127151,393,484
485,397,463
233520,404,517
346246,419,543
243211,422,516
324277,428,566
370187,431,491
153528,457,539
182803,461,558
287687,463,515
346247,464,552
355604,494,560
319416,498,592
25951,517,614
277235,533,610
103838,684,730
38193,684,737
358364,784,857
163457,784,860
238455,784,868
326692,793,861
216880,800,871
251421,834,875
349150,836,880
222059,841,902
16106,882,944
212129,898,960
108232,1177,1219
322548,1394,1470
402819,1682,1740
57790,2045,2088
306074,2218,2285
360420,2222,2292
84192,2228,2303
90938,2232,2296
140800,2238,2289
68376,2238,2313
80274,2241,2313
340292,2243,2305
309764,2249,2313
140064,2253,2297
251523,2254,2296
136341,2266,2311
367301,2267,2321
114810,2756,2818
89811,3075,3150
146884,3210,3292
5735,3211,3285
81229,3415,3458
332509,3792,3864
244678,3797,3855
119326,3802,3864
274138,4026,4096
224106,4529,4593
144020,5038,5115
300145,5470,5558
34313,5471,5534
183666,5479,5547
123804,5492,5541
66133,5498,5559
135690,5544,5680
20842,6677,6772
112102,6704,6765
376698,6830,6877
149532,6834,6879
321883,7280,7370
300741,7280,7384
72942,7398,7461
71679,7945,7997
200386,8009,8073
338285,8011,8069
200387,8036,8101
149261,8039,8085
135690,8087,8236
66310,8311,8382
89748,8371,8442
298077,8379,8453
242786,8380,8426
30731,8381,8448
396312,8387,8454
69695,8391,8445
64384,8397,8447
216253,8399,8454
65035,9198,9249
161521,9217,9272
255237,9272,9354
149352,9276,9342
77041,9277,9340
38024,9277,9349
156512,9277,9354
320307,9278,9344
149416,9293,9354
32479,9299,9369
210370,9304,9359
315488,9360,9443
85874,9361,9418
223943,9386,9452
294457,9389,9432
300143,9609,9681
300144,9610,9675
384721,9623,9680
73045,10188,10318
305071,10191,10303
19543,10197,10301
362633,10202,10321
386192,10222,10267
198557,10223,10291
263462,10224,10294
65709,10227,10292
364046,10229,10291
186197,10232,10292
388658,10239,10362
338101,10240,10303
74263,10246,10300
327427,10246,10307
66186,10246,10313
257719,10247,10304
364045,10247,10351
40892,10457,10508
