136419,292,337
47895,293,345
118543,376,487
342704,415,486
266013,438,493
319268,523,611
65897,523,660
190253,530,658
280058,531,646
62941,531,665
184186,556,647
338558,556,655
293054,719,769
200995,865,945
81534,899,964
67733,908,989
277550,923,989
27101,1128,1223
8145,1129,1215
250656,1132,1205
388975,1132,1221
180251,1134,1239
247077,1135,1224
110713,1137,1216
380977,1138,1213
168599,1138,1239
152015,1143,1217
254002,1251,1331
145389,1270,1333
122108,1336,1412
337,1340,1413
294389,1349,1413
40634,1531,1576
109900,1653,1716
275575,1661,1721
331930,1662,1723
180322,1676,1741
149457,1680,1739
129953,1681,1740
102371,1684,1746
147662,2421,2477
246962,2425,2478
29340,2518,2568
106733,2610,2661
79623,2610,2692
79618,2617,2670
79621,2617,2716
158186,2846,2902
37741,2846,2921
200994,2846,2961
207018,2847,2901
316187,2847,2905
267588,2849,2900
267587,2849,2921
106791,2851,2922
211336,2855,2923
155205,2860,2928
2817,2864,2921
162968,3063,3158
155210,3095,3182
162970,3099,3181
155209,3110,3182
162971,3114,3181
31796,3118,3174
347581,3118,3181
325270,3298,3360
79132,3301,3349
63927,3329,3392
12981,3332,3377
388007,3525,3584
379204,3586,3654
189876,3600,3651
69250,3946,4007
30265,3947,4017
268908,3961,4023
79622,4029,4158
60709,4036,4099
79620,4087,4158
362533,4087,4169
188961,4136,4209
377185,4140,4198
126798,4144,4198
176902,4152,4219
19999,4156,4231
355642,4164,4226
198387,4164,4230
245097,4170,4232
256648,4329,4394
193647,4348,4426
236082,4349,4400
255374,4351,4406
193646,4351,4429
276554,4352,4453
569,4356,4461
5637,4358,4425
56230,4364,4448
568,4366,4451
86443,4371,4419
25047,4379,4443
302136,4381,4447
3231,4392,4446
212459,4457,4510
384556,4539,4594
282761,4554,4630
311787,4574,4618
405736,4575,4646
248978,4580,4642
169068,4583,4651
49316,4591,4669
402215,4592,4654
232744,4601,4711
1631,4604,4707
149458,4611,4678
166028,4612,4683
139898,4612,4698
2563,4617,4690
53696,4626,4687
256013,4626,4691
2176,4628,4672
38475,4628,4690
140093,4628,4692
222540,4629,4705
97303,4630,4707
61925,4635,4708
94630,4639,4711
284647,4640,4713
76169,4649,4711
114628,4650,4713
368861,4656,4711
211342,4719,4782
4529,4719,4788
244436,4728,4789
272389,4745,4810
338559,4751,4811
69722,4752,4814
162969,4901,4947
19183,4901,4953
180250,4905,4986
191916,4906,4967
114629,4906,4995
310222,4909,4968
389609,4909,4999
114630,4909,5009
109224,4911,4989
325100,4912,4978
274152,4913,4994
216961,4924,5001
108481,4936,5005
308898,4936,5008
119393,4937,5011
384308,4942,4999
121985,4943,4994
331992,4943,4996
49787,4955,5016
123986,4958,5013
379660,4958,5016
251831,4964,5026
306750,4978,5042
185166,5057,5119
155212,5230,5339
375151,5235,5327
176109,5235,5348
156283,5242,5331
212313,5242,5337
124251,5243,5344
388976,5249,5342
15467,5258,5348
189714,5261,5349
162949,5284,5352
227724,5315,5386
109223,5333,5381
353203,5333,5401
113888,5336,5421
226303,5336,5426
367555,5342,5386
109382,5355,5441
286377,5440,5514
318512,5443,5514
67825,5447,5532
194917,5447,5554
322739,5448,5538
352865,5456,5519
176108,5460,5585
190252,5461,5567
47074,5464,5547
222541,5465,5545
50093,5465,5570
28486,5467,5555
207019,5467,5566
332426,5469,5590
191942,5471,5541
339789,5471,5551
33592,5478,5566
47073,5489,5574
88118,5497,5593
142700,5515,5614
253066,5556,5629
155208,5565,5633
106732,5579,5627
390319,5608,5683
390320,5610,5689
155206,5830,5931
155207,5852,5939
390318,5853,5903
390321,5853,5924
390322,5857,5925
56817,5857,5943
359266,5939,6006
218348,6212,6273
79619,6226,6327
366319,6236,6303
362532,6239,6300
155211,6239,6306
193982,6422,6474
365918,6422,6505
35909,6429,6485
271957,6430,6487
330964,6733,6784
257865,6739,6785
56729,6771,6843
8707,6886,6950
155986,6892,6960
6638,6896,6957
123749,7048,7111
81182,7048,7120
210965,7061,7112
356040,7065,7120
282534,7074,7147
223257,7084,7143
374475,7177,7227
