7101,140,188
217241,218,320
398915,219,297
140472,222,342
256044,226,347
294864,233,332
139633,234,386
22344,235,309
40657,235,379
5833,236,338
60586,237,352
41044,241,382
9835,242,308
32,243,417
353615,244,342
74368,244,357
142129,244,371
371700,245,381
132370,246,410
292395,247,367
158144,249,382
153527,253,316
17217,256,377
277400,257,405
194249,259,341
199036,260,347
10351,260,368
80989,260,380
234268,261,375
261179,261,407
258247,263,351
167468,263,393
275551,265,413
293260,268,368
77692,270,338
35879,272,373
189818,273,334
261708,273,338
2251,274,383
71731,274,397
81430,276,338
4447,276,347
390028,277,368
83620,277,392
44656,278,341
199727,279,406
189206,281,397
142588,283,410
124248,284,385
94563,285,381
5229,294,389
319434,312,390
485,322,389
68308,353,414
25900,462,524
83495,463,532
313897,466,522
69096,472,522
74847,777,847
112421,780,887
109277,808,885
141038,809,880
27347,814,887
38546,815,880
353703,816,885
10098,818,880
320706,818,889
186766,818,893
93146,819,883
213353,820,887
138040,824,939
129328,854,936
361995,895,974
291734,910,974
218932,1057,1110
18093,1060,1103
206625,1188,1245
140281,1188,1250
153261,1188,1269
403892,1188,1275
1160,1190,1243
146930,1191,1248
49921,1192,1256
193651,1192,1267
102596,1192,1273
119479,1199,1250
356351,1199,1261
237921,1200,1268
308865,1201,1275
261604,1202,1267
274900,1209,1272
168614,1479,1536
218892,1480,1553
309844,1482,1526
294663,1494,1556
65645,1591,1662
153526,1793,1859
259448,1828,1887
256728,1828,1892
297404,2085,2128
272905,2085,2131
122191,2189,2247
215297,2194,2255
33270,2355,2416
146931,2355,2423
153912,2355,2444
142618,2356,2419
348286,2356,2435
244,2356,2441
192393,2358,2423
65644,2358,2428
151379,2358,2446
284723,2361,2418
244,2361,2428
45487,2362,2436
281592,2362,2461
317325,2364,2419
49217,2364,2458
103191,2365,2429
184399,2369,2430
111231,2371,2450
244,2377,2448
185754,2381,2458
126732,2576,2645
30685,2577,2647
346590,2594,2646
130567,2599,2648
297403,2804,2874
365663,2982,3045
401930,2982,3050
127287,2988,3051
261178,3143,3224
188214,3144,3222
44417,3149,3214
32545,3206,3310
43823,3206,3321
397738,3228,3305
325579,3256,3335
77691,3261,3328
37545,3261,3335
81037,3388,3458
234045,3389,3441
38545,3389,3452
105897,3390,3463
127965,3391,3444
254769,3391,3459
191017,3394,3462
354496,3395,3464
9649,3591,3641
70396,4180,4235
291733,4180,4252
250993,4180,4257
21735,4189,4249
113345,4255,4304
74914,4341,4391
204449,4341,4396
71230,4341,4405
197366,4462,4524
197365,4462,4529
149865,4851,4909
195187,4857,4924
238292,4913,4961
336285,4919,4996
264672,5292,5357
373993,5461,5523
170837,5462,5516
41969,5462,5571
96524,5463,5525
281227,5474,5541
41970,5486,5578
386967,5489,5552
391580,5649,5721
225998,5650,5713
187163,5651,5725
238981,5654,5709
258246,5655,5724
131349,5655,5729
86722,5655,5734
3975,5658,5711
115319,5659,5721
402534,5659,5726
69703,5664,5726
244995,5666,5711
228140,5667,5725
352563,5667,5766
191637,5668,5714
17218,5668,5719
148303,5668,5732
219417,5671,5720
252526,5674,5745
88989,5676,5747
251437,5679,5741
192959,5682,5772
191403,5683,5747
248977,5683,5767
254767,5699,5779
252893,5709,5767
302841,5724,5785
249736,5779,5836
50124,5797,5851
238982,5988,6031
44248,5990,6040
1626,5990,6053
85967,5990,6057
201961,5990,6063
273637,5990,6079
273636,5990,6088
399749,5992,6044
64446,5993,6052
64445,5994,6053
114519,5995,6101
150118,5997,6097
275550,5998,6109
206268,6001,6103
153757,6006,6066
88100,6012,6088
342423,6026,6084
87790,6028,6109
183967,6029,6098
200127,6030,6086
293369,6031,6101
89631,6034,6088
361895,6034,6097
400133,6035,6086
27507,6035,6096
42742,6040,6103
233900,6045,6108
59610,6048,6109
382588,6208,6267
173095,6221,6283
362270,6228,6296
361932,6326,6392
88218,6327,6394
122619,6331,6395
142801,6345,6410
286814,6347,6434
261707,6354,6428
250992,6354,6436
135778,6354,6446
275552,6354,6456
100499,6356,6440
231875,6358,6419
19960,6358,6421
119104,6359,6422
71730,6360,6441
91956,6362,6433
279643,6371,6442
6240,6371,6447
313118,6372,6435
375980,6373,6433
86863,6375,6421
406335,6375,6440
5176,6376,6453
390516,6378,6448
263950,6379,6440
71729,6379,6457
32322,6381,6460
86720,6386,6455
71783,6389,6461
185753,6390,6452
194046,6390,6455
61287,6391,6434
251646,6391,6460
290673,6393,6463
101534,6396,6462
72883,6397,6460
359128,6398,6459
115023,6405,6461
130342,6669,6734
402533,6680,6728
159118,6701,6756
408283,6701,6761
151277,6720,6771
182455,6720,6773
390552,6723,6770
5694,6889,6947
297403,7359,7432
162176,7396,7462
162677,7399,7462
94282,7402,7462
160092,7409,7462
68256,7621,7672
86721,7715,7776
370435,7735,7798
182706,7737,7798
1686,7847,7900
152757,7847,7909
11427,7848,7905
62040,7849,7915
175782,7850,7900
83619,7850,7906
74915,7851,7907
234177,7852,7915
269374,7857,7906
364312,8080,8133
146239,8080,8165
174753,8080,8174
3951,8080,8182
77603,8080,8193
14352,8080,8200
99268,8080,8208
33477,8084,8201
4766,8086,8174
23579,8088,8196
17584,8090,8202
3951,8092,8206
18430,8095,8198
142545,8097,8216
85235,8102,8179
151588,8110,8178
293259,8110,8207
381900,8110,8218
79886,8111,8186
39614,8124,8206
394987,8136,8200
272904,8143,8217
76193,8150,8204
104862,8359,8411
358989,8585,8647
171847,8585,8649
392828,8588,8650
406081,8748,8802
234341,8756,8800
89934,8862,8942
316936,8867,8940
18429,8871,8941
130341,8872,8939
125185,8875,8942
381121,8876,8938
163230,8885,8939
230867,9351,9406
387602,9503,9557
81036,9719,9783
60059,9720,9792
297402,9720,9796
112420,9731,9795
344678,9732,9796
131908,9733,9794
333900,9734,9786
279646,9734,9796
386293,9740,9796
375011,9949,10006
261709,9988,10047
126267,9992,10045
243167,10238,10288
148633,10265,10314
217051,10678,10736
353825,10701,10757
37718,10730,10810
112559,10738,10824
356879,10764,10825
291298,10864,10927
167391,10870,10941
88464,10884,10940
67461,10925,10984
297402,10942,11018
331853,10948,11036
263316,10962,11036
353645,10974,11037
162177,11098,11167
381901,11098,11176
556,11098,11189
191224,11098,11192
92949,11098,11196
553,11098,11200
96523,11099,11160
109276,11101,11175
371379,11101,11195
214127,11112,11193
389873,11112,11198
343090,11115,11185
52317,11117,11195
205695,11120,11191
206341,11120,11204
389872,11129,11201
33474,11130,11194
101234,11423,11474
38544,11605,11660
380205,11605,11675
118669,11606,11670
352777,11611,11660
325577,11950,12022
40658,11950,12059
397737,11951,12033
71229,11951,12045
231874,11951,12062
275721,11956,12050
397736,11958,12033
56926,11960,12023
175279,11987,12060
183516,12039,12113
353939,12103,12151
218891,12265,12324
176370,12523,12585
305541,12524,12583
22343,12525,12590
144918,12531,12585
122101,12545,12607
185755,12552,12647
52833,12574,12640
208766,12586,12647
161476,12586,12704
209773,12587,12663
71344,12590,12675
195546,12591,12657
97523,12592,12685
230511,12594,12655
80265,12595,12660
14760,12595,12686
137668,12595,12697
88099,12595,12711
71343,12597,12661
15940,12597,12695
261710,12598,12659
120067,12598,12703
261711,12599,12696
366333,12599,12736
137146,12600,12663
189205,12603,12717
408192,12603,12724
266260,12605,12712
211260,12607,12668
18699,12608,12654
70394,12608,12672
75404,12608,12686
136472,12609,12682
201392,12609,12695
348285,12609,12713
248687,12609,12723
62249,12610,12708
183445,12611,12685
187558,12613,12675
329535,12615,12676
70369,12617,12674
177980,12617,12692
394988,12617,12719
401374,12620,12683
153913,12621,12693
54567,12622,12719
64956,12622,12739
346326,12623,12687
56036,12623,12750
157125,12624,12686
32979,12624,12689
114518,12625,12720
325578,12625,12731
286621,12627,12738
197412,12628,12715
170131,12636,12749
284722,12641,12716
284955,12644,12749
320008,12650,12740
3796,12651,12743
46457,12654,12704
16833,12654,12748
319459,12659,12718
149864,12659,12734
112558,12659,12738
357343,12659,12748
124837,12659,12753
146224,12661,12726
248369,12662,12738
284956,12816,12878
275553,12820,12887
121454,12826,12886
27437,12834,12886
228438,12937,13012
10602,13259,13316
206681,13261,13359
18092,13265,13322
70395,13307,13369
390515,13318,13374
275319,13327,13419
10925,13328,13399
275810,13332,13408
207506,13333,13400
376690,13335,13399
260999,13336,13407
7114,13339,13401
131909,13339,13416
197006,13339,13424
197436,13341,13388
76602,13341,13415
3486,13341,13427
171120,13343,13405
93068,13345,13387
310465,13346,13416
386292,13347,13440
237359,13348,13429
116487,13352,13436
88990,13355,13430
200367,13360,13428
74913,13366,13445
180893,13376,13446
52658,13384,13446
83661,13388,13447
82121,13390,13459
206540,13395,13456
203075,13402,13455
137353,13402,13466
373109,13404,13477
187416,13406,13461
203074,13407,13460
333522,13423,13478
356759,13424,13468
197169,13428,13506
275318,13447,13527
23348,13458,13536
91222,13460,13515
362894,13460,13557
330040,13471,13540
382973,13484,13540
332549,13488,13557
94281,13502,13550
191223,13522,13583
275317,13537,13673
41968,13589,13669
24026,13596,13674
25462,13601,13662
149863,13602,13661
319195,13731,13784
195689,13731,13801
129099,13731,13809
177916,13732,13811
82535,13733,13805
72146,13739,13808
167389,13781,13858
62250,13784,13859
394123,13789,13859
123181,13792,13858
284954,13816,13902
230124,13876,13931
258248,13880,13932
371587,13884,13936
207449,14049,14116
378328,14054,14106
109275,14065,14132
325970,14071,14114
61245,14546,14599
18091,14550,14599
266111,14721,14777
86134,14822,14871
88808,15286,15374
371586,15289,15370
152014,15293,15379
148928,15294,15372
344703,15302,15382
199728,15310,15374
199729,15311,15373
353213,15330,15374
313896,15346,15404
297404,15350,15413
267888,15351,15425
3599,15353,15428
348188,15358,15419
271795,15840,15906
254768,15840,15923
183515,15842,15906
254288,15845,15909
346430,15847,15912
234269,15851,15926
317435,15852,15909
92666,15852,15913
241396,15852,15918
201359,15858,15932
300140,15859,15923
144672,15865,15928
167388,15869,15939
211470,15874,15930
89935,15875,15938
315312,15876,15925
32978,15877,15938
255,15878,15929
68819,16003,16050
223688,16004,16059
364311,16005,16061
333378,16064,16113
215487,16064,16122
161844,16114,16180
333377,16360,16436
257177,16361,16419
83373,16361,16432
383437,16361,16440
212457,16933,16988
141037,16935,16988
167390,16935,16988
