72054,29,84
342634,29,93
126414,29,128
126413,29,144
268880,29,164
249329,35,155
244732,48,107
208525,48,130
124299,49,172
278892,51,147
31803,53,138
398469,53,141
176911,54,122
342633,58,142
398470,59,120
176910,59,122
95338,60,121
278635,60,156
324717,61,116
255032,62,148
235772,64,205
312313,80,164
22494,86,222
316825,88,209
240552,89,146
217635,90,141
184777,91,149
35547,91,227
386199,95,230
85809,96,166
181954,99,188
194944,103,195
281945,103,199
331287,103,247
382198,109,184
322545,109,223
92284,110,214
405490,111,174
358401,111,183
249449,114,222
192223,116,164
24494,116,180
329429,116,233
295567,118,181
348073,118,253
37415,119,258
348074,120,181
171750,121,255
95451,124,184
115028,124,195
186136,124,202
65762,124,235
19487,125,181
224599,125,185
143010,126,182
292171,126,249
57514,129,185
186907,132,195
66374,132,205
172148,132,250
251448,134,253
351683,134,273
197882,136,180
231370,136,189
166580,136,229
239201,136,243
210943,137,202
396434,141,194
396435,141,198
327652,143,205
169626,144,270
22493,147,262
31053,148,266
359251,150,194
121492,150,251
191581,151,200
126211,151,213
293753,151,217
235771,152,262
256752,154,271
115490,158,286
242,160,238
365670,160,290
88615,161,225
282327,161,227
35289,163,227
372606,165,229
242,169,259
154398,169,304
196200,175,302
837,178,304
389888,180,301
242,182,253
72346,189,256
172149,286,403
58404,293,409
1431,296,398
72345,297,402
264475,299,435
9838,302,399
72363,303,403
293830,305,440
143393,308,387
13027,308,398
292170,308,403
89529,310,357
4527,311,397
210525,315,376
302907,315,395
141544,319,384
197536,325,384
163293,325,402
1925,330,381
232002,330,388
267248,332,396
235659,333,438
9481,363,415
207210,395,500
99264,397,506
170314,401,496
95337,402,500
408399,404,448
222881,405,500
131880,414,484
258255,414,527
292771,416,497
232573,430,534
87399,431,500
269783,434,537
2789,449,524
90598,451,540
15476,451,552
17157,452,535
27485,464,543
58403,469,544
71170,481,542
315220,492,551
225170,593,652
341697,593,666
225171,593,686
206103,594,649
386561,594,659
163544,594,668
206609,595,677
347251,603,673
224670,677,749
10442,710,787
132592,715,785
98685,719,796
95336,720,784
18035,760,826
376537,761,843
48759,765,825
191292,767,844
311987,774,845
293249,775,863
23738,776,849
402690,779,845
240729,779,853
199181,783,851
238607,785,846
35762,832,892
398471,839,891
239397,841,901
286281,854,910
286280,858,909
398472,861,908
62278,887,949
262360,897,951
40829,901,951
57295,1087,1152
111902,1094,1157
26312,1125,1192
199659,1135,1209
400355,1135,1214
2852,1141,1205
133223,1163,1218
359250,1164,1208
123657,1236,1287
41152,1430,1482
200526,1442,1496
290153,1478,1540
41713,1508,1550
90994,1665,1723
235077,1666,1708
183076,1666,1716
29176,1666,1731
344877,1667,1724
373509,1669,1721
375800,1669,1748
372607,1671,1757
392268,1673,1744
95335,1677,1797
307636,1728,1780
276571,1759,1860
276572,1765,1867
298814,1786,1867
67890,1792,1866
369526,1796,1866
268214,1813,1866
263240,1814,1867
40871,1815,1866
