347249,117,248
270865,124,245
93943,130,263
237442,134,251
75810,137,249
236193,138,246
121612,140,231
177636,148,225
136025,151,246
316518,152,238
276433,153,218
205904,153,264
37360,153,268
312664,155,274
378506,159,271
24485,159,275
165700,161,294
18818,162,232
136633,163,250
120491,163,261
403971,163,269
136023,163,303
220314,164,246
240724,165,233
60693,165,242
397647,166,254
281917,166,289
136411,170,232
199013,171,236
193583,174,274
316519,176,239
29770,176,264
386169,177,244
218375,178,232
323669,181,247
270164,182,242
227890,186,256
14274,186,303
166640,187,236
388159,188,250
236533,189,256
388160,189,281
145875,190,252
153440,192,244
370240,193,254
141350,194,260
164874,194,310
157819,196,261
156409,198,276
212475,204,289
148101,205,291
133754,206,276
175321,206,327
319687,212,274
357095,220,339
277409,223,323
128232,230,366
222166,244,368
219393,245,394
375818,248,369
222165,251,362
57889,253,372
75632,256,360
4104,265,415
226188,267,412
265610,268,374
386852,271,392
87598,276,383
21217,304,447
21216,312,450
267663,313,375
388158,314,376
485,316,377
150094,317,447
346011,318,403
209971,320,442
280901,325,448
202617,330,468
120206,331,456
234245,333,402
3009,340,460
163104,341,421
270241,344,423
307250,344,433
78978,344,449
235775,346,422
335467,347,442
326405,348,453
197773,349,445
158018,349,469
98948,350,448
24340,352,438
141197,352,444
361145,353,408
51,357,450
184409,359,443
86916,360,425
164873,360,454
215542,361,461
270908,362,442
329697,363,447
140918,363,452
279709,364,412
89719,366,448
124336,367,429
6828,370,456
15048,370,459
387551,376,439
389630,376,461
15749,377,438
352720,377,457
15135,377,466
261082,379,461
312666,379,480
254797,386,460
341216,386,469
93804,388,439
207929,388,462
181982,390,441
215346,391,460
215541,394,461
174081,398,464
173930,412,475
120490,413,464
48824,413,466
41899,417,482
123477,418,483
217371,868,930
324251,888,960
9513,1001,1079
342940,1006,1069
156855,1013,1100
128234,1016,1104
328203,1027,1109
226189,1032,1101
1316,1032,1112
300931,1197,1246
210051,1203,1262
144342,1203,1302
141796,1231,1296
270963,1231,1329
192378,1235,1324
23487,1237,1315
89341,1239,1303
26167,1241,1312
203822,1247,1314
6423,1247,1329
153393,1248,1368
405217,1251,1330
148788,1253,1327
312665,1265,1327
349887,1265,1334
397459,1269,1321
310077,1274,1379
401254,1276,1384
270962,1279,1380
63442,1280,1385
273540,1288,1378
149597,1300,1373
399347,1300,1403
79694,1306,1376
45918,1312,1380
328203,1333,1403
128233,1334,1398
85036,1419,1501
26168,1419,1504
97815,1419,1513
314536,1423,1488
331693,1428,1495
222577,1433,1509
216125,1434,1497
307249,1449,1504
112670,1511,1604
90604,1515,1595
244,1536,1611
97586,1536,1622
138832,1538,1608
49217,1538,1629
60101,1543,1613
244,1545,1604
394328,1545,1632
80105,1546,1625
219307,1547,1627
31160,1552,1614
182389,1562,1623
152812,1564,1630
113620,1568,1632
28888,1572,1632
104049,1692,1742
348110,1714,1806
17498,1723,1806
17499,1723,1810
353194,1746,1829
122822,1798,1888
59631,1804,1869
209968,1874,1941
182388,1899,1960
27810,1899,1984
209970,1902,1965
200566,1905,1974
264956,1906,1985
112628,1911,1984
327535,1912,1968
357662,1912,1981
23246,1912,1987
257162,1913,1977
52449,1914,1970
221317,1914,1985
182387,1914,1998
353193,1915,1971
353766,1918,1985
68350,1919,1980
32078,1919,1982
363696,1919,2018
288629,1920,1973
159222,1928,1982
288479,1928,1998
138541,1941,1994
44924,1945,2028
217801,1966,2018
9808,1972,2030
328204,1973,2076
253031,2018,2108
251295,2019,2101
32376,2020,2103
98932,2021,2097
42279,2024,2103
147514,2024,2109
186113,2032,2088
175149,2038,2103
117321,2042,2104
328271,2052,2131
97585,2055,2148
245169,2057,2127
165701,2058,2137
50,2066,2131
304318,2072,2144
331238,2074,2161
284511,2076,2144
96492,2076,2158
141795,2080,2138
32307,2083,2150
112381,2084,2160
194489,2085,2146
5703,2100,2160
321939,2225,2306
393224,2226,2304
77217,2228,2311
305064,2229,2293
250956,2229,2297
29267,2230,2309
262186,2236,2292
296715,2239,2295
149239,2246,2324
175785,2248,2293
78063,2249,2324
94459,2250,2306
276382,2252,2315
258629,2253,2304
182636,2255,2348
202143,2256,2308
657,2256,2320
30879,2259,2328
48944,2260,2322
70491,2262,2310
24664,2263,2347
306896,2265,2314
252654,2265,2346
387964,2268,2332
75180,2270,2356
228324,2276,2353
33958,2290,2359
96372,2392,2453
313385,2394,2442
164779,2400,2455
300517,2400,2470
187004,2404,2470
267662,2407,2469
85983,2549,2607
221116,2603,2654
317009,2607,2649
255729,2608,2679
392945,2618,2683
32465,2622,2673
380467,2622,2682
328205,2633,2740
332381,2706,2771
237321,2830,2902
371248,2833,2898
102468,2839,2899
245513,2842,2898
81007,2844,2930
209969,2882,2974
43395,2902,2966
93944,2902,2979
349520,2911,2975
269054,2916,2973
386798,2916,2996
386676,2920,3007
141055,2929,2970
220937,2930,2987
99817,2932,3005
293542,2933,3011
235774,2934,2980
34725,2937,2983
180979,2943,3007
57475,2947,2998
305122,2949,3016
199592,2970,3031
218422,3056,3108
49813,3056,3132
17497,3059,3118
327651,3087,3163
109068,3109,3162
257414,3146,3207
17500,3235,3296
50059,3255,3297
245394,3392,3454
342250,3392,3480
244892,3400,3485
81015,3402,3486
335161,3406,3478
44301,3406,3487
188065,3406,3493
1574,3413,3488
225161,3417,3488
327864,3432,3513
328204,3489,3593
377872,3497,3591
397458,3498,3593
63222,3532,3592
311906,3558,3662
125412,3594,3659
348111,3611,3662
220315,3734,3788
60074,3896,3971
29740,3896,3979
104884,3896,3982
13738,3899,3966
288628,3900,3969
141054,3903,3965
285274,4005,4149
32374,4019,4148
11694,4025,4094
251297,4025,4137
360285,4026,4124
73232,4027,4142
46300,4036,4132
3018,4040,4141
60412,4042,4148
104076,4043,4127
3598,4044,4142
90605,4046,4099
121947,4049,4149
327863,4050,4138
24663,4051,4144
8707,4058,4133
243257,4069,4136
6638,4077,4138
32375,4081,4144
26166,4208,4271
325643,4218,4277
265828,4343,4417
251296,4354,4477
70670,4365,4418
142904,4451,4511
27967,4456,4511
76245,4464,4536
92583,4465,4527
57305,4574,4626
195395,4590,4659
39383,4601,4670
174794,4707,4779
254602,4707,4783
226619,4707,4799
326239,4710,4778
226618,4712,4808
291944,4717,4799
136024,4718,4780
331694,4718,4818
40965,4723,4826
63576,4725,4814
207279,4726,4824
59630,4730,4841
142280,4735,4830
288493,4736,4834
7121,4737,4828
30235,4739,4837
202192,4741,4804
284933,4742,4831
5765,4743,4826
210851,4747,4849
223916,4748,4804
212519,4752,4848
115988,4753,4862
166871,4758,4848
243448,4762,4836
108234,4764,4839
176562,4766,4827
30670,4767,4858
338738,4769,4850
219308,4770,4858
226620,4771,4839
238277,4774,4838
400927,4775,4842
102438,4778,4846
142508,4779,4844
164872,4779,4859
193979,4780,4822
192845,4780,4839
282464,4780,4847
353767,4780,4855
8070,4781,4830
27023,4783,4855
253210,4790,4860
172747,4850,4923
301059,4854,4937
244629,4862,4968
163105,4864,4922
212286,4864,4940
158017,4864,4955
223915,4865,4951
75811,4865,4958
389640,4871,4922
658,4871,4938
73272,4871,4952
94831,4873,4974
292022,4882,4942
69455,4891,4953
200856,4897,4957
49910,4897,4982
14007,4907,4973
308008,4947,5007
326406,5027,5096
324250,5029,5098
326404,5203,5266
315500,5216,5283
11761,5306,5356
193636,5307,5360
173746,5307,5362
328205,5372,5479
134596,5392,5477
257161,5538,5599
264966,5546,5629
259938,5547,5618
4507,5564,5634
156612,5564,5675
65432,5578,5634
152868,5591,5655
226935,5610,5664
