363095,145,249
274244,158,277
223941,211,285
209553,212,313
282414,276,393
18127,333,391
389060,389,462
144232,418,512
1190,419,480
122401,419,507
28599,419,524
120697,419,541
329194,419,549
352347,420,475
194206,422,522
303143,428,487
194296,428,548
47918,430,498
1659,442,555
32275,450,546
144233,469,558
103983,482,570
273034,485,569
128354,740,813
134596,861,950
35193,938,1006
364298,942,996
337,1080,1192
217244,1085,1167
26168,1095,1179
263797,1105,1177
103226,1107,1170
277762,1107,1173
329630,1108,1166
292165,1109,1177
330959,1110,1171
184952,1111,1169
155050,1117,1200
33543,1117,1216
144162,1124,1216
367584,1126,1202
140042,1132,1215
142304,1272,1366
256352,1434,1482
