8778,113,160
43516,113,166
204813,113,170
46602,113,180
283847,131,247
211819,132,240
365558,140,216
158359,232,368
167261,234,341
158358,255,383
14486,263,393
313510,263,398
6430,264,370
136891,266,353
136892,266,388
353474,268,337
250947,268,340
14549,268,408
227060,269,384
298627,269,401
53613,270,328
336573,271,341
139341,271,352
12705,271,380
134220,271,424
36181,272,333
47449,272,338
296328,272,398
233033,272,437
60388,273,368
201279,273,428
29172,274,336
23021,276,341
181174,277,407
8174,281,368
178918,286,381
402541,286,410
397417,287,417
102347,288,359
402554,293,421
113377,294,418
387265,298,390
225734,300,445
139342,305,435
269298,307,429
313509,307,459
23886,308,426
296329,313,447
14485,316,461
192840,320,438
28186,320,447
186511,322,451
20771,325,419
56282,329,445
384430,331,450
323986,335,442
79996,335,466
238787,342,407
40146,344,455
266731,346,467
358603,354,455
87628,355,468
109414,357,477
21580,358,419
387266,363,450
287981,365,485
223444,368,453
91919,368,486
95065,369,479
211818,372,465
14484,373,475
33543,374,463
311209,381,472
385515,385,447
75012,387,464
273394,389,448
83807,390,478
34645,391,456
312559,391,487
321522,392,455
91026,392,472
43374,394,459
10358,395,469
105838,398,450
370719,400,464
33786,404,475
150218,405,484
36180,405,490
150237,406,476
106488,407,469
270898,408,490
199248,410,451
24688,410,457
6187,412,484
256327,413,479
223512,414,470
136890,414,477
44846,416,496
148501,418,485
8934,420,470
246954,423,476
66887,424,504
36400,425,495
158360,426,477
144683,453,509
290683,501,631
283075,510,622
296319,511,644
402542,519,645
94351,566,641
248207,566,651
211523,590,643
385120,664,738
273199,804,870
207970,804,878
348016,805,861
374987,829,870
194579,865,947
29627,883,946
95302,895,958
205346,895,994
142036,900,958
394216,923,992
38854,948,1021
257344,976,1078
14335,1006,1059
3477,1008,1092
186560,1012,1087
401464,1014,1098
217504,1016,1092
249244,1016,1097
19706,1017,1076
162226,1020,1076
61158,1024,1084
56689,1025,1075
242485,1029,1116
168416,1032,1098
217503,1034,1092
375812,1041,1093
321521,1043,1096
254797,1047,1101
288593,1047,1113
127283,1049,1100
28185,1049,1113
162227,1063,1139
209690,1068,1159
162228,1081,1138
173351,1123,1214
262343,1137,1205
102829,1137,1231
11391,1140,1204
19065,1147,1204
199041,1148,1227
235969,1148,1250
248421,1149,1217
229381,1153,1215
80166,1153,1233
352111,1154,1242
352112,1154,1245
16450,1157,1232
194116,1158,1229
173352,1168,1230
62739,1183,1237
225407,1529,1590
244,1529,1597
264707,1529,1616
80105,1530,1624
158085,1530,1627
31160,1536,1602
18412,1536,1619
3551,1537,1596
332862,1548,1598
369704,1561,1632
232047,1621,1716
147877,1626,1732
150246,1627,1722
356250,1630,1692
356149,1638,1690
273046,1648,1717
54540,1651,1703
139927,1661,1745
317096,1669,1727
174380,1678,1760
174379,1698,1766
172101,1711,1763
339343,1745,1834
370718,1756,1838
153241,1757,1843
54219,1764,1819
228109,1764,1834
383926,1774,1846
149455,1775,1839
229638,1778,1842
172745,1779,1841
188361,1784,1842
90382,1819,1887
241235,1957,2021
167262,1957,2023
397418,1957,2047
110431,1959,2046
28187,1970,2047
247646,1973,2046
328676,2175,2234
98170,2175,2251
145633,2176,2224
62031,2176,2226
185143,2176,2254
87848,2177,2228
160615,2178,2222
250003,2178,2244
205347,2182,2252
400224,2183,2245
337619,2185,2279
109763,2186,2246
138799,2264,2369
370717,2273,2368
217227,2278,2332
145689,2286,2369
288594,2291,2361
322779,2299,2368
348188,2417,2469
285731,2427,2506
17179,2445,2507
73114,2447,2502
124662,2452,2508
171251,2453,2507
254911,2656,2760
90803,2657,2729
332863,2660,2761
18539,2661,2735
392134,2729,2771
359853,2784,2846
24924,3043,3098
381704,3043,3134
94484,3044,3106
149355,3046,3125
94230,3048,3116
311208,3053,3120
298917,3054,3141
224641,3059,3122
131843,3060,3126
311312,3061,3124
18889,3069,3131
96344,3099,3191
402553,3110,3172
102828,3111,3192
28184,3140,3221
359949,3146,3225
65661,3154,3244
251119,3158,3220
296189,3161,3246
296190,3162,3243
201604,3165,3238
96482,3168,3230
271802,3170,3246
242507,3172,3238
326587,3175,3219
137630,3175,3246
12358,3175,3263
139317,3177,3257
55707,3178,3231
226844,3179,3260
290238,3183,3246
330457,3187,3228
297580,3188,3258
60957,3192,3255
32394,3197,3254
307159,3197,3258
79331,3201,3259
206499,3206,3257
226359,3206,3264
314996,3214,3292
198624,3220,3268
33084,3221,3290
34927,3231,3284
392296,3252,3322
109115,3268,3322
224106,3268,3347
212518,3273,3346
199868,3275,3338
250667,3285,3340
231866,3285,3354
246953,3291,3368
236735,3317,3378
36190,3411,3463
76192,3582,3634
36168,3583,3628
369266,3585,3646
152612,3587,3648
18662,3605,3655
18888,3609,3653
400578,3650,3736
129236,3733,3794
399209,3734,3802
275887,3744,3791
214756,3745,3792
102828,4307,4380
312290,4354,4415
16118,4372,4428
183924,4374,4435
277439,4387,4443
95296,4666,4742
4718,4850,4905
8701,4869,4914
161504,5002,5085
162992,5024,5086
312289,5035,5086
147973,5036,5098
205348,5036,5101
337620,5037,5102
171668,5037,5106
292989,5038,5111
340053,5039,5088
37739,5039,5128
258111,5043,5108
399050,5048,5135
80571,5050,5118
277438,5057,5120
66304,5061,5120
138796,5061,5122
121067,5065,5118
175269,5111,5203
194629,5126,5228
104255,5126,5237
339342,5130,5202
241915,5130,5236
104256,5133,5237
90277,5146,5235
387267,5155,5236
24804,5165,5236
109430,5182,5236
126782,5307,5379
159224,5312,5419
201603,5321,5384
185405,5327,5428
3476,5334,5427
378331,5335,5423
80484,5337,5419
217908,5345,5417
342081,5346,5421
149456,5353,5427
201280,5356,5424
195797,5356,5433
102829,5361,5453
100420,5369,5426
37160,5371,5427
37831,5373,5427
274980,5373,5442
178604,5374,5434
352113,5375,5441
274981,5380,5425
26167,5380,5438
128061,5396,5477
220777,5556,5601
6515,5557,5609
192990,5557,5616
129562,5781,5833
384917,5867,5925
364317,5939,5985
35001,5939,5993
6083,5940,5992
381706,5943,5993
365573,6666,6721
391951,6793,6858
72183,6804,6872
221904,6821,6920
64646,6833,6916
380959,6854,6916
29199,6867,6916
37161,6872,6933
328400,6930,7010
93717,6930,7013
328401,6930,7018
98171,6937,7018
276274,7348,7420
389124,7471,7534
383130,7617,7712
383131,7617,7752
287207,7630,7741
164728,7630,7753
9193,7634,7729
367695,7639,7701
201792,7644,7707
172744,7690,7740
30757,8691,8772
195540,8703,8769
321279,8707,8777
199554,8709,8770
316875,8709,8772
201079,8713,8775
137171,8720,8782
33292,8837,8905
22489,8906,8964
272703,8963,9029
102826,8988,9113
102827,9028,9104
55184,9032,9095
209688,9052,9128
255824,9055,9128
288592,9056,9118
82451,9063,9125
19650,9063,9127
249712,9075,9143
299541,9076,9131
228906,9089,9154
204295,9089,9162
22232,9093,9156
204294,9093,9162
383927,9098,9168
125699,9100,9146
276987,9101,9172
277619,9103,9148
72614,9103,9158
363153,9108,9158
217354,9108,9171
303455,9110,9165
59758,9127,9197
124201,9128,9194
102825,9152,9242
102826,9539,9658
72620,9540,9597
358781,9542,9604
316876,9588,9643
365671,9613,9674
102825,9648,9745
72182,9674,9737
90408,9681,9742
33787,9707,9761
19187,9887,9947
184750,9896,9967
381705,9979,10047
102827,9981,10048
238786,10100,10165
16476,10122,10184
276988,10125,10186
247265,10427,10514
168070,10433,10516
50799,10438,10547
168066,10438,10557
309942,10441,10526
118856,10441,10577
344561,10442,10558
220731,10454,10558
55185,10455,10581
386807,10457,10572
104254,10458,10509
233611,10458,10515
209689,10459,10526
242250,10460,10522
160614,10460,10542
16,10460,10545
34269,10460,10580
94550,10462,10524
337799,10465,10572
344560,10465,10578
22490,10467,10542
46603,10469,10556
337588,10470,10581
24644,10471,10542
378795,10471,10546
7282,10473,10550
168161,10473,10575
8534,10474,10541
36838,10474,10581
383132,10475,10546
318677,10478,10535
350716,10478,10539
94483,10478,10563
82450,10479,10548
28456,10485,10541
378033,10486,10581
19707,10498,10581
14775,10521,10577
181511,10523,10580
150220,10703,10817
296027,10714,10800
201605,10717,10800
47524,10724,10794
14089,10726,10793
247504,10735,10790
208767,10739,10813
391950,10743,10831
402540,10745,10815
374986,10757,10806
340256,10761,10814
289156,10777,10861
353967,10932,11009
73720,10957,11040
343538,10960,11041
78301,10962,11039
48267,10996,11060
240451,11009,11076
387268,11189,11266
150219,11189,11314
150221,11190,11282
370395,11193,11315
290276,11208,11261
367697,11208,11274
78929,11208,11314
253465,11212,11273
381975,11213,11278
82085,11215,11269
367696,11217,11284
233928,11226,11308
285732,11246,11307
375811,11410,11481
392077,11451,11512
203350,11500,11561
68134,11889,11984
394612,12071,12118
230643,12072,12123
198008,12555,12618
170915,12584,12634
367774,12716,12767
