201680,146,201
369062,146,293
81716,148,232
185010,149,302
356864,152,268
344566,155,263
408127,155,302
266153,155,316
301625,156,257
43570,158,287
115145,160,221
326574,161,307
119520,162,266
185925,163,304
360983,166,300
40631,166,316
19326,170,241
352858,171,253
232587,175,311
72573,178,274
112633,178,335
154264,179,299
284941,180,278
273445,181,247
209899,182,317
193977,186,274
7936,187,243
174747,187,259
71184,188,300
138007,190,331
81717,191,305
31456,192,326
327362,195,256
136023,196,329
96342,198,299
42074,198,307
254530,199,317
186945,199,328
306058,199,334
8795,199,343
172951,200,263
80857,202,262
257972,202,294
286446,203,308
316138,203,331
273025,203,336
301593,203,355
26457,209,331
62474,210,305
323223,210,309
405200,210,326
4678,214,334
363517,215,331
378838,218,335
170820,218,347
111605,219,329
186326,222,322
243419,222,366
109666,224,302
205730,226,296
175683,227,306
89708,227,336
52667,228,355
240253,228,415
210147,229,296
132302,229,320
20215,230,291
47895,230,294
47904,234,296
205731,237,366
140739,241,411
317987,249,318
207199,252,329
2314,252,368
126237,253,402
6623,254,330
40651,255,317
318753,256,365
24343,259,388
190878,260,396
279146,261,362
139162,263,329
57502,264,399
19794,265,382
60875,268,400
347434,269,391
373516,270,405
13682,274,390
56895,277,404
316468,277,408
14766,278,399
24993,290,416
356865,294,399
319022,295,352
13852,295,360
4794,296,362
345941,296,380
317988,305,428
395548,309,418
216546,311,427
134700,313,417
185924,326,472
279553,343,460
282515,354,451
96079,363,445
168084,363,476
341417,364,467
85737,369,448
19795,387,445
279554,394,460
279629,397,451
215325,398,457
13562,404,477
34140,804,862
193494,804,868
21059,804,878
66553,808,860
205733,808,870
351036,808,873
358448,809,861
205732,890,955
46535,892,955
108210,892,963
207200,893,977
145518,903,974
283158,904,966
189382,905,980
244557,940,1014
286547,953,1022
270480,956,1046
125077,1036,1126
22216,1050,1112
55068,1294,1355
365551,1296,1361
406188,1309,1390
370492,1320,1381
269944,1326,1387
272521,1337,1418
128849,1340,1389
381493,1346,1392
124101,1357,1408
252919,1372,1443
305346,1377,1445
367191,1409,1461
296494,1520,1583
87306,1524,1587
236862,1531,1603
173288,1668,1755
201099,1682,1798
87943,1692,1797
121640,1702,1808
100827,1704,1757
71519,1712,1808
62043,1721,1807
260700,2170,2240
176135,2174,2236
187240,2302,2364
248990,2306,2371
58623,2324,2385
84741,2327,2434
128708,2328,2400
332100,2338,2411
183625,2354,2431
310491,2355,2418
33514,2355,2429
236863,2360,2427
120214,2367,2429
78638,2368,2430
177150,2370,2426
14879,2372,2434
112467,2583,2646
367381,2584,2645
264445,2586,2662
264446,2587,2657
310490,2588,2639
177151,2589,2646
224967,2590,2637
263385,2590,2660
34246,2604,2666
130040,2793,2852
352153,2842,2902
280135,3024,3085
408229,3067,3132
56953,3122,3192
177643,3140,3189
242103,3223,3290
244861,3406,3468
83793,3423,3470
285529,3721,3811
405991,3740,3817
328535,3917,3989
343134,3918,3984
81035,3919,3986
373425,3931,3986
153735,4075,4134
84447,4075,4138
111608,4075,4165
78933,4076,4130
170927,4076,4139
46712,4076,4151
38217,4076,4172
67676,4077,4135
252030,4077,4147
365610,4077,4175
269392,4078,4131
241650,4078,4145
325997,4079,4136
102739,4080,4148
237002,4082,4144
252029,4084,4170
331427,4090,4141
405195,4094,4157
31998,4096,4165
185926,4099,4186
14621,4100,4182
149862,4103,4167
46333,4104,4166
156484,4105,4162
234713,4106,4170
346432,4112,4171
96130,4223,4274
407358,4234,4302
329914,4287,4348
240052,4287,4377
56556,4291,4370
283157,4306,4378
373084,4315,4374
375663,4316,4379
373085,4318,4372
373083,4322,4380
292393,4420,4476
323362,4441,4524
66660,4486,4559
52666,4507,4604
219218,4584,4655
311731,4584,4660
52263,4588,4658
252920,4636,4725
140566,4676,4729
154383,4678,4729
81718,4678,4732
126239,4678,4750
314918,4678,4761
100298,4683,4742
61097,4683,4749
165826,4687,4744
277321,4688,4750
61098,4696,4754
125078,4699,4750
353374,4700,4753
307613,4812,4855
110638,4897,4966
352152,5011,5076
53969,5012,5081
173287,5016,5081
22215,5019,5080
147075,5155,5227
352482,5158,5223
31636,5171,5240
161512,5177,5237
192506,5214,5284
31941,5241,5301
213460,5263,5320
34247,5263,5378
172950,5272,5364
160577,5275,5356
56555,5278,5396
367631,5281,5379
290164,5282,5406
132637,5283,5376
190879,5284,5369
139161,5286,5352
14803,5289,5348
77938,5296,5358
91793,5297,5375
313696,5299,5394
94579,5327,5399
318754,5494,5565
296311,5512,5599
14802,5523,5593
5354,5558,5609
69975,5974,6082
369704,6262,6339
69976,6324,6404
368858,6393,6454
256154,6688,6749
51504,7433,7508
223199,7434,7506
3149,7436,7502
277959,7436,7507
241341,7437,7513
366700,7444,7505
136820,7447,7518
69950,7454,7526
158241,7460,7510
242888,7461,7525
163993,7464,7508
364616,7464,7513
63027,7469,7525
126238,7476,7540
98548,8035,8104
78610,8035,8124
128401,8036,8099
186099,8037,8093
177596,8054,8177
344678,8063,8138
343202,8077,8125
189383,8102,8187
70762,8103,8185
102740,8125,8186
244556,8277,8341
276688,8277,8345
280136,8278,8349
353375,8290,8354
405632,8554,8645
210618,8565,8628
72574,8566,8648
126240,8575,8645
302421,8718,8796
177597,8732,8797
170890,8733,8793
149861,8734,8797
323893,8849,8944
158242,8850,8894
229815,8850,8913
285528,8868,8945
396162,8876,8941
390481,9011,9072
269064,9234,9295
361792,9234,9337
361791,9235,9327
381494,9243,9287
119519,9243,9304
18111,9253,9304
298683,9257,9321
248663,9258,9310
33997,9274,9320
177675,9336,9439
177674,9345,9439
185332,9347,9399
370493,9516,9610
41259,9517,9600
396446,9517,9629
41258,9517,9635
41261,9521,9603
30990,9525,9603
345824,9526,9631
41260,9536,9603
369063,9562,9639
31997,9567,9629
283883,9567,9631
342317,9575,9639
342318,9576,9638
342319,9762,9845
21304,9795,9849
43855,9798,9859
104256,9803,9926
347422,9807,9907
339864,9810,9904
290089,9817,9920
407015,9824,9911
38218,9827,9925
336288,9828,9936
100331,9835,9928
345825,9842,9916
340355,9867,9929
136339,9868,9915
191208,10199,10257
77763,10233,10349
125184,10236,10340
222166,10238,10346
48919,10240,10359
222165,10242,10341
171698,10242,10355
57889,10246,10351
173779,10251,10356
26456,10253,10359
14559,10256,10353
140740,10271,10367
125183,10276,10365
5229,10282,10356
345823,10283,10360
253591,10294,10353
123502,10297,10352
36187,10299,10360
145423,10305,10380
320428,10311,10412
315934,10347,10398
279552,10349,10413
167085,10351,10416
390482,10465,10551
170926,10469,10595
334077,10480,10552
279555,10488,10578
136210,10492,10565
351907,10647,10689
196812,10727,10788
219258,10727,10792
175198,10727,10814
97248,10728,10804
195634,10729,10798
231641,10730,10781
175197,10730,10814
137245,10731,10788
21305,10733,10804
293083,10736,10799
253003,10738,10800
167084,10749,10815
181763,10752,10814
90286,10752,10816
31600,10763,10816
251198,10932,10991
85701,10933,10995
190859,10934,10997
158496,10934,11002
293082,10936,11015
11031,10937,11001
362864,10939,11029
213555,10949,11018
187434,10950,11002
2293,10956,11018
26127,10957,11025
64555,10962,11025
59347,10972,11032
94578,10976,11049
127021,10981,11040
55230,10982,11047
305652,10988,11048
190880,11015,11072
78637,11200,11254
290554,11200,11258
87136,11204,11253
255089,11573,11646
139202,11595,11672
154382,11601,11664
277786,11623,11685
6644,11827,11881
375979,11827,11887
126,11885,11950
70427,11886,11952
38035,11893,11954
