10904,136,195
38094,136,217
178335,137,188
21664,137,201
49983,137,208
101752,137,242
173599,138,194
182455,138,200
301276,138,233
324374,138,267
87600,140,194
112920,140,200
194226,140,224
32986,140,236
394729,142,193
393599,142,244
339939,144,202
267719,144,232
393221,147,234
204048,148,214
137766,152,231
161049,153,226
146818,154,221
27166,157,227
316543,175,303
283943,179,290
198124,184,282
65598,184,318
228914,185,290
13439,187,315
305634,192,317
150756,195,300
140876,198,285
49275,202,283
186900,207,280
208672,211,316
204138,215,291
13125,221,344
328858,231,316
204139,242,314
205730,243,318
212475,254,333
205731,270,384
72192,295,406
356900,324,431
132782,324,438
280105,343,439
5229,349,417
335240,365,464
87678,370,446
347576,373,438
310876,374,450
196220,377,438
117370,379,446
57880,381,453
341166,383,440
22330,389,440
322765,453,530
222160,465,530
143290,671,713
317057,680,743
115700,709,772
245062,759,831
23837,847,909
231811,1011,1082
205732,1075,1132
184323,1250,1311
255948,1250,1328
352004,1297,1362
50473,1323,1389
186671,1323,1392
2316,1331,1390
113091,1331,1392
167427,1335,1393
380480,1337,1402
328677,1337,1405
356224,1339,1419
296359,1350,1406
67235,1350,1416
233331,1355,1420
213579,1361,1414
265006,1361,1425
160541,1365,1425
258098,2553,2606
150034,2556,2618
197961,2563,2630
275034,2565,2642
2596,2580,2636
155594,2660,2711
353472,2998,3061
386575,3003,3052
296812,3171,3229
15638,3172,3241
105785,3323,3404
163303,3742,3795
292311,3745,3806
327720,3772,3829
228824,3777,3886
239192,3780,3845
402692,3784,3845
150035,3786,3902
53797,3795,3891
281432,3805,3900
262204,3815,3891
402693,3816,3878
96991,4103,4165
345284,4180,4224
48107,4182,4281
262204,4189,4275
50093,4194,4279
42913,4195,4270
281431,4195,4286
166047,4196,4280
126115,4614,4671
85499,4614,4674
138799,4886,4986
98005,4904,4986
86541,4913,4979
247035,4917,4984
348469,4920,4985
90068,5097,5170
210852,5097,5184
353307,5192,5284
18539,5202,5287
269013,5212,5286
197452,5233,5324
165424,5236,5285
245787,5237,5309
313459,5472,5522
77987,5472,5531
65893,5477,5544
64609,5477,5547
115148,5480,5545
146816,5482,5539
244935,5555,5642
230576,5556,5628
273178,5571,5677
169492,5573,5632
342014,5578,5686
342013,5578,5704
111344,5587,5675
202803,5587,5694
292635,5588,5682
132594,5610,5697
75002,5662,5741
75001,5668,5742
104878,5677,5754
69479,5682,5764
3752,5689,5742
169255,5689,5755
299204,5689,5758
15027,5690,5752
398685,5691,5744
302048,5691,5753
230864,5692,5742
104877,5694,5759
185147,5699,5760
189312,5699,5775
185146,5700,5759
365227,5702,5770
399666,5703,5755
309046,5704,5786
198788,5704,5792
207131,5707,5752
216282,5707,5786
25982,5715,5776
64608,5716,5778
98520,5718,5791
215893,5719,5788
365226,5721,5785
348468,5723,5784
217240,5723,5786
158459,5724,5789
102524,5725,5785
138798,5736,5812
183659,5745,5816
305173,5746,5833
320746,5749,5813
319235,5750,5804
133557,5752,5813
20335,5757,5803
347898,5757,5812
191949,5757,5833
253396,5761,5811
101422,5761,5815
290193,5789,5850
160740,5823,5891
195796,5881,5944
311875,5882,5945
111740,5897,6024
111738,5926,6046
53345,5943,6067
111739,5944,6071
98007,5948,6069
272097,5972,6077
10642,5978,6071
34042,6008,6075
313458,6009,6079
20522,6009,6082
94740,6010,6062
171697,6011,6066
142753,6015,6077
247980,6015,6082
391291,6016,6067
201847,6174,6233
63098,6174,6267
39650,6181,6288
63099,6191,6273
138990,6211,6287
15288,6233,6287
105505,6242,6284
220551,6387,6464
408416,6446,6496
117508,6451,6507
172367,6452,6518
15669,6457,6519
379031,6462,6510
115147,6559,6634
355478,6569,6634
63098,6735,6808
262207,6735,6816
218019,6735,6828
220552,6738,6813
209939,6769,6818
71836,6917,6989
138800,6917,6997
22746,6920,6993
235232,6923,6993
402628,7125,7177
294549,7354,7398
49985,7515,7579
49984,7521,7589
53915,7526,7588
191948,7774,7818
398157,7774,7865
48226,7778,7848
373682,7781,7842
369079,7781,7857
4430,7783,7865
365228,7783,7869
105273,7783,7877
329810,7788,7862
79737,7790,7859
148906,7795,7873
342262,7796,7876
337176,7798,7870
244,7799,7860
62760,7801,7873
244,7805,7868
219960,7873,7929
359027,8195,8296
355873,8213,8290
185179,8227,8277
394967,8227,8290
218575,8227,8294
31640,8236,8290
138898,8237,8303
88171,8279,8342
112921,8289,8362
296811,8289,8372
42725,8291,8359
271324,8293,8360
387874,8301,8364
237940,8316,8370
138803,8628,8682
133135,8899,8960
189728,8926,8972
72191,9021,9105
177832,9044,9110
208237,9264,9329
328857,9279,9363
44879,9295,9383
367943,9299,9352
48029,9301,9370
303860,9305,9365
76248,9307,9362
121630,9311,9385
56299,9311,9398
330851,9322,9415
377106,9331,9383
15639,9331,9425
328307,9332,9375
86264,9333,9396
39398,9336,9446
74320,9354,9406
242577,9354,9416
110377,9354,9434
242578,9355,9400
33133,9356,9406
305006,9357,9410
115146,9357,9436
408482,9628,9732
18655,9644,9707
206965,9663,9729
267657,9664,9731
262691,9667,9731
266038,10180,10264
235095,10212,10302
47229,10225,10291
182259,10256,10334
378863,10259,10329
48441,10271,10334
194824,10280,10355
101416,10283,10357
169256,10291,10356
120863,10293,10409
392391,10293,10440
171106,10294,10384
359162,10294,10404
385687,10296,10346
280703,10296,10350
74768,10296,10412
6276,10309,10418
287514,10309,10433
24083,10316,10392
324372,10330,10402
369894,10402,10493
156038,10403,10465
380459,10409,10456
156039,10413,10492
156040,10417,10493
262206,10427,10517
406731,10432,10493
312694,10462,10580
241066,10478,10603
324371,10480,10600
126,10486,10582
30103,10492,10601
233203,10510,10604
158458,10516,10610
154749,10518,10579
369893,10533,10609
126460,10544,10610
123802,10567,10609
397054,10720,10791
357522,10735,10814
194067,10740,10815
287787,10753,10808
104516,10762,10827
126556,10762,10848
390087,10767,10840
156037,10768,10817
107691,10768,10819
110870,10771,10828
393222,10780,10854
277920,10782,10848
200346,10784,10860
360052,10784,10868
379713,10784,10873
148905,10792,10899
22745,10793,10871
170379,10794,10848
5157,10794,10861
84492,10795,10849
385688,10795,10873
390284,10795,10914
363356,10796,10867
107690,10798,10847
98004,10798,10887
220550,10801,10872
160739,10810,10879
188513,10814,10913
357521,10817,10884
98006,10818,10877
5645,10838,10904
184324,10839,10896
82959,10839,10899
274651,10839,10903
72189,10839,10920
5645,10839,10923
240704,10922,11000
42918,10923,11017
30302,10924,10997
253193,10925,10999
52193,11036,11102
221443,11036,11111
218043,11056,11111
26413,11071,11164
202613,11075,11131
337071,11098,11154
85364,11206,11267
61957,11305,11367
27165,11305,11380
167420,11306,11364
58088,11310,11369
321471,11312,11382
320817,11320,11381
98377,11320,11385
105272,11321,11384
221739,11324,11383
44878,11331,11403
324370,11333,11397
235633,11338,11406
255947,11368,11428
33872,11385,11443
356212,11413,11475
30063,11630,11709
318695,11634,11711
383387,11646,11711
137230,11651,11711
279784,12156,12229
218018,12162,12217
123490,12536,12619
14237,12559,12620
353471,12744,12805
183184,12820,12871
259938,12879,12940
78411,12896,12950
61307,13032,13090
322647,13033,13100
267285,13045,13100
26484,13046,13093
369892,13507,13562
348087,13509,13584
80982,13512,13583
337970,13518,13595
378340,13521,13586
283942,13525,13587
221993,13526,13598
378341,13532,13590
134783,13536,13580
359026,13542,13597
31641,13547,13597
383822,13882,13949
136657,13894,13939
60694,13907,13969
90771,13910,13955
67901,13911,13990
339941,13915,13989
360054,13916,13997
181019,13920,13980
365229,13978,14099
159173,13998,14077
221009,14005,14102
66137,14007,14126
61196,14008,14061
281385,14008,14119
315425,14014,14066
262205,14032,14147
10895,14034,14084
337179,14040,14137
337178,14051,14137
335894,14058,14130
63100,14064,14127
107277,14064,14130
140877,14067,14128
365231,14067,14132
134672,14067,14136
1874,14069,14127
365230,14069,14132
212473,14070,14148
365232,14071,14157
148904,14080,14153
254213,14092,14159
233268,14093,14153
339323,14094,14151
375101,14096,14157
257009,14100,14162
756,14102,14163
182456,14193,14259
23161,14200,14254
361458,14221,14268
125722,14390,14460
219282,14407,14473
166860,14814,14858
262690,14967,15027
379490,15015,15079
107290,15303,15368
12978,15897,15952
142037,15915,15978
402695,15919,15984
232630,15919,15993
170436,15920,15962
330025,16196,16305
337177,16199,16267
6283,16204,16254
305805,16204,16277
268167,16227,16297
191699,16229,16296
23224,16229,16312
222697,16237,16290
153248,16238,16312
367773,16240,16296
365233,16241,16314
23223,16241,16326
262207,16248,16316
83395,16336,16398
336105,16393,16552
167426,16396,16535
281386,16403,16578
3980,16409,16551
311874,16423,16561
118897,16432,16559
354777,16438,16525
37367,16440,16551
104579,16440,16598
354778,16441,16530
64825,16444,16505
249715,16444,16507
70574,16446,16533
159270,16447,16507
310450,16449,16531
50474,16450,16507
15667,16451,16503
279465,16454,16525
9863,16468,16531
126105,16468,16552
112922,16474,16534
15668,16484,16529
34156,16485,16539
333488,16486,16532
98122,16488,16531
169253,16488,16549
252922,17283,17335
120427,17284,17332
120426,17287,17332
61571,17288,17336
140669,17288,17338
262203,17335,17427
28507,17341,17428
336173,17517,17570
191116,17517,17578
100518,17519,17576
262203,17627,17709
313460,17689,17759
339940,17736,17808
19579,17750,17811
192475,17971,18030
83495,17979,18042
20336,18169,18223
220860,18319,18396
351593,18529,18606
279783,18537,18608
58557,18589,18678
333674,18649,18721
15666,18658,18723
232631,18658,18757
166532,18664,18748
137677,18682,18728
188544,18698,18762
72190,18701,18765
305027,18702,18786
73917,18768,18838
266440,18769,18843
324369,18770,18849
266441,18778,18852
75003,18786,18866
252197,18787,18858
127978,18790,18856
65297,18794,18856
50410,18794,18873
262206,18803,18893
55931,18856,18942
281801,18866,18955
160738,18867,18936
86265,18867,18949
126,18870,18948
241067,18873,18940
19071,18875,18943
106793,18891,18951
206799,18894,18964
173574,18904,18955
398158,19013,19109
264378,19016,19062
373617,19017,19072
255946,19038,19103
121631,19060,19133
311912,19072,19153
138802,19074,19135
125050,19080,19144
48440,19080,19160
263099,19080,19176
320272,19080,19187
298815,19081,19152
166809,19082,19179
377288,19101,19178
75004,19103,19186
139402,19105,19189
70758,19105,19214
154460,19107,19185
399709,19110,19172
356899,19110,19209
269489,19112,19183
67421,19116,19175
171639,19116,19177
52864,19117,19226
92083,19118,19190
163694,19121,19185
200422,19122,19183
269490,19125,19191
36505,19126,19200
71837,19127,19230
287966,19130,19191
91847,19131,19216
350227,19134,19196
42726,19134,19198
12363,19135,19192
193809,19135,19197
127283,19136,19200
212347,19136,19210
91355,19136,19221
395781,19138,19220
378862,19155,19221
52746,19156,19229
129720,19159,19237
34155,19160,19224
9040,19161,19227
77495,19163,19227
134671,19167,19245
157095,19172,19243
208792,19176,19237
63205,19178,19240
298371,19180,19237
107650,19180,19252
348316,19183,19226
328855,19195,19259
360053,19195,19274
183959,19196,19261
190349,19199,19268
240702,19202,19269
138801,19213,19329
63101,19219,19308
356898,19225,19358
287515,19232,19363
324373,19245,19361
27164,19255,19349
130656,19256,19358
107276,19260,19357
43466,19271,19358
166046,19272,19378
314283,19273,19363
281383,19277,19341
176808,19277,19347
165064,19277,19365
69879,19277,19392
328856,19279,19343
30301,19280,19379
74768,19283,19383
333489,19289,19395
150033,19291,19359
56300,19293,19361
6192,19300,19364
269325,19329,19383
117371,19347,19405
222695,19361,19421
18740,19463,19509
315426,19484,19544
30300,19496,19567
71838,19509,19562
124933,19583,19676
196189,19584,19646
353306,19585,19661
335893,19591,19677
212630,19595,19656
172268,19608,19682
200035,19630,19681
402694,19631,19683
240703,19797,19896
352087,19817,19889
270454,19818,19878
81466,19826,19875
205733,19836,19888
61308,19836,19901
156036,19837,19900
370394,19838,19902
390285,19838,19913
57879,19839,19901
369834,19878,19934
132647,20248,20313
219283,20277,20340
391293,20557,20630
376443,20575,20627
240155,20576,20631
391292,20746,20857
343844,21124,21233
100611,21132,21234
189192,21138,21224
346115,21143,21211
72189,21159,21233
238275,21304,21358
192930,21379,21451
344692,21430,21493
169254,21487,21564
318889,21500,21583
181492,21515,21577
274958,21517,21580
249608,21517,21582
53402,21521,21577
30299,21521,21610
281384,21523,21618
262205,21524,21651
221008,21526,21597
386176,21533,21594
139240,21539,21602
372200,21540,21626
63102,21560,21637
134672,21564,21643
365234,21566,21626
386239,21574,21631
98003,21575,21643
86266,21577,21642
403401,21577,21652
325518,21593,21639
226775,21599,21674
361457,21600,21680
68578,21604,21652
68454,21606,21672
188080,21623,21697
130238,21627,21690
364507,21628,21692
22438,21631,21688
220512,21633,21688
87122,21641,21705
246294,21657,21719
99433,21673,21736
355507,21709,21770
330024,21919,21980
212346,21934,21995
233139,21960,22048
394966,21961,22042
50945,21972,22048
377107,21978,22049
130645,22352,22455
166045,22355,22449
137506,22356,22431
350318,22360,22432
131278,22392,22469
166605,22411,22469
274959,22413,22469
184325,22590,22653
132783,22594,22685
237701,22600,22685
227808,22608,22685
334437,22952,23002
140596,22998,23051
174548,23061,23141
61987,23085,23159
30298,23087,23182
208238,23092,23181
369891,23104,23182
67234,23105,23180
260206,23109,23180
146817,23118,23181
1213,23281,23371
221738,23281,23406
158460,23282,23379
26387,23286,23350
222696,23294,23415
176568,23301,23367
38849,23317,23375
100519,23331,23379
208753,23337,23429
132260,23358,23429
