247751,171,281
73151,172,270
312525,174,257
2729,175,261
82044,175,283
328494,185,283
316647,190,258
241358,199,313
127050,215,275
187374,236,300
406333,538,653
63415,557,658
9536,568,670
53053,572,670
79199,574,660
130041,575,667
406334,581,670
127679,594,669
271493,610,670
380970,832,889
199875,841,891
91150,1079,1140
346266,1584,1639
145523,2156,2214
32230,2156,2217
350232,2169,2235
10468,2210,2279
278854,2239,2316
133762,2246,2310
271494,2246,2321
226126,2248,2311
189238,2254,2317
200475,2259,2312
29192,2281,2339
168887,2296,2341
153343,2433,2500
28452,2443,2509
211149,2455,2513
134928,2514,2577
353597,2530,2598
349035,2533,2598
294452,2537,2598
299210,2704,2759
206069,2705,2749
285930,2707,2763
317764,2754,2803
292887,2913,2988
73152,2921,2991
232216,2969,3024
182737,2994,3055
48525,3003,3056
299209,3050,3130
389080,3252,3308
138618,3253,3320
15629,3253,3343
188477,3254,3312
137099,3260,3325
155269,3263,3325
124329,3352,3423
234974,3358,3424
280072,3359,3423
301323,3361,3426
31700,3363,3424
18768,3378,3442
206093,3381,3445
47390,3404,3481
56172,3435,3489
173028,3462,3535
186680,3475,3530
396956,3479,3533
91091,3482,3527
367593,3545,3594
320780,3836,3897
44332,3969,4034
402645,3979,4034
5318,4207,4256
357505,4505,4605
41281,4529,4615
130244,4614,4695
311906,4632,4723
88943,4649,4761
16847,4668,4763
1994,4683,4761
333306,4688,4760
332564,4691,4761
91300,5103,5148
233341,5520,5585
380753,5527,5592
31699,5537,5597
147839,5550,5609
66661,5550,5629
252942,5555,5625
348779,5558,5631
125240,5558,5651
331128,5561,5620
322457,5563,5631
77619,5617,5683
1155,6213,6284
1155,6214,6314
223711,6215,6299
101334,6220,6287
56585,6222,6317
306283,6223,6284
379833,6224,6285
325146,6235,6314
299208,6245,6310
405301,6245,6316
264090,6253,6308
69934,6253,6317
25634,6254,6318
110534,6263,6315
257528,6591,6650
268494,7078,7153
244,7086,7155
396456,7089,7158
103573,7092,7154
196456,7575,7637
266161,7575,7639
292886,7575,7659
402017,7577,7649
199876,7593,7656
268218,7630,7696
226615,7679,7745
182836,7681,7744
193540,7681,7746
293946,7685,7743
53134,7688,7743
152109,7692,7743
307030,7703,7764
85836,7708,7772
334699,7709,7775
387937,7723,7814
244085,7765,7815
313496,7929,7982
129158,7930,7986
9433,7931,7983
115338,7932,7987
145524,7950,8007
