209320,342,405
265944,343,416
67094,436,525
135798,438,530
174327,438,533
81259,439,536
107427,457,537
13,476,536
213564,684,743
369533,900,948
151507,980,1036
263302,986,1068
51446,993,1056
151508,993,1058
283434,995,1057
219097,996,1076
298424,999,1080
245922,1003,1076
103919,1004,1081
265986,1005,1066
18937,1010,1104
220032,1012,1077
26836,1016,1078
233871,1018,1080
176863,1018,1097
145875,1021,1089
23363,1023,1076
216350,1023,1080
209979,1024,1087
173766,1025,1101
189051,1026,1087
209978,1030,1084
109515,1036,1101
280373,1037,1098
86059,1049,1114
289576,1084,1150
237258,1091,1152
266359,1092,1142
326374,1095,1156
134469,1571,1633
22889,1573,1639
246217,1573,1643
97477,1599,1660
295600,1602,1663
244210,1926,1975
203461,2026,2090
258756,2140,2220
309288,2144,2207
24682,2151,2206
50191,2157,2206
304493,2167,2234
336743,2172,2230
221823,2251,2315
292768,2397,2463
90369,2442,2497
230114,2487,2536
86326,2589,2639
269347,2589,2654
50345,2589,2657
182226,2589,2664
63615,2622,2712
7230,2660,2756
158469,2724,2789
10805,2738,2797
65945,2753,2820
296762,2786,2832
1301,2800,2859
