17461,95,156
269382,99,234
370475,107,235
358344,109,238
192753,116,231
228907,122,240
34340,123,235
388463,123,268
36214,131,253
84407,133,270
338835,134,257
139859,134,277
24141,134,293
181480,136,272
94464,137,243
277831,144,246
119,144,265
131705,144,270
158476,145,283
197072,146,220
335009,146,253
307029,149,266
316362,152,272
112760,160,243
4678,160,273
392597,160,297
25752,161,267
197073,161,281
111066,163,243
26457,163,275
110099,163,284
149288,165,292
406674,169,307
23564,169,341
159597,170,243
56010,171,267
305665,171,284
261176,173,308
254009,174,260
41075,174,285
358343,174,318
81565,175,255
319388,175,376
113667,178,288
168238,184,260
137273,184,284
315464,191,320
352083,194,313
112475,196,267
359451,196,320
247030,197,302
224565,197,351
149287,197,358
255814,199,365
202670,200,291
34339,201,328
359854,202,268
107869,202,335
5421,202,348
89447,203,373
6623,205,273
381224,207,267
255496,207,277
336605,208,337
347143,210,328
72988,211,370
16421,213,377
197074,215,358
72192,216,336
26675,216,352
43073,216,369
209557,219,342
57889,221,340
30441,221,365
201357,222,304
96298,223,377
405497,230,355
285677,235,343
125919,235,377
26456,237,349
176612,242,303
111849,242,312
2849,242,317
2251,242,342
50301,243,304
237336,243,336
116378,247,331
102888,248,300
78318,251,342
148795,255,369
67196,258,368
5229,262,344
78606,263,362
287501,264,354
339752,274,344
288036,276,360
485,280,343
283396,305,372
253105,454,547
165849,455,511
263253,455,516
6034,456,517
102899,458,519
334310,459,542
136938,460,528
403563,460,531
360499,460,573
73578,461,522
403562,465,563
365319,479,540
184640,483,554
51086,486,571
174461,494,573
152862,496,574
226736,508,602
30124,509,573
305209,555,673
317612,557,683
165564,558,676
174460,560,663
8820,561,678
305664,563,670
95810,572,689
72577,584,667
300010,587,682
401613,591,667
221197,595,688
107887,595,697
160582,598,706
31632,603,656
36215,604,710
287981,606,722
91919,607,727
359452,608,699
29365,608,703
99922,608,712
129572,610,704
84446,619,702
139860,621,701
255827,622,681
129573,622,709
107888,627,720
268759,628,680
243804,650,702
369838,652,713
369236,660,709
129648,694,738
108052,707,805
72578,707,811
60772,709,772
339623,711,804
174931,715,801
361044,719,812
38931,720,786
40935,722,840
15077,723,799
16201,728,809
217498,728,832
334309,730,813
32329,733,796
284735,738,812
139881,741,795
227834,743,837
209556,744,832
77060,745,826
22354,747,839
129647,748,837
319171,752,839
211372,754,829
165892,757,826
52543,760,839
29371,765,828
145132,766,827
229000,766,846
156413,768,809
285879,772,840
358136,778,848
64244,928,1004
131704,928,1012
52544,928,1018
42026,928,1024
57439,931,1009
261067,932,990
95772,935,1016
115581,938,989
318119,944,1016
60188,947,1018
234418,950,992
84009,973,1033
131965,988,1054
35711,991,1054
320356,998,1061
86677,1019,1082
22551,1052,1129
221216,1241,1312
384290,1242,1352
307884,1247,1323
347622,1255,1351
81732,1256,1336
246206,1258,1335
91182,1267,1350
302904,1269,1352
339031,1271,1337
316363,1272,1351
168894,1273,1337
222201,1274,1336
225196,1275,1343
22438,1275,1350
147681,1277,1338
244743,1279,1333
112714,1282,1349
173115,1291,1352
108720,1305,1350
86945,1461,1518
54174,1461,1521
181713,1463,1521
393381,1641,1692
182011,1664,1720
9103,1679,1783
375148,1731,1807
202669,1749,1835
293533,1757,1825
385340,1778,1863
238966,1786,1852
107175,1786,1863
84406,1793,1854
78542,1794,1859
19927,1798,1854
283219,1802,1864
26983,1906,1964
109451,1906,1969
335008,1906,1974
139185,1908,1995
303359,1915,1995
390391,1918,1982
335490,1919,1996
34443,1923,2003
351793,1931,1995
149289,1976,2090
207074,1978,2051
338273,1979,2094
224564,1986,2104
287964,1987,2056
343178,1987,2086
335272,1988,2051
258261,1988,2059
255142,1990,2095
390421,1992,2113
69952,1993,2059
16847,1994,2103
103502,2000,2103
26982,2001,2109
79199,2004,2086
10432,2007,2076
13679,2009,2086
84445,2009,2103
112715,2009,2110
16501,2011,2104
267157,2012,2074
372470,2012,2094
1994,2012,2101
180232,2012,2108
6808,2015,2114
115113,2016,2111
5751,2027,2099
135584,2045,2105
343403,2148,2209
112670,2148,2247
221198,2148,2252
202816,2150,2263
240467,2151,2209
128291,2152,2208
90604,2158,2252
355498,2165,2230
366857,2167,2240
201976,2167,2254
15528,2173,2228
244,2174,2253
202672,2176,2237
202671,2176,2256
49217,2176,2264
109143,2177,2231
244,2177,2240
103191,2177,2249
116377,2179,2256
359547,2181,2260
304564,2186,2246
244,2186,2261
371243,2192,2255
31160,2192,2258
255140,2193,2256
3551,2194,2258
69721,2199,2264
365699,2211,2262
43324,2402,2460
321891,2422,2472
173944,2423,2475
90194,2432,2500
398304,2864,2919
67586,2865,2920
297902,2865,2931
76262,2866,2927
33764,2904,2976
211473,2905,3027
247677,2920,3000
180233,2924,3018
18042,2925,3014
285884,2927,3003
207073,2927,3027
281212,2931,3019
398303,2933,3027
366856,2935,3011
193394,2938,3008
5645,2942,3019
72189,2942,3029
25804,2946,3024
1188,2952,3029
207440,2953,3020
358341,3056,3155
147071,3088,3175
244385,3089,3163
300193,3090,3161
270265,3100,3182
382683,3102,3163
157658,3103,3158
24365,3257,3325
25509,3271,3318
267926,3432,3491
139184,3432,3493
317883,3432,3495
107904,3433,3497
381293,3434,3493
213910,3434,3495
244384,3434,3509
340602,3444,3496
261066,3594,3684
55894,3600,3685
55893,3608,3694
15527,3613,3674
371205,3614,3695
188421,3616,3689
384291,3616,3694
191879,3627,3686
330542,3627,3695
33274,3628,3687
136937,3634,3695
299726,3827,3880
17759,3828,3887
245487,3921,3996
366465,3921,4014
42080,3924,4004
333922,3926,4006
102458,3930,4020
91181,3941,4059
340300,3944,4019
135585,3965,4021
118550,3990,4060
347574,3990,4079
4735,4101,4150
152056,4385,4448
65192,4385,4455
48399,4402,4449
84922,4428,4476
356364,4542,4605
305208,4550,4602
289629,4553,4605
216466,4640,4703
300584,4667,4745
115452,4915,4996
351619,4923,4995
20581,4925,5018
31567,4926,5013
9043,4939,5014
27287,4941,5026
217842,4950,5030
58557,4950,5037
250063,4951,5025
8406,4957,5031
129466,5076,5150
112710,5076,5173
370478,5077,5140
37226,5077,5143
220579,5077,5155
34091,5077,5182
112713,5078,5141
173273,5078,5153
255497,5078,5160
266029,5082,5147
203300,5088,5165
115617,5090,5154
27225,5091,5156
85324,5091,5162
293532,5092,5175
361335,5093,5165
255141,5096,5162
232641,5101,5176
55609,5144,5256
168282,5158,5266
34092,5159,5253
94147,5160,5258
77418,5160,5282
55608,5164,5256
181712,5179,5257
320357,5182,5292
207072,5183,5254
400451,5190,5254
6302,5196,5260
108258,5196,5283
337024,5200,5257
37486,5200,5304
360301,5202,5307
11447,5203,5261
263254,5205,5254
109314,5208,5255
370477,5212,5340
95809,5232,5292
112712,5232,5331
343284,5236,5332
112711,5237,5327
255499,5244,5344
255498,5244,5350
35710,5246,5334
145376,5248,5333
108356,5257,5332
147018,5260,5328
107174,5261,5332
57758,5261,5338
42079,5262,5325
72190,5262,5334
391152,5265,5330
6644,5266,5332
112710,5266,5356
329533,5271,5332
6319,5275,5338
30450,5278,5339
34338,5278,5350
48189,5278,5354
177257,5279,5341
116376,5280,5351
14267,5280,5356
192651,5282,5342
354373,5282,5353
209441,5284,5345
56595,5285,5347
361334,5285,5360
98735,5286,5344
269284,5287,5347
55892,5294,5358
86792,5295,5353
22291,5301,5358
48516,5426,5476
43578,5426,5508
44034,5427,5515
51885,5427,5529
51886,5429,5524
285880,5430,5487
26984,5430,5522
84010,5431,5490
266553,5431,5505
170442,5432,5519
170441,5433,5511
101519,5435,5500
268587,5436,5497
360982,5437,5517
13036,5440,5515
193501,5440,5536
343720,5441,5518
212451,5442,5521
166049,5443,5504
233544,5443,5507
153628,5443,5510
50891,5444,5522
160456,5444,5532
2723,5445,5515
177722,5446,5501
146691,5446,5508
401004,5446,5546
93430,5447,5505
12619,5448,5506
12682,5448,5518
13687,5448,5521
255500,5534,5593
145377,5692,5791
112711,5704,5791
42078,5707,5791
16967,5724,5790
147018,5728,5791
37226,5730,5791
26985,5936,5983
361045,5939,6030
303726,5940,6007
341839,5941,6031
283063,5942,6003
188645,5942,6008
288445,5944,5994
70287,5945,6003
350285,5945,6041
236445,5945,6044
99621,5946,6029
288446,5948,6008
41343,5948,6027
222464,5948,6030
73,5949,6016
333987,5950,6044
225057,5951,6020
24899,5953,6023
348513,5958,6024
269283,5960,6025
325249,5967,6028
222463,5967,6041
233547,5971,6056
267675,5983,6064
25302,5989,6085
57757,6003,6062
342783,6004,6069
68621,6005,6091
16585,6006,6070
225206,6009,6070
291638,6019,6088
9042,6156,6212
401053,6156,6239
167829,6157,6206
255143,6157,6248
74995,6158,6222
74996,6158,6227
131706,6163,6231
112714,6164,6212
103312,6164,6214
219580,6165,6244
302905,6166,6218
286889,6168,6230
100418,6171,6244
33275,6174,6231
258081,6181,6246
283064,6193,6252
231604,6203,6258
284562,6215,6258
370476,6236,6321
112712,6240,6321
40934,6252,6313
156414,6263,6336
129465,6264,6383
112713,6267,6321
395829,6309,6380
236091,6322,6389
4673,6326,6391
152861,6698,6760
108719,6699,6799
356363,6703,6772
398936,6759,6821
358342,6771,6836
123276,6784,6837
321868,6785,6850
26082,6790,6859
188785,6793,6854
94463,6907,6976
157718,6949,7063
286832,6956,7066
391124,6960,7077
286831,6963,7072
298201,6964,7046
112108,7235,7319
347423,7238,7316
72191,7375,7446
28052,7399,7500
184470,7402,7495
93440,7403,7489
719,7404,7472
401892,7407,7472
94353,7412,7473
360437,7414,7470
391008,7419,7495
207439,7421,7487
257577,7436,7502
370297,7444,7501
168500,7448,7503
184471,7681,7754
80721,7722,7842
56855,7732,7843
356763,7733,7869
152501,7740,7865
27166,7741,7793
311323,7741,7846
317882,7744,7886
13049,7745,7842
401612,7745,7871
343732,7750,7883
83061,7751,7859
381248,7751,7871
232101,7760,7845
49811,7762,7841
370216,7763,7824
381639,7767,7840
54702,7767,7856
221132,7767,7882
185047,7770,7842
11983,7770,7874
11984,7770,7897
130183,7771,7889
368104,7775,7863
86942,7775,7895
347144,7776,7838
108718,7776,7882
22774,7777,7864
54703,7780,7896
338347,7783,7890
41825,7784,7879
51887,7788,7853
103478,7791,7899
109519,7814,7898
145992,7823,7882
43879,7823,7891
34170,7825,7882
220578,7829,7884
10431,7831,7881
48190,7831,7897
9102,7834,7900
358340,7905,7977
176080,7906,7971
56009,7914,7986
352502,7952,8068
247678,7956,8043
300585,7957,8040
110098,7959,8039
22292,7963,8080
11276,7964,8053
5752,7964,8059
398305,7965,8046
211472,7968,8041
366855,7971,8097
193448,7976,8060
915,7976,8086
281211,7978,8066
118711,7979,8040
178633,7979,8042
5645,7979,8049
109034,7979,8063
229029,7979,8078
92512,7980,8076
3982,7980,8099
180234,7981,8092
9536,8005,8104
79199,8007,8086
1994,8010,8094
95347,8013,8101
112715,8015,8105
145375,8022,8105
303360,8045,8106
153766,8055,8105
