337706,200,275
87125,200,289
321179,201,279
197383,203,314
55645,215,302
55483,217,292
309283,241,318
140651,245,303
355704,253,330
41999,268,315
149467,336,404
147768,338,389
101317,346,416
31675,348,413
3241,348,418
64384,349,410
69776,766,816
395828,766,829
395827,768,829
224234,770,831
148421,809,866
128384,826,916
351678,840,909
337727,840,920
354794,851,924
400441,866,913
126480,1249,1313
234490,1357,1453
87717,1369,1452
25019,1382,1447
56291,1390,1453
392947,1495,1549
199819,1495,1556
174124,1495,1558
357440,1496,1543
16628,1496,1560
287024,1497,1557
107019,1497,1561
379380,1498,1559
277138,1499,1561
188701,1500,1558
263808,1505,1564
113523,1506,1562
60700,1720,1777
109081,1945,2009
80813,1945,2011
271936,1951,2000
263355,1951,2008
558,1952,2016
134418,1962,2012
400977,2174,2234
288275,2175,2240
238666,2177,2236
44631,2177,2240
31147,2178,2235
390182,2459,2505
374910,2474,2535
400977,2491,2552
30726,2672,2725
165893,2672,2737
81234,2672,2762
29174,2672,2768
391245,2673,2734
238256,2673,2736
173243,2673,2739
384963,2673,2752
286302,2674,2737
300374,2674,2749
391246,2674,2761
29175,2674,2767
398910,2676,2754
398911,2676,2785
223062,2700,2793
5401,2706,2792
122583,2716,2799
395263,2728,2822
108568,2737,2816
380621,2738,2806
73334,2742,2823
105149,2749,2822
79188,2753,2817
234708,2759,2809
387406,2762,2823
402188,2765,2822
48944,2771,2822
172715,2775,2822
100813,3371,3472
236241,3377,3491
172621,3381,3458
277637,3388,3463
267521,3389,3470
387493,3391,3472
196368,3393,3490
188785,3394,3469
169637,3396,3489
10248,3400,3490
74596,3402,3468
398170,3403,3488
113344,3406,3470
244,3425,3487
46774,3431,3487
135264,3431,3491
310434,3434,3486
326978,3546,3591
16146,3774,3834
299803,3775,3851
231574,3784,3852
315490,4146,4197
53260,4232,4306
238570,4241,4311
225785,4241,4322
206218,4245,4317
176927,4246,4314
35037,4247,4323
91467,4248,4318
265551,4255,4308
184419,4255,4330
23506,4256,4320
392023,4256,4342
350339,4258,4313
192849,4261,4319
124612,4263,4337
18271,4264,4312
343532,4269,4316
314204,4271,4333
331129,4286,4348
80812,4287,4356
104792,4291,4352
55618,4295,4392
69332,4296,4385
42080,4296,4395
173065,4299,4406
333922,4305,4404
223135,4306,4385
161399,4311,4398
245375,4312,4381
389994,4313,4374
315540,4316,4383
315539,4316,4393
243553,4316,4404
315538,4318,4409
168323,4324,4398
98521,4325,4386
293627,4331,4394
221015,4333,4401
77124,4339,4450
395263,4340,4430
12597,4348,4420
369356,4348,4435
352128,4348,4438
352127,4348,4445
165731,4349,4410
67200,4351,4419
115844,4354,4408
231575,4354,4412
46806,4355,4411
105148,4355,4444
267865,4360,4406
24922,4360,4429
238255,4360,4447
368093,4361,4458
357446,4364,4424
78303,4365,4438
291056,4365,4491
219686,4368,4453
84476,4376,4440
400756,4377,4430
343234,4377,4458
267276,4379,4440
79189,4379,4442
250641,4379,4463
207673,4380,4459
207674,4382,4478
1867,4383,4449
150369,4384,4462
227300,4385,4450
11356,4390,4461
149880,4390,4480
286941,4390,4483
175523,4442,4499
144439,4763,4836
340036,4770,4816
214669,4772,4842
206284,4782,4843
37732,4784,4843
400442,4786,4839
88035,4787,4848
330447,4790,4846
267753,5068,5136
301469,5071,5132
383356,5071,5135
301468,5072,5124
137351,5073,5132
307046,5073,5134
28841,5075,5136
17973,5081,5135
142862,5219,5275
63886,5219,5294
357017,5221,5280
197747,5221,5290
221016,5226,5290
153837,5244,5311
83236,5281,5337
63672,5287,5337
376954,5530,5610
154851,5558,5613
172806,5560,5617
144030,5967,6029
52175,5967,6031
406786,5967,6039
231573,5968,6034
106914,5970,6045
228841,5971,6016
36157,5979,6052
11907,5981,6048
177035,5981,6053
177036,5981,6059
77543,5988,6062
283155,5995,6058
355266,6142,6207
374909,6178,6239
225124,6182,6246
106915,6192,6242
196524,6195,6253
315491,6544,6593
234280,6544,6622
384964,6550,6622
274307,6555,6630
203412,6559,6625
243552,6563,6626
225460,6567,6637
384556,6570,6633
377989,6578,6649
81517,6581,6658
57631,6585,6649
386634,6586,6657
263807,6600,6696
56926,6639,6691
388153,6811,6859
4973,6811,6861
71876,6812,6863
307047,6812,6872
74194,6918,6982
301384,6918,6995
234279,6918,7001
176986,6919,6985
297656,6927,7005
184757,6934,6995
6847,6943,7001
201652,6944,6994
28844,7178,7233
330448,7184,7249
210863,7210,7254
7515,7213,7262
367508,7345,7411
121182,7532,7596
352321,7540,7619
211460,7553,7639
269443,7556,7647
121398,7560,7646
384966,7571,7645
384965,7572,7664
234281,7580,7641
66136,7837,7894
399573,7937,8014
235218,7955,8020
71908,7956,8019
