41972,270,339
406619,454,532
290016,457,527
290681,470,532
2363,611,669
64957,611,677
279248,613,677
177436,616,675
76719,616,677
53701,617,673
174238,618,676
64958,723,794
188444,736,799
237111,837,904
352337,850,934
222853,861,935
400872,874,938
229837,875,934
5856,891,938
86875,999,1057
388922,1005,1064
157872,1037,1100
114291,1295,1357
11025,1363,1428
349213,1363,1444
35150,1367,1443
241911,1367,1450
201632,1368,1432
291709,1369,1440
94632,1370,1428
166345,1372,1441
68601,1377,1450
1356,1378,1441
40312,1380,1443
159068,1380,1447
73607,1381,1445
55778,1381,1450
11074,1384,1449
321986,1386,1448
148597,1390,1449
26226,1392,1445
302994,1533,1643
378447,1740,1783
285951,2052,2116
319498,2053,2121
180870,2054,2126
57135,2054,2131
125578,2055,2117
117363,2056,2124
39599,2058,2121
352490,2058,2126
176096,2058,2144
247566,2058,2149
57136,2061,2166
389560,2065,2146
78066,2077,2164
72252,2148,2221
62949,2154,2208
263132,2154,2241
400706,2155,2218
236368,2156,2229
263133,2156,2240
244238,2160,2246
135828,2161,2238
279708,2161,2243
301201,2162,2210
41431,2169,2219
311486,2174,2267
77062,2175,2236
362132,2178,2243
134051,2178,2253
148873,2248,2318
120327,2255,2307
147338,2699,2764
88950,2717,2778
400816,2723,2776
197961,2867,2942
125166,2868,2955
125168,2868,2977
125167,2870,2946
332552,2873,2941
362485,2874,2948
116945,2874,2952
13005,2884,2939
302994,2898,3003
388419,2912,2989
85156,2926,2989
91951,2927,2972
221508,2928,2989
75463,3303,3413
40839,3330,3419
204926,3335,3456
328838,3336,3422
244195,3344,3441
203781,3347,3451
101919,3358,3419
129771,3361,3441
154597,3912,3964
21558,3913,3965
