359441,122,183
79074,122,185
369327,123,188
167632,124,187
306017,128,210
20574,129,265
222898,131,208
362237,132,210
369000,134,213
217018,137,198
240496,137,200
347083,138,201
352399,138,206
272372,139,202
403214,140,266
189944,141,211
309281,141,279
111388,142,214
28917,143,284
350758,145,263
54495,146,209
309282,146,278
187017,148,212
252191,153,268
325345,155,273
88622,155,277
109274,160,222
178171,160,226
72939,160,286
384058,162,225
10502,164,225
133524,164,288
93473,165,294
186663,166,228
295138,167,230
188086,167,272
258804,167,290
206710,168,293
272264,170,284
80623,171,279
138381,173,296
132420,175,265
66656,175,304
6118,177,244
238465,177,252
314450,177,269
13569,178,248
312664,178,309
131958,179,242
270472,179,272
307153,179,338
9611,180,264
176861,180,328
398888,182,291
286376,184,248
209329,185,266
99155,186,297
171666,186,317
343216,189,268
12442,190,266
114419,190,284
400898,190,294
99875,191,276
116404,191,314
388913,192,288
16481,192,311
44600,193,282
6509,193,301
338164,193,322
52216,194,287
1007,194,313
130409,196,279
93474,196,308
373031,199,260
123592,200,262
395573,200,310
10334,201,331
88831,204,312
299318,205,332
173970,208,269
388912,209,334
210900,211,275
127047,212,299
72938,213,320
133525,214,334
296973,216,306
123824,216,339
153786,217,276
80116,217,288
16871,217,298
115337,217,304
28918,218,319
106738,219,310
122970,219,322
73768,220,281
249978,220,292
382595,220,300
13774,221,295
107935,221,307
91614,222,288
176633,223,324
218854,224,272
107966,225,322
80624,226,314
9701,226,328
107816,226,346
63241,227,293
396337,229,432
369401,236,292
63849,240,311
116157,243,310
88304,259,383
15739,260,337
282680,263,360
52076,263,392
358511,266,387
9078,271,353
212478,271,378
324453,283,373
294744,290,352
246617,292,467
28999,294,410
51753,297,418
56025,302,356
261937,302,427
295851,307,388
275326,309,367
60341,313,392
69506,313,429
49941,314,410
246631,317,385
60340,320,451
148766,321,459
54374,327,406
244476,328,474
236726,329,417
406867,329,454
19583,331,418
158163,332,461
287037,340,471
361666,344,466
88233,345,418
2849,345,437
83835,345,448
262042,346,420
215997,347,496
177167,348,418
116405,348,449
112178,348,510
265878,349,444
2251,349,464
181893,358,476
116358,359,472
101896,359,482
335523,361,506
261051,365,486
243556,366,478
126348,367,473
226279,367,521
307888,372,464
5229,374,471
20874,375,468
287501,375,476
246825,376,451
69399,377,461
185216,379,522
7471,385,476
281399,385,556
21376,389,584
126347,397,472
122507,397,492
367665,399,541
63680,400,488
485,401,462
62942,402,486
80626,402,548
388310,404,545
134200,405,524
169011,408,528
60342,408,600
280901,410,532
282515,411,518
383371,415,492
120574,416,466
114239,416,528
123637,417,533
35619,418,544
196220,419,496
52113,419,538
35620,423,543
125459,426,542
353330,430,492
217802,431,531
98088,431,557
219849,432,535
19256,433,517
125256,436,539
131410,437,527
96390,440,573
311684,442,549
371349,443,494
396247,444,518
261676,446,534
50932,448,585
281398,448,602
321132,452,514
242328,452,537
115061,452,604
6828,460,541
37207,463,539
96723,463,543
147708,463,604
172955,464,514
126270,464,573
303163,465,541
376540,465,563
80625,466,600
359109,467,530
280920,467,539
122455,468,558
351105,470,526
31620,470,552
77146,470,565
102156,470,571
325344,471,557
301241,471,560
399897,472,585
126271,472,602
51752,473,530
278319,474,522
288593,474,557
399531,474,563
128465,475,554
250338,476,552
369482,478,550
388311,478,604
57471,479,540
164043,480,531
202947,480,538
72094,481,536
326725,481,589
304681,483,591
96730,487,599
2320,492,572
109579,493,564
261866,495,559
122456,497,561
74889,497,574
226451,498,559
281400,499,563
107784,500,572
75932,503,563
95739,503,604
9700,506,602
49942,514,603
6829,515,577
362238,519,573
68320,539,603
196512,542,603
56024,552,603
214134,878,939
98011,878,946
107800,880,939
174235,893,991
262939,911,984
60212,925,986
363865,926,989
349680,929,993
381973,932,1002
394202,935,1002
299250,949,1009
102579,957,1003
171168,957,1024
2136,993,1097
12576,994,1072
19584,995,1070
148762,1018,1104
207212,1025,1125
336939,1028,1094
236688,1031,1127
400900,1038,1092
116972,1038,1094
20466,1038,1124
251166,1039,1100
214299,1039,1126
272370,1044,1128
103018,1046,1130
360556,1049,1124
186346,1049,1127
98453,1056,1131
320799,1060,1117
20573,1060,1121
23845,1060,1135
64411,1064,1128
96313,1067,1159
98454,1068,1132
54172,1070,1128
326133,1071,1151
309084,1075,1154
22532,1076,1144
189900,1079,1144
309083,1082,1162
161140,1095,1160
269778,1096,1162
248655,1096,1170
359544,1097,1161
132951,1100,1158
125269,1101,1172
214772,1133,1194
407000,1315,1373
46907,1381,1450
181688,1384,1448
31192,1396,1469
108070,1397,1450
26701,1405,1469
312665,1407,1470
339513,1413,1469
77460,1622,1677
382997,1622,1685
396917,1630,1688
303758,1630,1696
382092,1632,1688
123019,1633,1705
182317,1634,1721
38,1634,1725
1180,1634,1761
221791,1636,1700
118875,1638,1749
239877,1641,1702
143434,1641,1736
15247,1643,1700
243860,1643,1703
257326,1644,1755
88624,1654,1757
43632,1658,1749
55980,1660,1735
400899,1663,1736
281412,1665,1742
25676,1673,1743
196439,1690,1741
7283,1706,1784
407021,1711,1788
106252,1720,1783
7537,1726,1802
247786,1736,1796
39158,1742,1809
119983,1748,1797
116236,1750,1801
41823,1774,1830
167636,1817,1898
226710,1818,1893
288594,1829,1895
314318,1843,1894
207010,2009,2070
399634,2009,2117
388685,2010,2089
219223,2011,2084
372060,2026,2085
265583,2035,2097
279837,2067,2117
106737,2120,2172
180584,2257,2322
268085,2266,2343
402006,2273,2333
69285,2275,2328
402007,2300,2355
125514,2324,2386
2476,2641,2705
219541,2643,2704
331873,2648,2704
49937,2649,2706
50020,2651,2722
171772,2652,2715
59908,2657,2725
178250,2661,2732
309722,2713,2794
189510,2719,2781
249986,2720,2796
5113,2723,2833
335522,2724,2799
209520,2734,2796
390455,2740,2849
43634,2744,2795
6824,2745,2803
102164,2745,2839
161503,2751,2837
5112,2759,2870
368617,2769,2845
172096,2776,2830
242327,2778,2844
122421,2813,2865
169012,3038,3081
109273,3038,3108
317973,3039,3102
6825,3039,3116
323701,3043,3131
349709,3044,3098
156441,3044,3111
24692,3044,3118
206709,3044,3121
119565,3045,3106
407824,3048,3113
407020,3048,3118
389170,3049,3116
389169,3049,3130
353329,3052,3163
50940,3056,3122
102165,3076,3162
49448,3182,3243
55319,3191,3234
289487,3192,3240
62260,3277,3333
88621,3277,3340
28244,3278,3339
227578,3278,3344
370116,3278,3357
267044,3279,3331
6824,3280,3348
371220,3297,3374
332684,3298,3361
28998,3303,3413
226166,3310,3412
332734,3316,3413
241721,3320,3394
103454,3320,3402
31377,3323,3393
87410,3323,3396
239878,3323,3409
214326,3324,3368
133186,3325,3394
178238,3326,3414
15295,3327,3420
43637,3328,3392
176860,3328,3424
22533,3329,3393
242259,3329,3396
65957,3330,3414
381974,3334,3426
286079,3337,3393
171952,3338,3394
119024,3338,3415
147125,3340,3410
282880,3344,3413
349995,3345,3409
78431,3347,3408
3594,3350,3420
44599,3351,3410
38552,3352,3408
132419,3352,3421
130284,3354,3410
174363,3359,3429
76203,3360,3426
223241,3363,3425
6822,3427,3497
66519,3435,3528
60521,3524,3590
66520,3526,3639
6822,3583,3644
240383,3799,3859
12575,3799,3863
383445,3801,3863
176105,3819,3895
64490,3824,3895
366765,3838,3920
392897,3839,3897
158505,3842,3904
125513,3877,3958
25652,3887,3974
148764,3890,3973
24011,3893,3972
179470,3898,3977
370115,3899,3987
101053,3900,3973
115336,3921,3987
56026,3926,3988
117070,3990,4078
126842,4013,4076
350445,4163,4222
78432,4164,4216
193170,4169,4243
307061,4172,4226
66521,4226,4322
202050,4890,4958
337239,4894,4960
204995,5048,5120
325672,5052,5123
288433,5075,5133
310386,5242,5301
61868,5250,5297
6917,5557,5618
137522,5557,5646
258729,5557,5654
110814,5557,5664
73646,5558,5624
211598,5558,5633
105005,5558,5644
186220,5558,5651
307543,5558,5656
8793,5558,5671
3549,5559,5623
1179,5560,5627
374168,5560,5645
376521,5560,5650
167634,5560,5661
320734,5560,5674
126395,5561,5658
118876,5570,5692
167633,5571,5700
201067,5572,5671
167635,5576,5688
220778,5580,5701
262940,5595,5712
371998,5614,5695
52665,5631,5713
83836,5632,5710
99147,5639,5705
88623,5639,5711
34338,5639,5714
74890,5641,5712
243861,5644,5705
98450,5645,5713
292924,5653,5713
230642,5655,5713
383174,5726,5783
345561,5726,5786
5963,5735,5785
107467,5738,5786
306762,5818,5901
246618,5819,5892
185751,5825,5892
6825,5826,5902
132164,5827,5885
66038,5828,5889
35224,5831,5912
381427,5831,5945
6148,5835,5922
191670,5839,5946
1055,5860,5934
106740,5883,5972
64726,5892,5957
172364,5893,5959
206711,5894,5949
59907,5894,5963
253111,5913,5989
171169,5918,5996
110664,5919,5981
339545,5926,5984
329946,5931,5988
23415,5932,6004
120903,5933,5989
17834,5937,6003
268349,5938,5997
258024,5941,6005
264730,5943,5996
116156,5944,6011
149647,5947,6006
374167,5953,6014
57078,6004,6071
184870,6007,6067
24010,6013,6070
123591,6015,6071
245671,6161,6225
205945,6190,6248
182318,6190,6251
211597,6191,6262
382337,6200,6246
220938,6283,6331
77610,6286,6347
83834,6320,6377
10602,6424,6485
183974,6432,6495
35068,6434,6493
23973,6522,6582
11731,6522,6606
251534,6523,6569
388392,6523,6577
251165,6523,6581
86540,6523,6585
306763,6523,6588
84074,6523,6601
3231,6524,6580
341109,6524,6582
198674,6524,6586
31448,6524,6593
208645,6524,6599
76428,6525,6597
167258,6525,6607
2473,6525,6621
80447,6527,6579
198599,6528,6589
17490,6529,6608
225558,6530,6578
2714,6532,6606
113152,6532,6634
268086,6533,6627
372323,6535,6611
40560,6535,6623
40890,6540,6639
5423,6541,6635
325274,6542,6606
35855,6545,6652
20075,6546,6607
27296,6548,6643
330615,6550,6611
1142,6551,6651
5114,6552,6623
362165,6553,6647
50941,6554,6622
303757,6557,6652
77145,6562,6651
4957,6571,6653
304682,6585,6652
303755,6588,6653
31538,6735,6792
257327,6736,6789
303756,6739,6792
288592,6741,6792
123825,6855,6936
123826,6855,6954
60343,6871,6955
389862,6992,7042
135764,6992,7048
43635,6992,7066
43636,6992,7073
49938,6993,7077
104420,7002,7066
365632,7159,7208
272089,7164,7226
113021,7265,7331
272369,7329,7390
371266,7336,7398
43633,7360,7427
213370,7372,7437
308101,7377,7438
190222,7386,7503
19585,7392,7492
9096,7403,7507
106251,7410,7501
138589,7415,7501
56147,7418,7502
123828,7420,7524
110864,7422,7508
252908,7422,7518
279712,7422,7529
29002,7424,7545
244551,7425,7502
2548,7426,7505
72940,7428,7481
54713,7428,7512
142615,7430,7506
25651,7432,7502
95070,7441,7508
141589,7445,7526
141590,7447,7545
16,7460,7545
24318,7465,7544
220867,7466,7525
272371,7466,7541
24644,7470,7540
7282,7470,7545
14741,7479,7545
165460,7649,7726
127879,7650,7704
15516,7650,7721
317752,7654,7713
156640,7655,7724
156641,7700,7774
49939,7704,7769
269464,7714,7775
222897,7892,7973
388369,7892,8000
123020,7894,7967
201065,7894,7990
40888,7897,7975
171049,7897,7978
262450,7897,8008
264159,7900,7991
388368,7901,8004
189771,7907,7973
106739,7907,7980
199698,7909,8005
9699,7909,8009
262449,7909,8021
173569,7913,7976
48769,7913,8006
166545,7914,7992
9698,7914,8011
16437,7915,7994
2475,7917,7989
57472,7917,7992
32912,7917,8010
57473,7918,7994
72552,7918,8004
234680,7921,7993
321138,7922,7986
332308,7928,8003
139749,7931,7977
16145,7931,7984
6828,7932,8015
37207,7933,8013
242329,7934,8004
47519,7940,8030
312666,7940,8039
264158,7942,8032
400901,7942,8044
288588,7943,8006
19955,7946,8025
45339,7949,8000
69507,7949,8026
123827,7950,8015
197164,7951,8012
6877,7955,8063
81902,7962,8033
86080,7971,8026
21375,7978,8048
352398,7978,8052
201066,7979,8024
313936,7979,8059
9882,7980,8050
296108,7980,8066
128942,7982,8051
6826,7982,8068
55189,7983,8063
372479,7987,8075
193421,7996,8072
19927,7997,8074
328904,7999,8060
43616,7999,8062
299534,8000,8075
329945,8009,8075
165461,8106,8167
80622,8252,8342
9803,8253,8301
288364,8260,8340
332733,8262,8337
57314,8282,8339
127046,8299,8343
74609,8299,8366
283222,8303,8389
107799,8313,8409
319274,8316,8414
96721,8325,8424
78433,8329,8401
254772,8331,8412
301240,8339,8404
376009,8339,8426
258023,8342,8441
18844,8343,8421
201064,8344,8408
108914,8344,8429
361397,8345,8435
313312,8348,8406
292527,8348,8412
43399,8348,8414
52284,8349,8407
5851,8350,8420
341110,8351,8428
6827,8353,8415
248783,8354,8418
359108,8356,8438
56146,8360,8423
336568,8361,8422
246619,8361,8424
146064,8362,8477
2474,8363,8428
57771,8363,8433
109573,8364,8423
32431,8377,8437
283667,8377,8439
359107,8378,8446
246616,8387,8450
268083,8388,8443
105504,8527,8580
148759,8617,8674
372309,8620,8673
148765,8777,8865
70929,8777,8871
249979,8777,8884
303162,8778,8863
24006,8778,8877
3951,8778,8902
396665,8780,8844
67148,8780,8861
325272,8786,8855
4766,8786,8885
31370,8788,8890
12748,8788,8896
178252,8794,8867
281225,8795,8891
24005,8797,8900
232422,8799,8889
334814,8804,8866
400515,8804,8893
325273,8809,8853
120179,8810,8890
70930,8813,8901
108034,8817,8889
24004,8817,8900
12358,8819,8897
19386,8824,8889
24321,8825,8886
307544,8826,8899
108363,8827,8889
24007,8827,8902
318199,8828,8892
347681,8836,8889
20467,8846,8894
148758,8948,9024
136552,8950,9015
228172,8958,9016
326727,8973,9067
239314,8985,9062
373032,9006,9070
315317,9273,9337
368999,9276,9343
16146,9277,9334
299803,9277,9347
404447,9278,9344
48577,9454,9503
285676,9454,9528
185750,9454,9578
11983,9459,9558
224555,9460,9510
219933,9466,9536
126841,9467,9524
41825,9471,9565
1642,9476,9540
388686,9486,9565
11756,9507,9578
1315,9516,9580
63046,9626,9700
307154,9635,9716
286375,9639,9705
167631,9688,9768
360966,9997,10060
86990,9997,10074
288600,9998,10052
113019,9998,10064
391945,9998,10069
153718,9999,10050
64412,9999,10060
285562,10002,10078
245006,10005,10073
242965,10009,10070
78045,10010,10069
326726,10011,10084
144283,10012,10074
250274,10012,10077
79597,10012,10089
33214,10017,10068
130479,10017,10073
85474,10050,10116
49943,10067,10172
221929,10094,10172
106741,10095,10194
116836,10121,10169
268084,10121,10186
107889,10123,10188
229375,10135,10188
2814,10138,10213
374255,10141,10195
214509,10141,10204
389168,10141,10214
14287,10142,10200
189122,10142,10202
21679,10142,10212
395043,10143,10204
72502,10146,10214
97269,10147,10208
310692,10148,10211
12502,10156,10212
51537,10159,10232
63199,10160,10214
317972,10160,10224
206177,10160,10245
224354,10248,10307
376008,10314,10376
219222,10326,10411
69505,10329,10411
104858,10467,10544
116193,10468,10529
98452,10468,10539
340726,10471,10540
98451,10471,10543
254771,10627,10720
245587,10635,10705
137044,10645,10721
20054,10671,10718
104855,10800,10916
101389,10805,10886
86796,10805,10909
109580,10805,10916
107934,10811,10866
156553,10812,10867
108253,10812,10893
118552,10814,10879
7321,10815,10872
208220,10815,10878
147847,10826,10898
244950,10826,10915
35070,10836,10898
80115,10878,10944
236689,10896,10989
19582,10906,10991
183971,10912,11006
6119,10914,10981
226281,10915,10976
104994,10915,11011
122596,10915,11024
5042,10916,10989
156556,10923,11049
296611,10928,10990
105897,10928,11007
128725,10929,10993
77974,10929,11017
68077,10935,11019
6829,10971,11026
156555,10971,11071
226280,10976,11070
287035,10998,11059
384416,10998,11064
117071,11016,11059
183423,11044,11139
156554,11063,11141
107798,11066,11140
309468,11071,11140
205135,11072,11143
287036,11073,11139
348891,11074,11144
126840,11079,11147
55548,11082,11144
310466,11085,11140
264157,11086,11144
68319,11087,11141
375750,11089,11145
50933,11091,11148
393772,11099,11147
163817,11185,11242
110740,11185,11244
202946,11186,11233
11732,11188,11247
339867,11190,11255
255581,11208,11271
6823,11219,11301
63239,11224,11294
217017,11229,11295
29621,11234,11288
401419,11236,11292
310691,11237,11286
9881,11243,11302
249985,11245,11328
198858,11246,11295
230941,11246,11304
214508,11249,11328
194208,11251,11301
7663,11251,11312
31367,11257,11329
87409,11261,11320
28916,11262,11324
107969,11270,11393
188963,11286,11415
171665,11289,11416
173780,11301,11417
315316,11305,11395
107968,11307,11418
83837,11308,11441
396666,11309,11424
158726,11310,11396
188962,11312,11416
376012,11314,11397
113201,11314,11419
21377,11315,11388
169013,11316,11398
406999,11317,11412
63047,11319,11400
187779,11319,11415
40658,11323,11419
183973,11325,11417
83833,11332,11415
244475,11334,11438
173781,11363,11425
25639,11367,11441
142328,11373,11441
289488,11381,11437
50690,11381,11441
374169,11497,11559
309280,11499,11570
106243,11647,11706
388672,11647,11711
172090,11649,11711
374253,11686,11776
29000,11686,11779
246785,11687,11763
6823,11689,11781
296450,11692,11782
254080,11697,11764
376522,11697,11778
374254,11697,11781
166715,11698,11776
87870,11699,11762
103395,11702,11777
9880,11702,11803
37741,11703,11782
327913,11704,11771
389861,11704,11786
12288,11706,11762
287416,11706,11793
207018,11707,11763
310690,11709,11763
6876,11709,11781
324452,11712,11775
93954,11712,11778
9881,11713,11780
6826,11714,11787
172851,11715,11769
25638,11715,11785
280166,11716,11788
404336,11716,11797
64531,11719,11784
19927,11721,11786
268386,11722,11784
366265,11723,11785
252234,11723,11793
215996,11723,11801
100823,11726,11793
358512,11742,11803
111387,11745,11803
172852,11830,11892
107967,11830,11897
183972,11831,11893
317834,11859,11936
317751,12040,12101
213167,12040,12103
214771,12040,12116
396275,12040,12119
24322,12116,12202
127045,12308,12368
95009,12310,12368
224285,12314,12367
24684,12477,12554
274116,12478,12542
214300,12478,12546
237745,12478,12549
40887,12478,12556
82974,12479,12535
127340,12479,12538
11508,12479,12540
392896,12480,12554
136202,12482,12564
39599,12483,12536
314317,12487,12569
281396,12487,12614
82945,12494,12600
269463,12499,12611
54373,12501,12570
214196,12504,12578
57259,12504,12603
136527,12505,12598
40889,12512,12576
59909,12515,12603
214133,12516,12581
92111,12516,12584
360467,12516,12597
73767,12523,12600
238046,12524,12598
369400,12527,12588
239313,12527,12604
222793,12531,12583
331137,12536,12598
220937,12536,12607
274439,12539,12611
141588,12540,12601
263067,12540,12609
113020,12541,12587
311975,12542,12616
11730,12546,12622
50128,12552,12600
63240,12554,12620
44598,12586,12693
242868,12588,12659
317971,12589,12701
126959,12591,12656
172094,12591,12675
9697,12596,12703
287415,12597,12685
148761,12597,12689
407892,12601,12672
193651,12601,12686
408714,12601,12699
130588,12601,12717
192362,12602,12713
171050,12603,12675
172095,12604,12667
263391,12607,12672
96729,12609,12688
172092,12609,12692
16959,12609,12713
172091,12611,12690
172093,12611,12699
252820,12612,12683
153437,12660,12716
126960,12661,12756
12696,12666,12756
199696,12670,12756
172220,12696,12751
75194,12705,12756
311683,12796,12857
199697,12796,12867
408713,12796,12872
16960,12796,12898
226709,12796,12907
408712,12796,12913
148760,12807,12911
406998,12811,12874
317627,12818,12866
226708,12820,12913
109272,12824,12888
321131,12825,12890
87429,12827,12889
114240,12833,12884
408711,12833,12925
127133,12834,12904
339139,12836,12918
191671,12839,12908
161132,12839,12913
172853,12840,12920
253934,12844,12912
182319,12846,12901
362164,12860,12926
149906,12864,12926
96722,13055,13131
338185,13057,13114
156072,13210,13258
202049,13210,13263
68318,13210,13300
116368,13211,13265
281397,13216,13276
122457,13260,13312
88832,13353,13411
143541,13353,13481
396667,13361,13469
5498,13361,13483
120683,13362,13450
49940,13364,13488
302429,13367,13472
24008,13367,13489
3951,13370,13485
23610,13373,13460
3935,13376,13489
143136,13382,13475
64341,13386,13482
164837,13388,13459
24002,13389,13489
367047,13391,13471
158205,13392,13482
24003,13395,13482
63184,13395,13487
363133,13401,13467
56597,13401,13479
9177,13617,13672
82106,13619,13671
6827,13729,13774
123590,13729,13812
124010,13729,13818
158162,13738,13839
188964,13809,13942
126961,13837,13902
146063,13845,13906
279399,13848,13924
280198,13849,13900
275276,13871,13943
10766,13919,13967
400832,14164,14244
101539,14165,14230
11292,14167,14233
378554,14167,14273
290697,14171,14288
118877,14179,14245
51887,14187,14255
35069,14194,14285
147846,14201,14285
41824,14203,14345
27931,14214,14305
148763,14216,14348
64254,14243,14348
338505,14257,14329
118735,14260,14323
249984,14260,14383
389911,14262,14325
194801,14262,14342
7785,14262,14345
326132,14263,14327
118878,14264,14308
372314,14264,14386
17833,14266,14339
209268,14267,14313
150180,14276,14324
178251,14278,14376
178170,14291,14385
34285,14293,14368
14774,14294,14355
50177,14295,14385
35082,14297,14377
90892,14302,14365
325671,14303,14380
24009,14303,14386
70421,14305,14371
247173,14312,14375
27773,14313,14379
77144,14313,14386
212457,14316,14379
96612,14323,14385
292526,14325,14384
