267884,119,182
81434,120,181
153867,121,186
116838,1777,1827
98889,3441,3496
67390,3443,3512
53266,3444,3495
304521,3446,3499
68317,4747,4809
369349,4767,4828
151470,4853,4926
45326,4853,4936
181223,4854,4917
153868,4857,4919
338148,4857,4931
277500,4857,4937
218608,4863,4935
338147,4870,4939
47338,4883,4939
81435,4888,4958
275726,8948,9003
248293,9783,9845
211366,9831,9909
331492,9839,9881
7119,11337,11400
281075,13230,13292
301380,13977,14024
277362,15578,15641
320642,15582,15653
163661,15594,15643
233947,15992,16036
57188,16005,16050
153106,17310,17374
200247,17413,17482
231393,18313,18385
170571,18331,18399
