3543,99,167
55685,99,171
179193,106,188
207731,133,256
118843,136,216
323157,156,266
372079,175,272
55624,205,267
205727,207,271
249835,225,272
368539,337,430
316452,338,406
86049,346,410
98225,347,429
20456,352,411
393677,356,441
1190,358,427
91366,359,430
36939,359,436
239476,359,475
130568,360,408
26230,360,470
6139,362,449
260305,362,467
4539,362,483
110237,364,431
309171,366,490
226720,367,469
404744,373,442
371616,374,477
34260,377,475
270487,381,487
36432,392,475
175332,395,476
169267,407,476
187632,425,489
170364,491,577
251666,501,583
57285,598,669
26231,616,662
127050,616,680
330089,617,683
266405,624,685
129768,624,693
110671,627,733
366630,628,692
163935,628,721
21841,630,693
4186,631,696
300169,634,702
144666,634,727
349332,635,735
333051,635,741
71581,638,697
325646,639,700
194202,640,697
372870,642,706
361817,643,688
5888,644,737
336818,645,722
262193,648,725
125329,652,735
986,653,721
147838,653,740
349969,654,726
90674,658,723
156455,659,739
90675,662,729
258139,663,733
47068,663,740
18914,665,727
353869,665,734
76825,666,728
325512,666,746
249834,666,756
6747,667,748
73999,667,761
84272,670,731
21896,672,734
143089,672,751
342735,673,755
97721,675,737
57956,676,740
392927,678,739
315370,679,755
263775,680,764
209568,684,748
106811,684,754
308847,685,764
226666,686,749
258962,686,759
108131,690,749
221149,694,741
70966,694,758
35322,695,762
378504,697,775
206803,698,759
21646,698,768
315371,702,763
195951,702,768
6052,705,766
20361,705,769
115283,706,770
74000,706,772
326204,707,768
138584,709,771
378505,709,775
326203,711,772
187633,712,773
171040,805,870
374455,830,916
63687,830,926
352107,831,891
147837,846,931
294845,849,906
110801,864,927
256584,868,930
147208,1108,1213
221837,1217,1291
376525,1218,1309
172954,1221,1292
289306,1228,1338
30251,1232,1346
166631,1234,1348
77056,1234,1352
98246,1238,1326
92936,1238,1336
50291,1239,1302
158353,1241,1304
8813,1242,1330
289307,1244,1362
138935,1245,1332
158874,1246,1308
528,1246,1336
164390,1246,1346
261657,1247,1309
219921,1248,1326
293846,1248,1354
397633,1249,1333
270490,1250,1317
263039,1250,1338
286348,1253,1314
262121,1253,1345
71417,1254,1323
16271,1255,1318
143331,1255,1328
391720,1255,1346
262445,1257,1322
64425,1258,1313
213531,1258,1320
110800,1258,1330
391721,1258,1350
339779,1259,1322
136708,1259,1324
189142,1262,1326
194366,1263,1334
84270,1263,1370
109304,1264,1328
79994,1265,1326
44865,1265,1330
314735,1267,1318
80937,1268,1360
25075,1272,1337
290393,1273,1348
204186,1276,1381
257220,1277,1392
348467,1278,1339
235355,1280,1345
32396,1281,1343
102449,1283,1345
149454,1285,1387
190918,1286,1370
202085,1286,1394
264662,1288,1367
74372,1289,1375
261913,1289,1382
333381,1290,1362
63299,1297,1358
261914,1297,1396
60782,1303,1412
300256,1307,1375
177004,1315,1398
55070,1315,1402
280645,1316,1364
396559,1316,1366
17916,1316,1379
261678,1319,1385
73229,1325,1395
232339,1327,1419
82580,1328,1394
320395,1329,1422
385956,1330,1392
219976,1331,1412
296616,1332,1416
250343,1333,1420
296615,1344,1416
321347,1345,1409
93957,1345,1413
223022,1350,1426
153154,1373,1427
403562,1389,1477
336533,1405,1503
195127,1410,1474
400180,1415,1474
341065,1417,1476
165383,1428,1476
356032,1449,1516
63686,1476,1585
308846,1553,1607
311451,1555,1639
83591,1557,1625
346242,1579,1642
6141,1588,1653
335663,1598,1660
249833,1598,1728
254845,1601,1663
171823,1604,1670
149947,1608,1723
22627,1612,1701
10941,1631,1686
13739,1633,1739
42237,1637,1741
383337,1640,1726
100092,1642,1724
27027,1644,1728
371617,1650,1736
6140,1652,1728
153134,1656,1731
249836,1656,1751
238004,1657,1720
335437,1657,1723
152618,1660,1728
63686,1761,1865
259867,1949,2042
116774,1950,2013
377685,1951,2022
219769,1953,2036
197918,1958,2022
56302,1960,2022
5343,1961,2023
75667,1961,2025
74207,1962,2010
136631,1962,2024
155976,1963,2029
246578,1964,2050
6053,1967,2022
45879,1967,2029
53960,1968,2018
202641,1972,2056
144157,2018,2076
135994,2018,2081
95567,2029,2091
187066,2033,2089
108129,2034,2103
60781,2039,2103
358032,2043,2128
78946,2044,2105
312900,2046,2105
145674,2074,2151
346317,2083,2162
341893,2089,2163
136864,2092,2164
369505,2174,2239
400181,2175,2235
363643,2204,2258
403563,2241,2300
338700,2347,2409
213227,2347,2454
63931,2348,2413
301784,2380,2441
88173,2382,2433
8329,2395,2470
111422,2580,2643
50782,2585,2647
393298,2585,2649
376683,2585,2654
376682,2586,2651
397747,2590,2670
261997,2591,2662
15474,2594,2668
374456,2675,2781
289603,2678,2739
15745,2682,2752
63687,2689,2779
178626,2708,2788
147839,2709,2770
49380,2715,2773
400137,2721,2777
35001,2726,2800
175232,2727,2796
261247,2740,2796
370179,2740,2803
154598,2740,2811
344675,2751,2814
108130,2754,2796
47732,2765,2826
55623,2773,2845
143131,2775,2837
65724,2779,2844
187067,2782,2844
296716,2786,2864
186934,2799,2870
351204,2800,2886
147840,2808,2894
262697,2811,2892
299511,2813,2873
390050,2813,2925
258961,2826,2888
146575,2826,2906
71783,2831,2915
241799,2837,2898
380697,2843,2904
279126,2843,2909
65259,2844,2908
128811,2845,2900
94388,2845,2907
115023,2845,2912
63932,2845,2917
147125,2846,2920
328165,2848,2909
260196,2849,2926
138585,2851,2913
362327,2853,2917
246350,2855,2917
7972,2856,2921
235354,2856,2933
257897,2857,2911
59477,2857,2918
35000,2858,2960
187180,2859,2920
378473,2861,2922
394205,2862,2920
29463,2862,2925
214531,2862,2932
122464,2864,2925
110000,2864,2949
300088,2870,2946
1197,2872,2948
87884,2885,2955
164975,2886,2963
328980,2888,2964
149519,2892,2958
219055,2893,2967
171600,2913,2965
252057,2970,3079
155580,2974,3062
316883,2993,3056
407117,2993,3058
201086,3143,3193
13738,3149,3235
158352,3155,3233
359671,3156,3225
381332,3158,3232
59304,3159,3240
243519,3161,3235
26387,3164,3233
247423,3165,3230
188081,3165,3235
301384,3166,3232
270730,3169,3231
89723,3173,3236
113468,3174,3233
371618,3176,3235
102346,3178,3230
96018,3178,3232
140751,3180,3247
30977,3185,3229
146803,3185,3233
63930,3185,3236
56276,3192,3257
200111,3193,3264
30978,3199,3263
7165,3199,3272
254701,3204,3276
160572,3205,3263
325452,3207,3264
301913,3313,3378
152529,3313,3399
299599,3313,3403
285492,3314,3365
299600,3314,3369
117321,3314,3371
353088,3314,3389
296717,3315,3370
136707,3315,3379
104076,3315,3394
243520,3315,3401
40617,3315,3405
106408,3315,3414
104077,3315,3426
284618,3317,3397
34999,3322,3389
151782,3323,3391
8707,3325,3396
121355,3330,3394
398533,3334,3387
355208,3353,3414
33450,3361,3438
56764,3370,3414
392225,3379,3434
321613,3398,3453
