3678,125,178
24695,152,203
142497,170,228
368448,174,231
327664,180,230
263768,281,376
177994,281,389
383957,285,376
379139,287,355
108868,290,359
195388,330,396
374488,333,408
354687,333,412
165177,335,436
228548,346,408
216943,346,431
190358,348,396
246926,348,410
351091,348,412
93858,350,417
211658,350,421
164505,351,408
119043,365,453
88434,368,417
240467,368,431
91021,382,443
18143,491,545
44656,491,548
33474,491,551
68399,491,555
117896,492,553
392102,492,556
330378,495,551
402393,495,556
80910,621,689
35430,697,743
228223,702,815
73210,718,778
209115,720,776
228224,730,820
116234,769,830
16645,775,843
358892,778,874
16646,805,909
77888,810,883
3566,811,908
336287,813,907
395556,815,903
337,816,909
271964,825,891
292222,826,903
125008,831,909
85036,836,910
151462,849,906
205382,850,904
145148,1174,1235
311324,1176,1246
295248,1185,1256
106289,1189,1246
196240,1194,1259
349649,1656,1707
301959,1708,1760
405463,2093,2149
164958,2398,2466
189199,2675,2753
73252,2679,2730
113606,2681,2742
205417,2714,2771
62992,2725,2808
171681,2757,2814
395484,2757,2823
49812,2757,2826
9046,2818,2880
25314,2818,2890
386033,2819,2886
245941,2827,2888
73562,2831,2887
61417,2843,2905
373381,2844,2895
177130,2852,2907
320449,3041,3087
14214,3113,3170
201716,3113,3174
268795,3113,3176
104293,3114,3158
379162,3114,3186
19386,3115,3176
198081,3115,3208
56299,3116,3196
42976,3117,3165
141548,3117,3171
141547,3118,3168
72597,3118,3180
34139,3120,3172
277227,3120,3198
62992,3121,3213
38490,3122,3170
270460,3122,3179
117895,3122,3191
216290,3150,3214
7930,3273,3358
230827,3287,3370
7929,3297,3367
191115,3298,3364
380870,3298,3373
267657,3302,3371
164504,3303,3367
30397,3307,3371
90173,3311,3367
306553,3327,3386
379502,3328,3417
268314,3333,3375
228431,3338,3384
395595,3348,3431
120544,3362,3419
106003,3366,3430
236595,3488,3559
33995,3490,3572
301813,3581,3646
61100,3721,3765
266492,3721,3771
93857,3721,3785
286680,3721,3796
376043,3722,3778
213196,3723,3773
12793,3726,3806
78611,3730,3796
345907,3736,3785
152776,3736,3818
54209,3737,3807
12221,3746,3812
263563,3750,3819
338185,3755,3819
254496,3771,3823
234107,3778,3857
172379,3795,3853
373232,3909,3979
357925,4394,4459
274468,4435,4500
113926,4436,4490
237898,5593,5704
376164,5596,5687
376042,5604,5685
273543,5607,5685
185885,5641,5696
33236,5971,6039
142046,5974,6042
98297,5981,6040
231635,5982,6038
