215765,99,184
196860,100,212
145374,111,213
8197,120,217
297016,284,380
195427,288,352
365131,295,372
155517,299,354
245822,305,373
131426,306,370
39811,308,374
251406,309,373
349249,309,385
64567,310,371
20231,311,373
259512,311,379
246291,324,380
61374,339,389
313949,460,518
74417,461,521
193331,483,540
290228,494,560
182958,504,572
296325,504,575
128544,518,582
102383,524,601
158053,525,586
276513,527,590
111896,529,589
402643,533,612
21282,534,584
52168,561,627
40328,716,783
222829,717,779
282029,717,805
392678,717,816
180082,721,785
102061,721,799
153889,722,817
300538,729,805
64566,732,800
375359,739,800
182957,739,812
115242,740,805
6785,740,815
153890,740,821
237168,752,815
177191,768,836
124699,771,817
85956,819,894
263385,821,893
5594,988,1071
69914,1007,1068
298987,1007,1072
6464,1009,1069
101987,1038,1106
114493,1214,1276
71349,1235,1299
352359,1252,1318
57824,1258,1301
100624,1274,1318
125667,1357,1404
72426,1357,1411
173084,1361,1412
260200,1364,1420
210349,1366,1421
239051,1404,1457
167025,1408,1471
23653,1518,1580
349248,1518,1601
377406,1524,1599
363277,1708,1766
18623,1709,1786
89433,1714,1783
47983,1830,1898
332663,1831,1896
