93511,122,183
18786,122,186
179765,132,193
167377,142,186
70701,144,193
268501,262,344
189049,276,339
63093,378,447
485,380,451
27690,381,457
34098,416,473
379867,418,475
393460,418,477
37817,531,593
83495,531,605
33960,533,593
50422,534,588
43013,535,605
176084,982,1072
245321,982,1077
109115,983,1047
392751,984,1051
295721,998,1069
231887,1006,1069
147533,1006,1089
133011,1008,1070
139780,1010,1069
259935,1010,1086
383768,1018,1083
83550,1022,1106
340860,1025,1089
249691,1031,1122
189050,1033,1104
211618,1034,1108
316542,1034,1111
84782,1035,1122
74486,1038,1097
263261,1042,1122
295443,1045,1106
173765,1050,1124
136956,1068,1135
64972,1076,1144
238663,1080,1141
378361,1084,1157
75085,1085,1148
225596,1086,1147
152019,1091,1184
179582,1094,1169
26421,1095,1138
378362,1108,1176
342551,1166,1228
129039,1427,1484
217431,1431,1485
119893,1471,1559
290109,1472,1552
100305,1506,1568
191211,1507,1571
320251,1533,1599
132155,1539,1601
108232,1542,1583
281666,1589,1663
162091,1702,1773
350460,1705,1756
236217,1707,1768
194720,1708,1756
63572,1708,1773
335526,1714,1777
194404,1715,1757
76074,1716,1768
50423,1716,1775
34468,1842,1895
156801,1842,1905
277936,2390,2471
37807,2404,2522
323063,2410,2471
6019,2430,2496
231044,2436,2499
379455,2436,2513
37810,2440,2512
284738,2449,2521
201496,2570,2626
228000,2572,2637
37807,2589,2711
37810,2631,2701
339388,2793,2854
378335,2794,2858
20966,2817,2881
37810,2936,2996
153656,3045,3112
144162,3046,3122
159403,3149,3201
94142,3198,3243
308237,3234,3301
125605,3237,3299
194988,3245,3301
245322,3246,3312
201635,3346,3401
92240,3366,3423
258757,3444,3493
337497,3768,3816
317765,3921,3982
103383,4243,4304
387572,4245,4306
363266,4593,4696
245100,4594,4678
24006,4595,4692
38586,4600,4702
3951,4604,4710
133390,4605,4715
49940,4605,4732
136253,4610,4713
44744,4610,4723
3951,4616,4727
402943,4617,4733
3935,4621,4728
18430,4627,4722
336053,4628,4733
376332,4630,4737
209962,4640,4723
24004,4642,4713
147733,4643,4711
117256,4654,4734
5014,4657,4766
27101,4664,4769
388975,4665,4765
205470,4666,4754
383957,4670,4749
108442,4673,4766
4666,4675,4736
363303,4677,4739
25049,4678,4760
158056,4686,4769
208427,4688,4767
152015,4690,4761
104914,4706,4769
43012,4714,4767
334164,4791,4869
321104,5036,5147
70802,5040,5097
221461,5042,5122
368592,5045,5119
11067,5055,5139
135944,5056,5121
245098,5058,5117
197706,5063,5116
30526,5065,5132
58328,5065,5151
244173,5066,5136
250794,5071,5122
334022,5071,5152
188237,5074,5134
37815,5085,5181
53764,5088,5150
404784,5101,5164
157906,5113,5192
193014,5161,5265
185656,5190,5270
347961,5192,5289
44743,5192,5305
293118,5197,5289
214502,5209,5269
214503,5209,5280
301528,5215,5271
19198,5215,5300
32205,5216,5276
107658,5216,5279
211351,5216,5295
214504,5216,5312
224421,5217,5290
8841,5219,5311
157905,5221,5337
377710,5228,5292
156529,5229,5299
102832,5230,5271
334272,5230,5283
205567,5232,5295
197006,5232,5329
200704,5234,5309
35676,5235,5311
277528,5235,5320
80094,5238,5308
200703,5238,5321
56648,5242,5312
400830,5243,5305
262194,5243,5309
71525,5244,5301
35853,5246,5323
64450,5251,5326
240154,5261,5325
37812,5262,5326
296081,5275,5338
91270,5276,5333
208861,5277,5332
43014,5599,5700
133321,5622,5699
382183,5844,5905
136955,5855,5936
185923,5880,5928
199675,6058,6119
47864,6067,6119
180391,6500,6571
37812,6515,6568
35675,6531,6592
75662,7140,7185
244633,7388,7455
276929,7401,7455
82148,7559,7620
222287,7688,7746
289135,7688,7751
39750,7690,7751
141879,7691,7747
177323,7691,7753
290246,7695,7768
258340,7696,7764
159882,7705,7756
12614,8169,8223
98673,8197,8274
350536,8225,8279
225192,8801,8879
394703,8804,8872
1844,8814,8884
242082,8961,9030
22299,9207,9280
252772,9526,9600
146007,9674,9740
231162,10300,10351
76165,10300,10359
63469,10300,10377
133848,10303,10366
202913,10304,10359
75887,10307,10359
89979,10310,10368
399456,10611,10681
296303,10615,10702
276506,10616,10686
229040,10646,10712
91232,10982,11037
372948,10982,11083
372947,10993,11061
406714,10997,11061
254666,11002,11062
37814,11002,11068
407740,11015,11087
117242,11027,11090
37813,11081,11176
32972,11123,11183
37816,11135,11220
67823,11194,11272
163160,11324,11396
130339,11339,11431
78593,11341,11408
262153,11534,11587
201158,11538,11587
76125,11538,11591
203341,11539,11586
392632,11613,11661
360062,11616,11670
184925,11628,11714
351678,11644,11716
160819,11658,11717
165528,11791,11833
252883,11854,11916
12597,12004,12071
283165,12018,12075
276930,12018,12078
248203,12020,12083
262152,12020,12089
134155,12020,12101
380872,12024,12086
271285,12034,12098
314871,12058,12129
153657,12076,12138
101783,12077,12139
172600,12088,12154
133676,12089,12140
30420,12090,12141
242141,12091,12158
302858,12110,12161
304421,12110,12166
339389,12145,12224
252928,12147,12223
290423,12149,12224
33961,12151,12223
203800,12152,12213
6575,12153,12224
104915,12158,12223
271800,12159,12224
94065,12162,12217
32971,12254,12320
37815,12254,12352
347368,12266,12319
334673,12298,12356
399194,12322,12375
32970,12349,12412
61206,12371,12432
6574,12387,12464
8816,12401,12463
51619,12451,12515
252929,12451,12517
245043,13077,13126
20414,13077,13139
73281,13079,13132
242265,13079,13140
319537,13080,13134
230461,13081,13126
161850,13082,13144
60053,13084,13130
141798,13084,13138
4180,13086,13144
114670,13090,13144
318206,13205,13260
386087,13568,13614
91914,13589,13650
323234,13592,13637
117671,13599,13651
405504,13602,13671
52993,13603,13665
271801,13604,13681
63333,13605,13664
1604,13608,13664
243554,13608,13669
47544,13608,13711
199891,13609,13659
242011,13616,13669
285079,13625,13695
86913,13629,13723
344846,13630,13692
184924,13633,13710
22785,13816,13863
39427,13831,13884
67825,13831,13906
37809,13831,13929
32712,13832,13897
99629,13836,13910
345359,13838,13908
367872,13840,13921
17916,13841,13899
140695,13845,13907
1544,13845,13909
341177,14083,14174
67824,14086,14178
37809,14095,14200
240153,14100,14173
101544,14104,14177
398368,14330,14423
117243,15081,15126
7080,15437,15489
276410,15913,15962
220971,15924,15966
290108,16061,16123
252184,16063,16118
341170,16106,16155
14067,16476,16537
168712,16480,16538
70801,16480,16541
255820,16510,16594
62476,16545,16612
172599,16565,16632
37813,16566,16656
37814,16568,16638
135698,16568,16679
140693,16654,16712
227746,16666,16714
118011,16668,16716
402155,16668,16733
300990,16668,16747
140694,16709,16778
255592,16718,16774
36993,16856,16911
44742,16862,16929
74248,17032,17093
240933,17072,17136
28147,17087,17153
141880,17696,17745
157918,18519,18572
321818,18556,18605
85904,18625,18692
176085,18650,18717
379866,19516,19578
124603,19516,19583
381854,19516,19587
233457,19786,19853
43015,19804,19855
133510,19818,19880
30419,19848,19913
64205,19859,19921
93931,19859,19934
86884,19862,19938
284120,19867,19932
144200,19936,20004
176645,20387,20461
344845,20547,20607
360235,20582,20638
167473,20758,20826
185761,20840,20895
49380,20854,20919
203149,20855,20921
242267,20857,20928
326004,20861,20926
156694,20862,20928
135095,20882,20953
279775,21090,21152
242266,21090,21161
106392,21098,21166
37808,21100,21163
378115,21103,21165
215233,21280,21343
37808,21282,21345
218251,21397,21460
54967,21407,21473
37184,21407,21478
229572,21413,21477
151916,21414,21492
127981,21415,21479
112240,21416,21482
318427,21417,21480
116207,21417,21492
134154,21418,21479
347430,21419,21481
1436,21420,21492
64449,21422,21483
64451,21424,21490
35285,21424,21501
317991,21425,21486
388976,21854,21938
367871,21862,21952
261578,21865,21945
156041,21866,21942
361387,21871,21956
189048,21873,21951
34097,21875,21948
127383,21878,21951
127294,22152,22197
194989,22215,22276
37811,22630,22697
35674,22942,23007
223715,22942,23010
14589,22950,23005
15135,23066,23136
344847,23067,23116
80441,23067,23121
33235,23067,23145
6115,23068,23109
200720,23069,23151
172170,23070,23143
348429,23075,23126
133293,23093,23166
117257,23200,23285
242264,23204,23273
350667,23354,23432
89811,23416,23490
37811,23542,23608
163135,24415,24478
225191,24544,24607
11756,24724,24802
133010,24732,24802
97521,24741,24814
67822,24756,24843
45696,24760,24826
127367,24760,24856
67821,24763,24854
157907,24775,24863
228138,24787,24830
37817,24787,24848
1137,24790,24862
245099,24794,24862
152748,24820,24871
17857,24821,24870
33962,25202,25286
326707,25208,25302
384368,25209,25289
45319,25274,25338
336287,25278,25368
308287,25286,25365
337,25290,25368
7917,25295,25353
99984,25321,25368
282555,25432,25478
309893,25513,25576
404783,25577,25631
37816,25585,25683
337843,25629,25706
184846,25634,25697
242081,25635,25701
323062,25636,25698
167378,25643,25730
41668,25650,25711
318426,25651,25706
140699,25674,25731
382171,25680,25745
131226,26106,26153
367111,26111,26168
243009,26296,26354
