285410,277,364
146156,317,446
232304,421,556
265102,429,532
121872,454,607
306256,459,561
121254,460,610
181379,466,577
288287,469,534
270284,474,620
337385,475,613
115381,476,564
85400,479,575
328747,481,610
134390,484,570
346023,486,603
353999,488,562
306257,490,609
252210,495,568
387136,497,613
34314,498,569
250323,498,619
158045,499,604
253582,500,576
370254,502,564
340662,502,610
244188,507,618
247190,510,580
121255,513,639
268227,516,609
327398,518,620
108105,522,604
238353,523,585
238352,523,614
327966,528,616
235683,529,623
37207,532,620
166225,533,598
380045,539,603
77146,540,650
254797,545,624
389978,546,632
97145,553,643
185970,554,649
64891,554,659
134211,555,618
287846,558,619
371672,873,971
352777,874,929
322548,891,972
19909,1358,1439
287847,1363,1457
298207,1384,1443
201742,1386,1439
19054,1423,1485
178831,1426,1488
250322,1974,2058
227003,1979,2102
4579,2026,2091
227002,2027,2164
397290,2037,2090
227004,2037,2159
35245,2039,2102
202084,2040,2101
189093,2050,2198
232676,2055,2139
34880,2100,2151
189093,2322,2456
344077,2323,2403
309141,2327,2391
375705,2332,2404
227001,2340,2458
185971,2355,2418
291561,2360,2424
252877,2363,2426
327965,2364,2413
129162,2364,2424
352896,2366,2445
339433,2371,2423
315937,2371,2433
97708,2373,2434
227000,2457,2534
232675,2518,2589
77841,2758,2820
11619,2763,2848
197015,2764,2874
174819,2770,2831
174818,2771,2858
228423,2774,2837
385961,2774,2840
362831,2786,2900
63640,2792,2921
68472,2804,2919
77145,2831,2934
27047,2880,2943
400894,3045,3125
77143,3048,3129
26283,3052,3129
121926,3065,3129
266041,3078,3129
126153,3158,3209
126479,3158,3233
217237,3252,3338
320383,3284,3351
337386,3361,3426
376229,3379,3451
45974,3516,3634
329107,3530,3605
264081,3618,3682
251794,3758,3819
52751,3785,3849
235684,3994,4089
295782,3994,4096
64437,3995,4056
183678,3995,4059
319023,4000,4096
278349,4001,4062
263330,4001,4069
88115,4001,4077
371671,4001,4093
77144,4002,4082
