148412,138,199
340278,139,205
126839,141,224
275084,149,210
85205,164,225
78517,166,225
132150,168,227
86359,174,222
87025,176,220
148470,274,323
207553,276,350
246462,288,365
346267,464,524
116344,651,776
169706,794,855
218259,848,900
313795,850,910
395872,853,911
62900,881,935
385269,1023,1117
279890,1026,1071
44355,1026,1087
296937,1026,1112
339952,1028,1102
270427,1030,1094
40671,1031,1116
40672,1034,1108
152344,1036,1099
183024,1036,1116
68249,1037,1118
81077,1038,1112
302658,1039,1107
406346,1040,1119
391214,1041,1108
148612,1044,1106
272477,1045,1108
102321,1066,1134
116345,1066,1158
19091,1076,1146
75574,1076,1156
361129,1168,1229
259315,1173,1235
386274,1291,1358
184216,1332,1399
395712,1447,1517
152625,1449,1516
122098,1451,1521
182234,1455,1525
275083,1457,1520
74609,1476,1560
80855,1537,1595
30804,1826,1887
169336,1828,1877
96473,1967,2033
240936,1971,2030
407583,1975,2026
292945,1976,2032
292944,1976,2034
179427,1977,2035
31823,1992,2069
233660,2010,2077
77887,2019,2080
3335,2381,2445
405895,2390,2507
129565,2397,2485
247669,2402,2477
336644,2408,2474
302870,2429,2492
114868,2445,2506
370800,2483,2548
264162,2486,2573
288327,2490,2555
315461,2491,2567
37147,2492,2571
175740,2493,2575
75969,2495,2579
207044,2496,2554
315462,2496,2573
207045,2497,2553
352436,2498,2559
309034,2498,2584
259789,2499,2579
108547,2500,2577
403542,2504,2573
363513,2506,2572
266345,2509,2593
30781,2511,2573
111841,2512,2574
209222,2512,2589
29222,2516,2620
298185,2520,2606
232791,2523,2586
349601,2524,2585
207046,2526,2592
302660,2534,2599
110798,2551,2603
66873,2551,2611
297745,2551,2613
365043,2554,2627
233155,2555,2617
41823,2557,2620
346576,2560,2621
156796,2561,2632
370649,2566,2629
248279,2577,2621
170135,2577,2628
31155,2684,2740
385605,2689,2743
385606,2689,2754
322367,2691,2735
25267,2692,2753
75968,2701,2754
59005,2873,2927
235410,2874,2928
178414,3078,3163
324799,3085,3173
302871,3086,3166
381431,3090,3163
275085,3092,3177
406345,3098,3174
322520,3103,3172
378802,3106,3174
61024,3109,3172
313714,3111,3173
83088,3112,3167
258936,3115,3167
178415,3117,3180
362804,3237,3311
379537,3255,3319
303493,3581,3649
150738,3581,3660
239442,3582,3643
199417,3582,3645
369734,3583,3648
30306,3587,3656
5462,3587,3660
5218,3587,3663
333405,3592,3676
327553,3596,3672
215211,3599,3650
145401,3599,3688
99428,3602,3652
264148,3602,3673
160308,3604,3666
301468,3605,3669
301469,3606,3687
406300,3660,3712
4020,3749,3802
71513,4000,4057
201209,4128,4202
1685,4132,4222
278036,4154,4219
196085,4338,4410
360838,4340,4401
403570,4373,4437
8657,4387,4490
406345,4390,4466
251869,4405,4470
156797,4407,4472
375214,4407,4478
114440,4409,4459
269211,4409,4461
335002,4411,4461
66215,4411,4483
262612,4411,4498
274256,4412,4463
225190,4413,4462
8656,4413,4492
162332,4414,4481
98253,4415,4477
312876,4415,4479
48282,4415,4500
204108,4416,4498
214100,4418,4473
215894,4418,4479
17514,4418,4499
14050,4422,4509
106509,4423,4469
31732,4427,4509
341160,4435,4494
111840,4437,4506
368047,4439,4500
267993,4440,4498
295434,4440,4501
300561,4440,4506
45266,4441,4505
12369,4441,4509
406346,4441,4512
37243,4453,4521
116549,4460,4540
371452,4462,4523
21304,4581,4644
148917,4611,4677
119501,5370,5439
337806,5415,5486
7661,5473,5516
5179,5475,5518
406342,5519,5586
295096,5601,5678
292848,5625,5668
406342,5661,5726
23729,5733,5784
110675,5843,5885
406349,5925,6003
250861,5925,6011
215451,6027,6098
293306,6035,6097
217841,6035,6099
13647,6130,6196
84697,6131,6188
156752,6133,6188
272605,6134,6199
110342,6134,6212
279221,6134,6234
15430,6135,6195
312387,6139,6195
29452,6142,6195
171911,6142,6197
59583,6142,6208
287902,6142,6233
341673,6144,6213
27730,6144,6230
190889,6145,6218
184981,6151,6213
102320,6152,6215
183860,6153,6216
241959,6153,6218
264709,6153,6227
85027,6155,6226
255297,6156,6230
351190,6158,6219
54572,6161,6233
66872,6162,6227
317321,6162,6231
74274,6170,6233
322711,6172,6233
227771,6177,6233
156361,6185,6232
11470,6334,6408
247670,6334,6417
199418,6339,6418
288899,6343,6406
71916,6345,6417
23329,6346,6409
60566,6349,6421
287308,6371,6433
26636,6375,6427
162722,6375,6441
63152,6379,6428
218042,6384,6463
162723,6391,6441
392406,6626,6668
23586,6697,6762
80854,6723,6769
23633,6731,6790
61965,6735,6806
223920,6743,6789
370702,6755,6823
407397,6787,6850
99429,6791,6858
104589,6792,6862
365716,6803,6895
385342,6810,6880
228630,6828,6890
356211,6828,6896
280255,6831,6889
68216,6833,6881
179853,6839,6891
31154,6839,6895
379435,6840,6896
357371,6966,7035
144958,7127,7179
11471,7127,7186
11472,7127,7189
372401,7127,7198
398850,7129,7185
404699,7132,7207
232951,7148,7203
34942,7149,7202
309033,7200,7285
190219,7411,7465
136293,7412,7460
126929,7418,7490
292094,7420,7468
283931,7421,7486
390511,7421,7491
305205,7422,7494
317322,7424,7493
71786,7426,7489
123542,7431,7492
45199,7619,7672
336531,7634,7698
79361,7641,7697
294192,7647,7725
90227,7648,7712
333798,7660,7717
136637,7671,7724
122517,7674,7725
346125,7789,7851
336643,7799,7875
406351,7819,7888
3252,7922,7981
129664,7940,8003
129773,7963,8018
61962,7966,8064
116487,7967,8044
305645,7972,8035
278035,7972,8058
42772,7978,8061
55734,7982,8049
114439,7985,8063
97029,7987,8059
298479,7988,8056
222449,7989,8036
58112,7989,8060
204109,7993,8059
186604,7998,8062
250797,8007,8064
42775,8007,8072
250796,8008,8057
385459,8008,8073
406617,8010,8073
227120,8018,8072
384413,8483,8537
188032,8604,8661
232318,8890,8954
120602,8907,8967
333187,8908,8968
401328,8909,8967
103694,8911,8966
240198,9196,9270
266275,9355,9402
384414,9355,9441
84864,9356,9426
403568,9356,9433
140543,9357,9443
221267,9360,9438
18414,9361,9426
392982,9362,9441
403569,9365,9443
288278,9367,9437
151811,9368,9424
193176,9373,9444
406350,9375,9442
97031,9377,9441
309429,9486,9538
47381,9490,9568
178941,9508,9575
259604,9514,9575
19656,9517,9575
111043,9522,9574
111044,9522,9578
91308,9528,9594
275907,9548,9618
260260,9561,9651
290211,9568,9636
15414,9577,9662
367392,9579,9642
256631,9580,9654
78883,9590,9659
226933,9592,9675
61963,9603,9670
367391,9606,9673
240197,9613,9680
331584,9615,9681
226931,9616,9695
320114,9633,9697
253614,9637,9695
122518,9641,9697
254455,9782,9844
208677,9836,9904
380994,9845,9929
262611,9847,9920
385604,9849,9918
115929,9865,9929
30805,9866,9915
265843,9866,9919
57143,9866,9927
169349,9870,9927
78319,10042,10108
61964,10053,10097
27574,10069,10118
181727,10071,10130
117579,10274,10344
229695,10282,10344
140542,10286,10343
193178,10451,10510
136636,10457,10514
11469,10541,10621
59004,10543,10618
215473,10552,10611
295255,10553,10608
55735,10553,10616
42774,10553,10625
72396,10554,10621
360837,10556,10623
12829,10559,10625
110457,10561,10624
29388,10565,10620
49868,10565,10623
136238,10565,10625
67235,10566,10624
210426,10567,10626
36720,10571,10623
371544,10573,10625
86046,10574,10622
138406,10575,10625
32316,10681,10743
348742,10704,10765
125449,10847,10901
208246,10847,10905
268205,10851,10896
153871,10852,10900
364641,10853,10902
290770,10855,10925
165666,10868,10931
57144,11099,11182
3085,11100,11161
120233,11101,11168
179428,11101,11183
38216,11109,11183
72397,11110,11173
340881,11117,11180
406348,11120,11183
372971,11122,11183
286246,11125,11183
286247,11132,11183
123541,11138,11183
370801,11280,11325
221469,11405,11475
326764,11416,11475
80856,11419,11491
133923,11582,11636
208004,12280,12327
177665,12280,12342
158410,12281,12348
385478,12290,12374
275080,12297,12359
349330,12297,12375
364640,12298,12364
102,12299,12360
43496,12304,12359
156373,12305,12366
145027,12309,12361
381975,12316,12370
82085,12317,12368
406301,12326,12391
406347,12328,12397
250862,12328,12419
241960,12330,12391
406349,12338,12418
37156,12348,12417
61966,12535,12596
220901,12535,12598
27729,12535,12612
16579,12535,12616
40223,12536,12603
245998,12537,12617
297939,12540,12631
78123,12542,12593
225774,12544,12613
14798,12545,12603
217078,12545,12608
111968,12546,12602
255684,12546,12621
384682,12548,12602
6820,12550,12626
123867,12552,12619
263569,12552,12634
16936,12554,12625
103411,12554,12648
263633,12555,12602
309428,12558,12647
362212,12560,12622
275081,12561,12644
330444,12564,12641
211157,12564,12650
9017,12567,12630
20924,12569,12631
267204,12571,12651
305644,12572,12633
179429,12574,12633
393766,12575,12654
103283,12578,12632
10953,12584,12648
102156,12587,12678
275082,12678,12740
193177,12683,12784
158408,12742,12794
122987,12887,12936
336646,12889,12943
333632,12891,12953
104590,12897,12971
337805,12912,12967
237114,12914,12989
102814,12935,12992
315546,13087,13160
21911,13095,13161
302659,13116,13161
211081,13139,13200
57142,13283,13360
406343,13310,13438
1684,13323,13385
172467,13327,13411
324798,13331,13426
253613,13345,13401
158409,13350,13425
31153,13360,13433
184303,13361,13437
309032,13363,13439
47513,13367,13439
120234,13370,13436
25179,13374,13439
235250,13393,13439
73715,13398,13439
406343,13509,13627
158409,13545,13618
44356,13684,13750
117707,13685,13749
368500,13690,13733
202519,13690,13743
349118,13858,13922
248158,13917,13982
88891,13933,13985
401327,13972,14068
127300,13985,14027
351234,13992,14046
380992,14141,14209
182235,14158,14220
255795,14159,14219
242769,14162,14220
176111,14164,14218
333633,14257,14338
394918,14258,14319
209298,14434,14492
52202,14450,14500
111034,14580,14656
377334,14585,14666
255388,14586,14663
108253,14587,14667
326763,14589,14658
4869,14590,14648
118552,14590,14652
406302,14599,14667
376039,14607,14666
227920,14611,14665
333188,14613,14685
224471,14616,14686
68831,14635,14704
344741,14643,14705
67533,14649,14706
298480,14650,14707
142543,14653,14707
263632,14663,14706
26022,14672,14724
22546,14672,14734
42773,14873,14931
230745,14883,14946
19160,14885,14949
252583,14887,14944
272087,15145,15209
63577,15147,15208
7171,15159,15208
406351,15322,15395
233901,15322,15398
21347,15366,15419
123987,15382,15431
354638,15481,15546
183025,15502,15546
67234,15597,15668
302203,15602,15672
55560,15615,15669
94359,15622,15669
71698,15623,15674
384412,15710,15789
298551,15730,15791
188231,15800,15872
5178,15801,15860
168747,15804,15860
341161,15804,15862
42634,15810,15880
249418,15812,15874
364800,15815,15877
362213,15817,15880
171910,15965,16015
406348,15967,16021
53836,16028,16101
406350,16031,16101
10098,16033,16099
25579,16436,16488
57145,16441,16503
379043,16445,16504
288989,16554,16608
309430,16555,16609
63293,16555,16653
20311,16557,16607
357370,16562,16644
59006,16569,16632
156272,16572,16639
190889,16586,16660
64976,16587,16656
319176,16595,16664
337804,16599,16661
317323,16602,16665
390510,16607,16683
317586,16611,16677
388029,16611,16684
126930,16614,16698
346124,16632,16695
196084,16662,16736
140544,16664,16735
406347,16699,16771
392263,16711,16773
218709,16715,16770
75574,16926,16989
396403,16927,16979
32240,17111,17171
134500,17130,17252
362968,17135,17224
39299,17138,17209
216561,17138,17246
61367,17146,17208
149900,17146,17232
98254,17151,17252
21235,17158,17232
346123,17158,17252
208999,17159,17230
397941,17160,17245
193622,17162,17228
293269,17162,17233
183967,17163,17244
330427,17164,17231
228631,17164,17252
240937,17168,17231
394185,17169,17233
71483,17170,17231
217179,17171,17232
287242,17172,17227
67218,17173,17240
8466,17173,17243
90226,17173,17251
330651,17174,17227
21305,17174,17247
402187,17176,17228
3251,17176,17239
299264,17177,17241
62002,17177,17252
405156,17178,17239
318298,17180,17233
136697,17185,17247
286245,17186,17252
281997,17194,17245
127775,17195,17242
383190,17198,17248
1171,17346,17416
23585,17347,17414
404700,17347,17428
397942,17349,17406
279891,17350,17419
122099,17354,17431
152169,17374,17440
316721,17508,17562
406344,17578,17668
20138,17581,17649
224872,17583,17652
142183,17599,17667
217037,17603,17666
20057,17604,17668
62899,17608,17668
406344,17783,17869
195303,17798,17867
349371,17820,17868
124512,17822,17865
238085,17825,17870
322804,17987,18031
406838,17987,18044
111042,17987,18049
102512,17987,18056
272476,17987,18059
306040,17987,18062
336645,17987,18067
84712,17987,18070
163048,17987,18079
91802,17987,18082
41825,17987,18090
338347,17987,18096
67322,17987,18115
116346,17987,18123
184059,17987,18144
346575,17993,18049
405894,17999,18135
321222,18004,18116
41824,18008,18144
118256,18012,18114
27931,18017,18109
226932,18019,18146
136767,18025,18143
7701,18026,18146
1315,18028,18108
5460,18028,18144
5461,18032,18154
8630,18034,18088
221266,18034,18142
220217,18034,18159
184980,18034,18163
32208,18036,18117
124118,18041,18126
124119,18043,18137
34705,18046,18132
284912,18046,18146
18847,18047,18129
248656,18048,18148
169676,18049,18132
104550,18050,18113
37502,18051,18110
272711,18053,18117
300663,18053,18127
40721,18056,18138
238084,18058,18132
98329,18061,18113
249417,18061,18133
240149,18063,18127
375212,18063,18144
122417,18063,18152
86954,18065,18129
266385,18066,18121
32605,18066,18125
97030,18066,18128
232529,18067,18126
179019,18068,18115
87746,18068,18121
31187,18068,18149
268981,18070,18124
230522,18070,18131
375213,18070,18143
173285,18071,18148
375211,18076,18144
74258,18085,18149
47593,18090,18144
19364,18090,18152
294749,18092,18133
73228,18092,18153
165667,18094,18164
113062,18101,18172
75415,18102,18163
