240235,77,140
45200,81,142
291086,83,135
48103,85,156
328531,89,173
128081,95,158
80382,95,161
275290,97,200
125408,101,220
100187,102,163
76688,110,176
389076,114,175
309393,121,199
145644,125,196
86682,135,198
352471,136,201
116875,138,201
370721,139,202
40608,139,216
82287,143,198
99875,145,216
14225,177,257
132418,178,240
127186,181,260
49729,194,269
70471,226,301
357748,238,299
356553,243,313
381736,246,310
166655,251,312
106489,251,336
370436,252,317
120904,255,307
335344,255,358
356051,303,387
167281,415,473
298963,417,474
384716,419,521
346715,424,484
346714,425,486
154912,429,477
115024,429,501
223564,431,512
336488,446,510
384962,448,510
378282,449,541
338424,450,516
84864,462,529
362482,468,555
360466,474,551
10098,475,532
127187,475,555
186766,475,558
19299,476,544
206495,567,630
240562,605,675
212069,627,674
348749,639,708
223179,645,689
273121,647,717
401086,649,706
379767,652,749
127188,652,763
112425,653,741
44137,659,747
335586,665,747
27400,674,753
370399,675,737
16967,677,746
54800,680,745
269326,680,792
305897,681,756
38246,683,743
53669,683,747
81829,684,772
147018,685,743
213753,688,745
87700,688,756
240192,689,766
398958,692,783
3043,693,755
72804,695,768
312880,695,778
73733,699,765
285963,701,754
171288,701,781
329781,703,751
90839,703,789
146493,704,782
13,716,798
395774,751,819
269357,758,804
151127,762,816
178920,762,835
257933,785,851
368508,905,965
128956,1056,1124
240563,1056,1150
211410,1057,1118
8776,1057,1120
406459,1069,1134
151125,1070,1146
85649,1070,1149
74911,1078,1138
113912,1081,1153
122042,1085,1150
336489,1086,1149
132417,1086,1153
206575,1096,1170
104533,1101,1167
29145,1107,1170
206574,1107,1204
226605,1108,1174
216739,1112,1204
236125,1113,1187
271816,1118,1185
393791,1119,1219
340781,1134,1215
1531,1135,1208
168004,1138,1181
73117,1138,1203
76063,1138,1207
66084,1139,1187
362025,1139,1226
214605,1177,1273
48102,1193,1271
302352,1229,1305
83931,1241,1321
343543,1243,1307
95047,1246,1339
33271,1247,1310
56688,1258,1346
59609,1275,1350
126730,1275,1358
150439,1277,1343
150438,1277,1348
300551,1469,1542
127619,1470,1540
344249,1471,1543
134551,1611,1672
47843,1652,1713
159119,1665,1727
151126,1668,1730
114394,1677,1742
125640,1836,1892
96448,1837,1897
156611,1837,1901
43403,1903,1965
286813,1905,1954
179076,2123,2224
388951,2148,2207
71213,2155,2206
368302,2163,2215
150259,2207,2268
110670,2207,2270
55576,2213,2267
159747,2216,2265
182786,2264,2353
113911,2265,2361
366498,2269,2334
94574,2269,2356
341623,2271,2349
85650,2277,2337
230080,2288,2340
53012,2288,2352
13443,2291,2347
296028,2295,2352
147400,2296,2353
166647,2296,2374
138215,2298,2354
34326,2299,2353
48101,2307,2385
275923,2323,2374
216707,2324,2380
45388,2324,2382
196552,2324,2385
40607,2328,2385
17668,2332,2386
6697,2337,2386
92189,2471,2539
203801,2471,2548
74339,2473,2535
376326,2479,2553
368744,2482,2543
109743,2593,2651
35684,2593,2656
300550,3348,3400
57008,3517,3583
214538,3773,3843
306067,4042,4109
261475,4051,4117
1324,4052,4121
129689,4055,4116
307045,4055,4122
180951,4057,4121
117848,4062,4121
178714,4070,4121
43635,4163,4225
272648,4163,4231
391770,4164,4229
1731,4171,4240
20975,4196,4279
180950,4197,4258
236052,4199,4254
198841,4225,4278
179076,4365,4466
315973,4532,4585
70645,4532,4588
234112,4533,4580
6602,4647,4787
192133,4652,4781
196553,4653,4778
290345,4653,4789
335343,4660,4795
219466,4662,4747
92775,4672,4733
26866,4680,4792
323725,4687,4842
76144,4690,4822
184059,4692,4841
191366,4707,4791
27931,4721,4804
14224,4730,4806
307279,4732,4801
258824,4732,4899
307044,4732,4915
23264,4735,4800
324492,4736,4831
5461,4736,4851
333194,4737,4841
8630,4738,4792
1315,4738,4807
85840,4740,4824
37959,4749,4810
96838,4750,4858
34705,4751,4833
157186,4754,4828
66144,4759,4869
287449,4763,4833
7785,4765,4844
47945,4770,4824
296600,4770,4845
39069,4770,4864
400973,4771,4849
366239,4773,4844
376640,4786,4859
391771,4790,4867
147123,4797,4884
292672,4798,4854
335345,4799,4893
392470,4802,4880
109193,4808,4900
29144,4810,4856
73536,4811,4880
191259,4812,4886
10944,4819,4883
20974,4819,4889
318734,4822,4883
392471,4825,4887
361994,4826,4890
367979,4828,4895
47246,4830,4891
125639,4831,4914
7770,4835,4915
215470,4837,4899
29459,4840,4887
109192,4842,4909
258631,4844,4915
115340,4849,4914
