44364,105,160
112985,120,195
123738,121,259
276881,122,240
114079,123,253
285852,127,230
8703,128,239
62480,131,244
383735,139,255
381780,145,235
309393,147,225
41518,152,286
34666,160,272
66374,161,242
370776,162,295
342598,163,237
366150,163,264
17133,167,285
401316,179,302
41517,186,251
178473,188,310
343033,194,283
141154,196,285
25959,197,270
202471,198,274
53874,206,297
241505,207,304
344006,207,311
134644,207,316
321237,212,301
109258,212,330
258447,213,296
182407,213,334
364312,227,293
38422,232,337
69764,232,343
76612,245,359
279083,245,383
266264,246,324
198688,254,313
157999,260,377
60347,264,386
68068,265,389
2251,285,400
86249,292,367
125686,294,422
112178,294,440
314984,295,414
25400,314,408
261724,327,414
485,333,395
292337,334,409
234270,337,469
38423,345,430
68125,351,488
392783,356,462
238839,358,477
34893,359,454
340020,362,428
86248,366,482
163338,367,475
244188,370,481
397088,371,462
98194,371,473
29246,376,461
59630,379,482
86028,381,453
112983,383,474
6691,386,488
290881,390,474
196102,394,496
192149,397,481
112984,397,501
174241,400,492
276591,403,486
130384,408,472
335668,413,474
143299,414,484
303732,418,499
98897,419,488
290544,421,481
345756,422,483
288819,425,488
291286,425,508
244388,429,508
171191,430,492
169991,431,491
169588,432,496
249285,433,488
203440,434,507
257754,434,512
81491,438,492
395495,510,574
181187,524,629
268165,559,638
157825,560,622
268164,560,657
280304,562,629
195390,562,667
371561,562,675
8174,564,652
142196,578,696
4091,580,701
68067,580,714
61500,584,704
149721,587,706
140615,603,717
34894,615,714
371562,632,717
251542,637,716
129581,764,827
74313,799,867
19379,801,876
18448,805,879
388315,808,870
50981,808,872
367478,808,877
380962,812,898
235014,816,895
167478,817,870
257721,829,923
236739,830,919
168493,837,912
199276,841,897
95891,850,921
95153,852,907
284288,853,915
145239,857,901
288976,933,997
145888,934,1020
390018,935,997
196100,935,1009
170046,1066,1136
108213,1066,1139
362248,1066,1149
31825,1067,1154
132659,1083,1143
116203,1104,1155
392782,1142,1203
93306,1164,1227
364311,1175,1241
82817,1176,1232
209,1177,1242
275338,1181,1240
276234,1182,1243
30436,1184,1240
93141,1185,1252
315305,1192,1242
126720,1192,1299
111887,1192,1306
219549,1195,1274
405329,1206,1306
1898,1233,1306
52007,1383,1426
110220,1384,1439
248855,1387,1451
270214,1392,1457
89123,1429,1492
47176,1757,1863
150914,1764,1833
39648,1766,1845
389854,1773,1848
123769,1783,1845
381847,1783,1855
207161,1784,1846
72482,1784,1850
51162,1785,1842
47592,1785,1847
30437,1786,1844
322929,1789,1843
335649,1799,1860
95892,1803,1860
367321,1974,2046
91254,1980,2029
187470,2005,2071
331921,2014,2089
203847,2019,2089
134643,2021,2099
69763,2023,2100
371373,2024,2088
23836,2024,2091
347949,2025,2089
347950,2026,2094
116995,2027,2101
345279,2032,2083
198035,2033,2097
126267,2035,2099
6445,2037,2101
12028,2039,2100
43583,2044,2089
334519,2180,2242
157826,2180,2263
354619,2183,2247
285746,2184,2249
199205,2188,2279
86792,2195,2256
408662,2213,2274
266390,2231,2275
192671,2233,2294
179254,2294,2355
59631,2316,2380
212194,2329,2380
276233,2397,2461
149127,2541,2598
171190,2552,2616
21355,2555,2618
28231,2561,2624
30029,2561,2667
75403,2693,2771
222400,2860,2922
318955,2860,2929
155017,2864,2937
115473,2881,2932
81516,2976,3060
6271,2977,3053
173371,2980,3063
163227,2985,3063
13475,2986,3061
5499,2986,3071
37505,2996,3062
129650,3113,3164
219546,3227,3290
213149,3282,3355
79114,3286,3383
224908,3288,3353
94003,3292,3351
4706,3298,3399
165755,3300,3390
122543,3306,3383
144042,3317,3383
109672,3317,3391
278684,3326,3410
206923,3329,3381
304757,3332,3392
72727,3333,3390
261725,3333,3399
13919,3340,3401
193297,3344,3400
187507,3588,3700
235913,3660,3717
238838,3702,3764
126029,3813,3897
74985,3814,3892
162520,3815,3911
302180,3816,3895
75971,3822,3898
249137,3844,3910
384987,3855,3941
326293,3855,3945
288219,3862,3954
333659,3863,3942
330600,3867,3935
51212,3880,3940
342465,3882,3947
485,3883,3942
1255,3884,3939
40106,3888,3954
384989,3899,3964
384988,3905,3973
118861,4041,4091
384263,4105,4164
219548,4105,4172
168786,4109,4171
11848,4127,4173
331461,4183,4255
122250,4229,4280
261541,4253,4323
161645,4260,4340
400018,4263,4339
400017,4268,4339
111888,4270,4344
211973,4275,4330
86058,4275,4340
73309,4276,4345
729,4278,4342
309682,4282,4336
303054,4282,4339
219547,4285,4344
64165,4290,4340
306674,4439,4505
57414,4445,4508
363297,4449,4512
39626,4696,4748
39887,4696,4760
85722,4697,4756
86462,4728,4793
287868,4728,4796
11788,4731,4792
397029,4734,4807
212677,4739,4801
3630,4748,4823
69756,4750,4808
207497,4758,4827
212195,4762,4822
216060,4762,4826
34246,4767,4829
199206,4768,4827
230109,5019,5079
175206,5022,5079
17132,5207,5258
131006,5301,5362
112832,5468,5529
385506,5468,5542
110019,5473,5540
390551,5475,5536
13918,5502,5568
316160,5504,5572
68481,5549,5605
89122,5553,5599
63622,5884,5954
126280,5884,5972
369470,5885,5957
132927,5885,5968
58486,5885,5974
258491,5888,5996
183927,5891,5995
347385,5897,5962
223211,5897,6003
157255,5899,5974
61624,5901,5961
86250,5903,5980
269598,5904,5972
161904,5958,6032
30030,5962,6058
402829,5988,6065
347531,5992,6047
199720,6075,6170
58557,6079,6146
83476,6128,6188
382949,6128,6206
30393,6237,6288
199721,6257,6337
223212,6270,6330
34446,6274,6327
344749,6669,6752
150913,6670,6777
215929,6671,6735
288896,6684,6764
288895,6697,6770
37390,6707,6767
367589,6718,6779
3031,6748,6806
235124,6786,6839
306981,6911,6961
354910,6947,7016
288218,6950,7014
362530,6974,7040
330601,7026,7097
11967,7386,7466
81517,7399,7464
322062,7404,7462
327566,7406,7482
322061,7408,7462
297819,7421,7484
322063,7433,7484
163314,7483,7545
169589,7530,7583
148970,7729,7806
354911,7735,7820
304172,7737,7804
8360,7738,7802
342863,7740,7801
380664,7741,7818
72651,7743,7812
212678,7743,7846
368270,7750,7859
368268,7754,7822
368269,7761,7884
202379,7773,7831
321762,7866,7931
173370,7869,7932
212965,7873,7931
352522,7883,7950
101664,7974,8036
127430,8015,8084
271237,8022,8084
196101,8043,8085
165187,8130,8202
95009,8135,8201
35562,8135,8235
177130,8136,8197
396818,8136,8220
396817,8136,8247
34247,8139,8246
118862,8142,8241
163579,8143,8213
135649,8154,8237
79482,8164,8236
335203,8168,8239
151816,8174,8237
212196,8174,8243
85211,8175,8289
249244,8192,8268
108324,8193,8264
240613,8212,8292
332973,8223,8293
68482,8227,8287
361519,8237,8288
241504,8248,8331
365557,8403,8449
370472,8403,8483
306868,8404,8450
402558,8404,8488
27078,8404,8495
25635,8404,8499
163665,8404,8512
371563,8405,8490
101014,8408,8488
335152,8410,8496
8702,8412,8499
175406,8474,8568
232427,8475,8602
171971,8481,8596
383392,8483,8592
199683,8483,8601
141760,8498,8557
36506,8499,8580
100736,8500,8576
26020,8500,8585
360437,8508,8575
13213,8509,8592
6638,8511,8576
94737,8518,8582
83475,8519,8593
35563,8529,8592
70517,9015,9089
106395,9164,9234
243234,9164,9257
206615,9166,9213
382184,9167,9257
260083,9170,9231
123209,9177,9276
193745,9183,9273
223210,9186,9258
292336,9192,9266
405254,9290,9351
10292,9291,9353
241610,9340,9411
34895,9383,9462
135233,9389,9445
70955,9403,9462
347951,9409,9485
56948,9412,9463
318956,9421,9494
305797,9421,9500
242977,9435,9534
15420,9436,9511
719,9444,9516
1754,9452,9515
199682,9467,9535
196162,9467,9544
270305,9468,9538
79481,9469,9532
70561,9520,9579
268166,9604,9709
268163,9607,9724
61644,9611,9737
77817,9627,9695
10008,9627,9723
235648,9636,9730
317485,9636,9737
4445,9641,9725
335202,9780,9863
46256,9785,9850
1092,9991,10051
13471,10014,10118
301146,10050,10127
128020,10289,10351
349657,10291,10352
161296,10294,10345
41773,10295,10377
27119,10296,10346
351031,10296,10351
83903,10296,10359
118860,10375,10470
558,10575,10638
198036,10672,10728
142133,10952,11040
400019,10959,11041
199207,10967,11035
392784,10970,11025
339089,10978,11040
30928,10980,11036
178954,10984,11040
223209,10991,11037
369469,11067,11125
87143,11070,11134
54174,11116,11179
206402,11118,11170
238758,11121,11170
19817,11121,11177
147364,11129,11203
2817,11136,11199
303731,11153,11217
158650,11233,11288
14883,11397,11469
