203454,137,187
31159,287,344
22698,287,349
295208,287,352
254902,287,355
28386,287,359
214396,287,365
310749,287,373
233205,288,346
203558,291,373
206287,293,368
71817,295,363
27084,295,371
126185,296,369
122140,322,390
321894,323,394
169919,327,388
23973,327,390
266367,328,397
226663,333,416
27083,338,408
313410,367,521
271724,374,520
295207,411,516
147539,474,542
265963,505,557
323424,506,578
313411,539,658
271725,585,695
256718,615,696
101637,627,689
271170,629,691
214005,630,698
202638,632,697
218831,634,703
151418,647,703
47943,648,707
153206,651,715
323424,654,726
329861,657,718
396879,657,724
120883,658,703
83741,659,733
243800,660,723
328863,823,897
262925,826,889
210777,952,1045
15420,961,1031
79482,973,1044
331269,979,1041
67372,981,1045
79481,987,1044
16910,1188,1264
52859,1196,1257
60409,1204,1265
90530,1206,1258
176698,1209,1259
310118,1214,1273
214473,1220,1274
210302,1290,1340
48964,1342,1418
210761,1347,1420
190461,1359,1416
190462,1363,1418
400248,1373,1460
199926,1374,1441
257549,1378,1441
331578,1381,1445
334321,1402,1477
97022,1418,1473
82631,1575,1695
115210,1576,1630
87789,1576,1644
271727,1576,1700
308382,1577,1684
245655,1578,1630
26467,1578,1656
405551,1579,1687
271726,1580,1732
354448,1581,1705
140449,1583,1686
135760,1585,1679
13738,1589,1667
221738,1597,1716
172362,1598,1669
230313,1600,1688
26387,1603,1668
190338,1617,1694
277787,1631,1692
235472,1631,1694
405552,1631,1728
327730,1634,1708
50726,1636,1704
43206,1644,1709
221739,1645,1710
264935,1647,1710
104607,1655,1738
185973,1659,1726
228324,1667,1738
341119,1818,1870
3978,1818,1873
145592,1818,1877
48270,1980,2031
332469,1981,2060
393772,1982,2050
243069,2025,2078
399680,2047,2137
73769,2053,2110
210009,2074,2160
28873,2077,2169
1954,2078,2143
349185,2080,2142
406365,2147,2219
407064,2164,2219
216292,2164,2233
331577,2172,2222
121846,2197,2260
37375,2198,2267
153207,2204,2266
321154,2294,2357
200662,2301,2358
365210,2311,2358
118665,2375,2453
176967,2391,2457
37137,2400,2457
