191061,95,182
242278,96,157
373813,99,163
81528,99,181
315983,99,189
282950,101,157
284737,103,159
321612,104,201
45325,106,189
37971,107,157
32713,108,233
278312,109,170
28092,111,182
331223,112,186
225761,112,221
405174,114,207
88345,116,167
197790,117,199
52612,121,199
1129,122,228
156404,128,205
51437,132,208
270259,132,220
12363,135,212
264591,136,185
193582,136,208
9325,136,221
326097,139,197
52221,139,204
34664,152,232
170262,155,232
218477,156,240
395005,157,221
213153,158,237
111757,161,256
298916,164,247
295463,174,235
27654,175,227
93488,180,246
211914,185,227
161599,187,257
342635,330,385
350400,351,451
388755,358,456
388756,361,475
97518,373,447
106570,374,432
24403,374,436
171568,374,449
108306,376,450
115719,381,443
80795,384,441
302006,384,449
302005,385,450
129813,386,445
129814,386,449
54999,387,444
214542,387,462
37498,390,441
384194,393,447
222827,394,453
291332,401,479
396874,408,476
99716,459,560
99715,468,574
239692,787,873
393103,801,866
102581,808,856
106910,857,930
152526,871,934
242683,885,958
21080,889,940
405581,905,1001
328349,932,1017
2849,954,1032
106528,958,1035
214112,960,1033
26295,965,1033
192100,973,1034
284721,978,1062
263863,1102,1169
151895,1106,1175
317929,1111,1170
48509,1111,1175
57719,1117,1170
330034,1121,1172
359207,1133,1192
44086,1526,1585
7170,1527,1602
96531,1528,1598
51884,1528,1610
88346,1531,1613
215771,1545,1617
364087,1580,1681
400307,1607,1722
54618,1613,1724
93072,1619,1711
400306,1619,1735
85811,1623,1697
259945,1624,1723
338648,1627,1748
174548,1629,1706
61021,1630,1699
93071,1646,1727
313273,1657,1728
361389,1669,1751
342637,1674,1751
119350,1674,1759
174984,1684,1751
144960,1685,1761
299491,1686,1749
197343,1706,1770
1130,1724,1790
71591,1735,1787
186697,1749,1856
351108,1757,1848
73383,1771,1845
65954,1779,1845
39965,1779,1848
46171,1781,1883
15826,1784,1843
30950,1787,1858
367568,1790,1900
351109,1791,1852
25714,1791,1855
278850,1792,1894
221044,1797,1856
5594,1798,1897
34917,1799,1893
131253,1800,1855
227563,1800,1857
60080,1800,1885
209281,1800,1888
109911,1800,1908
49354,1801,1865
397298,1802,1878
127063,1802,1883
393102,1803,1890
131666,1816,1887
166758,1818,1897
18933,1820,1898
127960,1823,1897
287735,1828,1925
61567,1831,1899
379125,1832,1905
342636,1835,1905
354373,1840,1906
221043,1915,1991
264592,1927,1994
341729,1928,2004
127062,1934,1998
61162,1967,2016
230581,1972,2040
100451,1983,2054
48530,1989,2055
7060,1991,2056
132866,1992,2069
118076,2012,2098
254275,2028,2098
398109,2028,2101
82,2049,2097
258890,2064,2138
356544,2085,2153
