246381,100,157
5229,230,325
395570,231,307
340877,234,331
385188,236,324
2317,242,318
105560,243,332
7601,244,325
83544,248,326
300526,248,331
111912,249,328
485,253,322
307767,254,318
88276,254,331
171182,256,332
101510,259,322
6084,259,328
390259,260,330
87524,262,325
107560,263,324
90673,263,326
254525,263,331
301227,265,330
123136,268,332
125910,269,331
159095,271,332
245909,450,530
68009,505,586
219938,518,579
84604,521,586
101121,613,670
237283,617,689
74819,620,694
118375,621,684
88275,622,693
75405,766,830
154482,771,833
198442,775,841
383798,776,833
174227,779,832
132671,798,895
1578,831,901
153400,832,898
343530,849,901
244386,1014,1068
383653,1033,1096
136287,1082,1189
209462,1087,1170
120855,1098,1184
89724,1109,1180
394935,1118,1183
303551,1121,1200
305829,1127,1215
262885,1131,1214
190883,1140,1214
9118,1149,1215
88888,1158,1215
92031,1160,1215
251723,1163,1213
231227,1165,1215
346266,1324,1386
163927,1459,1521
202992,1459,1527
253449,1460,1545
244519,1461,1556
303550,1469,1521
179024,1475,1530
213454,1489,1559
333153,1495,1555
140506,1624,1695
329200,1715,1784
67983,1721,1771
395011,1923,1985
120544,1924,1988
64974,1929,1990
91934,1930,1994
4169,1934,1996
394453,2110,2204
394452,2117,2204
204837,2143,2204
141648,2285,2340
240309,2285,2344
124424,2285,2380
388321,2288,2357
143258,2527,2586
25310,2528,2577
97012,2631,2696
321213,2706,2773
36815,2848,2900
367439,2848,2913
160666,2849,2918
401631,2850,2925
55709,2852,2917
243700,2852,2928
361829,2855,2925
19200,2857,2931
174226,2861,2922
339958,2866,2932
88887,2867,2944
244299,2869,2936
155798,3243,3324
27813,3245,3309
280695,3247,3308
277233,3248,3303
388884,3250,3316
389679,3251,3306
113337,3252,3353
38859,3253,3319
149355,3253,3326
15923,3256,3317
164676,3258,3316
219939,3268,3323
395580,3276,3356
328599,3282,3357
295297,3315,3397
167127,3674,3728
358146,3760,3833
225241,3772,3850
212473,3774,3848
225242,3778,3850
102540,3780,3837
59229,3780,3846
233543,3887,3949
240838,4061,4116
341357,4061,4122
58570,4062,4155
290859,4066,4163
254524,4068,4130
189246,4073,4146
39436,4080,4160
5451,4094,4158
13651,4099,4165
211976,4100,4178
393595,4100,4187
401253,4121,4183
236543,4161,4219
227153,4164,4238
211478,4219,4283
104065,4262,4323
7298,4267,4322
223833,4434,4493
8387,4437,4492
331905,4437,4499
359772,4437,4513
155799,4438,4502
348147,4448,4510
155501,4453,4514
786,4454,4518
384703,4533,4582
235951,4533,4607
9118,4536,4603
346474,4808,4870
12641,4809,4871
223832,4810,4858
13922,4811,4871
282122,4933,4989
237282,5038,5103
202955,5075,5126
81803,5463,5529
245743,5478,5534
328976,5863,5921
237281,5863,5923
223805,6023,6112
190177,6032,6111
275727,6036,6103
174119,6038,6109
395569,6039,6104
161416,6168,6254
16878,6465,6522
382409,6520,6590
112351,6604,6657
257736,6695,6785
200894,6698,6758
290860,6716,6790
98789,6732,6798
101025,6871,6963
59228,6874,6946
99912,6876,6938
393596,6880,6947
138573,6881,6968
23963,6886,6946
81818,6886,6986
14548,6888,6946
138574,6888,6976
81312,6894,6967
341834,6896,6970
405961,6897,6962
104563,6903,6982
404408,6907,6983
318827,6908,6978
385760,6909,6980
255194,6921,6987
368374,6924,6978
132154,6932,6991
59226,7143,7204
9117,7145,7213
204059,7301,7380
234927,7311,7379
226927,7331,7381
139327,7338,7380
342383,7650,7700
59227,7747,7805
21384,7747,7810
9117,7747,7815
238579,7752,7809
384416,7753,7808
174228,7753,7816
292510,7757,7812
228279,8012,8069
222791,8013,8067
148312,8015,8076
212699,8181,8231
238384,8181,8233
12640,8182,8232
295296,8335,8405
318549,8343,8417
351078,8346,8409
331843,8347,8412
30444,8350,8426
153885,8362,8417
390141,8362,8425
340588,8364,8425
75297,8371,8425
266159,8504,8571
44301,8506,8574
42796,8507,8570
250836,8507,8615
290861,8518,8560
324975,8622,8714
118374,9163,9211
59226,9426,9494
127257,9426,9505
213850,9427,9497
9117,9427,9510
265932,9627,9692
214933,9628,9700
281782,9629,9691
184233,9634,9695
371522,9694,9776
282187,9697,9797
371523,9705,9770
105561,9706,9800
39839,9710,9811
180572,9714,9800
174229,9721,9801
21511,9726,9801
303054,9737,9800
261299,9746,9813
250364,9752,9831
16477,9772,9838
123748,9806,9855
396662,9809,9893
235952,9820,9905
36118,9835,9891
183661,9842,9904
143259,9979,10042
53663,9987,10076
53662,9990,10072
3726,9998,10075
131450,10001,10070
65651,10003,10077
158677,10004,10070
318690,10005,10076
64531,10014,10076
292511,10016,10103
227561,10021,10076
188863,10024,10101
389680,10049,10108
325813,10079,10199
114174,10085,10145
323879,10086,10138
292642,10086,10158
329931,10135,10200
227152,10652,10715
339443,10673,10741
18482,10682,10745
254523,10768,10856
100367,10775,10838
125893,10879,10953
251724,11030,11091
393022,11049,11138
178630,11078,11154
381690,11262,11314
379485,11273,11340
15969,11279,11343
195349,11299,11346
103297,11321,11404
5641,11373,11444
253475,11377,11466
317954,11388,11452
210484,11425,11490
188906,11613,11667
188907,11614,11667
