155940,118,174
272915,120,236
17936,122,183
55208,130,202
325606,131,213
128636,135,197
25180,143,208
50054,151,217
298190,166,244
267595,167,269
170307,167,273
196405,171,227
115161,178,277
68371,184,272
374438,185,277
194849,186,275
313344,186,282
174665,190,271
78600,194,273
13852,204,273
255175,205,279
103171,207,269
207521,207,322
346046,208,272
206360,209,274
207519,212,274
48069,235,301
8740,250,325
135813,252,327
16624,264,325
47173,270,332
207522,272,336
240346,275,338
48167,281,351
408501,282,344
48168,286,355
84308,299,363
44938,305,377
173194,308,381
389553,325,435
242152,328,407
208798,328,426
194926,334,423
90916,334,442
50345,362,438
329992,376,459
16967,385,458
189380,390,461
24502,396,460
246703,514,586
246702,516,588
227970,526,592
262798,540,602
208797,824,885
377822,828,889
307891,829,890
306766,829,895
67246,831,895
154727,832,894
185821,833,924
364334,834,897
147451,839,906
96210,840,915
19484,842,928
116100,849,907
284191,855,916
45588,858,921
202247,859,922
106734,860,921
364335,861,922
72146,923,986
292624,925,976
130035,925,982
130034,956,1025
365303,968,1050
240217,973,1029
115160,973,1056
119322,977,1047
13913,980,1041
302248,990,1058
107177,1487,1581
190703,1507,1582
336029,1536,1608
75866,1536,1614
210337,1537,1602
225638,1552,1638
109197,1555,1621
143593,1555,1625
289522,1556,1629
13732,1558,1621
372180,1570,1632
400396,1585,1628
85880,1693,1763
56624,1807,1859
114001,2090,2157
35299,2254,2316
56105,2334,2387
45520,2651,2711
364090,2953,3019
164628,2981,3025
342524,2981,3058
8739,2983,3059
97522,2984,3051
302167,2984,3067
252377,2984,3083
44955,2985,3088
372177,2989,3046
288078,2993,3082
288079,2993,3090
288081,2993,3104
323206,3002,3085
288080,3014,3137
10949,3034,3157
336028,3047,3148
290423,3049,3115
197955,3050,3131
398089,3050,3152
288077,3053,3137
288076,3054,3116
335488,3056,3157
121364,3059,3154
46361,3061,3157
318736,3069,3131
19520,3071,3156
50359,3833,3875
169074,3834,3895
160972,3838,3916
160973,3840,3924
235357,3843,3915
235358,3843,3929
247012,3844,3893
189379,3877,3935
376876,3884,3943
408175,3921,3982
268387,3922,3986
216329,3926,3986
137014,3942,3993
205510,4009,4097
88985,4037,4119
55609,4319,4416
188747,4325,4440
132003,4329,4414
55608,4332,4416
189868,4384,4452
32213,4391,4458
10925,4412,4467
298912,4475,4543
223464,4478,4539
328754,4486,4547
179097,4494,4555
209326,4495,4588
298910,4497,4596
134044,4513,4565
7127,4528,4589
322761,4532,4592
296441,4553,4632
392897,4606,4671
45971,4634,4713
366063,4638,4707
132441,4640,4704
181558,4640,4712
154525,4642,4708
216088,4643,4704
262412,4643,4706
190060,4646,4712
45970,4648,4713
66695,4656,4712
202799,4810,4878
40951,4912,4974
155010,4913,4965
308772,4915,4968
185165,5050,5123
112667,5218,5289
269154,5569,5625
391861,5572,5636
207520,5582,5644
248806,5583,5641
398213,5584,5660
137423,5586,5659
165414,5588,5653
323317,5591,5661
6398,5593,5668
241259,5605,5665
181559,5629,5689
194927,5698,5762
88240,5821,5882
366062,5825,5878
298911,5829,5892
75123,6049,6116
112668,6071,6159
371001,6091,6167
10925,6101,6168
172661,6103,6171
82207,6103,6176
361701,6104,6169
129930,6115,6168
52401,6115,6171
250692,6116,6166
182075,6490,6551
182076,6503,6554
226683,6512,6560
360648,6515,6571
312462,6924,7000
140827,7053,7111
214194,7458,7518
325333,7458,7531
4263,7467,7529
4263,7473,7538
392896,7504,7582
191602,7537,7623
155268,7545,7622
38336,7548,7606
255174,7550,7640
377821,7557,7612
150824,7557,7620
139073,7561,7649
6919,7564,7652
228920,7567,7623
119321,7568,7624
300987,7741,7833
42953,7742,7830
335487,7742,7837
34427,7747,7858
398324,7769,7881
103724,7784,7876
178254,7792,7853
398325,7795,7857
358657,7797,7879
323362,7954,8033
827,8134,8189
151539,8149,8213
193974,8185,8267
153662,8282,8346
57715,8294,8365
91630,8295,8356
104988,8515,8572
224652,8539,8597
254297,8713,8766
8155,9656,9699
276765,9656,9703
247012,9656,9721
395959,9781,9842
262799,9791,9843
260336,9860,9950
113979,9872,9950
140648,9880,9948
192496,10018,10069
