52995,115,194
170100,117,232
370968,119,203
358789,125,202
86969,126,229
136133,131,203
261151,132,207
170101,134,266
29275,137,209
30310,138,203
35808,139,227
97261,141,275
274980,142,226
344462,143,205
373704,143,209
111170,146,212
116249,146,218
82571,147,226
10249,149,218
22244,150,209
115822,150,227
263284,156,219
86970,166,289
353335,181,243
248437,186,252
209379,187,249
341833,187,268
262065,195,300
268049,205,299
19874,209,299
331927,210,304
4378,221,308
4377,234,317
4374,266,364
241084,272,375
386136,273,347
18755,292,351
98888,294,355
1007,296,391
27935,301,404
45899,302,394
295625,303,364
191139,303,390
120568,303,401
255064,303,406
177094,304,412
45871,305,399
21987,306,373
132851,306,379
50897,307,360
108394,307,365
291717,307,370
348457,308,356
285618,308,372
47896,308,394
343907,308,402
406927,310,371
177758,311,379
127767,312,373
44048,312,377
124749,312,386
184950,314,403
134138,317,369
400555,317,372
47507,318,387
30971,324,386
45898,325,405
378702,329,400
279952,350,466
193679,390,453
392193,390,459
30970,390,476
4374,391,483
290629,405,483
110258,409,470
189323,409,473
336020,415,483
82166,416,478
339391,423,484
315718,424,466
315612,427,481
127201,433,483
142573,436,482
116250,532,605
19065,550,624
238785,552,635
274981,556,618
166531,556,627
15003,558,625
273681,559,631
207671,635,705
375058,635,708
164719,636,698
322672,636,703
45870,636,719
90248,637,709
408684,642,709
11059,646,720
94436,658,723
167715,659,721
247669,676,755
372214,683,751
280602,688,755
32752,689,732
316309,692,755
172556,696,756
363656,790,896
49569,791,886
293626,792,883
227467,796,899
125804,801,887
245385,802,917
347185,803,886
203497,805,868
377031,809,887
170657,822,884
107078,826,941
111794,840,926
68187,842,929
405306,871,960
78067,875,948
55161,880,972
75681,891,954
72357,892,961
110390,894,974
159710,897,969
295189,899,971
191837,901,975
69770,909,961
189324,909,967
202625,910,955
12272,913,975
29981,915,974
41844,916,970
255063,928,998
126389,935,998
239903,993,1055
286172,1018,1064
137762,1025,1176
172929,1088,1154
4485,1288,1347
104241,1288,1366
39574,1288,1373
20581,1289,1353
18089,1289,1392
74165,1292,1376
321910,1376,1459
227579,1379,1474
365613,1380,1453
166532,1384,1480
110257,1390,1464
341832,1395,1469
362123,1398,1462
88506,1399,1477
50345,1403,1479
153081,1471,1561
321966,1486,1552
168200,1489,1554
24004,1489,1560
32760,1490,1562
162410,1498,1561
279219,1501,1562
286226,1503,1561
115821,1511,1561
127768,1615,1705
97260,1615,1708
226263,1624,1699
120211,1624,1702
55268,1627,1707
242445,1631,1683
272705,1631,1707
242879,1643,1705
167239,1651,1709
31486,1661,1738
127168,1667,1728
208662,1667,1756
34189,1669,1745
248128,1673,1741
369824,1676,1744
95851,1930,1988
142532,1930,1991
321965,1949,2057
216848,1953,2014
353266,1956,2008
134152,1971,2021
107694,1973,2034
166657,1978,2033
43913,1978,2037
25523,1978,2040
403532,1982,2048
333754,1985,2054
88505,1986,2052
95136,1986,2056
235237,1989,2056
333755,1993,2054
49570,1993,2056
301020,1993,2060
46716,1994,2053
311360,1998,2059
160491,1999,2053
333627,2016,2086
190400,2025,2099
74016,2034,2101
4376,2051,2201
85952,2079,2126
62636,2450,2507
194612,2451,2504
39573,2451,2508
199245,2500,2578
134433,2524,2635
240677,2528,2614
193592,2530,2581
27640,2531,2602
287264,2531,2623
406131,2532,2597
112800,2532,2607
225549,2543,2591
59416,2544,2606
352071,2545,2623
21953,2546,2608
364484,2548,2626
1588,2551,2611
146633,2558,2628
341424,2558,2636
118588,2559,2668
361813,2561,2623
271796,2565,2648
10493,2569,2624
126529,2572,2634
132866,2572,2636
286225,2573,2642
173475,2580,2635
79464,2583,2652
125308,2584,2636
321530,2587,2658
299215,2589,2659
58252,2592,2652
32776,2608,2676
276754,2630,2704
179781,2630,2709
384890,2632,2710
36729,2640,2706
352070,2655,2711
143553,2674,2737
268048,2678,2739
315448,2774,2864
120567,3133,3239
263908,3136,3234
79871,3140,3238
397557,3150,3232
397558,3153,3236
265780,3153,3239
50039,3160,3232
250642,3456,3536
143255,3470,3531
31485,3608,3701
117001,3647,3715
25229,3850,3924
166533,4143,4213
187069,4148,4213
238784,4150,4215
67537,4150,4231
220892,4151,4213
102269,4151,4220
352863,4152,4204
118344,4153,4216
190097,4153,4222
342447,4157,4214
66808,4159,4214
4718,4387,4462
2171,4395,4455
334660,4400,4459
4376,4639,4783
311359,5069,5138
65468,5090,5153
259276,5234,5300
4378,5766,5839
233375,5766,5847
50549,5767,5828
178794,5769,5843
4377,5774,5846
96476,6024,6097
178449,6026,6108
82570,6048,6109
193681,6066,6138
327168,6148,6211
86505,6285,6347
362423,6288,6352
53386,6706,6772
187842,6867,6928
309488,7219,7327
147145,8046,8120
354338,8056,8128
42953,8056,8134
110514,8149,8211
94977,8149,8225
110515,8151,8216
364860,8371,8440
219025,8585,8653
399290,8891,8949
342693,8895,8949
150564,9142,9192
172555,9207,9274
4375,9234,9299
311253,9330,9410
349447,9342,9417
256186,9348,9390
76377,9374,9434
34491,9375,9447
378042,9381,9470
74015,9626,9714
55894,9630,9701
202159,9633,9701
55893,9635,9704
404556,9637,9701
22438,9643,9701
87179,9663,9710
342056,9786,9872
181990,9968,10018
118831,10069,10122
166381,10073,10134
105323,10241,10302
193456,10241,10312
78876,10241,10321
110259,10242,10314
167427,10251,10317
359315,10267,10321
333653,10267,10327
22542,10274,10328
38926,10277,10326
4375,10444,10495
111169,10616,10685
73858,10784,10851
179780,10833,10906
311349,10833,10935
188541,10838,10921
245999,10841,10906
395463,10844,10914
180271,10846,10908
105089,10855,10916
82974,10856,10917
325598,10856,10930
372213,10857,10926
13648,10858,10919
26666,10858,10928
59417,10872,10927
55892,10876,10937
117949,10877,10928
247670,10945,11017
353265,10948,11008
61010,10974,11029
256185,11104,11159
107885,11107,11163
148352,11109,11158
187070,11111,11178
112801,11813,11874
321609,11859,11952
398329,11863,11956
395462,11869,11954
41557,11877,11977
252654,11878,11962
181769,11885,11953
171682,11886,11959
7520,11889,11969
70914,11890,11950
85553,11890,11960
48371,11893,11959
316038,11894,11973
56201,11897,11976
171681,11899,11961
13,12316,12370
291571,12461,12538
5420,12621,12679
61056,12943,12994
395471,12945,12997
404555,12954,13039
122974,12978,13055
193678,12979,13033
79463,13373,13429
154027,13375,13433
12533,13378,13434
129709,13378,13437
122745,13633,13721
226796,13637,13722
179782,13645,13722
163949,13650,13721
10442,13652,13723
107079,13661,13723
85760,13666,13722
31677,13668,13722
82325,13871,13967
346078,13872,13974
193680,14126,14253
167426,14133,14267
39572,14142,14259
196879,14143,14232
196880,14158,14266
266064,14163,14277
66999,14183,14274
132957,14185,14229
305273,14504,14560
196878,14506,14595
44331,14839,14924
35049,14866,14946
302110,14869,14938
24973,14871,14943
61798,14872,14931
67538,14876,14946
283947,14877,14942
93605,14881,14931
268243,14881,14938
222229,14882,14941
314642,14889,14946
52659,14891,14945
102857,15110,15163
405726,15425,15487
337143,15694,15758
208581,15863,15936
257993,16010,16076
25524,16031,16078
4373,16353,16427
164201,16367,16466
3600,16375,16461
214067,16377,16477
90343,16394,16464
4373,16399,16474
396986,16400,16463
373439,16405,16474
214068,16414,16470
21425,16421,16490
263983,16431,16486
167238,16501,16569
200000,16770,16835
88507,16770,16847
3551,16771,16838
308851,16772,16836
354472,16772,16846
267011,16777,16846
277959,16786,16848
146926,17180,17230
55851,17183,17231
64698,18005,18084
243746,18006,18067
373440,18006,18071
146927,18007,18103
240676,18008,18066
146875,18008,18072
295922,18009,18065
142531,18010,18110
143574,18011,18105
361711,18012,18083
341860,18017,18087
160490,18018,18059
87979,18019,18113
17982,18020,18090
61663,18021,18083
220662,18023,18075
19816,18027,18087
352862,18029,18126
116219,18034,18107
390340,18039,18106
106125,18040,18103
90249,18084,18157
35127,18116,18161
116218,18774,18832
50038,19264,19331
371657,19281,19367
43474,19288,19373
191085,19291,19385
86191,19294,19343
81114,19294,19373
32777,19295,19337
362122,19301,19368
191086,19305,19395
388910,19307,19371
114005,19345,19419
46779,19708,19782
