65597,86,130
86731,86,219
182509,96,215
14599,97,226
130324,99,205
33405,99,239
265612,102,214
102059,102,225
396977,102,231
388828,103,241
319007,106,235
346563,107,208
370251,108,228
87924,112,221
255240,117,236
109042,119,233
119257,120,241
164331,127,234
286177,128,218
128415,128,244
74445,128,282
241132,129,223
335234,132,197
236778,132,236
149811,132,241
149817,133,207
53268,140,261
208047,141,292
348654,142,238
300620,142,241
213537,145,232
166580,147,236
133349,148,244
210869,150,257
259093,150,270
384280,154,236
204658,155,304
105135,158,254
320593,163,236
370193,168,229
837,171,291
306489,177,283
157441,177,304
242,178,268
242,181,245
135983,181,276
242,190,254
376619,199,273
837,203,302
74444,204,306
146203,211,336
285087,213,305
119122,217,305
255239,220,305
214403,222,297
388829,223,305
293979,236,305
241131,236,347
51751,238,304
202438,240,291
147777,241,366
319006,242,384
4922,243,375
174345,245,370
309415,251,367
239734,253,378
92039,258,377
92037,261,361
318689,262,318
189365,266,319
92469,266,372
92038,267,399
404605,274,331
300619,279,334
174440,281,377
102476,308,397
241130,383,488
386035,433,557
125457,443,590
157442,445,573
354796,446,565
141042,461,585
396976,462,574
399731,469,536
60798,469,573
292936,473,534
293980,478,553
37082,480,541
338978,481,595
15457,482,546
70033,487,566
19518,489,578
111065,494,577
19519,502,582
60120,505,594
340582,514,582
275058,515,579
16324,518,582
60121,518,598
69491,519,584
28106,519,592
371709,525,609
10075,525,643
275059,528,601
228514,529,598
293981,529,606
377684,532,588
53269,532,608
282283,532,619
37542,537,593
250389,543,585
6417,544,619
55719,547,622
137714,549,612
159048,551,613
292564,551,617
76264,552,647
204657,554,618
105175,555,627
36774,579,641
138087,614,676
316960,615,677
171099,616,671
167144,618,672
190740,1029,1088
