370475,93,218
91339,97,197
268397,97,202
284630,99,180
190124,100,211
354639,108,187
337561,118,189
226843,122,235
119443,125,211
194502,125,230
18569,127,236
40629,128,232
1034,130,243
202211,132,225
201109,136,235
249781,141,226
284695,143,225
53291,149,234
191802,155,234
205677,159,240
63173,162,280
142893,164,283
6271,165,271
191356,174,243
99811,177,278
13475,183,271
350114,184,295
200721,194,376
273870,196,293
99812,203,311
377944,206,314
65290,208,295
298682,211,331
191729,213,312
142895,214,277
55117,218,293
53443,219,306
332157,220,284
327891,223,314
177891,226,306
92991,226,372
306661,236,294
396253,238,355
29735,242,319
47629,243,305
162381,243,324
230561,244,306
256026,244,316
173479,244,321
46184,245,336
240842,247,311
248270,248,324
58868,249,356
380688,249,377
223496,250,318
48924,297,378
219183,300,378
143393,305,378
336056,308,375
33110,310,371
58869,311,377
261366,313,376
18958,314,378
66907,319,372
16328,323,378
1925,324,371
151949,408,465
47628,408,558
228336,409,464
3543,409,467
209657,411,487
77212,415,489
59247,415,507
348911,416,521
66040,419,554
356074,420,529
158304,423,482
163853,423,532
326773,428,559
166326,433,552
1478,437,559
9993,438,548
212015,440,553
185008,451,521
8197,451,551
10373,451,559
113172,454,558
154227,455,549
69319,456,520
95813,456,527
55118,457,542
59245,458,546
245323,458,557
142894,459,520
311329,459,553
317682,460,521
252690,460,535
228337,460,559
24929,461,547
198894,463,519
369923,464,547
69812,466,559
44656,469,526
367853,469,558
68399,470,542
7336,476,559
24209,480,554
153224,495,556
244424,589,646
204600,589,659
125763,594,656
303836,619,685
130085,749,818
258048,763,860
291748,792,856
172801,793,866
204599,800,866
18570,1446,1528
197256,1455,1518
59533,1455,1532
4263,1463,1534
322536,1464,1531
47237,1464,1545
246544,1498,1591
200722,1499,1610
103675,1505,1569
246543,1510,1596
296746,1522,1568
44655,1523,1592
195151,1527,1600
45474,1545,1609
243144,1642,1702
144601,1646,1706
24930,1648,1707
284936,1650,1759
54420,1656,1725
200972,1677,1743
238006,1684,1777
40134,1690,1778
67264,1699,1780
224554,1707,1784
169425,1708,1771
204598,1717,1780
375254,1745,1799
376203,1922,1979
381239,1943,2013
256027,2004,2047
403140,2152,2215
167456,2157,2238
252630,2175,2242
66873,2179,2242
15643,2247,2329
377394,2249,2330
14958,2278,2339
292933,2287,2341
197371,2291,2374
326003,2292,2360
56201,2293,2375
227170,2293,2391
236987,2296,2367
173800,2300,2387
161229,2301,2367
259113,2307,2370
362451,2318,2374
70449,2323,2376
292934,2341,2405
284631,2352,2402
349238,2352,2405
74360,2479,2531
225747,2486,2551
123760,2488,2550
325879,2509,2578
303902,2514,2613
144113,2514,2620
108841,2521,2597
53292,2523,2585
301107,2531,2604
21847,2532,2616
19951,2535,2594
364850,2540,2616
306253,2545,2605
346747,2583,2630
35325,2584,2652
377943,2591,2657
6083,2599,2653
375253,2607,2659
238005,2762,2854
131645,2768,2814
268832,2803,2863
7075,2807,2864
380622,2937,2997
150558,2941,2998
336588,3033,3110
344191,3036,3120
160601,3095,3164
91337,3111,3201
377393,3115,3194
197958,3119,3181
112416,3126,3201
144577,3130,3192
206498,3133,3199
70594,3136,3202
332156,3138,3198
716,3138,3202
18568,3140,3202
335114,3152,3202
66872,3156,3201
179936,3331,3383
183588,3450,3506
94182,3465,3554
205676,3473,3550
205675,3476,3551
54416,3493,3550
22547,3775,3819
281436,3999,4066
380155,4002,4063
37394,4002,4065
31089,4069,4130
143193,4196,4241
120385,4201,4265
33257,4223,4292
223408,4225,4302
223409,4420,4502
175975,4422,4483
294051,4431,4496
355138,4446,4489
95814,4483,4547
69318,4509,4561
238005,5884,5981
271259,6022,6063
223407,6023,6075
144114,6039,6117
38555,6047,6104
161560,6047,6107
91701,6065,6118
375305,6362,6408
35508,6538,6590
375304,6551,6649
291122,6554,6639
328702,6557,6618
397188,6558,6631
305519,6559,6644
404944,6559,6651
326506,6577,6651
386408,6578,6683
106539,6583,6649
386409,6584,6687
215376,6591,6681
173478,6596,6646
216185,6596,6686
108104,6597,6655
99228,6597,6659
369690,6597,6672
9752,6598,6654
104461,6602,6670
358331,6602,6674
10930,6602,6680
14988,6603,6687
110365,6611,6686
261295,6613,6684
69193,6615,6687
200824,6621,6684
10344,6785,6839
144576,6839,6901
195566,6846,6932
153526,6853,6923
232702,6854,6930
353781,6855,6908
137277,6865,6936
110179,6865,6951
198893,6880,6946
153527,6881,6941
70450,6884,6945
224995,7569,7621
230562,7569,7629
200016,7569,7631
66915,7612,7672
394309,7624,7690
402951,8290,8349
91335,8290,8402
91340,8299,8410
192186,8303,8379
136279,8308,8379
91336,8330,8423
22757,8340,8406
398866,8352,8396
57501,8353,8421
168832,8361,8423
241946,8367,8438
301327,8410,8468
149128,8709,8760
394310,8754,8825
34647,8842,8900
332310,8883,8936
90788,9137,9195
54415,9137,9206
89306,9408,9471
332233,9408,9491
288227,9409,9467
210162,9409,9477
54415,9426,9508
253096,9432,9493
322537,9432,9497
370477,9535,9646
4731,9538,9608
370476,9543,9639
168865,9554,9648
41005,9571,9644
150559,9574,9643
27400,9575,9648
370478,9584,9640
15825,9584,9648
171260,9593,9657
382177,9594,9659
310892,9594,9680
222663,9597,9667
91338,9784,9836
238006,9814,9912
196608,9835,9892
103841,9837,9901
89004,9837,9908
76876,9841,9904
33102,9841,9909
73635,9845,9912
232297,9852,9912
169426,9854,9909
73094,9891,9980
204601,9909,10001
179757,9910,9986
108636,9910,9990
254973,9913,9983
364691,9913,10022
204409,9914,9985
197370,9915,9988
121975,9917,9986
247807,9918,10011
249237,9919,9985
20581,9921,9986
14616,9929,9989
191027,9940,10007
314946,9941,10028
269690,10020,10120
65292,10033,10103
20581,10033,10108
40133,10039,10113
13292,10039,10118
29512,10042,10115
279512,10043,10121
4485,10046,10103
127880,10048,10109
4263,10048,10116
22856,10106,10192
25750,10305,10364
179758,10577,10635
3630,10577,10641
337562,10578,10636
39253,10581,10641
58989,10860,10903
169427,10860,10926
194503,10861,10921
243205,10863,10922
15389,10863,10930
199899,10864,10927
173799,10866,10947
317894,10867,10921
109922,10868,10927
34648,10870,10958
86491,10872,10927
34649,10873,10971
259119,10874,10949
227635,10879,10950
279700,10880,10958
144115,10882,10957
195002,10894,10951
34236,10894,10959
360999,10896,10953
30193,10900,10966
363849,10904,10971
13395,10911,10952
91405,11240,11294
237106,11241,11295
65129,11418,11479
311700,11418,11487
57500,11421,11485
12561,11424,11470
153165,11589,11651
356000,11595,11670
330326,11598,11662
301326,11605,11670
390281,11608,11670
717,11652,11715
254974,11660,11714
73093,11930,11995
211226,11931,11978
395439,11932,11976
272203,11932,11984
388148,11933,11994
78831,11933,12003
78830,11933,12007
5194,11935,11989
401980,11935,11999
275459,11936,12003
231547,11941,12008
234554,12015,12076
79723,12015,12083
55116,12020,12082
112417,12028,12084
133493,12030,12097
292824,12101,12180
10452,12102,12171
126,12105,12186
5199,12109,12167
243701,12110,12184
222948,12114,12191
385154,12126,12184
115374,12345,12410
248331,12596,12660
284509,12747,12815
284508,12748,12813
136280,12748,12836
225748,12827,12917
386602,12829,12897
91334,12830,12895
64966,12833,12897
95815,12845,12903
296835,12861,12933
