47785,87,155
396489,89,171
154803,94,147
282516,109,156
64027,172,233
375263,333,407
392202,461,510
370992,489,550
313210,498,559
129052,615,684
245090,638,728
307970,662,727
318888,666,727
11517,689,749
154607,698,749
388550,698,766
117725,704,767
158994,725,777
337514,830,891
6449,839,893
398496,854,927
339140,875,920
282593,1331,1378
391790,1339,1398
302515,1342,1417
27038,1357,1425
318799,1412,1482
269434,1478,1566
329692,1485,1549
164909,1644,1708
164910,1645,1712
254202,1684,1765
274017,1689,1742
132548,1689,1747
50025,1689,1778
69692,1691,1763
135593,1693,1772
71746,1708,1771
161368,1711,1772
342950,1976,2023
53060,1976,2025
332276,1981,2060
51319,1987,2059
259487,2185,2278
33679,2214,2299
35535,2238,2304
156134,2313,2366
315251,2351,2411
134859,2351,2419
185053,2415,2473
130450,2417,2470
77423,2522,2568
370220,2526,2568
128055,2529,2571
107819,2838,2883
279000,2839,2885
39396,2973,3018
8912,2974,3061
343383,2979,3077
32964,2979,3082
193731,2982,3078
276776,2989,3053
183278,2990,3067
115600,2992,3055
357752,2994,3085
104695,2995,3057
245278,2996,3102
46261,2998,3091
174138,2999,3060
131351,3002,3064
292512,3003,3066
108049,3004,3078
22105,3004,3086
214147,3008,3077
219287,3010,3072
255618,3010,3078
16030,3012,3074
344522,3012,3098
77719,3016,3080
285934,3016,3082
119512,3019,3085
300985,3020,3081
37893,3021,3083
249861,3022,3090
172084,3026,3087
140257,3027,3090
264211,3029,3094
7963,3030,3092
160850,3032,3101
149010,3033,3099
93181,3034,3111
145532,3035,3088
225773,3035,3098
210608,3037,3100
32828,3039,3101
181784,3040,3104
18375,3042,3107
76789,3279,3338
56636,3315,3356
26943,3315,3388
203819,3436,3482
326222,3444,3498
237950,3449,3497
110118,3450,3516
338869,3454,3514
324532,3465,3550
110213,3474,3557
325879,3479,3543
352824,3485,3550
128159,3485,3557
165288,3496,3588
210852,3512,3598
376008,3537,3586
26944,3537,3590
124160,3675,3727
74313,3698,3757
324925,3734,3815
173993,3756,3818
335747,3789,3864
32959,4015,4068
267518,4016,4062
369506,4102,4204
208063,4105,4175
228623,4119,4203
55407,4121,4181
340916,4131,4209
352774,4134,4198
376009,4136,4209
352773,4138,4201
250043,4145,4207
274016,4295,4350
135592,4409,4467
64,4409,4483
68511,4415,4485
215634,4417,4481
85649,4418,4486
273883,4423,4489
227871,4425,4486
272190,4431,4490
51456,4727,4773
32886,4812,4869
393632,4823,4882
233283,4823,4884
375264,5322,5390
252576,5353,5437
193002,5366,5431
256764,5370,5432
262797,5513,5588
130968,5537,5607
305351,5539,5623
2498,5543,5617
307722,5545,5615
57583,5546,5627
31979,5560,5624
213684,5630,5689
117724,5867,5936
135037,5875,5939
80832,5880,5959
129053,5884,5938
122569,5962,6022
39851,6046,6118
240680,6049,6132
370221,6050,6110
68093,6051,6113
68094,6051,6142
36554,6053,6118
98029,6053,6128
74230,6054,6136
106762,6055,6170
63929,6056,6144
113177,6059,6123
113327,6059,6138
383117,6059,6179
221295,6062,6133
261452,6069,6144
282005,6070,6157
162958,6073,6135
352825,6074,6151
48544,6075,6138
6077,6086,6145
124708,6117,6173
261451,6745,6806
389066,6769,6824
181244,6952,7033
246119,6956,6997
46779,6963,7038
146677,6986,7054
161064,7163,7231
308288,7163,7238
249383,7164,7218
307967,7164,7234
216796,7168,7218
388549,7168,7255
130345,7175,7230
181785,7254,7306
282592,7287,7354
109248,7291,7357
329311,7297,7359
362603,7330,7430
128160,7340,7410
125907,7355,7401
125908,7360,7406
6078,7360,7427
182231,7367,7431
268009,7503,7557
133017,7526,7624
133017,7659,7747
1324,7690,7749
48543,8076,8153
282531,8076,8160
277409,8076,8167
346609,8143,8237
27039,8144,8213
28506,8155,8220
145800,8168,8229
191977,8175,8243
319961,8188,8269
183726,8202,8256
185713,8239,8344
319962,8258,8373
389067,8261,8345
166271,8263,8324
18429,8264,8335
333857,8266,8339
166270,8284,8377
224258,8291,8363
27495,8297,8371
278256,8304,8370
261103,8318,8366
389220,8686,8761
6076,8687,8782
113604,8687,8798
256765,8687,8804
2723,8690,8765
54421,8690,8777
46734,8691,8769
51968,8693,8767
282725,8693,8771
157469,8693,8784
249769,8694,8781
12619,8699,8765
282591,8699,8792
382268,8793,8890
315252,8797,8887
262796,8802,8890
265679,9015,9066
165449,9096,9154
102064,9096,9158
145389,9097,9155
196267,9097,9157
132549,9097,9163
293303,9097,9167
346608,9547,9619
245472,9603,9667
133018,9832,9889
11936,10095,10169
133018,10117,10178
47961,10430,10489
69829,10432,10489
20137,10434,10488
132550,10436,10489
250028,10441,10489
113896,10565,10610
282594,11462,11520
64947,11462,11522
274235,11462,11525
232264,11464,11524
227055,12377,12438
300014,12603,12662
24487,12619,12683
118674,12620,12682
53580,12621,12683
164908,12621,12694
144851,12626,12688
234081,12760,12814
293302,13362,13435
108606,13364,13434
27130,13368,13431
1981,13368,13434
29383,13368,13443
195557,13368,13447
73485,13368,13451
348883,13371,13434
8670,13373,13444
44709,13376,13443
85650,13379,13446
360044,13384,13445
47906,13401,13470
121720,16278,16340
40653,16301,16361
118917,16325,16381
324531,16432,16486
343384,16435,16488
86819,16450,16533
231007,16476,16536
