72922,99,222
401116,103,240
250781,108,215
133304,110,195
222447,112,212
159407,112,234
310184,114,178
169019,114,194
379413,116,235
204121,123,200
212127,126,237
5553,127,241
205122,128,199
66656,130,233
3609,133,251
249719,137,256
6509,139,229
26986,143,252
18676,144,255
103400,156,216
130036,163,279
30823,165,238
119708,168,213
363266,170,287
761,172,285
13744,176,254
64497,176,269
344000,177,337
3951,178,301
188984,180,290
99268,188,326
138770,191,302
3951,198,324
83247,200,334
24005,201,304
112408,203,312
214957,205,322
215508,211,299
111137,215,318
112409,218,328
97932,222,321
64496,223,318
126890,223,332
403594,231,339
60494,233,280
109741,233,347
307627,240,322
393440,245,347
361290,246,351
226961,249,360
48005,256,368
140473,259,361
41508,260,365
406179,264,327
356026,284,346
50758,296,363
106252,298,351
48004,306,385
371854,345,398
69595,495,566
238416,495,571
129572,496,580
29571,501,559
221428,501,587
129573,504,591
98330,509,566
12978,528,592
290317,534,594
340478,537,593
230705,565,618
1355,816,881
70039,973,1051
29059,1011,1066
333128,1045,1106
228093,1376,1428
362205,1376,1441
139086,1377,1425
83248,1544,1618
360806,1650,1762
72124,1651,1746
19743,1651,1767
72125,1655,1717
12525,1655,1750
89750,1657,1739
221941,1657,1749
29060,1658,1721
58730,1659,1740
215945,1663,1769
275629,1664,1742
88672,1671,1767
320888,1672,1733
204623,1672,1736
253513,1672,1744
270743,1673,1748
242915,1673,1756
367491,1675,1733
221123,1675,1742
286400,1684,1747
335951,1689,1768
209133,1693,1754
84503,1693,1756
73614,1693,1768
401177,1695,1767
22361,1696,1746
255,1698,1747
139690,1698,1766
48350,1698,1784
270452,1706,1769
347735,1729,1784
85156,1781,1845
191160,1788,1830
108979,1897,1983
209132,1977,2054
203505,1995,2060
99413,1997,2056
358453,2000,2061
252082,2003,2059
254663,2176,2249
15427,2579,2638
394496,2579,2687
207488,2580,2635
165760,2580,2640
33675,2585,2645
39172,2585,2657
122751,2585,2682
394495,2585,2691
207159,2587,2667
393608,2588,2643
91615,2590,2651
122752,2591,2707
330298,2595,2636
94831,2595,2700
313038,2597,2729
95194,2599,2657
60801,2599,2665
196637,2600,2664
216634,2600,2694
126889,2603,2679
392336,2613,2713
54684,2615,2735
6491,2616,2706
81341,2616,2709
132037,2754,2819
132886,2797,2889
3841,2821,2899
43597,2826,2886
300111,2846,2904
277306,2846,2907
354774,2848,2907
142304,2908,3011
156699,2910,2995
324802,2915,2973
320577,2916,2972
156802,2925,3006
206151,2927,3000
7485,2932,3001
156698,2938,2999
45831,2942,3012
351211,2943,2999
211946,2975,3080
335952,3151,3223
111042,3168,3231
358962,3352,3413
192044,3462,3516
191576,3464,3535
275825,3605,3693
200897,3639,3708
132038,3654,3721
212126,3660,3717
101897,3687,3748
337521,3717,3788
131676,3724,3801
266703,3824,3886
380126,3843,3913
131293,4120,4186
192480,4122,4181
71959,4132,4186
338726,4205,4268
232146,4372,4448
106251,4377,4460
54713,4389,4466
41582,4470,4561
55932,4472,4538
127537,4474,4562
13195,4503,4573
14541,4506,4565
210945,4862,4938
70356,4878,4942
155712,4880,4940
49174,4880,4942
57111,4881,4962
395322,4884,4936
246209,4908,4958
61397,4908,4968
