299266,122,219
81785,128,203
26564,131,219
15476,133,225
76177,151,228
82753,166,228
226676,355,412
62913,653,752
359647,744,841
167097,754,842
194530,756,837
260561,759,827
583,764,845
301024,766,835
214,766,843
194529,767,838
164982,768,832
153685,769,840
117682,775,842
305043,777,844
84129,786,851
377546,787,863
279002,787,871
29982,788,850
402594,795,843
355928,796,857
11461,801,876
20958,1058,1109
30329,1167,1251
353438,1171,1240
187989,1181,1239
276494,1185,1243
344598,1188,1237
27898,1278,1324
166856,1356,1413
333141,1357,1414
166857,1364,1436
336219,1373,1426
373549,1639,1714
45900,1640,1719
150023,1652,1713
379689,1654,1718
280888,1656,1720
55060,1670,1735
157585,2689,2760
