261377,171,263
7611,188,258
254539,198,262
243600,212,295
156553,232,294
261787,440,498
184210,440,500
101307,440,503
261786,444,502
168735,456,504
30865,461,527
143155,464,527
342697,512,578
135316,702,755
210975,704,753
245131,704,784
384680,890,946
133715,895,967
113759,905,968
139444,909,970
344642,1065,1132
376431,1071,1141
340825,1073,1147
340825,1201,1272
29587,1318,1383
285253,1471,1535
89979,1471,1541
8779,1472,1533
7945,1473,1537
285252,1474,1535
185058,1477,1526
70236,1587,1663
78220,1600,1663
305147,1740,1790
407412,1818,1883
329209,2169,2227
134055,2169,2234
94031,2169,2239
18368,2228,2317
245128,2247,2317
393495,2286,2354
364987,2300,2369
36776,2304,2367
315939,2309,2373
305291,2312,2372
183876,2315,2407
70151,2316,2425
66013,2317,2372
153058,2317,2378
70150,2317,2403
261788,2318,2379
257922,2321,2388
329745,2323,2403
360980,2323,2407
136885,2326,2408
104609,2335,2383
680,2342,2395
69768,2343,2427
95762,2349,2409
340824,2555,2623
242430,2556,2597
371468,2626,2685
340824,2651,2723
405705,2994,3038
236424,3282,3336
181372,3285,3335
235500,3438,3491
263172,3438,3493
268791,3438,3518
199414,3439,3495
132465,3439,3529
20508,3440,3487
253376,3440,3508
91068,3440,3515
37154,3440,3521
150233,3442,3520
49286,3443,3515
233220,3443,3531
48568,3446,3517
179480,3455,3529
288437,3470,3531
340826,3574,3629
22257,3574,3649
257403,3574,3658
58870,3575,3626
117672,3575,3639
162900,3575,3667
404505,3575,3707
102995,3576,3635
19733,3576,3638
13134,3576,3654
288438,3577,3646
162893,3577,3649
245130,3578,3632
59127,3578,3639
293444,3578,3642
677,3581,3648
326151,3612,3707
172689,3613,3719
42005,3632,3723
102854,3656,3723
156554,4195,4270
122351,4195,4296
92113,4199,4270
194475,4201,4267
287692,4202,4275
285989,4204,4292
340683,4215,4296
211358,4215,4299
39363,4218,4279
119248,4219,4270
143156,4220,4298
50949,4224,4274
392000,4233,4292
98799,4233,4308
286353,4383,4431
119396,4397,4463
310829,4412,4463
384474,4414,4472
82170,4553,4608
90513,4553,4614
180871,4553,4646
50584,4554,4616
50466,4555,4624
186358,4568,4642
32501,4572,4639
13973,4590,4639
284850,4685,4760
59432,4685,4765
339872,4686,4754
284849,4686,4762
315940,4712,4817
360457,4744,4830
202673,4746,4851
102853,4748,4823
174664,4748,4844
293445,4749,4855
137955,4755,4817
199250,4755,4850
339871,4756,4827
228265,4758,4838
185889,4762,4850
94716,4764,4830
174662,4767,4834
203182,4768,4823
20778,4772,4842
160726,5096,5158
244231,5251,5306
143154,5251,5329
5042,5252,5313
156556,5255,5361
391999,5263,5326
156555,5293,5382
269028,5302,5369
53724,5453,5508
710,5454,5521
143109,5455,5516
196029,5457,5523
83243,5820,5899
225858,5821,5887
71578,5822,5908
245129,5838,5902
361043,5841,5905
329744,5884,5961
403585,5886,5945
21683,5887,5954
284538,5889,5950
293446,5890,5952
43185,5892,5966
292387,5892,5972
98798,5892,5988
104989,5893,5958
340826,5893,5962
79909,6468,6516
254244,6470,6524
9053,6471,6529
162980,6723,6792
77490,6725,6822
172380,6726,6791
91812,6728,6829
258999,6729,6791
141563,6742,6793
119397,6742,6809
350459,6750,6830
175132,6751,6814
323573,6752,6846
323531,6754,6836
393387,6847,6964
179657,6851,6952
269029,6914,6976
163743,7222,7321
160725,7253,7316
262222,7273,7322
12547,7378,7437
200369,7387,7437
274585,7388,7438
44413,7595,7669
19262,7595,7673
174977,7595,7677
49285,7595,7692
393493,7595,7707
98797,7596,7704
74920,7640,7705
329747,7642,7707
366764,8078,8142
18367,8079,8151
195447,8120,8180
7610,8123,8180
28085,8219,8269
205980,8221,8267
142494,8291,8352
134962,8338,8409
393492,8372,8499
80322,8379,8484
76647,8379,8500
351876,8382,8487
45624,8384,8456
98796,8387,8500
312775,8398,8505
88965,8402,8498
350458,8408,8484
49284,8408,8502
393494,8413,8495
339521,8428,8477
248357,8430,8492
15379,8430,8499
378351,8434,8497
82282,8446,8535
329748,8447,8518
45038,8448,8504
184209,8548,8600
12461,8716,8781
13212,8869,8931
184211,8972,9063
1380,8988,9063
251749,9001,9069
174071,9018,9090
77489,9034,9098
309903,9036,9100
40866,9138,9205
80233,9162,9210
19887,9270,9334
146282,9271,9370
251746,9274,9342
104948,9279,9360
354500,9285,9347
31915,9288,9373
104949,9294,9370
79812,9297,9363
113659,9301,9351
157996,9308,9371
254540,9313,9393
280889,9314,9391
143023,9314,9395
383477,9322,9419
80224,9329,9415
257783,9329,9434
322797,9330,9409
160727,9331,9422
326152,9331,9455
329746,9335,9412
46322,9340,9433
12547,9346,9407
199249,9353,9428
98662,9356,9409
146283,9357,9419
80226,9360,9443
350784,9361,9429
288356,9363,9425
403270,9370,9432
24793,9428,9508
391998,9430,9524
180873,9431,9528
292386,9434,9501
80225,9440,9529
44405,9444,9527
180872,9452,9527
237608,9531,9582
257595,9563,9625
97434,9565,9624
379838,9565,9639
322796,9642,9738
174978,9714,9784
207453,9727,9802
288436,9735,9835
213230,9742,9813
1859,9769,9829
174663,9778,9857
265826,9781,9857
40853,9898,9951
370137,10093,10200
146126,10095,10206
7961,10112,10206
207186,10113,10209
60898,10115,10213
60899,10126,10200
379839,10140,10214
238117,10156,10213
9734,10316,10389
254541,10331,10392
338401,10339,10425
351875,10374,10430
188965,10375,10431
71575,10376,10445
126983,10612,10684
364459,10615,10699
94543,10618,10684
103772,10620,10681
80321,10620,10728
192150,10621,10683
146457,10621,10746
4984,10622,10723
94542,10627,10728
9756,10627,10747
404504,10629,10753
353936,10646,10766
248356,10650,10760
187652,10664,10753
135700,10665,10728
90514,10667,10727
324935,10668,10723
273397,10668,10749
407415,10669,10728
70545,10686,10749
70166,10687,10751
238994,10688,10754
244339,10692,10776
180463,10999,11098
32502,11123,11169
137537,11217,11295
71664,11266,11326
374227,11266,11335
50345,11284,11354
241347,11311,11373
216978,11313,11370
5495,11480,11543
67899,11546,11603
245701,11638,11718
200712,11641,11694
212281,11642,11741
41387,11642,11774
263139,11644,11736
212280,11652,11774
163541,11657,11730
19886,11657,11773
367633,11658,11722
231459,11681,11811
71577,11684,11807
216445,11698,11755
49287,11705,11811
71576,11712,11808
334848,11729,11794
1315,11734,11810
118843,11761,11846
98059,11763,11897
3678,11792,11867
204924,11804,11880
142164,11811,11875
218748,11826,11896
28087,11840,11907
