308066,115,179
7936,157,203
350017,229,281
171718,229,331
113575,229,335
116025,231,354
135754,233,297
228760,241,339
1416,242,315
135451,242,371
281225,247,349
322155,265,369
257128,280,397
312312,283,345
182747,301,403
154831,306,384
42806,312,404
319891,313,379
174620,313,388
188578,319,398
87821,329,414
72380,330,420
72379,341,420
291066,354,418
41661,363,419
97731,820,919
77644,831,919
249742,837,919
69543,840,919
5630,852,919
205628,855,919
366466,961,1013
340739,1312,1385
245057,1348,1409
37267,1351,1411
144637,1480,1559
343762,1502,1601
297175,1503,1616
147958,1507,1566
360042,1637,1699
215007,1663,1739
735,1674,1730
56134,1677,1741
404354,1679,1738
209658,1680,1744
57253,1692,1761
317894,1695,1758
174621,1703,1757
171768,1706,1806
248130,1708,1761
283456,2299,2360
58579,2300,2343
293068,2300,2346
180571,2383,2493
368012,2417,2502
131789,2421,2486
58557,2585,2658
88596,2601,2713
80248,2605,2722
196496,2610,2726
305358,2619,2745
182433,2630,2716
734,2641,2729
123362,2656,2730
142714,2681,2744
43597,2681,2746
10409,2833,2915
328507,2870,2936
81116,2910,3012
16549,2914,2991
26423,2935,2991
16390,3100,3159
382957,3100,3161
318010,3174,3252
243292,3211,3303
77645,3245,3320
358842,3269,3333
72378,3270,3335
302551,3279,3358
238590,3294,3355
140,3296,3338
228130,3298,3352
228131,3298,3358
299808,3302,3352
190742,3304,3371
150613,3304,3386
214281,3308,3356
35534,3308,3415
293824,3309,3404
107870,3312,3383
56018,3314,3386
35533,3315,3384
375200,3317,3366
308070,3331,3421
45788,3334,3398
290880,3335,3385
123860,3335,3396
242,3335,3402
262748,3335,3414
242,3336,3418
53151,3337,3407
292888,3338,3410
2855,3338,3420
242,3339,3383
262653,3346,3416
366661,3478,3564
329136,3492,3549
176253,3512,3581
153951,3786,3844
387573,3790,3862
14616,3791,3855
81115,3800,3863
311379,3833,3907
88290,3865,3918
201890,3869,3924
230989,3921,3993
226984,4080,4131
316314,4083,4145
245394,4084,4148
