247413,94,152
172486,351,445
83708,358,448
161064,367,439
90803,369,450
243332,381,452
231201,880,947
147908,881,940
93199,1259,1334
338791,1265,1319
93197,1270,1335
3662,1279,1340
190112,1291,1362
193038,1291,1381
69716,1309,1377
93198,1321,1403
42982,1323,1405
6671,1325,1395
26712,1326,1399
86773,1326,1409
92550,1338,1399
371990,1341,1401
35405,1341,1405
12619,1342,1403
105082,1525,1593
364378,1529,1587
132466,1537,1590
358455,1543,1596
87787,1550,1591
1056,1720,1783
233152,1727,1834
43834,1768,1845
377762,2168,2251
192148,2170,2255
137897,2294,2359
216011,2299,2360
314266,2300,2365
339379,2300,2383
5688,2311,2363
67164,2316,2379
387736,2317,2381
193037,2339,2423
277728,2402,2460
193037,2410,2492
126573,2584,2653
242403,2665,2750
314637,2682,2739
217072,2689,2792
12229,2695,2755
382267,2698,2753
133467,2823,2878
331489,2823,2880
30742,2823,2883
29244,2823,2887
20581,3006,3065
267501,3008,3088
115482,3009,3093
4386,3013,3093
212399,3214,3280
183480,3290,3360
193038,3317,3398
396557,3357,3408
46850,3458,3519
255254,3461,3518
270490,3472,3533
71739,3475,3551
118298,3477,3548
29200,3490,3550
339075,3690,3774
308505,3830,3890
353179,3964,4050
234178,4096,4152
399849,4125,4178
301877,4142,4198
406189,4148,4192
67709,4161,4220
246766,4438,4524
258385,4453,4555
317092,4462,4512
397705,4467,4523
373439,4509,4566
238938,4596,4661
250059,4631,4701
221813,4633,4703
15375,4636,4705
399850,4639,4701
302399,4651,4713
166148,4655,4700
177098,4668,4723
177099,4668,4728
282669,4742,4795
77543,4850,4918
166149,4855,4918
207978,5131,5187
396567,5131,5189
92099,5418,5490
166888,5421,5493
377436,5424,5490
324958,6078,6177
41737,6097,6174
