131266,94,149
35550,94,152
3543,95,151
369480,95,182
348119,95,201
355357,100,176
269317,112,218
200622,146,253
363881,151,230
692,153,232
95865,153,243
42278,155,241
97406,158,250
15742,158,255
277524,159,214
54938,159,248
87299,160,220
395182,160,224
22342,160,230
218446,160,245
54840,160,252
130438,160,262
379376,167,258
95866,171,243
342901,172,228
69222,173,230
312366,176,238
162797,176,248
191003,178,244
277232,178,258
242536,181,246
84970,182,241
261007,187,248
318589,187,254
394044,189,255
343039,189,292
271296,192,255
197436,193,256
326167,193,292
188926,198,259
353090,204,255
46201,204,275
65365,206,256
385871,224,291
296845,229,295
375155,229,298
181430,248,354
308786,261,352
303846,262,336
355356,270,345
251784,277,385
369463,278,392
42598,281,388
272923,283,345
185407,310,372
271295,339,428
318802,342,411
195482,346,430
87735,357,421
151574,359,423
184824,361,463
95766,363,423
235885,433,522
211541,491,549
179682,503,561
54838,505,569
293501,508,569
29601,512,574
41910,619,665
295970,671,743
231418,678,786
368623,681,742
200519,681,748
2337,682,745
123638,682,763
5741,683,746
131176,715,797
226130,729,787
247395,738,797
209775,754,813
396067,756,839
150427,758,823
150428,758,830
218185,760,827
127286,769,847
150007,795,852
94292,887,969
100529,908,980
138657,923,1011
242415,928,1004
249113,930,1003
356094,930,1016
35078,932,983
151247,934,991
375292,934,1005
375291,934,1008
120301,936,1016
241429,950,1031
406772,952,1012
39994,953,1021
269302,954,1012
37716,985,1069
242918,987,1072
41899,988,1060
266881,991,1065
143308,1002,1069
296844,1094,1183
169459,1098,1182
189280,1099,1193
90921,1104,1182
403707,1109,1185
212170,1113,1178
346626,1301,1379
279618,1302,1360
104517,1302,1371
242535,1305,1400
251792,1307,1371
7938,1308,1368
394043,1310,1369
109467,1311,1379
161270,1316,1383
12777,1318,1381
271809,1325,1402
141030,1326,1409
63643,1327,1400
218628,1330,1405
141588,1352,1405
98861,1804,1895
245678,1815,1875
121105,1817,1874
251791,1817,1879
251793,1818,1876
126318,1818,1882
21790,1818,1887
54839,1820,1892
241075,1820,1903
328283,1823,1904
268498,1824,1889
130437,1825,1891
219701,1825,1899
109528,1826,1890
353328,1827,1888
333717,1828,1895
239770,1831,1892
50038,1832,1887
119898,2004,2070
63598,2086,2170
192610,2087,2164
125573,2087,2167
328830,2095,2174
239771,2101,2157
6319,2103,2170
37432,2106,2170
85324,2112,2176
110589,2113,2170
261008,2173,2262
210101,2528,2587
298702,2629,2695
385372,2690,2748
269316,2695,2796
50335,2695,2803
141589,2699,2777
141590,2702,2796
27011,2716,2803
337799,2720,2817
1030,2720,2824
87736,2727,2794
148746,2728,2824
263759,2743,2818
158763,2760,2823
84969,2872,2923
339931,2872,2927
101200,2916,3035
401152,2917,2984
63644,2937,3020
364379,2943,2998
1029,2945,3018
309949,2963,3038
282729,2966,3087
269315,2994,3095
331762,3007,3112
98525,3025,3081
357182,3031,3084
72744,3032,3075
141328,3353,3464
134721,3354,3468
296846,3358,3474
339932,3362,3444
118088,3362,3450
306443,3366,3450
306444,3366,3456
23420,3369,3454
269314,3369,3457
177905,3369,3488
131299,3374,3436
343412,3374,3447
188577,3381,3475
37117,3386,3434
52032,3386,3464
19636,3386,3493
227648,3387,3505
22895,3595,3655
87567,3596,3653
131265,3598,3657
50334,3769,3865
1028,3814,3897
311326,4053,4103
368591,4175,4231
130685,4176,4240
90571,4177,4226
214267,4282,4347
214266,4283,4352
110325,4293,4400
383054,4298,4359
303331,4304,4349
20195,4307,4352
300540,4315,4378
171629,4333,4401
95767,4623,4683
221488,4772,4822
