52934,91,146
239780,92,136
337126,92,149
3543,92,153
17915,95,149
90026,95,186
90027,255,348
90595,345,458
357792,345,477
382625,348,508
81420,357,487
348579,359,439
353219,359,460
353218,359,475
196599,361,458
62690,361,479
264220,364,435
315088,365,450
101201,365,475
81580,366,482
101200,366,488
29839,367,478
9635,371,461
119357,372,477
191952,375,468
252137,379,493
151012,380,462
191993,383,465
8224,388,481
287850,391,474
264221,391,484
62658,391,497
82712,393,472
87510,394,445
137584,395,495
191992,397,467
73033,409,539
398590,412,510
341,418,512
57954,418,531
119356,421,508
337272,421,524
22680,422,529
4957,430,530
186079,439,504
261271,444,588
48048,448,504
26091,450,563
85372,451,541
100880,458,536
261270,461,611
30135,463,538
103187,464,579
156367,477,540
385616,478,539
54016,479,546
335891,479,550
186482,481,545
328686,483,543
258681,484,542
162824,485,546
305907,500,608
83741,506,570
73032,511,570
165243,513,595
191172,515,617
161658,516,583
261272,516,630
151013,518,623
103188,522,583
337977,532,609
194632,532,612
242021,537,616
2405,540,629
398589,540,633
103186,541,595
90029,546,615
200372,561,644
90028,735,880
234605,740,884
111541,747,832
100709,747,881
338815,754,861
29002,760,880
72266,761,827
371919,762,833
242020,762,852
71829,764,848
339767,770,859
50335,770,884
50334,779,883
220731,790,884
24644,809,875
7282,809,884
14741,815,880
