90026,83,192
33230,84,189
72799,97,203
172603,102,202
15476,102,214
46698,105,206
269317,106,222
231260,109,194
396323,154,216
126806,172,238
219449,173,218
12815,202,277
306954,237,289
104067,244,289
390180,250,311
90027,269,374
60755,365,467
361918,368,479
55394,372,498
72801,373,479
316757,385,521
253123,386,448
317815,394,478
137063,395,549
88772,396,454
100526,396,484
167534,397,486
367844,399,463
205479,401,492
91148,401,501
356381,402,463
25200,402,474
225724,402,481
250506,402,560
234323,403,510
131431,404,465
72606,404,475
362969,404,479
159066,405,468
191952,405,512
7479,407,479
269314,408,516
23973,411,481
192139,415,479
135768,415,511
100525,416,502
164577,417,481
370946,419,478
375015,419,480
37890,420,522
60756,420,526
167533,420,554
205480,422,545
219215,423,497
2714,423,509
259878,424,516
62227,425,503
328511,425,521
225722,426,561
356114,428,512
205686,429,545
404739,431,525
225725,431,558
51104,431,564
37013,432,511
100527,432,540
404741,433,515
344751,435,522
192137,438,548
188297,439,528
199028,439,552
340623,440,555
72800,441,559
212672,442,533
116507,443,551
381292,444,536
234213,445,574
176693,446,546
404740,446,556
25198,448,561
199027,450,553
72605,454,594
37889,456,554
303757,458,555
91147,470,560
114612,470,564
344752,472,555
398178,472,566
261991,474,536
259879,475,558
9178,480,553
269315,482,594
311658,483,572
199849,485,548
234211,489,559
133197,490,561
56748,491,554
62212,494,555
340256,494,560
133196,495,559
356668,496,557
139607,498,560
404000,500,576
99343,500,609
15267,508,574
108497,509,576
121240,511,552
192138,512,640
157829,515,575
309815,521,574
337490,527,576
225723,527,653
155797,534,611
234212,546,610
311657,546,632
5248,549,636
167532,553,652
316756,554,668
99344,555,644
40915,558,652
68130,558,669
2405,559,665
5249,569,669
29051,596,654
282295,744,815
90029,744,823
56259,744,829
56260,744,833
5249,744,851
236935,744,857
40916,745,836
99345,746,838
58360,751,802
338722,752,823
192136,758,869
25199,783,849
90028,883,1034
377680,890,1034
97838,891,949
296454,904,960
55395,905,1013
93214,907,977
180150,908,993
193314,911,989
56258,911,1005
29002,911,1032
42369,912,964
236091,912,971
2967,912,1012
71829,913,1004
72266,914,984
18623,914,992
54713,914,996
283084,915,980
269316,921,1034
1731,923,989
355721,924,987
60679,926,992
143536,932,1006
407008,954,1015
7282,960,1034
