396955,100,205
72799,102,215
291597,106,217
474,147,215
139866,165,234
36487,234,323
348698,237,360
318474,255,361
348699,271,354
398710,340,412
73413,343,468
18005,346,438
145998,348,408
147406,348,465
235596,349,486
181258,350,412
178196,350,420
285711,357,412
217012,359,425
120092,359,431
9635,359,449
228879,364,480
209763,367,448
291277,367,454
269481,367,487
3231,372,428
319938,375,460
113152,379,483
97547,380,460
228878,380,496
85512,384,448
291276,384,460
330549,384,478
28034,384,508
33724,385,481
172842,388,432
209761,389,458
23973,389,463
65831,390,474
27296,393,488
316456,393,503
232798,396,459
5114,398,469
20011,399,466
16050,402,466
291274,402,491
198547,423,492
358211,427,497
36486,434,502
192894,436,503
188830,438,501
359897,439,494
32746,440,501
79611,671,753
112942,697,761
330610,714,804
213977,716,784
103434,720,800
62200,725,805
330609,725,813
236889,729,805
337861,730,791
37728,780,831
72801,988,1085
206475,995,1069
382625,998,1142
141328,999,1124
256296,1004,1094
235597,1004,1109
245867,1007,1126
61203,1013,1071
73414,1014,1112
50980,1017,1112
239017,1020,1088
99898,1024,1134
291275,1025,1111
209762,1030,1106
33725,1044,1154
72800,1046,1144
5114,1057,1123
115638,1072,1150
115639,1073,1136
358212,1085,1143
128833,1087,1155
405888,1091,1153
103435,1092,1146
105588,1327,1390
