17831,118,178
229721,218,272
186422,218,275
173951,218,277
82193,218,333
20360,224,293
1416,226,306
202909,227,354
118281,232,314
61183,232,335
362092,233,349
92430,235,306
84766,237,349
309809,237,355
369046,237,370
367004,238,310
375926,238,344
370177,238,400
61184,244,356
256133,245,311
150607,245,321
287825,248,303
69773,249,385
246617,249,408
344737,251,312
319767,251,368
225620,253,359
364391,256,356
287883,257,394
47193,260,365
175922,261,388
275551,261,452
263907,262,362
185273,271,358
162280,275,392
287443,276,358
351600,276,463
177989,278,357
192293,279,353
361765,279,395
328771,279,456
97166,281,378
106011,281,383
270010,281,407
91820,282,371
142486,282,380
92868,283,357
299011,283,393
74718,283,430
87674,284,422
8678,285,404
105648,286,357
347360,286,417
191053,287,362
196780,287,429
18292,289,383
257031,289,461
324638,290,392
72091,291,357
391140,291,360
3724,291,364
87699,291,373
2251,291,408
65678,291,430
175425,292,355
270011,292,395
27583,294,356
366662,294,371
215997,294,449
89400,295,413
160369,306,451
18293,309,456
143015,314,409
322642,323,431
373941,331,435
97167,338,408
126347,339,411
249089,357,452
10562,360,451
35348,362,435
235698,369,432
82194,374,436
73176,377,446
155403,380,446
95274,381,448
84435,383,444
119126,492,549
212702,492,559
135832,492,570
85951,493,581
380675,495,590
74579,497,546
246718,552,616
144003,554,612
335785,554,616
202963,825,896
102199,839,906
348735,842,901
126786,843,907
293008,844,908
112418,845,912
10051,846,910
41736,847,931
120263,848,919
99921,851,948
266726,857,927
42998,859,945
19910,863,925
330464,864,945
140539,867,947
206875,871,935
322397,872,918
79274,872,943
280156,878,946
300368,882,948
216248,883,945
382642,911,974
246358,913,976
163832,914,990
55753,949,994
86863,952,995
298009,1100,1149
402976,1243,1299
157669,1597,1658
105647,1694,1767
374216,1746,1813
225133,1750,1791
98707,1752,1839
269705,1789,1858
15518,1793,1857
224164,1802,1857
163831,1802,1878
234624,1827,1883
54515,2198,2276
88372,2405,2479
34897,2407,2484
72247,2410,2467
364851,2472,2526
99936,2716,2824
26833,2740,2823
16005,2742,2843
206782,2746,2822
147569,2748,2832
56195,2756,2819
330189,2766,2849
30450,2767,2818
321709,2782,2839
377281,2790,2853
253952,2798,2860
312100,3016,3081
342806,3085,3166
153706,3096,3164
62683,3099,3167
287470,3236,3292
190939,3239,3302
31895,3409,3486
18877,3411,3477
78835,3411,3492
94385,3412,3482
368548,3412,3499
163830,3413,3470
398473,3424,3493
303194,3429,3484
285980,3429,3496
205471,3432,3547
49423,3443,3510
327942,3450,3529
160045,3451,3522
100319,3451,3532
184132,3456,3518
196287,3457,3533
315853,3457,3551
346319,3459,3547
387554,3461,3525
173987,3461,3528
319900,3462,3538
313166,3463,3524
149812,3464,3529
337712,3464,3534
50539,3465,3527
408012,3468,3548
66839,3468,3560
354893,3469,3550
309926,3470,3531
20162,3471,3532
33766,3471,3558
156992,3472,3534
186417,3473,3559
245426,3477,3569
146855,3477,3583
162757,3480,3564
178201,3483,3577
170023,3484,3565
372466,3486,3549
145470,3488,3549
391090,3490,3547
27661,3495,3587
264040,3502,3547
8318,3502,3563
368567,3502,3574
129301,3506,3571
214051,3507,3576
185153,3535,3628
46173,3665,3726
124580,3678,3732
242432,4004,4067
195521,4005,4055
242431,4005,4068
195522,4007,4058
39,4062,4125
60401,4065,4125
353248,4071,4138
164945,4100,4181
61287,4121,4183
330629,4122,4186
7026,4126,4190
189715,4129,4191
330628,4130,4193
234563,4131,4195
316502,4135,4196
277118,4147,4218
258329,4193,4267
145260,4195,4273
342907,4198,4269
246616,4200,4276
106567,4201,4266
384820,4205,4267
10988,4207,4266
164569,4217,4294
265634,4218,4315
87080,4220,4284
21952,4226,4321
237239,4243,4309
286143,4247,4309
376407,4276,4318
383310,4472,4555
156683,4474,4535
345605,4476,4535
375622,4477,4534
320695,4478,4539
68072,4483,4536
192785,4597,4688
162378,4598,4641
60425,4605,4668
227086,4607,4689
70281,4613,4675
393690,4613,4690
402973,4614,4665
150200,4615,4670
176074,4617,4690
284838,4620,4692
232601,4630,4700
216208,4631,4706
172835,4633,4691
297310,4634,4690
354044,4642,4709
64697,4644,4701
164831,4645,4707
346858,4653,4719
192593,4653,4726
153017,4654,4718
36443,4660,4722
101066,4670,4731
393689,4673,4762
290718,4680,4743
25150,4681,4756
36640,4684,4760
340589,4692,4757
186460,4701,4763
86162,4875,4924
234625,4954,5017
383310,4984,5052
320887,5101,5150
108040,5384,5440
70780,5392,5446
59603,5936,5997
59174,5937,5993
383311,5947,6015
287903,6000,6074
324637,6008,6122
246618,6011,6077
180571,6011,6111
184418,6012,6125
149813,6014,6096
84513,6017,6133
5499,6040,6120
335260,6041,6107
55292,6043,6129
25105,6043,6133
5498,6044,6143
270038,6047,6132
319484,6049,6122
6626,6053,6139
88189,6060,6142
255174,6072,6160
108439,6077,6139
281487,6077,6143
105649,6077,6157
353582,6080,6142
355228,6081,6143
328927,6082,6145
78556,6084,6161
320696,6087,6141
102269,6088,6142
82147,6089,6144
393312,6198,6278
377279,6394,6455
319078,6495,6558
12759,6506,6600
176,6519,6588
299771,6519,6593
285075,6519,6600
71464,6520,6604
256132,6521,6589
79146,6522,6608
323101,6523,6612
62571,6524,6583
246717,6527,6601
100416,6529,6583
171803,6529,6594
356827,6532,6602
375528,6534,6605
12310,6542,6613
159297,6547,6589
162756,6553,6614
305032,6563,6618
106285,6619,6678
111432,6619,6683
174124,6622,6684
192594,6648,6710
9369,6658,6719
306550,6676,6740
41658,6692,6752
214530,6693,6744
87081,6694,6757
121054,6725,6777
135831,6728,6797
383311,6743,6812
119457,6894,6957
296308,6895,6968
394749,6938,7001
245680,6940,6994
121368,6958,7008
263910,6973,7097
216992,6978,7051
51394,6982,7052
263909,7003,7123
197171,7006,7058
175143,7006,7106
23466,7009,7058
196837,7018,7086
125504,7019,7115
272261,7022,7105
355984,7026,7102
203765,7030,7117
284837,7034,7097
157668,7037,7133
205344,7119,7204
214631,7204,7252
162379,7204,7305
80876,7211,7274
81439,7212,7320
123850,7217,7286
123851,7218,7275
380674,7253,7321
186458,7454,7536
176004,7476,7566
151087,7480,7554
383315,7485,7598
237240,7516,7598
300894,7531,7594
258018,7631,7714
124892,7655,7728
251674,7672,7733
64352,7673,7731
405437,7676,7725
93829,7680,7732
403382,7689,7763
251673,7691,7740
332014,7724,7796
246230,7737,7796
380196,7738,7785
148372,7750,7796
282926,7803,7883
160370,7803,7888
199714,7803,7892
91201,7828,7891
287824,7991,8042
246930,7994,8046
384819,7996,8047
210489,8121,8175
384388,8180,8245
271427,8183,8253
99605,8188,8255
138640,8204,8268
69774,8207,8265
270803,8270,8338
325022,8544,8617
377280,8565,8629
299502,8626,8701
299503,8635,8723
287882,8647,8736
199713,8655,8723
81438,8656,8754
227087,8668,8750
240485,8819,8885
19564,8821,8884
246619,8823,8876
299398,8951,9008
107120,8951,9012
153142,8951,9018
8046,8953,9014
246229,8954,8998
388267,8962,9012
249335,8962,9022
374008,9095,9158
206311,9212,9269
194782,9313,9375
348736,9405,9463
62904,9405,9465
3474,9405,9467
406732,9405,9469
32700,9405,9473
20219,9407,9470
224249,9422,9473
346969,9535,9621
66696,9555,9628
190082,9813,9870
381636,9826,9873
30147,10015,10065
234623,10250,10312
56518,10378,10427
156682,10379,10444
309486,10382,10446
145818,10558,10618
91250,10562,10618
172072,10652,10705
328770,10666,10748
312102,10825,10884
1136,10826,10878
153018,10947,10998
181522,10948,11016
102200,10963,11013
50248,10965,11021
28160,10979,11061
91821,10984,11060
106539,10985,11053
243892,11088,11140
163786,11109,11167
253286,11121,11167
377277,11131,11196
90684,11182,11283
169602,11185,11281
395520,11198,11275
109080,11201,11254
104607,11201,11277
108139,11204,11294
320395,11208,11289
312101,11211,11276
359667,11235,11294
53309,11394,11470
199710,11395,11496
383315,11449,11553
79046,11476,11542
328757,11491,11551
113943,11498,11551
115393,11500,11552
250253,11507,11552
253158,11605,11688
400787,11611,11688
249334,11619,11681
124593,11619,11696
395718,11625,11692
130237,11632,11699
323102,11635,11698
3475,11636,11697
170216,11637,11699
92866,11640,11720
148741,11648,11709
367891,11659,11708
384389,11710,11770
59602,11723,11785
71525,11738,11790
38092,11914,11975
217790,11914,11983
351984,11918,11973
321852,11919,11983
281328,11920,11963
82192,11920,11993
370220,11922,11983
224510,11924,11976
148481,11924,12007
112419,11925,11974
320590,11926,11976
223023,11927,11978
150201,11927,11988
285432,12264,12331
74719,12305,12370
227767,12315,12376
16004,12319,12402
108265,12330,12400
251672,12336,12403
219467,12370,12422
383312,12376,12439
175144,12430,12517
317671,12438,12514
157667,12443,12509
81212,12443,12518
96147,12444,12498
200545,12453,12516
108438,12454,12517
43068,12457,12527
281486,12458,12520
59601,12460,12524
245329,12461,12522
196054,12462,12524
241287,12463,12525
129483,12468,12530
186421,12469,12531
15914,12471,12546
21590,12538,12618
273440,12540,12620
250252,12543,12620
60532,12546,12620
13852,12550,12618
121056,12551,12616
217265,12553,12630
255175,12554,12626
204025,12695,12763
276401,12696,12765
230495,12698,12766
230496,12782,12836
377278,12782,12844
225380,12795,12868
300894,12797,12869
50247,12806,12869
171804,12809,12872
93232,12811,12883
254175,12814,12896
321458,12837,12882
243406,12838,12892
185427,12838,12894
22163,12840,12900
298010,12850,12920
41735,12876,12947
192097,12892,12956
108326,12901,12970
374217,12902,12967
67715,12903,12968
180812,12906,12976
186459,12915,12996
171802,12942,13005
353936,12957,13061
276400,12958,13029
196838,12958,13037
51237,12958,13057
45381,12965,13033
227088,12967,13037
104132,12969,13051
303176,12975,13049
90514,12976,13030
11528,12977,13033
135830,12984,13069
328769,12984,13099
12311,12986,13052
383314,12993,13115
137072,12994,13107
32274,12996,13087
261350,12997,13099
287881,13004,13078
180813,13005,13100
97539,13007,13086
125505,13008,13075
199712,13036,13109
316501,13036,13121
41528,13038,13108
37606,13041,13110
276402,13118,13176
238052,13126,13187
34476,13170,13260
324636,13179,13269
353671,13214,13274
153705,13349,13416
34477,13349,13419
119456,13351,13415
17832,13351,13418
4462,13354,13417
262986,13365,13418
256275,13371,13418
93616,13451,13514
101405,13458,13513
313636,13460,13519
377144,13466,13588
32977,13508,13577
10050,13509,13569
49549,13510,13573
10376,13515,13572
321885,13520,13573
23948,13521,13570
293454,13521,13572
133353,13521,13585
93828,13521,13591
383313,13522,13597
135481,13525,13611
383312,13533,13599
240569,13620,13700
224511,13624,13689
164832,13626,13703
240570,13629,13705
36493,13637,13699
113942,13639,13709
314553,13642,13701
179792,13645,13700
384821,13646,13705
397656,13648,13701
66840,13649,13710
71588,13652,13704
147980,13652,13707
224165,13656,13701
164833,13808,13883
327234,13831,13895
53190,13832,13904
329780,13836,13900
32976,13839,13915
297334,13841,13904
376426,13846,13901
61755,13846,13908
214529,13940,13984
50615,14327,14391
107122,14342,14409
1457,14343,14405
151088,14344,14422
119455,14345,14408
222790,14406,14471
230494,14412,14472
186649,14588,14678
195520,14593,14639
263908,14595,14717
388354,14595,14722
397557,14614,14716
152749,14616,14712
397558,14627,14723
61890,14631,14717
277764,14632,14710
252601,14634,14717
60265,14638,14714
54514,14639,14707
308028,14640,14724
386979,14641,14722
355227,14654,14721
49135,14654,14725
158001,14661,14725
258330,14663,14724
54808,14827,14952
135829,14835,14945
383314,14842,14975
112925,14843,14947
32274,14851,14947
328768,14853,14958
137072,14853,14964
309596,14855,14940
40802,14857,14947
342805,14858,14963
180811,14860,14960
125506,14863,14935
108264,14885,14963
383658,14888,14964
405102,14890,14962
394750,14890,14999
187161,14892,14963
199711,14894,14977
347359,14896,14947
41529,14897,14965
84916,14898,14967
396252,14899,14969
405862,14900,14951
283300,14903,14968
403383,14904,14965
53308,14937,14984
339073,15114,15179
60599,15114,15183
167191,15115,15186
115473,15126,15175
108140,15246,15322
85927,15246,15332
85926,15246,15346
382599,15247,15301
85928,15247,15325
121055,15248,15323
55373,15249,15303
282712,15249,15308
164830,15249,15312
373915,15249,15337
27018,15250,15307
2333,15250,15319
34176,15251,15308
342717,15252,15311
355983,15252,15314
253953,15255,15338
103154,15256,15336
34177,15257,15320
10052,15259,15331
13612,15260,15320
138174,15264,15322
169349,15264,15328
38300,15264,15335
349404,15266,15323
302830,15267,15320
399195,15272,15340
343324,15273,15323
228968,15274,15333
170306,15276,15324
317634,15277,15336
395521,15280,15345
117140,15284,15345
263369,15285,15347
125507,15299,15359
347531,15303,15364
74580,15309,15382
255677,15311,15362
229136,15312,15392
321884,15325,15393
125478,15347,15389
383313,15347,15402
402977,15347,15406
395717,15353,15429
50955,15423,15489
197016,15428,15486
248083,15429,15489
107121,15599,15651
169068,15599,15660
97165,15599,15662
13172,15599,15674
249269,15600,15657
271426,15603,15658
215706,15603,15664
202249,15605,15661
296307,15658,15718
169857,15666,15719
377276,15684,15748
135684,15695,15762
367848,15697,15767
284839,15757,15819
124579,15798,15863
401931,15802,15860
31799,15802,15862
368192,15804,15861
370221,15805,15866
74972,15806,15865
320589,15807,15866
279744,15810,15865
397657,15811,15867
271425,15812,15856
305672,15818,15866
287317,15821,15866
76673,16178,16283
328767,16195,16289
383309,16211,16278
383309,16509,16577
334452,16521,16584
380673,16531,16586
404666,16540,16585
142278,16659,16730
5498,16659,16754
13475,16660,16734
176132,16660,16738
5499,16660,16745
280949,16662,16751
57641,16664,16731
176131,16671,16750
105661,16671,16753
119247,16673,16751
89248,16679,16731
175142,16691,16754
176130,16698,16748
295715,16698,16753
38093,16706,16752
74720,16802,16861
336006,16808,16861
82191,16982,17069
162255,16983,17073
160044,16984,17059
402191,16985,17062
11,16990,17066
299501,16990,17073
352747,16995,17073
69156,17217,17273
51889,17219,17271
273509,17223,17288
304337,17226,17280
180810,17227,17274
21056,17229,17298
3713,17232,17297
165850,17463,17526
148480,17465,17523
280948,17469,17533
344757,17475,17533
307279,18291,18352
134334,18294,18356
1315,18295,18357
10431,18297,18346
