150553,98,243
151703,111,215
39160,113,205
90263,114,203
203157,115,217
271581,115,242
374423,120,212
150554,120,249
378916,122,217
256887,131,216
215954,140,200
381556,153,234
17930,162,222
251552,165,220
332703,170,232
389320,170,251
37736,174,223
152786,175,243
54821,177,248
14773,177,253
336953,181,244
3543,181,250
244881,181,256
174636,182,243
74555,182,245
47628,185,330
295324,187,306
362527,194,327
375757,198,260
215765,201,292
9993,201,321
292877,203,265
1004,203,332
162956,203,347
48689,204,260
180523,204,303
8235,205,325
328481,213,344
1478,214,332
256343,217,327
76621,222,315
10373,226,336
363349,226,352
358030,227,341
399593,229,316
8197,231,326
140409,232,350
156025,234,296
385386,234,301
55118,234,317
41559,234,352
190209,239,328
42676,242,296
36480,243,334
399107,245,301
9462,246,347
144955,249,357
279718,257,373
267761,258,376
72984,262,343
138930,263,341
9461,264,347
401686,265,327
111385,267,365
31733,269,344
77575,270,341
160729,272,342
223964,273,356
256170,275,365
2206,276,363
203676,285,327
31732,286,368
260554,286,371
239467,292,357
320436,298,346
235976,302,348
78778,302,388
96971,305,392
92707,322,386
302579,323,388
94100,326,386
358267,326,396
405447,330,371
78879,331,388
252981,332,391
107223,337,401
112091,338,417
112092,342,387
398802,342,428
312465,346,398
8360,350,429
32650,350,439
50349,352,428
65502,365,431
235410,367,428
397895,371,436
319680,371,453
224172,374,459
160837,383,454
153532,385,469
310701,404,488
122462,448,516
248128,457,514
338498,461,516
45163,495,574
57116,521,574
22212,522,575
240671,537,600
292695,540,607
55439,543,634
119153,714,796
383919,717,765
253919,719,803
277673,719,808
254760,720,761
135210,720,780
286204,723,786
115202,743,812
377205,746,817
398912,767,821
126091,769,834
18087,776,827
295229,776,840
119442,776,843
257718,782,845
27274,784,843
34440,789,853
139534,792,866
52715,794,878
22309,797,840
167980,797,860
312177,797,867
151092,798,848
397894,799,851
287783,819,873
281408,824,884
291839,1103,1178
39510,1104,1169
327322,1367,1462
173882,1369,1461
57426,1377,1462
123209,1378,1464
41568,1378,1467
228553,1380,1472
109756,1384,1434
237040,1386,1456
229205,1387,1461
320131,1388,1453
401497,1600,1663
76199,1603,1655
117780,1668,1729
101385,1674,1744
112093,1679,1743
5639,1803,1849
23464,2047,2103
103975,2048,2108
220869,2062,2103
104833,2070,2137
190210,2074,2134
133083,2078,2140
343445,2219,2291
17931,2220,2279
248405,2231,2295
407139,2384,2425
341778,2487,2577
65986,2653,2742
374540,2696,2758
355231,2726,2787
77577,2929,2982
254761,3224,3269
76367,3441,3509
77576,3865,3953
55188,3889,3959
202513,3905,3978
28653,3915,3979
72933,4103,4172
57631,4111,4176
309308,4132,4217
309309,4132,4237
252113,4150,4219
96964,4153,4250
7102,4158,4217
2966,4165,4267
39159,4169,4283
6311,4175,4285
89638,4177,4233
374539,4215,4345
179221,4286,4361
373896,4286,4366
964,4291,4366
77574,4294,4369
278193,4297,4400
241428,4306,4369
190910,4310,4368
87394,4322,4401
164919,4367,4440
296790,4371,4440
42317,4439,4524
109827,4456,4538
8234,4477,4539
341485,4478,4546
332136,4483,4544
30752,4487,4541
92025,4496,4546
392926,4496,4548
9360,4503,4544
320707,4620,4733
10901,4620,4751
252115,4634,4749
156369,4635,4702
45679,4637,4721
48280,4640,4703
238911,4642,4749
397893,4644,4739
94491,4646,4708
195445,4664,4753
277672,4667,4753
140408,4673,4753
145255,4692,4750
258851,4696,4747
6146,4783,4835
398143,4783,4840
334313,4784,4829
244436,4784,4838
252114,4784,4854
229155,4790,4837
