221492,116,180
334736,165,242
357922,166,232
144093,167,260
5741,168,264
176918,170,255
229710,170,267
103433,171,243
77995,173,250
110355,176,243
345819,295,370
146600,304,371
52874,355,405
344109,429,520
344110,429,534
33659,431,521
18623,435,520
259277,442,538
63756,492,553
159790,655,712
295846,746,823
280140,749,795
128858,752,823
107722,755,824
86104,759,811
322027,761,811
27187,761,824
397559,766,821
354202,790,880
194306,790,896
23830,794,881
325688,797,885
86651,818,874
70900,823,885
326278,926,1019
114927,935,986
397938,948,1016
62565,1107,1183
17083,1111,1179
265855,1114,1170
13332,1114,1173
190941,1118,1182
229242,1119,1222
217274,1120,1204
310244,1121,1193
84824,1128,1202
219908,1133,1196
258030,1166,1227
295914,1202,1268
279503,1208,1292
393791,1231,1330
389861,1236,1313
318912,1248,1337
122084,1249,1309
9675,1251,1300
363960,1276,1335
122226,1291,1360
258029,1296,1357
210926,1296,1361
318911,1311,1370
343879,1361,1420
291132,1364,1423
5741,1364,1429
120643,1523,1610
28446,1527,1611
354200,1537,1631
69479,1555,1630
23282,1568,1646
132756,1570,1642
190940,1574,1645
108476,1575,1643
186527,1582,1640
365490,1587,1635
71115,1594,1699
206338,1620,1685
97052,1825,1896
344107,2317,2388
298804,2319,2391
32108,2328,2379
273979,2335,2378
337019,2356,2429
371090,2446,2500
365491,2594,2660
205362,2601,2680
324207,2605,2682
32355,2609,2672
109359,2611,2682
140284,2619,2680
288941,2620,2683
125057,2620,2696
62515,2620,2699
46581,2621,2710
235075,2623,2693
62514,2624,2699
68552,2625,2708
128859,2626,2703
232748,2629,2712
190940,2629,2720
206059,2632,2692
96731,2638,2714
125058,2639,2706
367605,2639,2721
367229,2640,2695
301793,2640,2704
105778,2643,2707
181282,2646,2711
368860,2648,2710
276573,2648,2712
14594,2649,2718
75460,2652,2703
28797,2940,2996
319085,3002,3052
378683,3229,3277
378684,3233,3278
122762,3251,3335
335515,3342,3439
357532,3349,3421
332615,3349,3427
95602,3349,3439
5146,3351,3440
168212,3351,3446
13343,3352,3414
238313,3353,3419
344106,3354,3417
201438,3356,3418
110359,3357,3427
320006,3357,3439
323410,3368,3465
262689,3369,3436
229510,3376,3468
110356,3381,3467
229511,3381,3470
407325,3386,3448
215503,3389,3441
303141,3391,3473
170113,3392,3448
28448,3394,3448
91092,3394,3461
240558,3399,3443
205363,3399,3447
28447,3401,3461
180604,3402,3449
122805,3403,3444
347062,3415,3483
344108,3433,3520
7124,3443,3527
356923,3444,3525
325291,3445,3520
65689,3446,3518
369920,3449,3519
82013,3450,3517
380802,3450,3527
374158,3451,3514
19951,3452,3521
217687,3453,3516
293599,3453,3518
139153,3454,3520
389862,3458,3519
23741,3627,3688
268206,3631,3693
185315,3634,3709
232502,3635,3685
345817,3639,3718
35034,3641,3704
32107,3648,3709
120193,3648,3731
106999,3708,3790
102584,3790,3866
297742,3793,3867
380803,3797,3852
367029,3797,3867
63755,3803,3867
37565,3969,4019
13344,3969,4079
46054,4019,4117
29398,4024,4081
320005,4027,4081
244576,4031,4165
78206,4033,4130
348027,4034,4132
348028,4035,4192
317087,4036,4113
46860,4036,4159
194304,4046,4158
136060,4049,4121
222151,4051,4108
26387,4053,4111
152952,4056,4158
229712,4062,4172
201536,4082,4189
163789,4085,4197
326223,4090,4218
96832,4091,4186
118829,4093,4215
154359,4094,4218
194305,4095,4190
233150,4105,4203
229243,4109,4179
229103,4109,4202
298114,4112,4163
394107,4115,4226
358293,4123,4187
318363,4126,4177
45488,4131,4200
73213,4141,4226
93602,4152,4228
60311,4162,4230
65425,4175,4227
371089,4177,4241
1838,4347,4409
8707,4348,4416
387701,4349,4402
141760,4349,4409
120483,4354,4417
289280,4357,4417
320003,4489,4558
99515,4490,4551
320004,4490,4560
17082,4490,4567
250021,4492,4572
311047,4499,4558
226036,4501,4563
112067,4514,4570
111863,4651,4715
34106,4654,4729
197435,4660,4739
271925,4666,4729
12044,4674,4721
370751,4675,4727
131575,4675,4744
125838,4678,4745
330390,4679,4739
265652,4680,4741
326625,4686,4765
205210,4692,4759
322263,4694,4740
286178,4699,4774
173980,4704,4778
291658,4717,4807
354203,4737,4856
166995,4742,4804
72502,4744,4806
359110,4744,4809
354204,4744,4857
354201,4752,4856
3258,4759,4819
299622,4797,4875
43749,4802,4856
21031,4940,5000
74252,4945,4999
117726,4949,5004
217686,4963,5038
95599,4968,5081
314886,4968,5089
63773,4971,5059
98534,4971,5073
120482,4974,5053
211140,4974,5058
46053,4975,5049
226234,4977,5071
265385,4979,5057
240624,4979,5063
159791,4989,5053
3257,4999,5060
268936,5001,5063
238587,5013,5099
235446,5013,5102
2761,5013,5113
151507,5015,5082
196640,5019,5122
237831,5024,5113
80249,5025,5118
268777,5026,5127
118610,5028,5089
397939,5029,5129
154358,5032,5116
151508,5033,5098
160978,5033,5106
231593,5033,5113
297741,5036,5132
205364,5036,5140
237066,5038,5109
23919,5039,5103
173135,5041,5124
196639,5041,5129
107057,5045,5109
154216,5048,5113
12387,5049,5110
204571,5049,5117
159822,5050,5112
121651,5051,5114
183749,5053,5110
243590,5056,5127
72694,5070,5144
217412,5073,5128
311511,5075,5121
329826,5075,5129
43005,5076,5136
283456,5077,5143
310816,5084,5158
303140,5294,5350
229711,5294,5352
44720,5294,5355
121650,5294,5357
215350,5294,5364
261311,5295,5348
219907,5302,5383
133022,5304,5379
3857,5318,5362
163788,5334,5418
343547,5474,5526
22379,5573,5635
33497,5574,5623
101070,5767,5821
190941,5767,5827
221120,5768,5825
291133,5769,5831
343880,5770,5825
229244,5771,5837
354205,5773,5826
158823,5773,5832
217199,5786,5833
180542,5832,5913
265856,5849,5920
117780,5855,5914
334459,5862,5912
239874,5867,5918
354199,5884,5950
395433,5970,6041
189279,5976,6040
203203,5980,6041
8533,6110,6160
110354,6110,6165
45443,6114,6177
310243,6123,6212
102851,6147,6214
194837,6152,6204
61014,6154,6219
345837,6155,6220
147903,6163,6220
405026,6167,6222
215815,6171,6216
48805,6173,6216
34107,6337,6416
34108,6350,6416
21646,6442,6498
154357,6525,6567
27496,6527,6590
146146,6841,6916
45259,6844,6907
237652,6844,6909
240625,6851,6908
373374,6852,6935
354623,6855,6916
384875,6858,6925
86955,6881,6929
67501,6976,7053
197790,6987,7049
28449,6988,7059
281584,6996,7049
354251,7000,7046
288869,7003,7062
366630,7005,7060
68551,7005,7063
11967,7134,7206
227644,7147,7214
34105,7194,7262
2988,7205,7266
65036,7208,7304
371091,7211,7261
234233,7214,7273
27656,7215,7265
251146,7220,7288
102567,7483,7584
39606,7484,7550
256804,7485,7546
159823,7507,7574
53923,7511,7603
24131,7519,7568
39571,7543,7599
115769,7549,7638
247318,7551,7598
52297,7555,7645
255352,7557,7641
153563,7566,7635
389802,7581,7641
229245,7688,7755
308382,7693,7794
239489,7697,7755
337460,7749,7804
359647,7761,7853
262688,7769,7831
197843,7772,7839
118343,7774,7829
197844,7776,7876
334407,7777,7852
75130,7793,7856
79108,7810,7875
61903,7883,7942
371092,7886,7964
164065,7892,7961
