347312,96,227
348441,100,166
182880,121,214
213191,134,195
367973,222,283
102996,222,304
67755,223,287
272918,223,290
364713,224,286
193077,247,310
131299,248,301
230432,252,315
234677,258,321
74417,267,342
263159,267,348
23268,269,314
21892,276,342
18379,277,340
139957,278,342
177603,279,341
334323,280,342
90063,285,361
40205,291,342
200074,305,373
196837,305,378
348288,332,420
26030,335,418
11241,335,423
45918,337,405
85578,351,412
17907,351,422
35257,357,412
14206,357,419
8437,358,421
343002,385,468
288540,389,495
228459,392,450
313563,392,464
583,396,471
179940,396,478
383080,398,499
70189,400,514
284138,403,468
100648,409,468
364712,410,465
191177,410,493
196368,413,510
174568,415,495
257267,415,504
263158,416,506
325161,416,514
273786,418,491
263157,418,500
30870,420,480
7458,421,490
234646,421,515
2084,422,476
201672,422,483
166234,422,494
357343,423,516
214382,424,468
309054,425,512
366529,426,506
262347,458,512
86036,459,532
210368,479,587
222232,485,587
222233,494,587
373017,500,562
314379,502,587
200075,505,564
370428,505,587
240536,506,582
367585,626,683
59465,626,695
258057,626,708
209023,642,697
160454,656,703
14121,656,705
69519,656,707
394851,657,704
281219,658,728
55961,663,705
72933,709,770
154341,716,776
344422,824,890
324940,825,876
392789,964,1066
312937,996,1080
362073,996,1095
240823,1000,1086
4007,1001,1080
346228,1003,1092
42312,1017,1074
217753,1026,1080
117887,1071,1193
75194,1073,1134
117888,1087,1217
306405,1093,1158
90940,1103,1156
50410,1106,1184
59466,1117,1169
327538,1124,1177
283625,1125,1174
4337,1129,1214
168209,1131,1230
345700,1137,1222
253293,1139,1226
162648,1153,1212
260907,1159,1221
317909,1160,1222
1188,1161,1231
62252,1176,1231
62473,1360,1425
83615,1429,1497
85983,1442,1504
381744,1458,1528
113337,1458,1562
257687,1720,1782
33995,1741,1821
191768,1742,1817
386745,1848,1928
186003,2020,2086
167362,2020,2089
167363,2020,2092
303504,2025,2086
262348,2041,2086
298847,2044,2092
268960,2081,2149
339988,2104,2182
298121,2134,2189
106651,2135,2188
48179,2135,2193
276414,2264,2338
230163,2299,2362
237622,2340,2400
73316,2443,2494
84371,2443,2510
186004,2443,2531
355443,2443,2534
228385,2443,2540
59464,2445,2508
3242,2445,2524
105789,2446,2503
179759,2449,2503
62991,2449,2519
221432,2449,2533
23464,2450,2505
206301,2452,2510
4938,2452,2533
385557,2461,2523
98838,2461,2525
6254,2461,2534
94616,2465,2529
58743,2478,2534
63055,2478,2559
97256,2483,2559
97257,2484,2534
302898,2488,2553
26479,2489,2559
261064,2494,2556
719,2494,2559
141355,2500,2556
139464,2627,2693
117293,2657,2737
14332,2788,2858
117293,2849,2928
302178,2850,2916
268421,3069,3140
389276,3070,3133
51499,3100,3164
97160,3105,3179
272917,3128,3204
310746,3131,3204
310747,3132,3201
383218,3140,3203
203353,3145,3210
403559,3154,3226
23427,3160,3215
400171,3163,3248
205330,3164,3225
12682,3168,3227
189408,3169,3235
271261,3169,3259
16133,3171,3242
44206,3178,3257
263107,3179,3261
156186,3180,3237
217752,3180,3278
62431,3181,3247
168208,3182,3224
209022,3182,3280
241911,3183,3271
399703,3184,3284
73607,3189,3257
69049,3190,3261
218600,3190,3277
40312,3192,3257
88110,3194,3279
103619,3195,3257
15718,3196,3261
62002,3196,3274
206300,3197,3258
234647,3198,3259
187323,3199,3296
225790,3200,3284
396862,3203,3268
192724,3206,3287
279332,3207,3298
334324,3210,3278
57870,3210,3282
333741,3214,3277
366564,3214,3281
174099,3215,3285
79988,3218,3277
80250,3218,3300
167717,3222,3289
233376,3227,3302
327053,3228,3286
21659,3228,3304
348562,3229,3283
61857,3230,3290
57590,3231,3292
325534,3241,3283
192725,3244,3294
204269,3245,3290
1640,3245,3305
204571,3246,3297
150856,3284,3393
367586,3296,3394
197863,3306,3367
173542,3376,3486
233993,3377,3444
171761,3396,3492
329314,3415,3490
240802,3568,3676
391730,3600,3683
373741,3623,3680
155986,3704,3760
247584,3714,3765
