40330,129,216
45918,130,201
148036,145,256
104679,148,211
69598,192,281
228026,194,270
80663,195,264
336815,196,262
96463,199,267
31568,200,265
53254,202,283
278435,222,275
119348,310,375
20691,310,378
73607,310,388
3922,310,396
376254,311,405
181639,318,397
218673,324,386
9014,325,391
379942,326,387
148488,326,403
172532,327,396
181638,329,397
75111,329,458
255608,330,414
14200,331,388
313554,332,398
115079,333,387
376253,333,405
370641,335,409
158506,336,393
289524,337,402
38282,337,414
366170,337,428
83878,339,408
161603,349,396
278188,360,424
81422,361,404
347894,403,466
201974,415,497
112460,416,479
157324,418,496
339626,419,490
70166,424,497
202828,426,514
171288,429,513
351202,433,498
326622,433,501
233441,433,504
387199,433,525
181540,437,515
347756,440,500
112803,440,503
314546,440,522
171255,448,499
31716,449,515
13,451,518
186551,464,526
372408,468,533
52930,584,635
274936,585,648
138769,587,639
225667,589,636
150934,603,680
322484,631,693
277906,632,696
112802,638,709
56910,640,705
23443,1103,1163
203198,1105,1158
298813,1122,1207
183182,1153,1213
186884,1325,1368
123977,1331,1410
312928,1336,1442
202827,1386,1464
337917,1404,1450
201848,1404,1458
151110,1404,1463
333592,1405,1468
229999,1407,1504
214580,1415,1476
315721,1418,1464
186489,1418,1517
52221,1419,1475
220198,1422,1487
266405,1423,1477
188941,1426,1528
292442,1433,1491
270005,1439,1526
142846,1445,1521
50976,1448,1526
62369,1464,1532
328718,1465,1540
126761,1468,1527
368298,1468,1531
29982,1469,1532
200451,1469,1547
41574,1473,1564
64060,1476,1552
56691,1477,1545
39634,1478,1558
64698,1502,1576
152402,1506,1576
34071,1512,1596
314992,1530,1595
136880,1535,1604
368298,1537,1586
403666,1646,1701
14308,1801,1850
44809,1801,1864
335935,1802,1874
305288,1803,1867
119905,1803,1869
298253,1868,1964
367457,1875,1958
322483,1875,1992
322260,1877,1942
124630,1884,1968
93427,1893,1973
198386,1893,1984
69599,1894,1986
275706,1924,2032
261625,1935,2018
112707,1944,2031
59535,1974,2062
11999,1975,2058
109938,1976,2045
33191,1988,2062
106071,2036,2105
373200,2064,2133
75014,2105,2164
298251,2107,2164
334303,2154,2214
263755,2169,2236
368299,2220,2283
72085,2233,2307
242857,2236,2294
72742,2248,2317
44810,2267,2318
117893,2411,2481
313217,2616,2685
3666,2758,2829
68201,2764,2824
127986,2767,2836
44789,2847,2941
229998,2851,2951
365878,2852,2920
64059,2853,2965
368300,2859,2964
368299,2860,2920
305822,2865,2962
56692,2879,2944
298914,2886,2951
393774,2890,2968
94179,2894,2978
367458,2895,2957
336816,2897,2990
94178,2899,2977
124363,2908,2976
263386,2914,2976
20609,2914,2987
157625,2915,2960
232748,2915,2991
274477,2916,2984
407230,2917,2966
333330,2917,2975
194611,2919,2989
91208,2925,2990
324920,2928,2991
143372,2931,2992
341953,2933,2980
224833,2933,2987
81423,2935,3002
15844,2935,3009
102440,2935,3013
151111,2936,3004
272466,2940,3002
94317,2962,3027
264122,3121,3212
270219,3131,3185
90385,3323,3376
401257,3363,3429
355803,3388,3435
106070,3389,3440
72086,3466,3532
342037,3470,3526
18772,3485,3560
343735,3507,3561
109254,3510,3580
343736,3516,3589
135910,3516,3612
231767,3524,3576
245409,3527,3579
44952,3527,3584
186057,3549,3610
226064,3553,3606
130048,3553,3608
298252,3554,3629
326006,3557,3608
286828,3563,3627
55709,3571,3628
238276,3578,3632
384178,3582,3687
94316,3584,3681
64058,3589,3705
239866,3603,3667
368300,3614,3709
365879,3625,3691
139357,3627,3713
150638,3628,3693
56690,3631,3693
341049,3642,3704
117892,3645,3708
317063,3721,3808
158059,3748,3819
364269,3755,3815
324000,3755,3824
277386,3757,3823
313216,3761,3827
50977,3764,3820
277203,4062,4126
282783,4082,4156
8373,4096,4157
152401,4096,4161
71492,4096,4166
23402,4097,4174
210516,4100,4180
109937,4102,4159
408034,4103,4169
152403,4103,4179
126857,4104,4158
20909,4106,4159
5641,4106,4173
43068,4112,4170
179374,4134,4217
179375,4138,4218
191116,4146,4214
171286,4148,4225
352162,4152,4230
171287,4154,4225
313216,4159,4230
24543,4468,4548
313215,4553,4627
142845,4565,4622
340411,4566,4673
784,4571,4624
71822,4571,4672
133234,4574,4654
326621,4575,4660
87540,4583,4663
13,4583,4670
352345,4588,4672
66669,4603,4672
76347,4617,4672
217334,4859,4949
10373,4885,4961
93428,4958,5030
379167,4967,5027
103125,4970,5045
298521,5140,5209
10812,5147,5208
347893,5225,5287
13318,5228,5301
114602,5233,5328
364803,5234,5320
330652,5236,5335
367903,5238,5307
151385,5245,5340
136432,5248,5320
158226,5249,5311
53253,5256,5335
247764,5256,5343
87266,5262,5335
95616,5282,5344
189889,5382,5446
33190,5385,5446
123100,5386,5452
13319,5402,5465
378378,5469,5542
283687,5473,5543
50979,5477,5545
57761,5703,5813
101966,5729,5821
11950,5895,5948
13317,5905,5957
90849,5927,5989
20862,5983,6060
55691,6264,6334
19081,6267,6348
48413,6277,6370
194669,6285,6348
376252,6351,6413
47215,6522,6582
50978,6522,6585
227125,6523,6574
85324,6523,6586
352344,6523,6619
27225,6524,6572
206727,6537,6629
159078,6554,6634
275707,6567,6630
166131,6695,6744
281391,6695,6746
276802,6695,6765
56748,6696,6741
208749,6703,6773
334442,6704,6770
57610,6761,6816
52452,6762,6810
343388,6958,7017
185922,6963,7016
61024,6964,7012
313933,7139,7196
294171,7140,7184
349902,7140,7199
2144,7141,7185
96235,7142,7196
22479,7146,7215
352358,7184,7248
99248,7345,7431
245408,7347,7430
11585,7349,7413
115572,7353,7444
170840,7353,7465
399193,7356,7456
4007,7357,7431
234892,7371,7434
294170,7414,7478
21219,7415,7486
124111,7461,7508
70913,7473,7525
177444,7474,7529
88433,7568,7615
312932,7689,7745
298812,7689,7756
46573,7689,7776
284373,7690,7744
17187,7694,7772
94491,7696,7758
166325,7697,7776
366172,7700,7775
199994,7719,7770
366171,7720,7776
