369898,172,242
183466,180,244
379897,184,251
366479,201,287
175076,208,258
120412,210,282
157583,213,280
274974,213,287
286011,262,323
287495,781,844
349368,787,870
387892,1234,1337
258048,1288,1390
379613,1320,1381
279729,1349,1417
198,1423,1498
3216,1428,1492
292360,1443,1495
337106,1450,1524
405121,1457,1513
83107,1465,1523
368306,1475,1523
12309,1845,1890
114881,1845,1896
298556,1866,1929
354157,1900,1954
327478,2092,2144
70435,2092,2168
398476,2093,2151
56911,2099,2168
79871,2264,2368
252601,2290,2363
182068,2804,2885
127883,2821,2867
293399,2829,2891
220187,2831,2884
368499,2849,2907
311731,3080,3136
