245461,158,203
325844,159,228
183768,163,231
403667,296,363
205815,570,640
316196,575,635
244338,697,781
334474,698,799
6226,700,780
6227,704,793
69769,713,773
213,723,780
140292,735,795
354028,989,1031
13,1196,1269
311732,1226,1302
219649,1234,1319
319614,1242,1324
321529,1248,1319
583,1248,1324
214,1251,1319
73062,1256,1326
101407,1262,1323
278588,1263,1319
97303,1265,1326
70685,1274,1322
286172,1280,1325
172211,1460,1546
128743,1462,1551
319613,1468,1534
197534,1469,1518
247764,1469,1545
50209,1469,1563
278587,1470,1513
164368,1475,1531
204481,1479,1573
123293,1507,1572
261551,1508,1583
147874,1510,1572
305811,1510,1575
4366,1510,1584
135094,1511,1573
364546,1512,1610
293562,1514,1575
169491,1515,1610
263359,1516,1578
208353,1517,1582
7513,1521,1584
279297,1522,1611
354671,1524,1580
45320,1527,1585
359797,1540,1599
309488,1715,1812
210593,2515,2589
119277,2519,2584
224826,2594,2652
271940,2602,2669
163737,2614,2694
74628,2616,2705
121529,2682,2740
67663,2691,2738
333199,2691,2747
189380,2691,2768
321141,2704,2817
249782,2718,2782
389350,2720,2790
107605,2723,2823
13,2726,2812
39331,2728,2828
129999,2734,2817
205816,2746,2817
172730,2822,2877
93486,2826,2877
110494,3074,3152
212,3090,3157
349385,3094,3155
3186,3096,3158
284552,3101,3156
143022,3104,3171
46701,3107,3158
161776,3110,3172
233653,3114,3185
64358,3118,3188
64085,3133,3217
39330,3145,3217
311504,3268,3354
157990,3270,3357
11355,3276,3361
189213,3277,3353
64357,3289,3350
321528,3289,3357
11225,3294,3371
33816,3295,3360
233652,3321,3386
336151,3332,3385
164285,3377,3437
46591,3377,3448
95336,3383,3444
304016,3542,3617
166674,3545,3616
339727,3872,3921
81153,3916,3978
261549,3941,4002
309538,3942,3999
334873,3942,4003
202538,3952,4003
4220,4023,4128
390281,4029,4085
169410,4043,4107
214054,4061,4114
361995,4070,4141
30561,4443,4496
293561,4443,4528
14579,4448,4497
143023,4453,4518
261550,4462,4537
197533,4476,4538
22152,4488,4539
46002,4663,4739
199853,4664,4722
138677,4665,4714
237179,4665,4726
404926,4666,4733
311505,4670,4742
210594,4670,4758
189379,4674,4742
206140,4675,4739
165972,4676,4743
146528,4685,4727
257411,4697,4753
37625,4698,4755
91632,4998,5063
252403,5013,5068
355029,5246,5302
247487,5263,5329
322253,5283,5357
383473,5285,5349
102945,5288,5356
326177,5289,5366
383474,5291,5349
11557,5293,5367
190580,5294,5343
22007,5298,5371
293560,5448,5518
42231,5498,5552
179034,5643,5708
158510,5697,5758
77511,5983,6072
187042,6023,6071
57987,6030,6091
261552,6097,6171
206604,6350,6403
150754,6354,6418
169411,6356,6417
364100,6362,6420
121318,6363,6424
124344,6363,6435
338196,6364,6419
10925,6366,6424
273165,6374,6425
153456,6375,6424
244065,6410,6471
294716,6620,6698
359885,6639,6709
39813,6640,6714
16907,7064,7148
393680,7275,7328
245216,7276,7331
195354,7294,7348
232028,7296,7349
328885,7402,7494
141524,7403,7466
117682,7403,7474
43217,7404,7484
321142,7404,7497
321527,7405,7467
391440,7408,7474
234403,7408,7478
166075,7408,7487
286171,7411,7474
405939,7412,7461
97303,7412,7483
389470,7413,7460
389351,7413,7501
61093,7414,7516
135192,7417,7498
33289,7420,7474
50210,7420,7480
97122,7421,7472
266917,7426,7488
263358,7427,7480
351142,7427,7494
375796,7428,7471
159417,7429,7510
274905,7430,7478
180551,7431,7476
83244,7431,7523
147875,7432,7495
379313,7474,7541
109876,7702,7781
272105,7714,7766
311733,7715,7770
261654,7719,7781
49250,7797,7889
16944,7812,7873
382683,8194,8243
39814,8194,8245
81276,8194,8254
242355,8195,8248
180550,8543,8625
135354,8544,8613
38543,8558,8622
249359,8562,8615
162810,8572,8624
311266,8573,8616
