322390,105,236
279147,112,176
183591,115,204
18621,115,231
100589,115,237
179419,115,248
10211,115,272
80295,116,242
218046,124,248
22713,124,283
404109,128,255
279083,128,278
225805,134,294
133858,135,214
331650,136,287
217813,136,302
59707,137,240
64980,137,280
61256,138,247
104928,138,260
157999,139,276
169853,141,243
254679,143,255
160489,145,271
312862,145,277
132370,147,313
74744,148,243
70486,148,280
60167,149,239
86671,149,277
158144,150,291
177252,151,245
144341,151,281
374310,151,307
345928,153,222
359962,154,212
400834,154,280
75426,156,243
80665,157,289
83223,159,340
194790,160,319
18496,161,244
36520,161,332
84195,163,241
236148,165,258
351600,166,339
92868,168,243
360193,168,327
4413,169,245
18620,169,294
155058,170,241
37622,171,259
2251,172,289
261708,174,243
175425,175,238
158554,175,240
40998,175,248
86672,175,317
293268,176,241
121259,178,242
44656,178,245
291330,178,258
160182,180,298
112178,180,337
9439,181,301
272508,185,277
100587,188,291
5229,190,289
188360,190,300
141441,193,304
125360,197,316
276595,202,308
54493,246,314
367669,246,317
17413,246,324
9077,263,324
76951,270,335
299555,284,337
16632,295,336
83224,371,490
280987,372,456
91741,376,454
149581,379,453
1190,381,471
329110,383,490
38847,387,452
12501,388,463
94603,390,466
20456,391,460
9506,391,468
144112,391,484
12684,391,498
352222,391,522
197505,392,502
1190,393,488
132377,395,470
133274,403,510
17525,407,475
1190,408,481
21504,408,489
12283,408,514
155662,409,472
224985,410,519
332701,417,532
22036,419,491
349659,425,522
118704,431,577
35717,451,584
169682,460,577
192840,465,592
1189,474,599
29012,484,570
300906,494,594
81417,504,604
398621,513,575
125784,581,644
318272,621,685
107079,645,718
331631,649,766
178051,669,733
299832,686,742
369977,695,765
401655,702,769
359963,711,778
108903,719,780
138727,720,781
200338,720,794
352221,806,926
354576,844,921
236795,847,925
184569,860,925
3,868,925
349660,955,1000
360940,1127,1195
360941,1138,1191
283303,1183,1257
202067,1224,1290
14520,1242,1331
215928,1251,1341
51885,1258,1343
4720,1266,1325
203142,1270,1334
67579,1271,1332
143521,1271,1345
259627,1597,1662
249947,1598,1659
286802,1769,1826
393126,1769,1847
215928,1769,1864
358376,1770,1834
14521,1770,1859
25740,1771,1842
6671,1772,1839
2721,1772,1847
163091,1772,1858
19237,1773,1837
227345,1773,1841
55929,1773,1861
404070,1774,1845
4720,1775,1839
51886,1776,1857
395146,1782,1843
2723,1784,1844
12619,1785,1843
364498,1786,1844
232054,1786,1859
393125,1788,1840
190368,1788,1845
199175,1793,1864
182177,1837,1891
300735,1866,1928
85997,1870,1928
275335,2104,2168
292875,2235,2351
403615,2236,2321
334265,2237,2359
227346,2240,2327
241308,2240,2339
232055,2246,2329
35235,2246,2368
328807,2248,2330
2724,2252,2355
73047,2262,2355
73048,2262,2386
230994,2266,2365
385976,2267,2344
89059,2268,2337
80792,2270,2338
332700,2271,2399
224520,2332,2395
145608,2334,2380
134833,2344,2412
215932,2349,2411
39557,2509,2592
403285,2520,2592
191142,2527,2592
123635,2564,2638
327566,2817,2905
215929,2818,2887
27558,2833,2881
294913,2845,2925
363417,2867,2962
313788,2868,2954
367113,2872,2959
241854,2873,2923
389754,2874,2949
40534,2875,2923
355573,2875,2986
230995,2877,2981
361002,2878,2947
168352,2884,3000
62178,2888,2958
208056,2889,2953
29210,2894,2958
87017,2894,2980
49731,2896,2960
55645,2897,2985
191891,2897,2993
132260,2898,2974
305276,2898,3006
303538,2899,2964
171792,2900,2987
403614,2901,2972
145946,2903,2978
154888,2905,2979
1154,2906,2977
190650,2915,2994
55646,2927,3028
183798,2960,3024
400265,2965,3053
243124,3004,3058
49732,3010,3124
66213,3011,3059
403129,3012,3101
53744,3030,3107
269544,3032,3119
20581,3035,3109
106840,3035,3112
240238,3035,3116
67578,3035,3124
133950,3046,3118
4263,3048,3119
367895,3049,3103
8406,3055,3121
335400,3082,3183
5350,3085,3186
133905,3335,3380
133904,3340,3391
66178,3461,3525
233059,3594,3668
310234,3594,3675
101670,3743,3805
300719,3786,3852
390534,3819,3900
85998,3842,3912
195895,3862,3936
155394,3877,3944
215929,4065,4123
354402,4067,4136
86132,4132,4237
273318,4133,4249
191334,4160,4249
49730,4162,4216
254094,4163,4220
206135,4164,4246
404704,4164,4249
68352,4180,4251
100588,4197,4249
400937,4503,4575
363545,4509,4567
63913,4510,4580
279002,4518,4591
13295,4522,4579
82580,4523,4575
281108,4524,4573
336889,4582,4637
325969,4718,4773
387001,4756,4830
185124,4938,5020
221206,4940,5029
35236,5116,5186
155066,5454,5519
43365,5454,5536
43366,5455,5547
9651,6116,6180
218759,6116,6185
112280,6116,6191
243870,6750,6791
305277,6837,6904
43723,6840,6903
108224,6841,6902
71959,6844,6905
14522,6847,6905
298988,7099,7188
225806,7107,7190
221695,7108,7205
372931,7118,7190
212563,7119,7187
55688,7125,7204
324559,7127,7203
251953,7144,7205
294413,7173,7246
10119,7176,7230
65383,7191,7241
391978,7199,7269
58120,7202,7258
225807,7223,7288
390847,7229,7287
390846,7231,7286
39851,7236,7288
106217,7240,7288
43364,7661,7741
387000,7666,7752
85780,7885,7983
82522,7887,7958
82521,7887,7976
101853,7900,8021
386999,7939,8033
209778,7951,8033
58121,7965,8020
280236,7982,8049
197504,8315,8377
176922,8315,8385
61413,8773,8825
345136,8790,8849
6229,8795,8843
197503,8894,8974
231332,8894,8986
83333,8899,8975
2722,8910,8971
87523,8910,8975
72027,9009,9090
311486,9010,9087
335602,9010,9096
368393,9011,9077
174381,9012,9059
174463,9026,9101
338770,9027,9078
216794,9029,9089
213281,9032,9101
130271,9039,9143
82520,9046,9143
386998,9048,9139
130269,9062,9148
101852,9063,9172
101851,9077,9172
188890,9081,9179
172588,9097,9179
380386,9111,9173
243653,9117,9177
23738,9162,9226
259628,9468,9525
327702,9530,9580
84196,9531,9595
346283,9533,9582
43363,9541,9596
287117,9545,9610
242859,9574,9624
221696,9585,9637
170631,9587,9657
143452,9588,9641
322391,9763,9812
146675,9769,9843
100939,9770,9835
215927,9780,9873
249673,9787,9864
96004,9802,9863
224521,9815,9884
215927,9932,10017
319350,9936,10016
322392,9939,10003
249672,9939,10017
378956,9952,10016
354575,9957,10016
127,9959,10017
130270,10140,10244
29102,10182,10287
382960,10196,10286
14260,10197,10261
125400,10202,10248
377858,10202,10272
405116,10205,10272
98439,10206,10248
104533,10208,10264
406691,10209,10272
176921,10225,10294
12656,10226,10282
136219,10227,10281
367260,10472,10556
376456,10472,10584
332312,10473,10564
294961,10473,10572
86921,10474,10530
1155,10476,10562
112102,10477,10534
155067,10478,10553
79803,10478,10558
61630,10478,10571
166177,10481,10575
82519,10489,10605
254334,10493,10581
77930,10499,10579
274018,10562,10629
233043,10567,10646
190571,10593,10647
51096,10595,10649
47463,10596,10651
391977,10650,10713
394917,10833,10894
300720,10904,10959
65387,10975,11036
142013,11090,11140
215930,11090,11169
215931,11103,11201
40876,11216,11277
165310,11364,11441
101671,11364,11449
10699,11367,11433
51884,11367,11441
123433,11368,11426
87283,11368,11432
302109,11377,11438
215932,11405,11468
283305,11444,11535
283304,11457,11535
259941,11653,11728
80793,12100,12191
153851,12142,12241
226855,12232,12277
77929,12464,12531
283302,12464,12536
215930,12475,12561
90849,12487,12536
215931,12487,12590
154887,12489,12573
62626,12599,12676
210148,12603,12682
163266,12866,12929
244525,12969,13059
35234,12970,13075
292262,12983,13089
59257,13002,13088
312181,13015,13078
190553,13026,13135
45280,13027,13085
85616,13037,13099
128,13053,13108
295675,13061,13124
216796,13083,13151
216795,13117,13217
332702,13160,13238
209484,13182,13241
64133,13184,13246
279141,13187,13241
100673,13190,13252
89815,13190,13256
89058,13205,13275
339187,13218,13294
376455,13234,13310
10686,13240,13312
1188,13241,13307
92498,13242,13304
176920,13257,13314
2720,13258,13311
324557,13377,13442
329109,13377,13472
158748,13430,13528
29208,13440,13543
230996,13447,13602
68759,13448,13542
367317,13449,13567
158749,13450,13586
73046,13451,13564
376454,13451,13628
197405,13455,13563
324558,13456,13571
294447,13458,13528
128196,13458,13543
98438,13460,13544
158750,13464,13614
329108,13469,13610
386803,13476,13603
167603,13476,13614
210825,13488,13615
284740,13491,13614
29209,13509,13632
89005,13511,13630
386802,13523,13616
87368,13523,13631
73045,13535,13633
68760,13541,13633
167098,13543,13618
93225,13550,13632
250106,13558,13630
161001,13565,13633
63462,13569,13633
130883,13580,13632
149906,13582,13629
211447,13918,13973
51887,13918,13976
381807,13920,13976
