138185,111,234
3543,112,178
15476,116,234
304036,117,182
15556,123,202
17157,124,216
15557,124,228
54346,133,226
184108,137,233
121847,157,227
34390,159,224
227221,160,223
132829,161,224
291675,165,230
51126,175,224
45310,270,324
152324,270,345
181704,270,360
230334,271,373
5037,275,347
398816,277,348
2301,277,371
326431,282,350
347779,282,361
365853,284,378
38656,284,384
204002,285,358
125410,286,356
299141,286,372
330323,287,352
188356,288,358
198723,290,356
308983,291,351
155653,291,353
71205,291,358
159986,291,380
342741,297,360
260062,297,364
277632,297,371
110405,303,367
307912,309,370
317527,310,369
288145,311,368
320967,312,373
328267,313,372
110379,314,373
120854,318,369
93780,419,500
50716,420,492
168638,422,486
27005,423,492
191435,423,502
170942,424,495
103166,425,499
270507,437,492
270506,438,490
225107,439,502
186305,441,502
284671,443,496
262660,443,502
156370,452,499
128472,453,502
257775,454,498
374931,572,634
287463,588,652
292152,715,776
202382,879,936
187611,880,938
149613,903,971
63041,1195,1268
63040,1201,1268
354910,1209,1286
242056,1210,1276
108233,1210,1300
10442,1235,1305
218850,1239,1305
148244,1245,1306
386634,1546,1640
239097,1556,1636
394007,1557,1641
106729,1560,1622
212038,1563,1629
357010,1570,1633
300888,1570,1638
334313,1573,1635
314315,1573,1639
397551,1574,1637
175178,1579,1638
315012,1582,1636
382506,1603,1675
1332,1624,1710
360887,1636,1706
242057,1722,1785
177478,1741,1848
138632,1773,1834
316453,1774,1840
12437,1778,1839
74103,1781,1842
78888,1798,1851
293044,1996,2043
362022,2025,2089
365441,2160,2215
260282,2172,2217
181543,2390,2455
126476,2396,2457
131550,2397,2454
1617,2400,2453
222090,2428,2494
394009,2431,2547
278786,2432,2494
119822,2462,2516
307913,2463,2528
148097,2463,2545
59506,2464,2534
74102,2466,2527
8911,2467,2528
9118,2484,2562
357328,2488,2567
289688,2507,2567
305474,2507,2570
216466,2519,2586
170626,2524,2585
68013,2768,2829
56964,2768,2860
308480,2768,2877
45067,2769,2855
308869,2771,2836
298564,2779,2840
246572,2780,2839
300054,2781,2847
341045,2781,2880
360221,2789,2875
370360,2802,2877
141364,2821,2899
163690,2831,2898
394010,2841,2962
66702,2861,2970
83333,2862,2959
200261,2863,2961
330942,2863,2985
270101,2865,2992
20819,2866,2983
335744,2873,3006
3880,2874,2974
280124,2875,2989
292312,2877,2994
279598,2879,2990
394008,2879,3001
297436,2880,2961
214336,2881,2986
236542,2882,2945
332312,2884,2989
79020,2885,2978
14348,2886,2958
85035,2887,2965
1155,2889,2978
20271,2893,2985
86737,2903,3005
164973,2908,2988
397414,2932,2990
327303,3540,3622
350127,3543,3622
342763,3576,3657
263094,3611,3711
107276,3626,3723
55562,3632,3730
80557,3639,3688
106242,3639,3727
248882,3641,3732
278437,3643,3744
42913,3650,3726
252162,3654,3709
378962,3689,3741
163300,3952,4025
334321,3990,4067
55095,3996,4067
78290,4001,4066
6697,4003,4067
78292,4007,4068
243032,4132,4194
235623,4149,4198
7733,4155,4212
299026,4181,4246
357329,4410,4488
301374,4411,4472
126588,4416,4489
117995,4421,4483
233885,4423,4481
52270,4424,4484
37144,4438,4547
60035,4440,4536
246195,4443,4515
125940,4443,4546
52361,4446,4540
261030,4447,4531
48862,4448,4546
291178,4450,4517
45659,4451,4541
260369,4453,4546
385069,4457,4527
266331,4457,4538
280667,4468,4546
255294,4469,4555
281191,4469,4560
392268,4473,4537
136908,4474,4564
38022,4477,4558
176002,4478,4531
333599,4480,4580
119240,4482,4546
86439,4488,4551
213851,4488,4561
55563,4488,4574
161574,4489,4563
170941,4490,4547
134439,4521,4600
141361,4672,4768
211121,4726,4797
36488,4746,4814
78291,4754,4815
56965,4770,4833
170943,4770,4837
79723,4775,4834
327628,4775,4845
237616,4792,4844
227907,4805,4880
63034,4822,4896
299236,4822,4922
313807,4823,4913
326447,4835,4892
4610,4836,4898
234739,4837,4894
115040,4839,4912
331940,4839,4923
125939,4841,4897
184563,4845,4896
113041,4846,4906
29057,4846,4913
26387,4852,4908
258626,4860,4941
85385,4861,4923
174708,4862,4942
70028,4868,4925
141360,4887,4950
328557,4894,4951
348837,4897,4951
375569,4899,4950
163682,4901,4950
141362,5061,5178
406880,5118,5178
319548,5221,5296
184497,5234,5295
146827,5467,5546
107204,5468,5517
30041,5468,5549
96680,5468,5563
8910,5469,5544
310376,5470,5527
1981,5470,5529
125938,5514,5580
70202,5586,5642
304035,5604,5670
141360,5637,5694
175391,5800,5861
74227,5851,5912
103522,5852,5905
217081,5861,5930
117741,5986,6050
491,6019,6072
245294,6110,6175
285703,6115,6177
144372,6118,6171
359910,6144,6197
211904,6148,6217
161751,6152,6205
293043,6154,6217
331973,6345,6390
128966,6345,6396
76928,6345,6406
332313,6345,6424
210984,6346,6391
239942,6346,6395
180989,6346,6402
45660,6346,6407
68484,6348,6400
349120,6348,6403
314492,6351,6422
48978,6385,6444
96169,6390,6454
145959,6405,6458
18732,6405,6463
94232,6415,6479
270870,6418,6479
332519,6432,6483
263095,6551,6633
111722,6556,6629
289934,6566,6656
53591,6570,6635
165258,6582,6638
29395,6588,6642
157561,6593,6657
141361,6813,6906
125411,6950,7015
137267,6964,7019
250859,7150,7211
331941,7151,7233
382094,7152,7215
355035,7165,7229
252267,7171,7224
150924,7181,7237
296494,7184,7229
307914,7184,7232
63158,7186,7242
240025,7254,7316
141362,7299,7411
239096,7323,7399
218350,7326,7392
174433,7353,7410
179988,7448,7505
335743,7791,7865
223106,7794,7861
370484,7795,7870
252163,7796,7866
274455,7797,7886
280814,7801,7863
124271,7801,7893
137268,7801,7913
269721,7825,7886
121848,7828,7919
86738,7831,7911
340158,7834,7900
132572,7834,7908
211396,7842,7905
211842,7844,7911
99413,7847,7912
271346,7850,7910
382093,7852,7912
141363,7870,7939
156622,7870,7975
183306,7875,7939
183307,7875,7946
157560,7883,7943
150318,8006,8057
180220,8041,8110
260370,8047,8109
277674,8056,8121
255565,8061,8112
315478,8068,8191
15952,8070,8171
288146,8074,8136
69193,8074,8150
260371,8079,8188
222680,8291,8343
348943,8297,8347
243484,8377,8448
141359,8377,8455
275569,8390,8446
254614,8418,8485
227546,8436,8500
154654,8456,8501
151184,8637,8706
334520,8708,8774
175390,8723,8799
97825,8731,8775
283167,8819,8889
141359,8824,8889
275568,8831,8884
91020,9255,9318
194918,9260,9338
194919,9266,9362
126589,9267,9328
335742,9268,9338
4611,9270,9340
333235,9272,9343
276313,9273,9354
194920,9277,9355
101508,9290,9375
375066,9302,9358
206290,9352,9404
301951,9354,9406
366513,9357,9407
283370,9357,9434
1333,9358,9406
258883,9366,9438
293526,9371,9426
30042,9391,9459
134711,9393,9458
227143,9403,9459
80559,9418,9485
46211,9464,9554
356870,9482,9552
321804,9524,9584
65309,9564,9607
401185,9564,9631
75543,9570,9621
315011,9574,9635
401184,9574,9639
348838,9595,9683
194927,9606,9670
328558,9611,9670
136907,9611,9674
181541,9612,9681
141364,9612,9685
383439,9632,9698
124437,9633,9678
63733,9637,9698
187612,9650,9704
227951,9680,9761
289267,9732,9794
139248,9737,9785
194789,9747,9793
181542,9788,9860
354909,9803,9876
404413,9830,9872
173980,10115,10170
250858,10116,10175
319549,10199,10263
172585,10203,10271
75675,10400,10468
368022,10400,10481
388242,10401,10452
312296,10401,10456
119241,10401,10476
175133,10401,10485
150787,10402,10474
394011,10403,10484
354911,10404,10488
251601,10415,10477
167877,10418,10519
200633,10483,10548
376399,10501,10557
202305,10908,10958
979,10932,11001
280666,10940,11004
261118,10947,11041
328559,10951,11040
187705,10953,10998
375570,10956,11043
203077,10969,11045
389618,10970,11047
141363,10978,11042
136907,10980,11046
145904,11002,11067
291794,11003,11059
291793,11003,11074
25876,11004,11065
11669,11009,11090
197696,11011,11070
236806,11011,11081
21792,11012,11062
398410,11015,11068
80558,11015,11079
285196,11017,11062
251599,11020,11125
197695,11022,11072
170940,11028,11098
394013,11035,11155
213973,11047,11105
378546,11183,11246
127863,11467,11531
394012,11620,11727
240094,11833,11894
389238,11835,11931
389237,11835,11936
157562,11837,11902
319550,11842,11917
365442,11856,11927
380929,11862,11923
360580,11878,11921
341044,11961,12058
105614,12051,12111
260061,12208,12266
127864,12209,12279
217583,12220,12278
47917,12221,12281
128795,12421,12481
112632,12465,12545
107277,12482,12537
119242,12491,12533
251600,12508,12587
382939,12517,12583
70203,12525,12594
