6102,13,62
58873,180,276
58872,180,279
89934,182,254
103956,184,270
346981,190,270
283311,194,273
219724,200,273
359436,211,273
86575,273,330
388730,294,356
288194,323,372
81495,1363,1421
150434,1371,1436
280459,1509,1581
167837,1510,1575
210593,1522,1596
404127,1611,1672
57899,1624,1671
279613,1668,1734
29120,1717,1767
58875,1782,1883
58874,1795,1913
399407,1828,1897
307776,1829,1879
277317,1830,1914
169731,1881,1939
265020,2267,2336
133260,2289,2354
343811,2390,2457
86087,2569,2637
56693,2570,2635
376979,2581,2643
167838,2585,2655
204340,2601,2670
204230,2638,2715
145190,2638,2721
291289,2651,2720
72348,2655,2723
58871,2656,2719
373850,2656,2721
292386,2656,2729
174541,2658,2720
223968,2660,2723
58870,2660,2731
336576,2660,2744
292387,2661,2746
206507,2789,2846
33958,2790,2859
280925,2901,2973
126423,2912,2979
120349,3423,3480
211886,3426,3476
220998,3429,3515
318260,3443,3508
280460,3445,3530
53873,3450,3509
274581,3450,3551
23690,3454,3514
385672,3465,3537
385673,3465,3543
147388,3466,3539
264576,3470,3547
240080,4086,4177
271808,4092,4170
39965,4095,4177
350287,4097,4163
15826,4098,4169
65292,4101,4177
10486,4105,4177
15960,4113,4165
4485,4114,4177
196127,4495,4554
132405,4533,4631
42539,4573,4634
26831,4715,4777
363732,4778,4827
243952,4778,4847
309457,4799,4871
383070,4802,4865
275363,4807,4867
94083,4809,4860
374842,4991,5062
150436,4991,5075
145931,5003,5122
150437,5007,5107
16009,5010,5131
169546,5013,5109
210825,5021,5152
13957,5023,5149
169547,5026,5151
359038,5028,5140
233898,5029,5136
309458,5031,5139
255825,5036,5147
283970,5038,5154
359037,5039,5139
145930,5039,5151
296834,5040,5159
150435,5040,5167
169548,5061,5166
149017,5063,5131
20952,5066,5135
63817,5070,5150
394202,5083,5149
93225,5083,5166
120882,5308,5361
371107,5308,5384
335248,5308,5391
399406,5308,5395
250523,5308,5403
401760,5357,5431
241524,5368,5432
267897,5371,5441
145932,5466,5531
62650,5475,5570
151045,5477,5541
359437,5477,5555
360540,5497,5555
203576,5502,5553
264577,5507,5571
145933,5573,5631
406900,5573,5650
102818,5574,5639
399406,5577,5662
90977,5585,5650
11936,5587,5660
210594,5590,5684
102819,5594,5657
148810,5603,5655
143109,5611,5663
237326,5647,5702
25150,5648,5709
399407,5842,5922
488,5842,5928
58876,5842,5945
125185,5848,5914
283311,5848,5923
224258,5865,5942
142946,5875,5940
