117770,120,184
10525,122,184
118343,123,187
1315,123,196
12218,125,195
17454,129,197
337364,132,197
77279,153,197
55624,239,299
5416,247,304
353604,360,413
105374,365,415
147696,479,567
105916,479,570
15258,479,573
364193,480,552
299057,736,798
399972,736,849
97406,737,817
116853,737,822
55040,738,796
97789,743,816
69222,749,799
311238,752,817
191377,755,814
115042,755,828
156854,755,847
243531,756,832
326135,757,804
370851,757,808
280929,757,817
358971,758,822
253436,760,817
114601,761,838
234273,764,814
130515,764,816
370980,777,844
36519,779,847
40972,793,854
248763,794,856
58400,801,856
322522,900,960
26387,900,962
4622,901,958
134225,901,964
102580,901,975
186548,902,968
77239,902,973
159311,914,965
404120,931,983
72741,1280,1349
199002,1280,1359
210352,1294,1356
152347,1309,1402
109924,1310,1372
259265,1316,1383
56281,1321,1368
300091,1329,1418
104795,1336,1398
280436,1344,1445
347775,1350,1413
251272,1350,1422
24689,1351,1432
159312,1358,1407
295232,1360,1438
334040,1360,1441
387484,1360,1456
183795,1360,1474
381765,1364,1467
132163,1368,1470
222206,1369,1437
91990,1375,1459
250391,1376,1461
352620,1378,1457
225633,1380,1468
322703,1387,1478
285440,1388,1450
9551,1395,1471
103512,1400,1469
125855,1403,1463
233629,1441,1517
367592,1534,1592
143759,2066,2147
231005,2077,2151
387481,2239,2319
346928,2351,2457
201385,2359,2457
230343,2361,2411
86906,2361,2450
142373,2370,2446
322841,2372,2451
176270,2381,2446
202601,2386,2458
226103,2392,2458
7628,2393,2454
15964,2395,2465
141622,2397,2450
1324,2399,2464
150793,2400,2454
319587,2400,2460
109923,2557,2628
313237,2571,2634
4621,2572,2627
302779,2580,2647
26147,2605,2695
273440,2607,2700
254359,2608,2697
143760,2627,2698
310460,2633,2750
244067,2654,2723
252403,2656,2725
335250,2658,2722
203648,2670,2750
300802,2670,2756
17451,2670,2759
17453,2674,2745
40562,2680,2759
204590,2688,2760
147943,2890,2943
403551,3165,3246
207935,3170,3234
109695,3170,3241
368365,3174,3231
373647,3185,3244
237996,3186,3266
176271,3187,3242
237995,3188,3284
23929,3191,3234
318353,3191,3255
122927,3193,3256
16774,3209,3253
348377,3220,3284
175404,3693,3759
387479,4432,4537
40561,4443,4537
17451,4456,4538
394027,4460,4524
381575,4465,4530
387480,4468,4535
63735,4608,4669
306544,4611,4684
89386,4931,5000
197527,4931,5005
54957,4941,5005
7610,4944,5012
44079,4947,5009
38552,4948,5002
161779,4948,5013
5761,4951,5005
86905,4954,5012
244108,4955,5011
34596,5552,5619
215467,5552,5634
305395,5873,5927
381717,5873,5930
140861,6271,6323
380168,6272,6353
191018,6282,6344
166862,6282,6354
99836,6282,6357
262581,6283,6339
284068,6284,6345
356441,6294,6358
384000,6297,6367
98788,6301,6365
392600,6302,6361
282966,6305,6366
13285,6305,6386
9211,6309,6383
284561,6309,6422
112750,6310,6366
188000,6310,6381
106732,6324,6386
284560,6335,6427
358767,6349,6410
378814,6361,6429
26757,6367,6429
187699,6369,6452
68860,6431,6495
218130,6433,6511
387485,6779,6858
164493,6779,6863
112296,6796,6865
140860,6797,6862
45201,6800,6891
291154,6803,6862
241383,6827,6929
320287,6833,6925
142279,6919,6975
10760,7125,7200
66737,7159,7222
335945,7165,7228
63679,7203,7266
78880,7205,7267
382286,7205,7271
280135,7205,7278
138389,7206,7275
171570,7207,7269
251878,7207,7273
335249,7208,7272
235611,7209,7270
223207,7209,7273
285178,7210,7265
8071,7211,7270
54494,7219,7273
299037,7220,7291
335944,7223,7289
86540,7228,7288
337419,7229,7291
390370,7232,7309
201386,7290,7372
263983,7302,7367
356299,7303,7377
216635,7305,7378
195463,7309,7369
388454,7310,7399
130065,7311,7377
292569,7313,7387
272556,7317,7378
381762,7318,7397
215466,7324,7388
252402,7324,7398
407165,7326,7397
394026,7331,7399
188478,7332,7414
262034,7348,7400
349588,7349,7411
321889,7350,7397
174565,7350,7402
232734,7350,7417
97719,7357,7422
257254,7358,7411
231001,7360,7424
182119,7607,7694
66595,7616,7719
161099,7627,7703
383601,7634,7709
311220,7640,7702
187701,7653,7706
187700,7653,7714
274594,7662,7723
77280,7740,7849
309974,7781,7852
3913,7782,7829
354657,7787,7848
280762,7792,7854
280763,7795,7849
329904,7796,7859
164494,7798,7869
324101,7802,7861
13286,7840,7931
13287,7840,7961
77283,7883,7966
13289,7947,8076
306548,7949,8041
305076,7956,8020
22410,7956,8037
348376,7974,8035
99837,7982,8064
77284,7983,8121
400797,7984,8051
99838,7984,8101
366097,7985,8032
17447,8018,8102
17448,8018,8109
77282,8023,8125
27611,8035,8133
99839,8043,8121
13288,8046,8133
77281,8060,8133
56541,8063,8129
77286,8063,8133
156174,8191,8248
319717,8191,8295
13290,8191,8336
223776,8194,8248
77285,8203,8337
17447,8248,8334
17448,8248,8346
186550,8249,8324
225630,8426,8505
135624,8427,8519
39743,8431,8522
33636,8468,8535
397436,8538,8603
337029,8774,8823
346925,8873,8945
145888,8888,8970
58668,8894,8943
238020,9503,9575
26644,9506,9572
337934,9507,9575
4620,9511,9577
187698,9511,9582
224576,9517,9576
226831,9518,9580
68084,9524,9580
174446,9525,9577
226832,9527,9582
353388,9656,9714
379842,9667,9734
119298,9670,9726
399147,9686,9773
24775,9687,9737
124103,9689,9762
116182,9690,9769
324383,9697,9757
360707,9748,9811
69223,9751,9810
31862,9768,9834
354654,9770,9849
236132,9788,9884
237994,9889,9958
213622,9891,9955
320286,9950,10017
278025,9996,10080
370981,10000,10079
24136,10004,10059
117164,10004,10070
332233,10004,10090
210162,10005,10066
335248,10005,10080
258942,10007,10069
17450,10007,10077
93562,10013,10070
138654,10020,10084
710,10025,10094
308471,10027,10097
231252,10033,10110
7627,10042,10110
7611,10051,10108
367591,10161,10225
46507,10168,10239
306547,10265,10330
306546,10267,10328
242264,10267,10335
228989,10269,10334
226168,10272,10327
17452,10393,10440
17450,10393,10459
19916,10393,10467
8771,10393,10471
159313,10393,10490
331304,10406,10492
8770,10426,10509
188878,10447,10500
114229,10531,10586
277064,10531,10605
305396,10835,10898
40042,10835,10922
117166,10836,10902
276733,10836,10933
105917,10837,10899
230005,10837,10928
6785,10839,10922
4720,10840,10915
24137,10840,10936
387486,10840,10949
40043,10840,10954
387483,10841,10903
387482,10841,10907
15257,10841,10921
40040,10844,10943
69220,10929,11002
170091,11261,11322
368366,11436,11507
9208,11437,11500
76102,11439,11509
3838,11440,11511
371977,11441,11507
244109,11443,11513
265643,11444,11509
53730,11445,11512
287691,11451,11511
198624,11453,11505
112144,11454,11528
231000,11455,11511
12571,11456,11510
390369,11456,11513
140502,11457,11501
78095,11457,11509
130064,11457,11511
343076,11457,11519
83458,11457,11522
51278,11457,11532
46736,11523,11640
387488,11534,11640
15965,11695,11780
244110,11695,11791
335245,11695,11814
223809,11696,11753
108348,11702,11775
343075,11710,11808
223566,11711,11803
399971,11714,11793
16990,11718,11773
225631,11718,11777
174902,11720,11803
341595,11721,11799
168192,11722,11814
222207,11723,11785
408565,11725,11809
6398,11726,11814
383955,11730,11790
198236,11731,11811
225632,11732,11791
288180,11733,11809
245175,11736,11809
105183,11742,11814
370979,11743,11809
387487,11848,11951
348143,11861,11935
126177,11861,11943
240486,11862,11928
226833,11865,11952
25938,11868,11942
278024,11871,11929
339865,11885,11950
247435,12305,12361
306545,12314,12399
182068,12331,12426
113980,12332,12386
117165,12332,12407
237578,12335,12386
8769,12360,12418
40039,12361,12425
136028,12364,12422
70205,12365,12418
123039,12669,12742
322702,12682,12751
348147,12689,12752
33857,12694,12756
183689,12906,12959
91989,12928,13002
240485,12929,13004
381763,13045,13141
354656,13056,13132
40041,13057,13143
147697,13061,13143
69221,13061,13146
33661,13065,13146
3838,13068,13145
170573,13069,13143
221997,13084,13146
213621,13085,13153
407621,13090,13150
354655,13207,13268
224924,13210,13280
17453,13355,13430
322521,13365,13423
237993,13366,13429
231004,13680,13736
114679,13879,13952
330343,13898,13966
371149,13901,13964
376300,13902,13963
84329,13904,13962
13291,13905,13968
4275,13907,13962
188407,13907,13969
218451,13908,13972
31547,13909,13969
318904,13910,13992
132688,13912,13969
172282,13912,13979
9497,13914,13994
323235,13922,13968
86792,13922,13988
402990,13930,13991
72930,14041,14103
109989,14041,14111
17452,14042,14106
407164,14050,14124
381764,14061,14128
35910,14110,14174
53729,14143,14218
300432,14144,14224
17449,14443,14506
259473,14537,14613
17449,14759,14815
257933,14892,14946
556,14936,15016
373391,14937,14996
554,14944,15018
165305,14950,15011
100205,15045,15109
115856,15046,15107
303372,15052,15103
222208,15153,15240
17446,15154,15230
331903,15154,15259
95768,15184,15265
364195,15197,15240
347760,15198,15260
284067,15202,15264
221301,15204,15260
31904,15205,15265
17446,15351,15428
402991,15360,15432
79224,15447,15497
61566,15486,15552
280561,15505,15554
128499,15544,15609
295204,15544,15635
359652,15547,15608
140878,15573,15627
69219,15752,15827
98167,15789,15852
7114,15793,15858
152139,15794,15856
337127,15799,15880
106733,15808,15871
65892,15809,15889
334038,15815,15890
89425,15829,15890
352621,16067,16120
380167,16244,16310
266786,16256,16309
206504,16261,16315
212238,16612,16678
223208,16616,16681
55834,17152,17201
245239,17342,17405
196285,17342,17420
114678,17342,17423
15966,17344,17405
172797,17346,17396
130245,17347,17409
364175,17576,17657
280136,17577,17642
305355,17586,17645
361870,17586,17647
335214,17588,17647
8772,17603,17648
364196,17749,17797
284066,17750,17822
375297,17751,17824
40095,17951,18022
364194,18012,18085
345206,18023,18084
82696,18048,18117
341737,18150,18213
402749,18150,18216
300116,18162,18217
133667,18173,18234
82695,18179,18234
231204,18409,18463
218129,18443,18503
71681,18721,18793
342629,19001,19057
403668,19085,19156
288394,19114,19178
361114,19121,19185
282283,19137,19220
335246,19142,19197
335247,19142,19214
279312,19187,19251
223810,19187,19271
28534,19188,19250
99267,19190,19250
114677,19190,19256
306005,19191,19254
255319,19193,19256
112751,19411,19470
225629,19424,19485
186549,19427,19485
337418,19427,19508
148023,19429,19485
296877,19429,19511
203716,19430,19505
265642,19441,19512
239636,19476,19549
387489,19485,19547
302250,19488,19548
99889,19494,19549
346926,19760,19822
404492,19825,19894
9517,19836,19894
156173,19845,19906
341736,20666,20729
56963,20680,20745
66696,20687,20755
326407,20689,20756
334039,20694,20756
367204,20806,20857
399105,20837,20904
254616,20979,21046
122926,21027,21093
140862,21031,21093
375904,21042,21087
276357,21065,21118
22271,21102,21148
13223,21153,21216
322701,21306,21353
5224,21306,21364
347774,21499,21570
241382,21502,21572
128292,21503,21575
37065,21687,21768
252154,21693,21765
397337,21711,21765
82753,21715,21767
260735,21813,21859
277866,21813,21863
191138,21998,22071
144631,22217,22288
65127,22221,22289
125240,22406,22500
357975,22506,22578
49116,22507,22576
91974,22911,22966
350284,22911,22979
221132,22913,23027
63734,22915,23038
284559,22969,23032
1315,22970,23037
17454,22981,23037
231253,23039,23154
305662,23069,23191
324100,23071,23194
203717,23074,23183
280437,23081,23191
319369,23085,23195
266426,23089,23175
374727,23092,23172
346927,23096,23207
164208,23099,23183
211467,23103,23192
44509,23104,23162
9210,23105,23181
183794,23105,23197
354652,23108,23181
230342,23108,23193
107873,23109,23170
56961,23109,23187
246161,23109,23191
114860,23113,23181
358768,23113,23184
53731,23113,23197
50745,23118,23186
345205,23144,23206
332297,23147,23204
310461,23147,23219
285439,23151,23219
346863,23167,23209
337338,23189,23231
31903,23384,23499
299658,23385,23451
402797,23385,23493
231003,23389,23478
10499,23405,23487
86085,23406,23480
56962,23409,23471
60424,23412,23473
220972,23416,23488
263631,23418,23482
9209,23418,23486
354653,23423,23510
67341,23439,23509
239909,23445,23507
215988,23455,23516
306426,23473,23534
7598,23474,23535
45809,23481,23549
316072,23491,23555
