101582,104,236
376856,131,244
305915,134,245
22762,145,245
60548,809,884
51636,816,876
60547,817,884
244148,823,889
48989,825,875
60962,896,945
101583,1426,1488
398439,1426,1502
385275,1426,1510
385276,1427,1493
215186,1452,1515
287837,1452,1517
241539,1453,1514
204365,1466,1536
343854,1496,1576
151577,1502,1568
8125,1503,1576
130443,1504,1567
140385,1506,1577
402580,1514,1575
70872,1520,1576
281060,1920,1985
292089,1938,1992
126171,1946,2005
10925,2316,2373
73800,2320,2370
41648,2326,2389
7557,2331,2400
205544,2816,2874
342364,2817,2872
376853,2817,2884
329124,2819,2886
160919,2820,2884
133506,3181,3258
307113,3181,3265
166756,3190,3258
405939,3197,3262
296172,3235,3297
289649,3236,3298
127386,3382,3443
376851,3382,3471
61829,3383,3460
215187,3383,3476
163802,3383,3503
127385,3384,3466
44413,3384,3470
88965,3384,3493
114502,3385,3440
67897,3385,3448
298014,3385,3480
49285,3385,3483
163803,3385,3499
103935,3389,3477
56012,3391,3482
293057,3391,3487
350121,3409,3499
70166,3410,3487
38997,3412,3471
127387,3426,3499
70759,3434,3518
107627,3436,3499
309920,3609,3689
213245,3761,3852
135532,3771,3824
299798,3774,3836
374383,3785,3872
397600,4033,4084
125454,4033,4089
169777,4033,4096
303859,4033,4104
192969,4034,4112
329166,4036,4110
46837,4043,4092
334164,4046,4111
286256,4218,4284
58845,4224,4286
186166,4237,4289
20214,4237,4292
21310,4242,4294
84827,4444,4528
315228,4445,4517
281059,4445,4545
114503,4445,4558
135178,4448,4533
281058,4448,4546
309921,4448,4559
56944,4449,4511
99764,4450,4539
74642,4451,4525
84822,4452,4555
385277,4453,4538
104899,4456,4517
116015,4457,4525
49578,4467,4522
267054,4468,4545
29693,4474,4539
152185,4488,4580
4955,4489,4582
145597,4496,4544
322794,4498,4582
277020,4512,4583
242164,4515,4572
236489,4541,4582
54838,4867,4920
165416,4868,4919
68272,5068,5143
53356,5396,5468
215188,5398,5517
106534,5400,5462
375801,5405,5518
375802,5417,5491
376855,5418,5551
215189,5422,5538
363903,5425,5529
334618,5427,5531
393601,5430,5495
370711,5430,5525
10,5432,5540
376852,5434,5543
376854,5443,5555
279259,5454,5549
65080,5454,5561
11,5455,5541
174977,5456,5545
238791,5492,5592
247809,5505,5559
151576,5719,5788
154743,5759,5836
404140,5759,5847
253169,5772,5848
150067,5775,5834
42302,5777,5831
179637,6515,6579
209522,6517,6577
168649,7000,7050
143063,7002,7074
78297,7010,7072
297104,7014,7077
291576,7281,7347
270970,7722,7794
114675,7971,8024
70871,7971,8038
249365,7972,8034
393459,7976,8041
244164,7979,8044
248576,7985,8104
343855,8468,8554
10322,8475,8551
34646,8504,8555
385274,8672,8743
87879,8680,8743
23226,8683,8742
248573,8683,8745
49558,8695,8750
745,8697,8752
242880,8701,8753
198315,8711,8762
284836,8789,8854
8519,8795,8849
248573,8795,8851
114076,9027,9093
385212,9213,9257
248576,9216,9327
163646,9490,9560
346028,9496,9541
211786,9502,9543
259524,9728,9781
248575,9787,9879
234239,10789,10851
248575,10961,11045
173514,11203,11259
174978,11208,11283
342365,11290,11342
42301,11423,11490
329123,12384,12448
333530,12499,12598
308664,12548,12597
408412,12818,12895
269792,12822,12895
71618,13054,13125
71619,13069,13131
157104,13128,13185
70645,13131,13194
154742,13133,13193
238417,13142,13193
404860,13414,13459
130734,13417,13467
48002,13422,13479
207791,13422,13482
248578,13428,13538
116798,13673,13720
114504,13743,13810
255812,13751,13828
135041,13752,13814
276378,13761,13835
168767,13762,13814
197492,13770,13826
317964,13772,13818
361733,13777,13851
222638,13778,13845
236183,13779,13833
337169,13780,13856
286611,13782,13876
310441,13804,13887
236138,13834,13890
151535,13837,13895
337170,13853,13925
329561,13876,13956
33240,13879,13959
171132,13898,13959
2553,13915,13959
398113,14054,14106
239684,14435,14500
140387,14483,14554
7972,14487,14553
309918,14504,14571
231601,14561,14622
402289,14577,14650
281057,14583,14660
368330,14585,14648
4954,14601,14664
310770,14614,14678
226520,14679,14746
387444,14778,14845
178093,14783,14851
332580,14788,14850
89389,14790,14838
248577,15182,15255
43128,15344,15398
166185,15345,15423
60664,15678,15744
309917,15678,15760
50176,15688,15746
54839,15689,15761
67992,15689,15770
71394,15695,15757
15280,15696,15761
138030,15696,15770
149955,15697,15759
182940,15705,15772
248574,15766,15819
368589,15995,16049
97873,16110,16164
26613,16110,16194
183053,16112,16193
44610,16126,16181
149775,16128,16192
156979,16129,16197
390972,16130,16191
345612,16142,16197
293058,16523,16578
248574,16634,16695
222637,16634,16707
248577,16634,16713
407229,16643,16705
97872,16960,17041
219369,16969,17031
83824,16981,17058
51568,16995,17071
323525,16996,17058
263974,17002,17068
408410,17008,17069
376857,17579,17635
401405,17588,17638
257576,17593,17650
49344,17602,17654
394879,17981,18040
123098,17983,18046
30681,17990,18056
61919,17994,18055
10064,17998,18053
117339,17999,18074
130444,18016,18078
140386,18024,18076
188701,18024,18091
290867,18053,18122
376858,18060,18123
408411,18191,18249
99763,18192,18255
97871,18215,18276
184598,18235,18286
235778,18395,18462
238418,18397,18454
68563,18397,18475
54840,18397,18486
69222,18408,18463
265876,18413,18456
159654,18707,18763
197493,18852,18941
309919,18863,18941
114169,18865,18938
68316,18867,18941
360257,18874,18940
297103,18876,18941
348137,18883,18939
380397,19232,19299
262568,19232,19304
246241,19257,19308
68315,19447,19515
202454,19469,19543
339078,19653,19696
127384,20153,20214
353671,20154,20216
248578,20300,20415
119108,20305,20363
71617,20352,20415
253283,20528,20580
228162,20537,20597
23227,21032,21101
321906,21459,21524
244165,21637,21694
293650,21782,21840
242551,21788,21839
137245,21969,22031
403634,22033,22089
277712,22404,22478
31189,22420,22485
26290,22432,22494
36691,22921,22992
95060,23149,23237
162239,23176,23240
101581,23176,23260
327938,24104,24167
168569,24768,24838
21911,24807,24861
170165,24819,24873
272895,24999,25054
227747,25026,25084
48522,25037,25086
251107,25037,25091
60549,25672,25733
378934,25842,25906
236184,25844,25904
153343,25854,25921
