141511,111,199
399235,122,232
101582,126,265
141512,148,265
219368,156,264
29401,164,265
232709,169,259
85680,172,265
333008,323,377
58691,325,381
1315,326,387
240123,333,394
308445,347,418
304972,370,421
406066,371,420
87632,544,608
42293,544,615
152551,544,623
96704,553,636
90433,573,632
253507,894,946
33719,1511,1569
168593,1511,1580
1833,1520,1570
371252,1644,1700
378241,1959,2027
358365,2056,2107
336526,3065,3135
367609,3074,3140
263955,3362,3410
129103,3362,3429
359661,3369,3424
371252,3370,3440
193521,3502,3567
244323,3503,3570
284348,3517,3574
182742,3639,3681
117012,3739,3807
76666,3750,3811
84675,3752,3819
31083,3756,3818
184833,3761,3828
53413,3762,3835
306945,3764,3827
174682,3764,3850
208510,3765,3829
65579,3766,3827
306946,3768,3829
177866,3771,3842
278332,3775,3863
327041,3779,3840
25576,3781,3858
92994,3786,3841
233609,3791,3854
124295,3791,3857
58690,4285,4343
96143,4420,4478
96144,4426,4479
250085,4676,4724
219990,4678,4734
88255,4906,4956
266095,5058,5122
230958,5162,5275
407458,5169,5254
92664,5221,5270
76801,5223,5307
319134,5225,5274
278061,5274,5348
241973,5298,5353
154294,5610,5668
118319,5610,5677
111466,5610,5682
315365,5610,5689
212518,5645,5717
371256,5645,5734
245128,5663,5740
122256,5665,5764
371477,5666,5744
380637,5682,5758
391432,5682,5762
328335,5683,5775
98413,5691,5787
373124,5692,5751
118318,5708,5762
273365,5708,5764
209845,5708,5775
29400,5717,5791
135247,5723,5809
133953,5725,5786
48896,5727,5785
371254,5731,5795
34066,5734,5796
298597,5736,5793
4398,5736,5817
56483,5738,5802
237383,5739,5810
175613,5739,5816
125428,5740,5795
282671,5743,5816
314431,5748,5815
374487,5752,5818
189987,5754,5816
94389,6323,6367
187534,7306,7411
50496,7306,7416
42436,7311,7393
133952,7311,7407
7961,7311,7411
126582,7312,7414
334181,7317,7424
371478,7329,7425
217088,7339,7423
312687,7340,7419
369122,7341,7413
318698,7346,7416
305716,7346,7421
4399,7347,7409
54266,7348,7415
118250,7348,7425
53008,7351,7417
101581,7353,7425
1226,7356,7416
193591,7363,7424
248221,7364,7416
28136,7364,7426
66485,7367,7423
258070,7377,7425
231003,7652,7722
218650,7788,7850
332531,7788,7852
196837,7788,7855
182393,7790,7851
372388,7800,7863
225353,7842,7906
223656,7851,7929
340311,7865,7928
110378,7873,7927
362224,8258,8321
106462,8421,8487
241972,8430,8488
159674,8694,8775
175171,8694,8795
183721,8695,8781
406271,8695,8784
17549,8696,8773
58520,8698,8807
209136,8699,8762
39875,8702,8787
244321,8706,8805
71289,8720,8814
55577,8721,8810
201860,8786,8900
371257,8797,8900
319705,9124,9202
332530,9137,9201
407457,9148,9239
274238,9149,9201
305725,9149,9234
249053,9150,9202
42428,9157,9220
76804,9158,9237
28137,9160,9232
365221,9179,9251
244322,9180,9249
163261,9189,9265
292278,9208,9259
293806,9210,9260
190178,9223,9287
172625,9241,9311
74334,9265,9310
246931,9267,9334
386562,9290,9351
74124,9540,9599
371254,9786,9858
280725,9974,10050
241637,10191,10259
117332,10197,10254
194264,10738,10803
362225,10750,10817
407456,10896,10957
239346,10996,11049
322141,11413,11479
286700,11416,11480
284349,11677,11789
338305,11680,11773
306449,11686,11774
379904,11687,11789
146415,11700,11793
203080,11760,11825
404632,12129,12222
104860,12158,12214
152811,12274,12335
116193,12665,12740
125427,12668,12740
314871,12691,12770
53414,12695,12770
358366,12701,12770
172624,12702,12781
21911,12705,12772
57677,12707,12783
8533,12711,12779
280724,12721,12784
231004,12723,12784
38719,12729,12783
392594,12754,12818
166644,12754,12841
362226,12758,12837
200397,13111,13160
80508,13112,13174
166643,13150,13240
54033,13155,13211
328347,13171,13228
92844,13182,13251
223753,13187,13254
245130,13193,13257
183159,13194,13255
387565,13313,13385
368740,13329,13407
368739,13342,13408
308820,13346,13408
52554,13347,13409
168605,13357,13407
82683,13358,13415
393771,13358,13420
143254,13397,13486
231770,13638,13679
306230,13639,13704
371250,13815,13918
372284,13863,13919
230381,13863,13944
7181,13880,13943
82687,13926,13990
371250,13952,14048
245129,13996,14060
178625,13997,14039
358064,14118,14167
134410,14139,14205
255407,14385,14437
254157,14385,14448
371256,14385,14459
323999,14385,14471
301873,14386,14449
4398,15125,15195
265490,15125,15198
265491,15125,15201
265489,15153,15217
74125,15474,15540
302683,15478,15537
254358,15503,15566
245131,15520,15589
140570,16001,16053
320891,16287,16334
42018,16288,16351
252496,16294,16351
15659,16298,16359
89346,16864,16933
122257,16999,17073
76802,17243,17304
201859,17736,17828
371257,17736,17831
77695,17917,18021
1519,17926,17980
29402,17938,18047
109073,17944,18000
404634,17947,18035
399476,18307,18372
220210,18308,18369
383207,18311,18373
371255,18458,18571
404633,18490,18571
10038,18511,18570
294503,18512,18565
149956,18900,18967
171570,18925,18975
76803,18928,18986
371251,19069,19162
161843,19093,19160
74126,19094,19175
5825,19095,19161
279604,19129,19186
254789,19129,19194
161597,19142,19211
193580,19149,19218
244074,19202,19280
371251,19240,19322
48648,19241,19294
17548,19453,19555
62806,19474,19532
144214,19474,19539
29745,19474,19558
67438,19493,19585
334180,19494,19562
335479,19496,19576
54112,19709,19760
401911,19777,19839
336525,19796,19864
21237,19810,19867
163615,19824,19867
4398,19967,20034
188418,19983,20033
367831,19989,20037
387564,20346,20403
288511,21274,21332
87083,21491,21559
325672,21491,21568
371253,21860,21920
76806,21860,21933
169870,21861,21926
4398,21862,21931
19887,21863,21915
279492,21869,21940
369123,21888,21949
156041,22037,22119
42294,22038,22148
101583,22042,22116
233402,22043,22128
52860,22043,22134
265493,22048,22117
318806,22060,22122
74296,22086,22154
317848,22104,22168
109250,22238,22306
53737,22405,22457
4397,22538,22631
265494,22540,22610
251746,22541,22605
404635,22543,22618
34602,22563,22651
135248,22681,22783
231005,22695,22780
281465,22825,22885
83369,22825,22891
298816,22925,22980
80901,22939,23002
43594,22941,23002
389526,22954,23003
306231,23451,23512
684,23591,23647
368477,23593,23646
265495,23631,23685
17649,23736,23828
357552,24193,24255
362228,24209,24315
362227,24351,24409
196838,24465,24544
161596,24469,24538
382151,24484,24540
23295,24503,24566
43971,24503,24572
354854,24504,24569
133928,24510,24568
370424,25227,25294
315261,25233,25294
371253,25237,25299
19887,25241,25294
76805,25266,25335
332529,25541,25607
371255,25675,25800
404636,25689,25796
305726,25733,25781
87633,25733,25796
218649,25829,25892
183722,25896,25967
301626,26313,26377
338966,26331,26394
305727,26336,26408
145861,26341,26396
63629,26350,26417
108852,26514,26577
175136,26517,26570
403410,26517,26574
392136,26690,26747
222104,26691,26749
40156,26867,26942
265492,26871,26937
391431,26873,26937
357912,26879,26940
5306,26889,26940
362229,27096,27156
134752,27097,27167
254582,27352,27416
368455,27352,27426
23102,27392,27452
407559,27422,27486
15354,27476,27551
183116,27754,27827
231069,27776,27853
122954,27801,27890
122955,27804,27888
380636,27805,27860
101307,27833,27897
106073,27835,27897
34914,27910,27980
193116,27913,28005
21421,27968,28027
60614,28061,28148
69193,28071,28149
361578,28074,28145
318807,28076,28151
14988,28081,28148
105284,28081,28165
19635,28087,28152
318478,28087,28173
92256,28099,28152
161594,28239,28290
371479,28347,28426
245300,28348,28417
161595,28348,28452
25888,28350,28408
8140,28355,28418
278285,28363,28425
385060,28364,28417
165649,28365,28416
350048,28371,28452
35082,28384,28447
325671,28391,28452
