42274,189,250
327148,190,262
396325,193,246
165937,195,256
405977,198,240
311759,198,259
294490,199,264
162070,201,266
28470,352,433
280715,357,430
395557,388,432
386003,548,625
315577,558,622
219055,783,846
190976,810,871
15734,817,867
34455,817,892
358374,840,895
264977,840,978
264973,862,963
330320,877,976
264974,878,989
264975,898,991
7926,903,991
13840,910,980
220591,919,973
38318,922,991
72989,923,971
318459,924,985
399745,946,990
130686,1071,1142
42374,1075,1147
89944,1076,1157
5037,1078,1151
239059,1081,1142
150753,1081,1168
129726,1083,1172
3216,1084,1146
330816,1084,1155
322067,1084,1166
399744,1092,1168
357409,1099,1157
231182,1109,1196
88001,1116,1208
248400,1117,1179
402984,1127,1199
167238,1158,1222
264973,1308,1420
92489,1325,1421
264976,1325,1430
97728,1325,1438
264974,1325,1447
269593,1326,1416
172642,1342,1416
97727,1344,1445
264975,1346,1447
161453,1370,1443
167460,1377,1431
83240,1390,1443
371846,1415,1467
139607,1478,1528
182681,1480,1536
151591,1484,1591
16799,1701,1765
140538,1701,1772
261340,1703,1763
227073,1711,1774
206853,1714,1772
114139,1721,1773
269592,1812,1865
92488,1812,1877
264972,1812,1892
264975,1812,1903
397267,1831,1903
282088,1976,2029
216009,1978,2026
174531,1997,2063
330318,2001,2080
311914,2020,2081
264977,2123,2258
264976,2163,2257
190434,2165,2250
44358,2166,2227
92487,2170,2251
172643,2176,2252
264972,2185,2258
143187,2194,2258
365485,2198,2254
398006,2381,2445
244073,2382,2450
181243,2387,2475
131005,2388,2470
397614,2389,2464
271959,2407,2480
279883,2421,2494
189370,2422,2488
104694,2429,2494
292096,2466,2530
390012,2467,2541
347926,2468,2544
147389,2476,2568
97885,2477,2529
143188,2489,2562
392162,2492,2557
82553,2493,2556
338725,2495,2577
81184,2498,2569
341342,2501,2558
155830,2512,2580
271133,2513,2574
209115,2516,2581
44834,2526,2601
198980,2606,2672
400640,2625,2692
308834,2653,2718
181242,2671,2774
406700,2727,2801
264979,2750,2824
59063,2757,2825
365021,3110,3170
141857,3286,3351
208025,3295,3345
141858,3296,3357
264015,3302,3369
366926,3304,3356
57458,3309,3361
188219,3314,3367
59320,3453,3531
336445,3583,3654
129580,3583,3661
245157,3584,3658
90578,3585,3663
57233,3587,3661
162069,3610,3676
43099,3695,3756
311913,3868,3941
337339,3918,3990
8136,3923,4001
166337,4150,4218
160120,4167,4233
238051,4575,4633
110592,4577,4633
80950,4580,4633
300941,4586,4636
171440,5058,5119
80,5058,5125
172644,5064,5141
147062,5306,5380
165470,5308,5385
393672,5309,5395
98280,5310,5384
306661,5312,5376
211251,5312,5393
109938,5313,5390
88898,5313,5395
165469,5316,5370
259900,5316,5377
358375,5324,5387
295986,5325,5391
114965,5329,5391
51584,5362,5459
155545,5380,5458
292875,5385,5495
142526,5390,5489
192588,5391,5459
160119,5392,5439
107015,5393,5494
399643,5396,5485
28469,5398,5498
170364,5402,5498
96090,5404,5499
23930,5409,5495
149880,5410,5498
293276,5412,5464
164076,5416,5499
344576,5421,5482
292621,5424,5491
321517,5430,5496
156761,5430,5499
402687,5434,5498
234068,5439,5498
109896,5454,5497
1155,5731,5818
87523,5732,5793
41281,5732,5812
96585,5732,5821
61630,5732,5824
42954,5757,5818
408094,5868,5939
81,5954,6010
165938,6175,6239
107014,6176,6248
6449,6190,6242
317126,6192,6252
366990,6350,6413
192937,6352,6427
140416,6353,6401
72007,6367,6428
140416,6476,6538
257358,6477,6542
235903,6479,6541
180973,6479,6545
327544,6480,6543
18948,6481,6544
158069,6481,6546
130702,6482,6543
406844,6482,6550
330319,6483,6546
76168,6491,6547
171004,6498,6568
165007,6498,6577
150333,6499,6586
62345,6502,6581
254368,6514,6577
121683,6514,6580
5889,6516,6580
29850,6517,6579
121309,6524,6610
138172,6563,6642
119767,6598,6662
321516,6608,6669
141549,6832,6874
168302,6832,6882
31733,6832,6888
261343,6832,6901
282087,6832,6904
21473,6832,6914
31732,6839,6904
160076,6885,6949
208528,6908,6987
61790,7073,7136
272370,7074,7159
310505,7075,7139
11507,7075,7148
369939,7075,7161
65960,7076,7128
222602,7077,7167
99966,7078,7154
271143,7078,7161
225804,7081,7155
222603,7084,7168
51908,7084,7180
167239,7090,7155
164269,7094,7165
331296,7096,7210
51907,7097,7218
128829,7101,7224
353957,7110,7161
10452,7127,7211
61791,7154,7256
390421,7166,7283
245158,7176,7270
231208,7179,7268
9536,7180,7275
1994,7184,7269
13679,7185,7255
6808,7190,7283
238285,7198,7270
55451,7356,7465
171932,7357,7421
316761,7358,7422
181454,7358,7425
144717,7358,7438
3188,7358,7452
38679,7358,7457
111198,7359,7414
279558,7359,7420
320223,7359,7462
189097,7360,7406
79300,7361,7428
33110,7361,7436
58869,7363,7442
16861,7366,7435
8020,7367,7427
1431,7369,7460
86859,7369,7467
107013,7382,7457
179721,7383,7435
53876,7384,7432
158602,7389,7461
34173,7389,7468
129725,7392,7454
237780,7401,7468
20805,7403,7463
313314,7407,7458
384106,7414,7469
401647,7544,7612
131330,7545,7610
360701,7545,7628
174374,7546,7611
220461,7548,7612
282699,7600,7709
63208,7604,7711
311227,7609,7667
246790,7609,7711
357816,7611,7674
215129,7614,7713
370830,7620,7667
330048,7620,7677
5641,7620,7704
66705,7621,7710
149800,7621,7721
292622,7623,7699
261382,7627,7711
75509,7628,7716
371528,7632,7707
369255,7633,7700
283552,7635,7721
40105,7637,7708
267944,7645,7713
149799,7645,7722
296942,7647,7721
366522,7653,7715
382697,7789,7860
214474,8283,8349
358369,8289,8348
288982,8685,8737
142525,8686,8753
263645,8687,8750
393673,8700,8752
344575,8705,8751
263644,8706,8753
181453,8811,8894
222842,8831,8884
134993,9291,9392
398669,9301,9363
167525,9308,9393
259105,9320,9392
111197,9346,9416
390011,9347,9407
42373,9367,9423
209826,9504,9560
264978,9622,9680
336221,10337,10379
168703,10539,10612
13841,10548,10609
74020,10562,10625
254798,10573,10623
79,10573,10632
69857,10575,10637
280059,10576,10632
307720,10576,10639
12355,10577,10636
86860,10577,10638
197962,10579,10636
330049,10580,10630
253358,10580,10632
119984,10580,10644
267945,10584,10636
64817,10594,10635
38319,10608,10656
230133,10609,10662
168198,10630,10711
265544,10663,10711
306155,10666,10712
235904,10681,10756
216761,10684,10760
380932,10685,10753
225746,10726,10807
209830,11026,11087
177817,11026,11089
311915,11029,11089
304554,11035,11090
346012,11036,11089
90673,11121,11167
227415,11121,11176
98482,11121,11178
343146,11121,11190
245987,11122,11188
380671,11130,11176
153597,11156,11225
166348,11222,11303
375863,11239,11292
369940,11243,11294
264978,11412,11477
114964,11778,11870
170365,11789,11843
282486,11794,11844
272369,11800,11843
332960,11804,11856
188947,11810,11866
212108,11811,11893
100458,11822,11864
378088,11835,11944
366989,11836,11912
17044,11859,11924
134216,11859,11927
314935,11871,11932
170520,11871,11937
710,11872,11926
54620,11872,11943
5672,11876,11939
345993,12724,12790
138244,12725,12793
119768,12904,12969
1461,12913,12968
6697,12917,12967
189990,12918,12969
250133,13150,13208
278264,13331,13382
85461,13342,13388
264979,13725,13783
283553,13779,13855
89344,13787,13855
388867,13791,13856
35728,13924,13986
337540,13925,13998
172859,13926,13996
408569,13931,13999
265650,13935,14000
174008,13936,13999
191886,13939,13994
195510,13939,13999
93782,13942,13999
83822,13951,13999
72203,14155,14210
298508,14155,14231
347129,14155,14247
46860,14155,14292
185535,14161,14294
333552,14163,14265
92486,14165,14293
66704,14167,14295
26387,14174,14237
16209,14176,14290
360075,14177,14296
88243,14181,14295
185536,14199,14294
231515,14206,14254
349031,14206,14296
277937,14220,14287
217967,14222,14295
38680,14229,14295
183542,14231,14291
147819,14231,14297
355338,14232,14294
181455,14232,14296
271334,14235,14296
89086,14237,14294
89087,14240,14294
357861,14245,14292
220592,14246,14297
369941,14553,14612
336895,14556,14646
272371,14561,14646
139166,14567,14647
24644,14571,14646
237779,14573,14647
354937,14580,14645
272372,14754,14800
52620,14754,14849
42273,14756,14819
311098,14756,14862
365558,14759,14825
168095,14760,14809
313652,14764,14838
139167,14766,14868
306782,14799,14868
