255032,92,179
158732,93,162
205867,108,238
356663,114,242
159869,114,252
167670,120,238
169019,130,229
383557,135,250
35658,137,221
375446,143,223
34901,144,244
299810,148,241
1547,150,218
142293,154,230
257082,159,251
211338,160,243
94285,172,257
339181,173,240
43018,174,246
338984,176,250
182796,177,238
4822,179,240
124437,185,249
151418,186,247
282447,190,262
304966,190,306
177702,191,267
109304,194,244
275881,194,265
317796,196,267
24712,197,274
172562,198,278
177703,201,267
383556,205,267
250666,205,269
113302,205,273
275060,206,278
316929,208,280
49514,208,284
142889,208,317
192959,210,308
91431,212,323
58579,213,276
4824,213,283
220261,215,299
177935,215,349
406279,216,307
175443,217,310
353503,217,341
49256,218,328
137165,222,360
199845,223,300
346881,229,304
154067,229,307
383555,236,302
395275,236,306
147819,236,309
370060,240,329
184956,256,305
267117,256,337
291376,257,342
149214,260,352
203368,261,324
94390,264,347
303149,265,331
267118,271,382
189772,272,334
38584,275,337
17179,276,351
359175,278,341
945,283,345
314774,283,360
4823,286,348
275614,289,352
82986,290,377
344557,308,370
55888,314,432
219381,320,381
300784,321,396
353504,328,426
126963,337,418
137166,341,455
24711,346,446
215595,352,425
106111,358,430
250894,554,672
200259,706,802
298331,713,809
28708,722,831
370061,732,814
291375,744,825
326899,746,832
239322,752,840
295414,753,852
319818,755,819
324766,762,825
249730,763,824
186482,765,837
303386,766,827
28022,768,829
236201,769,843
20794,769,851
109222,770,839
159681,778,880
334315,781,853
249604,782,875
257281,782,880
326697,784,883
277895,785,866
283724,785,870
118365,786,855
255,788,852
339403,792,853
205866,792,856
152908,798,860
176984,802,877
