320788,111,174
313808,112,179
320066,117,171
13846,121,171
128073,123,209
143088,128,252
24067,130,200
168095,138,204
318961,139,255
359597,148,276
319275,156,226
133524,157,270
371586,160,243
2911,161,240
100046,164,283
248898,167,279
32233,170,255
66656,170,283
24485,170,289
38424,175,239
223262,175,282
191945,181,253
83144,181,286
232902,181,325
371355,190,314
6509,192,287
284695,197,285
101188,206,321
76529,210,325
195847,214,339
125159,218,283
164874,219,332
303418,223,333
375806,224,286
301939,235,365
69563,236,351
108648,256,366
75632,265,392
347434,266,395
146051,281,404
355940,282,421
181717,289,428
398124,290,354
283272,291,368
130548,292,361
2251,292,403
68497,294,413
243389,300,422
32482,310,428
305296,313,419
364899,319,424
301940,325,433
146050,338,465
107678,343,446
45147,351,451
317438,372,532
291093,433,517
241966,437,501
4933,455,516
83145,456,571
232901,461,522
365007,462,545
301938,463,552
102837,467,546
34885,484,549
188357,697,748
329953,784,897
310307,793,896
401896,812,907
16458,813,910
401667,821,952
212297,838,899
35459,838,921
406251,851,926
348016,855,919
401897,856,922
325076,856,937
70358,856,951
382961,861,927
9471,863,949
225976,877,929
216791,877,931
188013,877,954
87941,894,961
235905,993,1062
157393,999,1063
315821,1001,1054
389063,1002,1077
135493,1168,1217
371587,1229,1294
55122,1277,1347
390368,1287,1348
257540,1364,1417
257539,1370,1429
127278,1370,1433
89695,1471,1519
16459,1471,1545
105181,1471,1560
6254,1472,1550
140630,1472,1556
270836,1473,1529
76151,1585,1643
177579,1628,1691
341053,1629,1688
79388,1645,1691
30968,1744,1818
178069,1745,1803
375805,1745,1812
132896,1745,1821
224313,1746,1817
42319,1747,1815
178483,1754,1798
318205,1765,1830
191929,1850,1907
328954,1865,1910
254601,2059,2137
231025,2063,2144
54393,2076,2136
376138,2089,2143
24928,2092,2146
36463,2223,2275
125160,2223,2278
218849,2247,2309
210412,2349,2473
191369,2365,2480
74180,2366,2444
57078,2373,2463
115630,2379,2453
102232,2380,2473
217189,2387,2460
378544,2390,2461
80970,2391,2467
10357,2391,2494
191367,2392,2460
70743,2394,2491
105266,2394,2496
78362,2394,2504
343281,2396,2501
77497,2397,2476
24928,2401,2466
191368,2402,2490
104483,2403,2469
5146,2405,2494
373901,2409,2500
328953,2415,2493
105180,2424,2497
372758,2425,2491
35461,2425,2495
250288,2429,2490
97631,2429,2519
52403,2431,2496
306119,2433,2498
162397,2434,2501
334218,2439,2502
192895,2451,2493
141876,2453,2524
265793,2456,2504
137526,2496,2606
153928,2501,2596
80904,2504,2603
153929,2507,2625
250289,2511,2618
80903,2512,2626
191930,2523,2611
372313,2542,2621
153927,2545,2622
153930,2554,2627
361167,2596,2678
131890,2598,2657
401666,2600,2699
142356,2604,2716
111965,2604,2735
14838,2609,2677
314092,2612,2731
114084,2612,2736
4283,2615,2672
397947,2616,2674
304171,2616,2695
112599,2624,2702
142355,2624,2737
120098,2629,2735
261665,2637,2736
50230,2656,2736
355355,2660,2740
259813,2664,2733
275118,2664,2764
108567,2667,2736
108649,2667,2762
262144,2669,2732
270835,2669,2741
311463,2670,2764
286684,2671,2734
168588,2671,2761
191517,2672,2735
5645,2673,2750
206965,2705,2762
85545,2827,2881
107679,2844,2892
70766,2862,2927
60361,2865,2928
379018,2867,2934
23073,2876,2953
403007,2939,3024
325683,2983,3070
127279,3022,3084
222377,3081,3156
202158,3094,3156
311496,3130,3187
318189,3130,3230
403008,3170,3281
36095,3175,3250
291176,3179,3250
96374,3180,3254
286683,3182,3305
175943,3182,3313
22543,3185,3286
57049,3187,3281
175093,3188,3306
403006,3188,3314
393859,3193,3288
16975,3193,3308
35460,3194,3279
100611,3195,3293
22087,3200,3293
37752,3200,3306
28508,3201,3290
2425,3204,3293
47116,3204,3320
32597,3204,3329
2424,3205,3284
311075,3206,3288
97234,3206,3322
221817,3208,3308
50968,3209,3280
24498,3209,3289
132336,3209,3320
77532,3210,3303
111966,3211,3313
57170,3211,3339
915,3212,3329
5645,3213,3296
20019,3215,3290
261666,3215,3313
328952,3216,3323
250290,3218,3335
85265,3227,3295
130991,3229,3321
28509,3230,3289
276961,3236,3308
379094,3247,3331
344125,3255,3339
65490,3256,3324
33152,3256,3329
182123,3333,3397
81574,3338,3396
55996,3339,3396
