203771,82,186
132332,86,199
343372,104,209
322082,121,238
262386,401,498
320665,402,460
232161,476,595
94719,481,587
22872,522,587
265967,531,612
352193,534,607
237547,539,614
388594,553,614
36307,1536,1635
408466,1568,1630
182511,1584,1635
25689,2184,2274
263265,2211,2274
36306,2337,2474
278951,2338,2403
388600,2339,2418
261010,2366,2422
19046,2706,2763
380379,2714,2812
279164,2773,2850
142511,2776,2842
325549,2778,2838
48099,2779,2840
76900,2779,2845
36306,2781,2915
224332,2782,2843
387096,2782,2848
126495,2791,2858
36307,2853,2958
333606,2878,2952
200524,2995,3056
287690,3009,3072
135607,3027,3078
263652,3039,3102
36305,3151,3229
306034,3167,3230
36305,3222,3311
134465,3251,3329
152257,3255,3317
128417,3255,3332
143894,3256,3329
220471,3256,3344
81546,3257,3333
191669,3258,3328
85123,3262,3325
317690,3262,3329
235589,3262,3343
262827,3263,3333
276878,3266,3325
334220,3269,3331
12775,3272,3342
377271,3286,3336
382903,3287,3361
387940,3300,3366
286903,3308,3393
62846,3372,3428
365428,3395,3459
274460,3502,3550
216171,3639,3734
345565,3639,3745
322083,3653,3744
116756,3676,3749
214237,3683,3754
222580,3685,3751
116757,3685,3757
96778,3712,3776
353297,3713,3824
91052,3715,3779
273955,3716,3778
2662,3721,3855
230766,3722,3765
8030,3722,3839
361974,3723,3845
97455,3729,3839
296490,3730,3855
378530,3734,3854
251167,3737,3799
26278,3737,3848
178574,3737,3860
341789,3746,3843
48100,3747,3875
380682,3780,3909
108550,3795,3919
361168,3801,3927
147179,3802,3920
337149,3804,3883
261262,3805,3870
184157,3806,3938
232160,3813,3923
116758,3820,3919
4539,3823,3940
258339,3825,3947
84680,3827,3920
19808,3834,3909
34260,3834,3919
73673,3835,3942
390848,3838,3921
121499,3846,3919
247494,3851,3914
216172,3852,3942
223580,3860,3919
343371,3862,3940
