381038,156,211
56402,157,236
192355,251,354
313847,252,303
192351,276,359
12502,337,412
8238,468,537
220002,472,535
365478,474,525
14921,510,613
156724,516,573
131369,518,604
95037,520,602
192354,521,608
23676,529,599
247149,531,631
9430,534,602
361471,535,630
121858,537,608
13134,538,629
247153,539,603
163480,539,622
122848,540,620
171833,541,602
247150,541,631
136982,543,603
677,547,621
248291,567,630
66124,568,631
287641,569,640
176538,570,646
163658,603,666
254358,606,665
178283,614,704
67283,615,697
284919,616,710
244941,618,720
19582,619,699
143154,626,714
22211,627,698
5042,630,696
22208,635,697
88087,642,706
90280,835,907
321170,845,913
333401,850,905
396050,850,910
219324,855,906
316377,864,906
190728,886,953
384000,913,973
361469,1084,1154
120903,1112,1185
109072,1112,1190
123020,1114,1181
384342,1121,1187
89249,1125,1189
102098,1127,1206
134418,1130,1194
179913,1131,1186
156879,1131,1192
124884,1137,1193
196074,1144,1199
301121,1146,1201
361144,1152,1214
170114,1282,1346
361470,1315,1432
284918,1320,1424
27100,1396,1455
62228,1396,1457
235118,1396,1472
167126,1397,1464
44839,1412,1510
139535,1413,1472
22209,1415,1508
324200,1418,1509
22207,1420,1512
247151,1424,1515
407183,1429,1484
43601,1429,1509
192349,1431,1512
22210,1433,1514
3437,1434,1505
310956,1434,1519
67284,1435,1516
182521,1439,1519
5042,1441,1508
114172,1441,1517
172259,1450,1508
270445,1470,1523
294712,1471,1521
7075,1589,1655
12805,1589,1664
358421,1598,1640
113025,1601,1665
122642,1608,1669
101004,1634,1692
371707,1645,1715
382230,1669,1744
143155,1677,1744
192350,1726,1791
10605,1743,1815
8605,1883,1939
252844,1887,1942
279387,2008,2064
18948,2104,2157
6086,2136,2181
333934,2529,2590
145025,2533,2604
9035,2543,2612
150314,2546,2609
132699,2550,2609
240066,2552,2613
223991,2554,2625
184475,2559,2610
365481,2560,2625
360026,2561,2612
308186,2572,2625
320271,2573,2621
110925,2573,2623
390568,2670,2730
359060,2672,2757
81036,2690,2761
43505,2704,2774
101003,2761,2822
5478,2772,2831
229504,2867,2985
8221,2868,2958
368655,2869,2948
85642,2871,2942
178286,2886,2999
166439,2888,2955
62529,2897,2962
155275,2909,2994
7195,2960,3071
190119,2978,3050
83636,2994,3076
29085,2999,3062
384343,2999,3071
174750,3003,3067
62531,3004,3065
278809,3005,3071
62530,3006,3070
358107,3036,3096
55200,3109,3162
223161,3118,3163
335573,3119,3164
97744,3124,3165
269002,3196,3257
98676,3208,3254
248290,3208,3269
22204,3219,3316
196073,3243,3314
192201,3250,3304
173408,3252,3315
176539,3254,3316
102732,3259,3307
23846,3263,3315
22200,3393,3467
360650,3430,3493
395296,3430,3495
113147,3434,3477
337513,3469,3540
22200,3494,3577
22201,3496,3590
22204,3496,3595
211241,3515,3584
101002,3518,3603
101001,3521,3605
178750,3526,3576
121282,3526,3603
395637,3528,3574
192897,3528,3589
80160,3528,3591
262746,3529,3590
85103,3529,3624
35540,3530,3575
264907,3536,3618
197254,3539,3602
52848,3541,3620
394281,3543,3625
303576,3552,3606
28143,3552,3613
172397,3553,3630
49818,3563,3637
279398,3585,3647
93052,3591,3649
46704,3603,3660
22204,3606,3700
22201,3618,3701
289493,3637,3690
313821,3642,3701
395637,3647,3690
23846,3652,3700
108500,3756,3817
246818,3758,3821
330482,3758,3823
107965,3761,3810
394279,3821,3877
42227,3859,3938
124785,3887,3988
43504,4001,4080
104871,4071,4126
14922,4185,4234
162859,4185,4238
14976,4185,4272
192356,4187,4249
8220,4187,4251
4467,4196,4270
311926,4197,4263
25,4206,4267
2882,4209,4262
361467,4327,4403
64931,4581,4632
237523,4581,4644
128725,4581,4647
22208,4582,4639
81037,4584,4651
341648,4587,4643
254769,4587,4653
358181,4592,4640
406625,4628,4695
367989,4649,4715
151577,4653,4711
244943,4654,4720
316897,4659,4716
37493,4664,4721
68550,4760,4842
185712,4766,4845
22206,4767,4841
22207,4770,4846
28803,4773,4841
395295,4778,4841
244944,4779,4839
5042,4779,4847
247148,4781,4840
240199,4796,4855
396836,4796,4866
135306,4821,4885
354149,4826,4885
80977,4848,4923
396835,4901,4972
219006,4903,4951
350262,4903,4969
102654,4904,4965
367990,4909,4971
192900,4915,4972
33078,4917,4974
407184,4922,4973
179391,5036,5089
376395,5036,5096
201148,5036,5099
379258,5036,5141
394280,5047,5129
78917,5111,5164
407078,5204,5321
247757,5208,5272
53330,5216,5272
361466,5713,5773
396834,5713,5782
22205,5714,5790
5042,5716,5771
89560,5716,5776
178284,5716,5789
27101,5909,6001
142005,5914,5969
321169,5917,5993
344919,5919,6015
42229,5920,5981
224798,5920,5988
80136,5921,5997
88088,5924,6000
267980,5935,5997
135982,6013,6065
107839,6014,6059
62202,6014,6091
22209,6039,6127
396833,6040,6151
192352,6041,6147
22206,6042,6131
44840,6052,6130
28803,6053,6134
22205,6057,6149
68549,6058,6125
43601,6058,6129
178285,6060,6165
201023,6061,6142
166656,6063,6130
396832,6063,6134
378445,6063,6144
124885,6065,6132
167439,6065,6149
5042,6068,6130
407196,6069,6121
47414,6071,6132
192357,6077,6148
80976,6081,6161
42226,6082,6163
247152,6091,6163
45546,6097,6162
229655,6097,6165
328188,6101,6174
134540,6102,6163
66501,6107,6161
42996,6108,6165
107838,6109,6158
376394,6145,6208
319840,6173,6245
254789,6180,6245
253468,6184,6244
78916,6195,6242
367541,6195,6255
114173,6245,6293
147559,6430,6493
222497,6437,6489
352711,6476,6544
284917,6479,6559
5042,6484,6544
271437,6486,6554
4718,6681,6738
132539,6683,6735
102097,6683,6753
272386,6683,6757
13945,6694,6742
795,6887,6932
359065,6887,6993
299144,6933,6998
143156,6933,7003
180812,6937,7003
107840,6938,7001
377759,6939,6996
310955,6943,7019
145047,7027,7092
361842,7031,7081
106805,7137,7190
19348,7137,7233
120216,7139,7227
328013,7140,7216
4869,7150,7208
101770,7209,7294
57765,7222,7308
102586,7230,7294
81062,7230,7310
404705,7235,7320
263577,7236,7342
155674,7243,7367
399913,7245,7328
229503,7248,7312
129034,7250,7322
321494,7251,7347
73039,7254,7305
150572,7255,7344
244942,7311,7394
180811,7311,7402
180813,7314,7402
361468,7492,7554
22202,7845,7909
200998,7861,7908
93051,7977,8042
178287,7977,8047
384721,7984,8049
162731,7989,8066
89550,8010,8073
89549,8011,8072
22202,8020,8076
392484,8102,8158
107982,8103,8157
240180,8221,8285
75323,8236,8303
22203,8238,8301
22203,8435,8499
132664,8436,8504
42228,8458,8528
57764,8461,8529
319839,8476,8536
244228,8482,8547
350150,8503,8567
22210,8540,8635
22211,8541,8630
59432,8558,8634
22208,8559,8630
265415,8568,8626
21538,8568,8629
5477,8568,8634
66268,8571,8634
40411,8574,8653
69461,8583,8628
338135,8583,8649
180810,8588,8650
105673,8588,8654
296519,8592,8654
51404,8593,8652
116861,8593,8658
381843,8593,8664
335484,8596,8665
392374,8597,8647
204931,8597,8661
111667,8597,8667
98384,8601,8678
245027,8604,8652
10586,8604,8662
88090,8607,8664
229505,8610,8704
356054,8614,8702
406626,8617,8706
140628,8626,8695
93050,8632,8704
206503,8637,8703
16580,8780,8865
69627,8793,8870
407077,8793,8879
100994,8803,8875
234303,8804,8885
556,8807,8875
366479,8818,8896
285448,8829,8894
200735,8948,9038
237536,8952,9030
88089,8959,9031
192353,8961,9048
7194,8964,9047
385227,8984,9047
88502,8993,9048
183678,9195,9243
344918,9195,9245
110187,9196,9245
