9435,232,288
132576,232,296
262045,232,323
165174,233,329
250583,233,342
93543,237,342
133726,242,351
272535,244,375
353899,245,350
20962,246,360
74770,252,371
16421,252,413
84633,253,398
222780,254,366
158144,257,371
167648,258,377
363387,260,374
223784,264,371
14766,265,375
24202,269,368
89444,269,396
394382,274,425
27006,276,407
343168,277,385
8980,278,332
141669,280,395
353898,284,432
66188,309,443
338398,315,450
319673,318,446
169618,319,400
324079,319,440
101284,324,441
402376,329,436
346246,335,476
122463,341,482
153613,351,474
162437,352,417
373223,357,453
172087,362,451
180929,364,449
133915,365,451
341006,365,460
341005,365,466
23266,367,463
65703,368,444
192272,371,450
368440,373,456
289492,376,437
120685,377,465
153528,381,472
15630,385,468
10594,386,451
346247,386,483
341007,389,483
250582,400,483
17770,410,482
112716,415,479
303226,418,480
385055,420,481
303119,421,482
123190,422,483
138100,607,679
23222,612,676
352425,615,683
110495,621,679
120420,627,680
364944,636,682
383069,741,793
79557,899,960
73323,1034,1093
274845,1034,1095
226145,1035,1098
301339,1037,1098
12268,1055,1118
189017,1087,1181
407633,1093,1171
343689,1099,1154
211463,1106,1167
393350,1367,1435
226716,1386,1442
385848,1503,1557
1132,1701,1756
96303,1876,1924
325461,1877,1950
192278,1882,1946
269870,1897,1958
143064,1918,1987
315254,1929,1988
251935,1930,1990
106043,1930,1995
275662,2045,2143
62203,2050,2123
366593,2053,2141
27607,2060,2138
15629,2067,2142
9428,2075,2139
49024,2076,2143
159883,2240,2294
100372,2246,2316
84391,2256,2356
109584,2257,2340
237012,2262,2312
21042,2262,2332
373287,2307,2396
32641,2326,2390
323904,2388,2463
402375,2391,2479
152107,2457,2527
66189,2878,2967
330211,2905,2974
400076,2930,3028
98673,2944,3029
275662,2952,3047
380993,2956,3052
303118,2959,3039
14543,2959,3047
204382,2961,3050
15628,2963,3044
15629,2970,3046
276037,2975,3038
48316,2975,3051
55064,2980,3032
29114,2982,3041
342807,3202,3255
389183,3291,3374
69550,3413,3495
170576,3525,3595
67928,3541,3616
24335,3542,3619
167690,3543,3625
43169,3547,3617
143065,3549,3627
201796,3551,3624
152527,3555,3640
43452,3786,3850
85533,3795,3872
82118,3812,3872
204910,3922,3988
395361,3979,4029
11078,4210,4284
143061,4214,4303
265045,4225,4303
85532,4237,4355
46540,4344,4409
264412,4433,4497
223891,4444,4510
219289,4518,4571
67589,4518,4576
76125,4518,4580
208157,4519,4595
275652,4554,4642
36748,4576,4642
162814,4702,4757
275652,4777,4859
70476,4988,5045
173404,4989,5050
266196,4998,5064
59195,5118,5191
95738,5123,5187
371926,5129,5187
76340,5130,5171
55171,5145,5207
223893,5219,5319
10756,5239,5304
100371,5444,5492
319590,5681,5754
408785,5880,5934
192280,5961,6063
192279,5970,6045
53579,5973,6048
346989,5974,6044
389881,5978,6036
208517,5979,6067
208519,5979,6074
208518,5991,6092
373544,6270,6334
297596,6271,6336
96305,6343,6414
316711,6505,6631
230737,6519,6631
74770,6527,6642
133727,6537,6637
302637,6543,6603
163745,6546,6637
2251,6546,6642
353901,6564,6644
132575,6573,6642
105560,6579,6660
313425,6699,6775
302638,6700,6800
393351,6718,6812
270292,6735,6828
155629,6737,6799
26370,6764,6828
43451,6765,6827
13713,6773,6833
218648,6815,6870
69220,6817,6878
19538,6883,6971
184134,6922,6974
327978,7017,7090
193473,7232,7314
86492,7316,7380
39566,7325,7377
82119,7379,7446
192273,7609,7660
263916,7610,7675
70688,7618,7684
334622,7834,7900
395960,7834,7918
52796,7835,7906
358549,8007,8065
224566,8007,8084
115804,8155,8227
316877,8166,8260
313841,8245,8353
177213,8248,8306
7961,8251,8354
143062,8274,8356
320510,8280,8354
140328,8282,8346
143063,8283,8353
327,8286,8352
267315,8288,8349
1161,8291,8354
190465,8292,8345
132558,8292,8355
8005,8293,8354
139332,8294,8353
316155,8298,8354
187722,8304,8355
275659,8589,8706
33816,8590,8653
208311,8590,8669
24589,8591,8652
69704,8591,8671
275678,9158,9240
275659,9174,9304
275677,9216,9335
113621,9386,9452
275673,9392,9459
13557,9507,9603
69219,9514,9598
261198,9520,9624
24004,9529,9639
250397,9530,9589
274846,9532,9588
69222,9540,9602
10707,9543,9636
154085,9547,9610
306230,9549,9623
22734,9553,9624
357139,9556,9622
301572,9565,9686
266812,9567,9672
146391,9567,9701
40117,9569,9633
274848,9569,9639
315348,9574,9636
115560,9576,9639
159910,9577,9674
159077,9593,9672
279973,9604,9671
155275,9612,9709
401393,9640,9700
45352,9705,9770
43449,9709,9773
244134,9810,9871
28696,9827,9888
377921,9919,9977
261080,9919,9980
246314,9922,9968
156806,10075,10128
132557,10075,10131
278956,10083,10131
143488,10099,10171
396986,10523,10583
43450,10935,11011
122221,10937,11004
278734,10964,11086
45995,10996,11060
69221,10997,11076
23463,10998,11079
8862,11002,11092
69705,11004,11061
3838,11008,11092
143489,11075,11160
351894,11109,11161
94031,11225,11302
82115,11419,11489
104994,11420,11521
143067,11420,11532
22208,11436,11502
266811,11472,11542
73627,11481,11553
363386,11483,11547
56592,11487,11556
153120,11489,11553
377055,11525,11592
353897,11728,11800
380975,11874,11921
303505,11886,11962
146390,11887,11996
102944,12026,12108
393349,12660,12723
265899,12662,12769
240904,12743,12806
155839,12744,12819
278733,12744,12826
47858,12746,12827
275656,12750,12826
275674,12757,12826
361662,12763,12823
399093,12766,12826
26369,12771,12822
393131,12773,12826
47859,12775,12826
185814,12784,12827
275673,12882,12944
4263,12882,12946
223894,13011,13068
275656,13113,13191
4263,13519,13579
4263,13520,13595
167731,13540,13595
96311,13626,13701
338396,13626,13751
143375,13636,13737
294068,13650,13706
74108,13662,13732
214704,13662,13760
336165,13663,13764
336166,13699,13762
119396,13707,13762
127629,13820,13941
143487,13821,13886
167874,13822,13874
214705,13822,13910
339534,13842,13891
338397,13851,13941
275676,14138,14230
143486,14170,14231
219848,14171,14230
275664,14173,14230
154086,14176,14228
393644,14588,14656
36760,14597,14668
351174,14609,14663
27031,14612,14684
351704,14689,14755
407538,14699,14762
73563,14701,14759
87573,14710,14759
274847,14714,14772
82116,14718,14789
228140,14722,14790
334627,14731,14778
1056,14832,14894
143374,14835,14889
143485,14837,14899
2526,14937,14997
143484,14938,14998
269976,15033,15094
275669,15035,15106
55949,15147,15206
28695,15148,15218
275666,15309,15405
275664,15316,15387
275671,15321,15391
275672,15324,15415
268065,15347,15423
125639,15482,15558
200549,15642,15713
353900,15645,15713
143066,16109,16200
125640,16110,16172
82114,16128,16195
162727,16128,16230
307126,16131,16214
283237,16133,16204
49014,16136,16218
232148,16141,16223
235385,16141,16232
385520,16142,16226
78195,16146,16215
3074,16152,16213
127797,16152,16233
96304,16153,16266
16792,16154,16212
231302,16156,16228
393240,16158,16259
188581,16159,16220
81610,16161,16223
325122,16172,16223
193599,16172,16227
402657,16182,16260
231301,16187,16257
208310,16188,16289
275678,16205,16284
275659,16222,16338
275677,16260,16384
404234,16264,16357
350523,16536,16599
166902,16709,16769
26289,16727,16776
108252,16735,16794
130186,16737,16855
329699,16743,16823
275670,16813,16910
43448,16815,16876
334625,16970,17033
19537,16976,17042
275675,16976,17061
275669,16980,17040
275666,16983,17080
353372,16988,17055
275671,16996,17064
275672,16997,17087
115561,17014,17085
319591,17221,17287
275674,17317,17382
118522,17318,17381
150615,17431,17498
373284,17431,17505
334624,17431,17509
151914,17432,17483
43447,17436,17498
190728,17997,18057
222778,18273,18342
153626,18300,18351
152528,18485,18568
402658,18499,18576
215704,18639,18720
274850,18639,18729
114503,18642,18769
55950,18664,18721
49578,18666,18730
243149,18669,18719
334626,18672,18736
275651,18920,18982
275651,19119,19173
275670,19380,19491
1486,19387,19456
250253,19389,19451
275658,19393,19459
334623,19395,19468
275661,19398,19466
408765,19399,19469
276327,19404,19467
122552,19407,19459
275668,19413,19507
169404,19420,19484
282833,19539,19602
275655,19801,19898
275660,19804,19897
275676,19807,19897
275671,19839,19896
275658,19841,19897
306231,19999,20065
275657,20078,20193
275655,20102,20200
275672,20136,20223
275661,20140,20208
353370,20140,20242
115563,20153,20225
115562,20153,20238
209991,20155,20248
353371,20159,20273
353369,20160,20263
302636,20167,20240
16793,20252,20311
376638,20269,20334
33718,20271,20361
250252,20278,20365
373286,20286,20390
31082,20415,20474
275657,20465,20569
275660,20491,20570
82117,20676,20739
171028,20866,20932
47758,20868,20933
133258,20881,20932
183394,21011,21077
183395,21011,21085
34917,21198,21287
246543,21232,21307
373285,21243,21367
26475,21244,21345
327323,21245,21312
143478,21248,21344
203605,21315,21397
203604,21336,21397
275668,21337,21429
270291,21341,21404
107994,21550,21594
359712,21660,21745
24088,21665,21733
222295,21673,21740
216449,21673,21749
81611,21680,21744
234691,21683,21735
27254,21687,21746
251770,21687,21748
18356,21689,21755
351205,21693,21748
389140,21701,21756
219290,21908,21984
75323,21924,21996
18356,21931,21998
400826,21932,21981
353904,22077,22156
275675,22110,22191
1486,22140,22191
231303,22282,22348
28194,22286,22349
204383,22607,22687
275667,22785,22846
218628,23280,23369
339542,23288,23351
367528,23298,23372
363385,23301,23370
293373,23304,23376
100381,23306,23379
31083,23311,23375
241584,23318,23378
88996,23320,23375
66096,23324,23377
193632,23333,23387
192932,23380,23440
22733,23613,23666
344732,23614,23667
78196,23616,23669
215936,23617,23661
28697,23618,23685
172794,23962,24027
159911,23977,24039
275663,24291,24375
353902,24293,24365
69223,24295,24364
275665,24296,24387
165175,24297,24373
274851,24297,24380
143483,24297,24383
133256,24298,24360
275667,24456,24516
185099,24549,24598
127630,24583,24659
274237,24599,24668
390497,24795,24860
46254,24797,24873
185138,24848,24907
91165,25034,25097
136418,25067,25146
173135,25078,25152
364888,25079,25128
270213,25082,25128
102830,25082,25146
270212,25084,25127
36749,25084,25146
119397,25086,25147
275653,25264,25380
361663,25271,25338
275654,25277,25381
307358,25285,25333
143482,25293,25378
275663,25296,25379
90348,25297,25387
275653,25529,25653
275654,25543,25653
353903,25546,25634
133257,25552,25637
198387,25554,25612
275665,25567,25656
219291,25683,25796
222779,25687,25806
274849,25702,25819
143481,26163,26272
174992,26165,26244
143480,26170,26321
223892,26185,26290
308054,26201,26263
26147,26201,26297
556,26204,26300
554,26210,26290
136417,26219,26284
143479,26220,26329
316878,26222,26299
