255415,111,228
407495,141,257
63559,162,266
255414,162,277
195167,172,248
407494,172,297
260083,176,249
389821,179,243
199684,182,248
179942,183,320
374468,185,295
208316,195,294
394315,197,263
494,199,263
283501,201,308
316706,204,306
70931,207,294
164039,207,302
208317,208,304
275494,212,308
329161,213,295
118012,213,306
209815,214,299
356026,221,303
248474,235,333
254975,245,302
71820,251,332
368702,254,334
368703,255,357
282718,257,359
319239,258,342
135685,266,326
55702,267,329
324824,269,332
295722,269,372
138991,270,364
156896,271,338
173974,271,376
259158,272,326
80342,277,355
304376,278,372
382856,282,355
110252,283,334
314527,285,360
30596,292,371
264005,298,361
283499,298,381
195761,299,360
39327,299,386
33029,303,358
89850,303,375
133745,304,381
9296,308,372
283500,310,381
139926,317,377
385008,380,474
107903,383,474
43949,385,472
236803,392,454
320890,392,472
394316,400,474
73671,401,455
206035,402,472
3957,403,475
206654,407,474
71914,413,472
20456,419,475
407081,422,471
107916,422,475
362795,424,474
50522,426,475
357773,698,787
309256,709,776
79904,757,824
46777,777,860
40102,777,893
170216,778,830
645,875,937
46776,882,968
3790,887,966
117199,899,967
404758,921,1034
41275,922,983
211009,923,978
188020,940,1022
36663,946,1012
110926,948,1093
308221,956,1017
20461,962,1036
35859,964,1035
89791,966,1047
295526,972,1045
132555,994,1066
110927,994,1108
212301,997,1061
308220,1005,1066
304378,1019,1098
186587,1022,1083
347846,1027,1124
304377,1028,1098
304502,1307,1378
389823,1322,1388
404703,1459,1517
270616,1478,1544
235329,1491,1564
49116,1491,1568
357975,1491,1571
583,1491,1574
313313,1491,1577
167985,1492,1546
115656,1493,1553
74517,1501,1566
126761,1510,1578
55703,1518,1568
75670,1518,1576
268159,1674,1746
179061,1676,1750
89790,1677,1756
30595,1773,1858
62698,1785,1844
167854,1788,1855
175045,1792,1855
296270,1793,1856
342459,1793,1877
114646,1795,1876
101619,1825,1904
160469,1836,1913
316705,1842,1909
47771,1846,1904
79888,1848,1915
71821,1848,1921
77162,1850,1926
359047,1851,1947
53054,1854,1928
399743,1862,1926
176690,1863,1948
57315,1866,1925
367779,1875,1940
2190,1880,1947
382308,1993,2048
304004,2060,2133
242,2506,2601
84532,2508,2609
215989,2946,3080
188890,2986,3089
97245,3010,3069
58222,3026,3083
309060,3073,3135
1731,3242,3320
214640,3274,3337
47290,3275,3340
323007,3373,3452
342458,3607,3671
235712,3610,3667
385409,3611,3665
87879,3612,3662
42077,4123,4195
384783,4132,4188
157951,4443,4531
58523,4544,4620
191470,4812,4891
391418,4818,4894
363724,4963,5025
233508,4999,5077
28490,5320,5405
16961,5324,5399
347791,5326,5405
72442,5549,5619
84976,5552,5602
25077,5552,5604
13023,5554,5634
79905,5556,5620
347922,5558,5627
308400,5616,5760
259032,5623,5748
259033,5627,5758
399267,5636,5772
395485,5637,5732
60699,5638,5763
92169,5646,5761
60698,5648,5813
145263,5656,5731
232859,5657,5786
10497,5661,5782
134084,5663,5751
366168,5671,5750
171186,5671,5797
256442,5671,5823
335322,5674,5755
107918,5676,5762
107917,5676,5783
142513,5677,5742
378866,5679,5782
86718,5679,5817
282367,5680,5743
255416,5680,5761
131857,5680,5789
133746,5680,5803
50924,5681,5806
76002,5684,5790
295516,5686,5741
102084,5686,5783
39027,5689,5785
374469,5693,5784
385603,5694,5758
39026,5694,5762
83188,5696,5766
364379,5697,5762
321460,5697,5807
70513,5702,5793
130888,5705,5814
389822,5707,5778
5423,5718,5814
321461,5725,5812
35855,5725,5838
127238,5767,5851
40895,5885,5956
167689,5886,5954
321459,5990,6065
45974,6178,6304
134085,6200,6329
79995,6202,6283
51153,6248,6330
72180,6253,6336
15825,6255,6321
37226,6256,6317
237941,6257,6323
6319,6263,6325
22291,6289,6348
221954,6377,6437
396004,6377,6440
328244,6379,6440
221953,6459,6529
377406,6539,6607
240893,6721,6824
273827,6726,6817
79903,6728,6789
270059,6729,6788
177957,6731,6818
25323,6731,6823
321951,6733,6815
273826,6740,6835
122221,6751,6827
51073,6776,6829
136572,7145,7196
36878,7146,7214
147564,7167,7235
190732,7178,7251
142512,7320,7389
284655,7320,7395
112581,7321,7382
221199,7388,7479
42407,7395,7472
270998,7399,7478
237290,7417,7480
391417,7503,7569
391234,7513,7574
