381697,93,166
87648,94,161
127249,94,164
356836,94,177
127765,94,194
125493,95,190
231298,101,160
11640,111,229
23264,113,177
255693,113,250
371275,114,211
158317,121,192
44591,122,243
372904,125,242
9993,127,256
187942,135,264
134808,150,255
10373,152,259
68402,153,220
36747,155,224
63097,158,225
164869,165,247
356012,199,280
176366,199,290
171068,203,291
356996,204,274
31914,223,329
294829,227,354
143938,265,337
318583,272,336
2337,272,347
85584,274,346
311174,274,370
23522,277,355
52932,279,369
52931,285,377
120321,332,395
400785,338,437
210695,340,402
351705,407,468
223902,440,511
255087,440,535
300303,443,533
93681,445,505
89249,445,516
206195,450,513
143274,450,575
160100,455,516
239710,455,525
326598,468,585
239299,471,529
91285,471,552
255585,473,550
121362,473,559
227780,473,571
360804,475,532
377935,475,575
300304,477,580
276728,478,528
40783,478,551
37110,478,570
38840,480,546
91568,483,558
364392,484,531
93680,486,546
158316,487,614
207859,488,545
33445,489,550
10813,489,560
342786,518,580
371114,522,576
90167,526,580
287582,536,580
172951,536,584
116155,538,612
77522,564,644
207858,639,715
403369,642,705
338665,754,811
264514,766,835
304344,830,901
53394,853,922
183980,856,903
388000,858,925
256540,859,904
151490,859,914
241992,861,921
304345,862,927
14798,864,925
209073,867,919
268692,870,932
258725,871,926
47292,888,937
304897,972,1041
266511,977,1037
102693,991,1043
9546,1134,1194
25718,1134,1197
319721,1134,1201
149750,1134,1204
405236,1142,1205
19927,1142,1212
222695,1144,1209
341537,1145,1207
68439,1146,1200
311201,1146,1208
180772,1149,1221
364183,1151,1214
306509,1151,1219
42026,1152,1250
151867,1153,1224
283262,1153,1228
132566,1154,1231
84967,1156,1224
258724,1157,1217
200028,1158,1208
262813,1161,1222
84968,1162,1228
360966,1173,1251
42858,1175,1228
302966,1191,1292
255691,1198,1280
302966,1368,1465
297470,1386,1453
196478,1397,1452
173578,1397,1461
261575,1555,1635
125492,1557,1616
259838,1557,1633
13844,1559,1636
304479,1559,1641
154242,1560,1633
359151,1562,1610
340577,1562,1654
332865,1565,1690
151866,1567,1634
272893,1575,1653
194067,1590,1653
39784,1591,1647
386727,1591,1655
207437,1593,1653
304896,1594,1657
237873,1595,1651
208816,1595,1676
36778,1598,1694
165979,1599,1676
321874,1600,1651
14784,1603,1653
68229,1606,1694
220337,1609,1655
160399,1609,1674
371526,1610,1677
314825,1610,1696
34218,1612,1681
350808,1614,1682
40759,1615,1677
24154,1616,1693
269341,1617,1675
379035,1617,1689
121363,1618,1674
34322,1618,1681
30516,1618,1685
282621,1618,1695
29103,1619,1675
110828,1619,1682
307529,1620,1684
24777,1620,1689
213254,1620,1693
321889,1622,1683
352736,1623,1687
241256,1623,1692
191598,1624,1690
359965,1626,1689
62900,1626,1691
41322,1630,1692
125888,1631,1696
132383,1633,1699
49470,1635,1697
78914,1741,1799
356015,1880,1953
205970,2029,2113
25642,2030,2075
284914,2030,2091
113423,2031,2114
74213,2042,2100
314451,2042,2106
205953,2044,2094
332866,2087,2161
311313,2101,2147
352168,2125,2207
34769,2127,2179
349213,2136,2208
186236,2138,2186
17988,2138,2207
105348,2145,2219
260794,2146,2216
397105,2148,2208
210490,2148,2214
40144,2155,2218
323887,2163,2219
275291,2163,2222
256863,2180,2244
33994,2181,2234
34591,2183,2235
44929,2185,2248
101596,2197,2240
272921,2198,2250
319720,2219,2299
52442,2224,2285
16877,2225,2299
8231,2237,2300
32254,2238,2299
49309,2239,2300
405663,2255,2299
357556,2346,2396
252774,2346,2434
354706,2347,2400
93602,2347,2428
24711,2348,2438
60311,2354,2435
34978,2362,2437
22480,2365,2426
314876,2368,2437
134175,2539,2585
271724,2676,2822
255692,2677,2833
59274,2719,2815
27491,2744,2810
266939,2745,2798
308819,2746,2810
289377,2754,2836
115348,2756,2820
261112,2756,2849
12699,2759,2814
370559,2761,2837
302965,2767,2875
302964,2776,2900
24778,2777,2846
34389,2782,2843
117582,2786,2846
14309,2786,2849
51209,2789,2844
93181,2811,2877
388509,2853,2918
318465,2858,2932
240683,2859,2940
251809,2867,2957
251810,2872,2981
68382,2885,2955
356215,2888,2939
88693,2888,2960
6149,2889,2954
343427,2889,2969
302965,2889,2986
233144,2890,2953
259268,2891,2954
302964,2895,3009
105125,2955,3053
134809,2975,3053
61542,2977,3050
134807,2981,3043
375811,2982,3039
364627,2986,3042
246111,2989,3052
99734,3002,3053
387232,3090,3150
255690,3096,3201
271725,3131,3230
39944,3142,3229
218188,3155,3236
30088,3156,3229
314877,3165,3231
166562,3166,3227
260963,3168,3234
160521,3172,3229
42480,3203,3269
99161,3234,3288
34239,3249,3308
84700,3250,3323
34238,3251,3308
276088,3253,3309
248606,3284,3340
296087,3297,3357
105127,3306,3421
36779,3312,3366
105126,3425,3496
115755,3446,3503
91569,3464,3533
367717,3500,3621
372905,3511,3628
209964,3518,3616
66660,3522,3596
232427,3522,3628
57077,3525,3629
121947,3529,3622
93726,3530,3606
35049,3530,3629
8707,3536,3609
16961,3544,3619
372451,3544,3625
270148,3553,3616
326145,3554,3607
207531,3761,3817
395755,3773,3845
392344,3794,3860
392343,3796,3860
113424,3805,3859
134399,3806,3851
157833,3806,3858
172499,3818,3880
158599,3818,3883
222697,3820,3887
159852,3823,3898
105124,3825,3894
343739,3826,3900
78913,3830,3900
220005,3832,3898
281484,3835,3896
9849,3835,3898
12273,3836,3900
296088,3840,3903
78912,3846,3905
127989,3847,3904
290258,3992,4052
24776,4012,4080
373337,4154,4227
14783,4165,4231
67547,4188,4255
197998,4391,4457
285285,4392,4453
362318,4397,4455
354806,4400,4472
75297,4419,4495
381696,4424,4505
370560,4428,4499
46822,4476,4544
164369,4478,4547
84966,4557,4643
391121,4559,4626
338017,4566,4662
140045,4567,4658
247210,4570,4672
19832,4571,4644
291181,4571,4666
356013,4576,4640
338016,4576,4690
79954,4577,4654
246826,4577,4672
356014,4578,4640
359795,4579,4650
354578,4580,4641
140044,4581,4643
48110,4581,4647
22902,4585,4676
57740,4588,4651
364888,4589,4650
57739,4590,4653
405237,4591,4657
48111,4594,4655
115663,4597,4658
386135,4597,4660
368372,4598,4659
379286,4598,4690
97470,4600,4677
3823,4601,4674
79953,4602,4680
145913,4603,4665
43340,4603,4677
359152,4608,4669
64662,4608,4676
218189,4611,4676
197672,4615,4681
62403,4616,4678
160099,4617,4686
117583,4618,4679
112999,4618,4682
24712,4619,4698
88362,4620,4679
114970,4621,4678
123621,4624,4668
218190,4703,4761
359888,4708,4755
365384,4708,4780
183619,4714,4762
189686,4714,4812
305353,4725,4779
81529,4730,4793
30927,4731,4781
198724,4731,4803
54040,4733,4793
179426,4853,4930
128968,4876,4969
8707,4878,4955
18856,4881,4955
172950,4885,4971
57078,4890,4974
26479,4893,4958
16961,4899,4966
35563,4920,4972
174212,5081,5135
119616,5083,5135
116912,5203,5253
211022,5281,5334
311202,5282,5341
315599,5347,5415
122705,5350,5412
273296,5359,5430
314878,5411,5470
405238,5638,5704
353971,5639,5703
364437,5783,5839
271727,5790,5912
251812,5791,5868
387441,5791,5904
74287,5795,5871
271726,5795,5938
261113,5796,5875
140449,5797,5893
13738,5803,5875
158460,5814,5904
26387,5818,5875
222696,5824,5929
251811,5844,5926
345969,5845,5897
358413,5853,5926
354707,5872,5934
315096,5878,5940
25717,5975,6030
193182,5975,6033
57738,5975,6035
356837,5976,6031
59604,5976,6038
356783,5983,6052
345612,6068,6130
206703,6203,6278
375750,6208,6276
291934,6213,6303
21227,6226,6304
119019,6327,6375
51916,6383,6451
62899,6475,6538
335782,6525,6586
