350162,1136,1197
75819,1391,1441
186042,2135,2213
151167,2171,2214
4728,2287,2357
3216,2288,2349
132378,2288,2352
89314,2289,2355
21446,2291,2352
74119,2291,2359
280791,2292,2354
56738,2386,2455
108697,2388,2450
79743,2389,2452
235786,2392,2467
341573,2393,2480
341574,2398,2483
280967,2398,2496
12439,2401,2450
129804,2410,2478
233772,2412,2476
57476,2416,2477
169605,2416,2483
4631,2416,2487
229566,2416,2490
379481,2417,2492
322184,2421,2489
101912,2423,2486
5596,2425,2491
331754,2434,2496
280966,2440,2505
62906,2442,2492
228211,2457,2517
71679,2730,2793
178606,3139,3202
4728,3142,3217
3216,3146,3211
36880,3147,3208
787,3147,3216
210871,3147,3220
403315,3463,3520
299694,3472,3535
235785,3472,3540
163276,3475,3537
350457,3477,3529
243147,3478,3540
67872,3667,3738
7694,3829,3903
186992,3841,3892
184233,3842,3908
160480,5807,5872
243146,5811,5872
60925,6180,6249
251961,6428,6479
69177,6667,6734
226531,6670,6717
128018,6863,6920
223534,6863,6922
296255,7291,7351
346545,7306,7357
209516,7311,7402
392781,7331,7376
166839,7331,7403
98011,7346,7411
372837,7657,7718
120094,7736,7784
74488,7745,7815
315031,7951,7995
10785,7952,8017
282290,8126,8188
378811,8399,8464
92354,8399,8467
390296,8401,8462
392182,8424,8470
41935,8762,8827
348374,8764,8851
37783,8776,8847
353868,8779,8845
1938,8790,8881
385821,8793,8854
151684,8796,8857
301314,10424,10518
98738,10426,10503
297751,10430,10540
95574,10432,10526
228811,10433,10502
136657,10436,10501
164940,10437,10522
130836,10439,10506
145838,10443,10542
235784,10454,10543
3482,10455,10540
239483,10458,10519
319400,10458,10521
165282,10471,10541
242083,10475,10562
42419,10481,10552
139968,10482,10550
405501,10483,10544
144500,10484,10555
307536,10485,10568
81077,10486,10556
35945,10489,10552
153582,10491,10552
54014,10500,10570
346544,11064,11111
236248,11434,11513
21023,11471,11537
199599,11476,11537
91301,11481,11534
383608,11484,11527
272749,11490,11555
363399,11749,11799
3389,11788,11860
346097,11861,11922
306077,11881,11960
168766,11886,11961
404665,11887,11964
273689,11900,11965
78419,11909,11970
264905,11923,11984
402651,11926,11996
56600,11931,11996
40187,12271,12333
90530,12274,12338
390295,12295,12370
29584,13863,13927
110936,13937,14010
89315,13941,14004
67434,13944,14008
371227,15225,15273
375395,15566,15628
140044,15795,15838
50384,16133,16213
49158,16459,16533
172906,16776,16842
323161,16790,16842
334970,16791,16859
367109,16970,17039
167469,16974,17035
276280,16975,17039
81429,16978,17044
156700,16985,17081
121186,16991,17062
188542,16999,17060
134991,17000,17061
294702,17003,17078
161944,17006,17083
283286,17007,17086
212137,17018,17086
4729,17265,17353
79101,17282,17353
213914,17298,17366
62540,17310,17368
92026,17333,17396
245821,17336,17408
75137,17570,17639
32648,17582,17634
5408,17799,17856
94138,17805,17862
46081,17813,17855
232446,18051,18103
198723,18246,18300
57871,18276,18326
347467,18368,18426
4729,18610,18682
56601,19033,19108
264488,19038,19102
230528,19043,19103
127975,19203,19260
