400030,126,221
94438,297,379
34774,298,358
138549,298,368
166176,299,352
134348,299,363
273700,299,380
57764,301,360
387158,304,361
125680,304,374
199014,321,397
299265,323,374
341696,338,405
315587,367,431
31797,383,429
6584,420,486
122980,423,476
317828,427,485
197533,667,733
55314,668,748
102373,668,751
124328,669,743
296292,674,737
10937,678,748
181957,680,751
63697,682,737
40634,687,736
167305,694,748
16796,819,878
142247,832,902
10685,879,945
332857,967,1028
53696,1114,1170
30543,1115,1198
257691,1121,1200
136849,1141,1200
381113,1193,1268
101559,1340,1398
100574,1443,1521
270093,1454,1501
387835,1454,1526
373668,1455,1515
367856,1456,1517
86720,1457,1506
39445,1457,1522
357144,1460,1521
84661,1461,1513
144774,1462,1525
198984,1474,1541
327353,1478,1540
67993,1481,1542
193466,1482,1543
164852,1492,1542
270047,1576,1632
71691,1582,1645
373669,1593,1645
350239,1710,1766
146215,1717,1772
71822,1719,1817
344272,1726,1813
392114,1738,1814
13,1744,1815
350241,1745,1813
329747,1746,1809
70073,1796,1900
329172,1797,1873
321862,1798,1909
45996,1801,1908
329174,1811,1922
45999,1813,1907
164013,1815,1873
114698,1815,1878
45995,1816,1884
212072,1816,1915
70732,1817,1901
8862,1817,1912
23463,1818,1898
390323,1819,1892
78468,1819,1907
270931,1823,1891
33661,1823,1912
23461,1826,1908
3838,1827,1904
329175,1835,1987
6472,1903,2009
18206,1903,2013
385663,1903,2026
246777,1904,1999
216819,1918,2009
329173,1918,2021
10008,1918,2032
303553,1919,2013
213829,1923,2008
242703,1925,2020
370688,1929,2016
57609,1934,2017
18933,1998,2072
84660,2005,2073
127340,2011,2074
127683,2025,2073
321551,2218,2269
6471,2219,2286
108851,2220,2281
371063,2221,2275
68864,2222,2289
200032,2225,2283
302608,2225,2285
68865,2225,2289
270700,2235,2287
240079,2235,2290
211095,2246,2289
150618,2247,2290
114746,2348,2422
160278,2356,2420
145289,2364,2430
264009,2381,2435
131890,2426,2489
267357,2431,2493
70061,2503,2565
70061,2690,2744
76923,2904,2996
182939,2946,3009
273728,2951,3017
272510,2957,3020
69712,2958,3009
172292,2959,3013
373667,2959,3040
343655,2960,3034
84657,2976,3040
241646,3002,3053
32751,3526,3571
196268,3526,3603
396770,3527,3590
14171,3531,3629
10938,3537,3603
14172,3541,3628
361903,3544,3624
114697,3546,3644
154585,3547,3609
361904,3547,3630
210867,3553,3621
81825,3567,3637
154376,3569,3645
82933,3570,3626
25497,3570,3650
86126,3572,3630
167803,3573,3643
147426,3574,3637
64936,3579,3632
140957,3580,3627
346096,3580,3663
230075,3638,3690
276224,3650,3695
263702,3791,3859
114699,3795,3881
114700,3800,3881
32750,4080,4139
100570,4305,4371
45489,4435,4485
226879,4435,4508
85289,4437,4501
236458,4438,4496
4332,4561,4626
270630,4566,4627
165242,4568,4628
367603,4569,4626
70730,4571,4628
216926,4686,4750
270627,4716,4775
139644,4741,4792
152546,4743,4802
143470,4794,4863
38602,4797,4853
1904,4912,4985
137634,4917,4977
113513,4921,4988
398621,4991,5053
293804,5497,5568
381115,5502,5567
168786,5523,5578
122638,5764,5834
256820,5937,5999
89116,6005,6065
340710,6067,6130
149963,6067,6152
86721,6164,6228
313215,6239,6317
114077,6241,6336
127684,6246,6318
213056,6270,6351
168785,6293,6351
293624,6691,6745
9035,6699,6763
105477,6725,6780
345345,6831,6883
134349,7046,7101
106968,7055,7100
231675,7778,7833
241195,7816,7879
20615,7974,8029
7556,7974,8044
213836,7974,8050
213837,7974,8053
171589,7974,8062
213183,7977,8032
237040,7977,8046
263974,8059,8110
335876,8083,8179
227275,8089,8161
213833,8089,8207
272509,8093,8174
70073,8096,8195
45997,8101,8193
213831,8101,8206
78469,8118,8222
350237,8120,8195
373670,8122,8175
69221,8122,8203
34650,8125,8198
3838,8126,8195
391109,8127,8213
23462,8128,8194
392111,8131,8211
401040,8192,8257
20616,8401,8471
213830,8409,8482
120631,8492,8561
173556,8495,8566
105476,8499,8560
145190,8499,8573
230076,8500,8558
70731,8533,8618
110506,8556,8620
246776,8817,8906
70066,8818,8893
381939,8818,8896
113511,8820,8904
70729,8824,8887
41095,8829,8889
338947,8849,8914
64768,8949,9005
263703,8955,9009
117828,8957,9013
114076,8971,9030
317827,9400,9473
99141,9499,9545
350240,9513,9574
70067,9576,9651
70068,9583,9686
113512,9636,9679
184213,9693,9744
290145,9698,9751
61963,10131,10186
20614,10165,10235
80102,10168,10232
70071,10170,10241
270631,10194,10264
346608,10355,10428
273234,10391,10450
361413,10449,10501
34775,10644,10702
90856,10645,10688
270632,10669,10768
270633,10679,10777
236455,10974,11068
243424,10976,11069
120632,10977,11039
213838,10981,11072
173557,10983,11077
127581,11012,11073
347484,11062,11134
102918,11197,11252
273431,11197,11263
280443,11197,11292
52118,11198,11260
46002,11198,11269
84664,11199,11258
210379,11201,11263
159751,11201,11305
70069,11202,11288
13212,11203,11265
70070,11209,11306
339703,11214,11284
382096,11221,11315
129890,11224,11283
131683,11231,11309
305367,11233,11317
367855,11236,11311
318949,11237,11300
234226,11238,11310
350238,11238,11323
339272,11240,11308
261083,11254,11314
280444,11254,11328
71094,11266,11329
32322,11270,11325
200612,11270,11327
115045,11271,11330
108818,11273,11329
115172,11274,11327
33278,11276,11324
66984,11368,11418
70062,11369,11443
270634,11408,11477
70072,11655,11733
217964,11676,11750
167616,11681,11742
236457,11694,11776
116744,11695,11757
323222,11699,11777
15572,11701,11762
356489,11707,11777
98335,11716,11776
172109,11723,11782
122888,11725,11777
86722,11727,11786
385103,11731,11793
70062,11738,11816
270635,11740,11814
70066,11745,11835
165325,11756,11823
261206,12045,12101
31901,12045,12112
398204,12048,12109
115046,12370,12428
16228,12637,12692
46001,12655,12725
328100,12804,12856
70067,12805,12878
70068,12809,12906
244628,13269,13325
369022,13275,13323
359090,13442,13483
317491,13857,13920
70064,13890,13981
360926,14152,14258
318631,14160,14263
193468,14164,14240
213842,14167,14247
106427,14169,14260
213843,14170,14248
193469,14170,14254
78472,14172,14246
101281,14173,14259
210305,14176,14272
147901,14177,14264
191134,14180,14248
315483,14180,14258
70065,14182,14289
89119,14182,14313
18205,14188,14259
193467,14191,14256
392112,14196,14258
32666,14197,14260
226882,14201,14274
392146,14318,14371
59070,14323,14394
400029,14325,14402
407886,14325,14413
97025,14325,14419
20025,14326,14383
78471,14327,14412
364738,14327,14424
378342,14327,14431
383477,14328,14414
178588,14329,14416
373671,14331,14398
267356,14333,14394
251151,14333,14415
4585,14335,14424
193471,14335,14431
3792,14347,14409
89114,14347,14420
197534,14356,14425
236454,14358,14424
171590,14358,14441
4535,14360,14429
78470,14361,14424
193472,14368,14437
213840,14574,14676
45145,14581,14661
45998,14585,14649
252751,14587,14662
139249,14588,14634
69221,14592,14669
45999,14594,14662
236496,14595,14655
3838,14596,14658
392111,14596,14674
226878,14597,14653
210304,14617,14679
400316,14619,14678
17971,14769,14831
382095,14769,14841
213834,14769,14895
46003,14775,14837
98334,14790,14877
139068,14797,14863
213841,14807,14874
213835,14822,14910
213832,14838,14919
213839,14918,15005
226880,14927,14992
393257,14971,15040
280445,14974,15036
31900,14975,15044
108850,14979,15071
89120,14991,15052
70064,15001,15093
3748,15006,15070
235790,15240,15302
355373,15240,15309
284777,15241,15291
366173,15256,15349
269565,15257,15324
261205,15270,15342
40505,15274,15339
40504,15274,15352
70071,15276,15354
68508,15281,15347
121513,15288,15347
114747,15291,15351
161958,15292,15353
318951,15294,15371
70069,15296,15375
187195,15297,15353
70070,15298,15388
294569,15310,15387
197408,15311,15378
201889,15312,15374
270628,15313,15421
392113,15317,15397
68009,15319,15385
41094,15325,15401
89118,15326,15432
116743,15330,15427
70063,15330,15433
233544,15332,15386
4720,15333,15387
70065,15333,15430
163680,15336,15411
226881,15340,15412
98476,15734,15800
183730,15747,15813
89117,15758,15842
116742,15761,15850
28406,15767,15808
85292,16202,16262
4398,16202,16271
44722,16202,16281
127580,16234,16301
15280,16281,16350
119102,16310,16373
84659,16318,16424
208718,16322,16379
13211,16322,16420
116741,16322,16424
84663,16323,16399
41093,16323,16402
270629,16324,16427
70063,16324,16433
54421,16325,16404
84658,16327,16397
16620,16328,16384
84662,16328,16402
89115,16330,16398
381909,16332,16405
40040,16332,16409
84667,16361,16466
84666,16393,16484
155972,16410,16501
139643,16434,16487
16794,16445,16516
23460,16447,16515
4610,16708,16769
194549,16832,16909
343347,16862,16951
263424,16869,16935
402474,16995,17037
213844,17007,17074
280446,17286,17348
251850,17287,17349
257690,17299,17379
70072,17301,17374
57765,17303,17380
128604,17305,17374
10198,17309,17359
208309,17309,17372
327730,17310,17368
128605,17313,17372
209424,17314,17366
46000,17314,17373
17972,17314,17380
107644,17314,17387
303554,17315,17371
193470,17315,17374
30542,17315,17376
273430,17320,17371
404943,17432,17500
213845,17444,17510
20024,17446,17511
138107,17453,17510
33533,18277,18356
392117,18282,18354
33251,18761,18810
38932,19296,19346
16795,19339,19394
191296,19352,19449
64769,19359,19443
313216,19377,19451
187981,19480,19536
84665,19591,19633
12618,19687,19741
202289,19687,19744
4263,19687,19746
54420,19687,19760
349733,19688,19751
68863,19688,19769
51182,19688,19774
58421,19742,19823
392116,19745,19839
257689,19750,19822
49289,19763,19820
85291,19768,19833
166763,19789,19857
139519,19789,19863
80555,19799,19865
322778,19809,19864
353919,19810,19884
337449,19811,19869
18204,19817,19866
181167,19817,19871
272398,19822,19884
201490,19825,19892
371717,19965,20031
213846,20020,20077
364878,20125,20204
394486,20125,20208
360927,20130,20193
8396,20134,20198
405315,20145,20198
326623,20145,20202
280442,20148,20205
8636,20158,20202
4537,20171,20219
392115,20208,20287
200619,20210,20315
151782,20225,20300
397456,20225,20326
228389,20225,20342
375199,20226,20315
4334,20226,20346
221947,20228,20314
8707,20232,20310
233039,20232,20326
318950,20235,20337
71093,20236,20344
35049,20242,20346
16961,20244,20332
407885,20245,20334
13213,20249,20334
85508,20251,20315
719,20252,20314
240052,20252,20349
139250,20253,20334
363885,20256,20328
140593,20258,20330
280447,20259,20335
78473,20263,20346
4335,20265,20327
13343,20267,20338
188417,20270,20345
347744,20275,20350
25538,20276,20345
329041,20278,20339
384274,20281,20342
46004,20281,20346
202899,20281,20350
16621,20284,20343
214724,20290,20351
164012,20484,20558
346609,20520,20606
313217,20534,20605
392147,21198,21293
3794,21428,21509
3793,21428,21515
315484,21433,21497
24693,21441,21498
198084,21444,21514
33354,21449,21514
266142,21451,21511
201923,21453,21514
85290,21595,21679
236456,21596,21657
400534,21597,21682
381114,21598,21661
10486,21602,21662
236497,21602,21667
353823,21603,21692
4333,21613,21664
340711,21614,21689
171591,21663,21732
364879,21693,21774
44010,21704,21767
134350,21711,21773
327518,22000,22054
221103,22000,22054
