304472,93,155
334525,107,212
274553,111,220
60291,125,241
104328,127,223
220556,133,295
37662,140,212
285000,140,218
289978,140,223
77845,172,277
338569,175,312
374462,180,257
9188,186,268
54142,191,267
187430,191,307
252489,193,311
3543,196,269
47990,198,282
234967,202,323
166203,204,267
23264,207,276
342604,207,288
220478,215,286
238350,215,318
179319,215,358
56257,216,341
56256,216,352
1004,220,355
9993,227,356
33003,230,343
372904,230,348
184835,233,322
326022,233,350
328481,233,370
71706,241,345
47492,241,363
18215,244,336
121744,244,370
49893,247,327
8197,248,354
239507,251,327
143452,253,320
10373,254,367
309909,255,324
71704,255,331
124327,255,351
220479,259,353
304772,259,370
26882,260,324
14248,260,366
199353,263,369
200800,269,335
18216,274,369
293046,278,370
74991,404,465
289836,404,467
16350,404,480
16451,404,489
203979,404,498
86823,404,514
287206,405,472
134901,411,476
83201,411,487
83202,413,498
71699,448,510
119506,459,585
150163,460,568
55130,472,582
208245,476,584
45918,488,566
10641,509,577
151861,512,576
153037,515,576
157425,561,622
234783,581,643
95171,589,674
404630,591,689
11206,606,679
354664,784,861
375800,798,885
309908,799,864
302360,800,861
127980,803,860
25675,808,871
124651,811,881
20467,814,861
188876,815,873
11204,827,899
204994,828,906
137762,845,995
328979,912,990
406658,916,982
45422,924,980
63469,931,994
257287,932,996
17222,1165,1284
123605,1167,1275
384466,1168,1245
393626,1180,1259
123604,1181,1302
110492,1192,1320
334363,1193,1278
257288,1193,1292
17223,1196,1295
257289,1196,1316
189440,1220,1305
274554,1223,1291
47982,1228,1291
47771,1230,1284
316705,1231,1289
41257,1278,1334
131142,1295,1350
114950,1306,1369
137264,1420,1472
199352,1421,1471
118485,1518,1599
118484,1519,1595
104155,1530,1608
343951,1531,1595
119877,1533,1595
199351,1535,1605
150300,1538,1620
308476,1539,1600
43319,1539,1605
334364,1541,1599
125339,1541,1623
150043,1542,1619
48354,1542,1626
206440,1543,1596
133278,1544,1616
50192,1554,1618
303985,1714,1810
75948,1719,1822
138238,1721,1802
124652,1727,1792
344437,1728,1798
327901,1729,1790
397547,1733,1851
316706,1737,1819
10158,1747,1822
326847,1756,1837
50758,1759,1841
148997,1760,1822
36817,1764,1816
290060,1764,1842
167848,1770,1837
161115,1772,1840
122773,1773,1851
368997,1780,1841
191052,1780,1856
96723,1781,1850
267158,1785,1842
13368,1788,1835
219490,1788,1843
202048,1789,1839
348901,1794,1868
42873,1795,1873
319053,1812,1881
362098,1833,1887
240486,1900,1958
96721,1906,1989
294705,1915,1991
327658,1922,1986
173963,1922,1995
279349,1923,1992
173964,1927,1986
240485,1928,1996
23167,1928,2008
101854,1950,2043
55043,2058,2107
388145,2063,2114
399669,2063,2116
284112,2157,2224
33347,2163,2226
39727,2165,2227
177257,2178,2227
368288,2283,2348
125096,2283,2358
8238,2285,2348
190158,2285,2353
96892,2286,2386
313497,2304,2384
304474,2306,2396
215598,2307,2367
236190,2309,2358
218308,2317,2380
280090,2321,2385
41765,2325,2429
136065,2330,2390
53068,2332,2393
397058,2336,2409
397304,2337,2429
236468,2378,2436
408067,2401,2474
368289,2402,2481
134666,2446,2510
914,2457,2520
313845,2475,2518
182324,2486,2574
85484,2490,2572
338145,2491,2554
125893,2494,2558
234966,2497,2574
239126,2506,2574
354662,2513,2574
107904,2515,2574
280880,2518,2574
118437,2627,2678
52796,2785,2843
182325,2790,2862
85437,2860,2952
290784,2969,3068
15571,2981,3072
102739,3092,3157
306725,3144,3215
328980,3156,3216
207357,3163,3215
63473,3285,3377
161114,3285,3382
320346,3286,3336
345968,3286,3387
233415,3289,3380
153470,3289,3393
45238,3290,3377
372369,3291,3384
5399,3294,3380
242321,3298,3359
265925,3299,3373
33958,3308,3384
302362,3309,3376
283036,3459,3549
59197,3626,3743
245475,3628,3681
115933,3634,3737
309077,3642,3749
120590,3653,3716
107905,3653,3759
354573,3671,3785
309076,3671,3801
344645,3675,3749
107906,3677,3766
146893,3678,3804
234969,3682,3740
52792,3682,3743
252488,3682,3749
33346,3686,3826
334527,3688,3816
160723,3694,3794
177319,3699,3777
170525,3701,3770
3573,3701,3773
52793,3701,3798
362979,3703,3764
115934,3703,3806
115935,3707,3806
310450,3708,3804
252056,3715,3778
224303,3717,3802
120589,3717,3832
135117,3718,3821
115936,3718,3854
224302,3721,3807
354572,3727,3839
130181,3733,3831
130182,3734,3854
107907,3737,3828
52794,3740,3835
168604,3741,3802
63233,3745,3804
395953,3745,3809
52795,3756,3835
168605,3761,3820
234968,3762,3839
115937,3764,3854
325269,3773,3834
107908,3773,3855
131562,3776,3841
387795,3777,3848
352258,3781,3833
146892,3782,3855
334528,3982,4097
354574,3986,4094
114951,3995,4045
48355,4107,4180
83203,4107,4208
42876,4245,4322
178758,4247,4311
375670,4318,4388
125097,4344,4419
213318,4359,4474
151892,4361,4450
334526,4371,4488
45458,4382,4429
325374,4382,4450
316766,4384,4481
58492,4384,4486
15570,4385,4456
70019,4386,4443
42875,4388,4489
11205,4389,4444
14988,4390,4469
247773,4391,4486
10930,4397,4463
15952,4399,4486
298921,4401,4482
348619,4402,4466
145108,4402,4468
318478,4402,4487
387796,4415,4517
151891,4416,4486
372905,4418,4538
86006,4420,4513
358870,4420,4528
302361,4421,4543
134214,4424,4519
74300,4424,4531
46300,4426,4509
199683,4426,4542
388233,4428,4490
124132,4430,4516
69255,4434,4529
284222,4434,4607
7921,4438,4514
45411,4438,4549
74327,4444,4546
36551,4451,4547
73905,4455,4533
234784,4457,4560
10357,4459,4546
33002,4460,4608
199682,4462,4541
308140,4462,4553
338570,4465,4541
105395,4466,4556
389240,4466,4561
45412,4466,4573
45413,4473,4608
57801,4477,4554
289045,4478,4547
24388,4479,4557
17163,4479,4571
311728,4480,4541
10278,4480,4543
45240,4480,4548
325268,4480,4607
168866,4483,4542
276500,4483,4557
40907,4491,4557
265923,4491,4601
102849,4491,4607
323325,4494,4559
23830,4496,4606
115921,4500,4557
265924,4505,4602
138190,4507,4608
45410,4512,4559
273990,4514,4557
189957,4515,4572
326870,4518,4605
398009,4523,4586
58400,4527,4593
7769,4530,4594
84199,4544,4606
258272,4675,4737
355389,4786,4842
342158,4801,4859
383847,4806,4852
17661,4807,4857
218019,4941,5039
37778,4960,5025
320859,4998,5077
109254,5011,5080
318192,5023,5072
306724,5027,5095
115528,5037,5099
118483,5251,5325
343542,5433,5498
308583,5433,5543
126128,5443,5523
320347,5444,5556
138237,5446,5541
323531,5451,5533
83204,5451,5543
75947,5456,5535
402670,5460,5555
1980,5470,5523
105386,5485,5549
398008,5620,5718
304473,5646,5718
155856,5653,5734
118832,5783,5831
42874,6076,6127
121905,6076,6138
402669,6076,6149
710,6076,6153
32424,6078,6131
116218,6080,6153
361557,6080,6157
326869,6081,6178
325267,6097,6178
57163,6101,6176
347180,6113,6177
164035,6113,6179
165304,6114,6212
95343,6115,6179
438,6121,6217
57162,6122,6177
174293,6158,6224
333104,6164,6233
256252,6169,6249
177411,6173,6231
42565,6174,6255
354663,6179,6243
324967,6179,6245
378356,6179,6254
281709,6179,6263
105233,6180,6244
183280,6181,6270
118836,6186,6239
220480,6187,6276
95172,6199,6269
268095,6199,6272
39952,6203,6264
314004,6206,6271
338146,6210,6271
81495,6212,6277
364549,6324,6387
120592,6325,6386
39432,6335,6391
161011,6340,6391
402770,6443,6484
308834,6527,6577
407527,6751,6815
18217,6751,6826
104490,6759,6813
129769,6759,6825
115532,6764,6842
192641,6764,6845
131482,6764,6859
350589,6765,6818
41861,6766,6830
302363,6769,6865
12149,6770,6841
222964,6772,6829
132959,6776,6844
67316,6780,6841
48833,6780,6843
336178,6785,6861
234484,6815,6880
26883,6815,6907
237026,6815,6914
352257,6868,6949
46591,6869,6942
10442,6876,6940
335664,7164,7221
246597,7165,7246
135698,7166,7280
196152,7169,7231
77869,7201,7260
146891,7212,7281
396646,7214,7292
301237,7222,7295
343206,7225,7296
320766,7250,7316
37661,7250,7324
384467,7263,7353
4087,7272,7340
222425,7273,7353
335663,7284,7351
276424,7286,7359
353737,7289,7372
109737,7294,7361
313891,7298,7359
43132,7299,7360
172763,7303,7391
40908,7315,7382
7571,7328,7393
55183,7407,7458
134261,7413,7474
34295,7415,7483
133849,7421,7475
122774,7481,7579
125098,7492,7560
263025,7495,7589
7282,7502,7577
24644,7503,7571
189553,7505,7576
290083,7830,7896
169386,7830,7903
179373,7835,7898
259612,8175,8230
216212,8214,8276
83200,8233,8308
96722,8257,8337
32076,8344,8429
183918,8360,8420
320858,8484,8554
120591,8486,8558
203980,8506,8557
166510,8649,8697
224596,8652,8722
1003,8668,8729
48356,8891,8945
6146,8892,8945
130026,8892,8946
