312124,230,306
372741,231,294
376741,232,329
3828,233,307
117885,235,308
111678,235,312
111391,241,325
376742,244,332
350642,245,308
162156,249,316
292429,249,332
72186,249,337
133025,250,319
100790,253,324
251517,253,328
174941,254,319
138332,256,320
127625,256,325
279841,261,331
246034,262,340
152261,263,345
127290,265,319
48561,266,333
146151,266,337
65917,269,332
77376,270,327
1456,270,340
246035,270,364
23364,271,332
146152,273,338
232883,273,346
72187,275,337
85384,275,339
113778,277,340
339847,280,335
31843,281,339
19503,283,345
26881,284,347
31844,287,339
254341,295,346
6327,450,508
197665,450,511
246025,450,568
162225,451,516
23397,453,502
110203,454,501
162224,454,516
172285,456,511
307485,699,753
246029,868,921
204722,871,921
41551,874,950
256912,875,948
294928,876,937
392427,876,942
296526,877,940
31846,879,951
220400,881,943
137185,882,947
6966,1067,1128
142863,1067,1132
185401,1067,1137
270972,1068,1173
129773,1069,1134
405584,1069,1146
371863,1072,1141
360807,1072,1157
51060,1085,1153
351521,1086,1188
189077,1090,1163
139652,1098,1158
206439,1099,1163
351522,1104,1216
140536,1107,1170
246730,1107,1190
165003,1108,1171
240929,1111,1180
46223,1112,1173
238241,1114,1178
43120,1117,1185
173724,1119,1206
124028,1120,1200
230919,1121,1192
181035,1122,1186
93828,1130,1208
325314,1130,1212
246022,1131,1194
3671,1141,1195
376882,1141,1226
246731,1149,1199
138216,1153,1221
299955,1157,1234
193056,1176,1243
153165,1190,1269
217080,1195,1256
62739,1195,1260
300607,1195,1277
140805,1213,1270
117190,1219,1263
279025,1235,1284
39085,1246,1308
17892,1250,1322
48986,1270,1331
123125,1270,1342
9621,1274,1336
291222,1274,1343
394611,1285,1360
246025,1289,1411
14470,1512,1581
92094,1695,1748
82,1910,1955
347324,1910,1978
133167,1910,1987
212181,1910,1993
309165,1911,1956
157856,1915,1970
241199,1915,1976
405585,1917,1978
100507,1919,1982
246022,1919,1984
27137,1919,1987
53871,1919,1993
209602,1920,1996
93502,1924,2019
194613,1931,1987
373159,1931,1991
53106,1931,1995
57081,2004,2068
381986,2011,2073
246029,2016,2083
37358,2031,2100
37359,2035,2098
182039,2040,2104
179227,2205,2269
74869,2206,2252
358085,2470,2533
58415,3330,3404
261777,3342,3403
372742,3373,3462
370447,3380,3443
226529,3409,3469
351622,3715,3759
230920,3715,3777
229395,3715,3779
31845,3715,3784
246033,3715,3787
126695,3718,3777
148781,3719,3774
262123,3722,3796
357754,3728,3805
112878,3736,3809
2523,3737,3803
341892,3743,3806
185891,3745,3809
132326,3829,3898
53595,3942,4016
94372,3973,4056
383515,3978,4051
246023,3988,4060
343219,4130,4180
31524,4339,4401
172309,4367,4413
33012,4679,4736
33013,4682,4736
41082,4776,4828
383592,4777,4830
246023,4778,4831
348580,4937,5000
212338,4938,5019
185890,4939,5011
279665,4940,5001
162155,4940,5013
152262,4942,5005
246034,4943,5029
57824,4944,5007
4005,4944,5017
281493,4945,5037
270434,4947,5023
302935,4950,5011
5618,4952,5037
140535,4955,5014
370448,4955,5019
140699,4955,5040
82349,4956,5023
51599,4959,5018
200358,4959,5024
140700,4963,5038
168117,4965,5017
179092,4966,5018
315528,4969,5044
170598,4972,5015
40814,4972,5040
86090,4972,5046
9226,4973,5035
161140,4973,5043
82318,4975,5040
163758,4977,5018
40319,4978,5042
53105,4980,5036
152264,4981,5034
340455,4981,5048
246032,5211,5283
388163,5302,5366
215715,5329,5400
131551,5330,5406
175500,5334,5417
7243,5336,5401
395572,5337,5403
152263,5338,5405
343768,5340,5403
139447,5347,5434
50379,5353,5418
127289,5363,5417
279999,5366,5409
140537,5366,5439
53872,5366,5450
162157,5369,5436
9226,5370,5432
50413,5370,5441
322370,5372,5440
50997,5378,5441
30786,5393,5466
65788,5401,5460
39893,5401,5463
246021,5401,5467
229135,5402,5493
260468,5404,5471
281221,5408,5470
309085,5410,5472
236209,5417,5479
35556,5418,5494
111941,5419,5503
23746,5435,5490
251119,5459,5516
348173,5464,5519
294154,5811,5871
111391,5812,5881
355648,5814,5876
244425,5817,5882
246021,5824,5880
246035,5832,5917
306836,5835,5897
52348,5963,6025
249247,6026,6110
236208,6036,6116
62723,6040,6113
41202,6043,6104
338294,6043,6112
248664,6044,6117
115441,6049,6111
385943,6667,6733
270819,6671,6744
299023,6673,6735
271400,6686,6752
325313,6703,6774
395519,6705,6775
148779,6714,6776
31088,6715,6773
376640,6715,6791
101308,6718,6790
246020,6737,6887
246024,6839,6915
84949,6842,6912
62724,6845,6911
77733,6859,6917
152265,6860,6904
246020,7115,7250
369589,7123,7184
86091,7277,7335
367678,7280,7331
161396,7283,7333
239409,7287,7332
94688,7289,7336
246733,7415,7478
147457,7416,7464
230922,7416,7475
403640,7416,7488
4006,7416,7492
76140,7417,7495
213043,7418,7477
282195,7420,7510
107686,7421,7487
97272,7421,7491
214660,7421,7496
107685,7421,7505
214317,7423,7501
7125,7425,7484
314879,7425,7494
148570,7429,7491
123709,7431,7498
69947,7432,7489
167752,7432,7512
246729,7433,7478
69539,7433,7496
394648,7434,7513
3829,7435,7522
256658,7437,7511
169446,7438,7514
236211,7441,7517
90669,7444,7512
211069,7447,7522
162164,7448,7511
280922,7453,7513
260396,7455,7510
372743,7455,7514
155871,7457,7525
155869,7459,7508
139651,7465,7515
299538,7467,7528
230921,7468,7527
246031,7599,7725
280775,7602,7664
406431,7606,7678
246030,7649,7747
236208,7651,7738
170655,7655,7720
147760,7660,7723
62723,7660,7732
152267,7660,7736
246024,7660,7739
61603,7663,7737
73857,7666,7734
105894,7670,7737
271250,7674,7738
162223,7677,7740
152268,7681,7735
246735,7681,7738
53103,7682,7746
152266,7683,7744
302634,7690,7737
246732,7693,7736
5845,7694,7744
239408,7841,7907
93829,7847,7908
157921,7849,7910
40591,7849,7921
301401,7850,7908
53104,7850,7914
262526,7851,7928
142417,7856,7901
246033,7862,7932
116785,7914,7978
191799,7929,7982
184807,8117,8168
315874,8118,8179
292430,8118,8182
323656,8122,8168
71654,8130,8182
242114,8510,8554
313671,8623,8686
276577,8697,8794
125591,8715,8767
138333,8719,8818
225900,8720,8838
288163,8721,8811
391840,8731,8823
6950,8733,8821
184295,8734,8810
45339,8735,8796
401616,8735,8799
41203,8742,8805
94324,8743,8824
118367,8751,8814
51059,8751,8826
39086,8751,8836
95550,8753,8816
253396,8754,8817
265900,8758,8826
246032,8858,8925
236208,8951,9031
246030,8953,9046
246027,8958,9021
246028,8958,9024
236210,8965,9026
338942,8985,9046
351614,8988,9036
53352,8989,9050
246019,9128,9186
246019,9189,9255
315388,9207,9263
39894,9311,9381
196544,9311,9389
154024,9319,9383
107024,9322,9384
89402,9460,9538
374281,9465,9528
142535,9465,9544
22522,9480,9542
395371,9484,9538
253057,9491,9543
9967,9693,9756
246031,9786,9919
246027,9840,9909
246028,9840,9916
260246,9845,9909
246026,10142,10255
316187,10145,10211
219801,10192,10261
278614,10419,10468
254672,10419,10480
3830,10420,10491
1336,10425,10475
5844,10429,10508
208824,10439,10509
53351,10440,10499
17106,10441,10505
81754,10447,10511
233313,10447,10532
315811,10448,10510
126852,10475,10540
159096,10476,10538
146510,10476,10545
90670,10483,10551
380937,10489,10554
17105,10499,10568
402649,10501,10564
266597,10652,10720
80400,10656,10717
190497,10663,10724
246026,11003,11109
247136,11080,11148
194479,11099,11142
371346,11101,11189
397934,11103,11171
390787,11106,11185
246734,11107,11182
147759,11114,11189
285114,11118,11188
62723,11122,11189
155870,11123,11187
390040,11126,11190
236210,11128,11186
3129,11129,11187
142718,11133,11191
