292481,1150,1204
310843,1182,1262
388625,3332,3395
230577,3739,3802
388622,3931,4003
388624,4102,4171
388622,4334,4408
388625,4933,4992
388624,4935,5004
34743,6035,6129
388626,6056,6128
155529,6058,6119
34744,6067,6144
340636,6072,6133
190567,6072,6137
188695,6087,6137
307583,6088,6147
155845,6088,6159
43380,6952,7003
263903,6954,7009
365629,8698,8745
189926,8701,8744
154918,8782,8839
348367,9131,9177
266793,9404,9470
71984,9410,9478
58082,9413,9467
31070,9414,9466
53645,9425,9467
88620,9817,9900
344997,9981,10046
388623,9986,10047
360731,10022,10075
171358,10029,10106
310844,10036,10105
180201,10046,10107
212635,10050,10105
388623,10426,10481
254727,10431,10482
253037,10436,10482
388626,10463,10523
378290,10739,10801
