396993,94,152
75625,94,162
264813,94,165
40394,94,169
236180,94,184
8238,94,194
166252,95,148
369430,95,179
42567,96,176
279578,96,199
7800,97,165
312821,98,160
243042,98,168
161877,98,178
48152,98,194
398458,99,171
152872,99,176
334010,100,167
134967,104,150
72198,104,181
57657,105,162
5883,105,169
389681,107,173
109858,108,162
76191,108,170
220002,109,192
236181,112,204
299182,121,182
238904,123,200
37730,126,187
271708,126,194
198187,126,201
218016,127,188
159273,132,206
36757,133,199
176496,134,197
224507,137,198
310647,137,200
168670,140,196
196084,253,347
166795,263,305
204573,276,335
74271,283,354
115137,284,349
386397,286,353
224508,288,365
404118,301,362
35882,301,365
131444,353,423
131445,356,422
131443,389,457
159657,506,568
49729,506,576
7802,546,604
196953,548,619
324831,549,614
191619,550,623
97392,551,625
74648,553,615
354988,555,616
109600,555,618
171708,555,624
48690,555,634
273272,557,626
75856,558,620
385828,558,624
99202,562,623
154182,565,624
13191,566,638
52221,567,634
139198,569,632
113302,584,639
251847,584,641
22870,817,889
2041,817,899
292595,818,891
100266,824,907
344493,830,909
343254,835,939
153232,838,929
396851,841,919
8035,843,950
14616,844,914
338892,848,909
4263,848,921
4263,850,951
190804,876,943
2694,884,947
308168,889,943
52403,894,947
138841,907,966
344492,912,974
218698,918,1010
374723,922,999
196239,923,995
73735,924,989
108169,925,1005
13190,926,987
79460,926,1008
345814,927,970
195014,928,990
292029,933,1010
218630,942,1009
383966,959,1040
116207,976,1036
57888,977,1028
178531,980,1041
283404,984,1040
260074,1414,1481
203268,1416,1526
358689,1433,1504
350741,1433,1525
271783,1437,1503
96611,1440,1511
393524,1442,1504
8929,1442,1523
25462,1444,1507
45896,1704,1762
86933,1711,1767
141466,1723,1770
202773,1806,1875
149421,1806,1916
311096,1808,1873
88290,1811,1876
168612,1811,1915
10632,1813,1899
22304,1815,1874
23445,1816,1915
23444,1816,1928
362701,1817,1898
7801,1817,1935
84124,1818,1901
299181,1819,1894
186720,1819,1916
267661,1836,1918
46994,1865,1916
292030,1873,1956
200229,1875,1926
36640,1934,2018
369721,2099,2173
371115,2100,2164
312767,2100,2171
299076,2105,2173
131433,2731,2796
267660,2734,2794
350741,2734,2818
176870,2736,2793
97393,2737,2798
203267,2737,2847
10314,2739,2791
384967,2739,2797
378040,2740,2795
407000,2770,2832
196085,2958,3041
220453,2960,3028
3294,2964,3032
392080,3164,3231
10883,3441,3498
92423,3442,3499
99853,3804,3879
133233,3827,3910
204392,3843,3909
284802,3848,3913
39209,3849,3911
211984,3851,3918
76583,3853,3907
256860,3856,3925
354630,3862,3925
294289,3864,3916
360374,3978,4054
297902,3993,4068
35881,3998,4055
336474,4000,4055
46993,4000,4062
220452,4567,4654
117580,4597,4647
337094,4616,4673
151572,5347,5404
166764,5812,5894
134170,5831,5892
146880,5849,5976
396850,5850,5933
79459,5941,6002
270,5944,6003
146662,6172,6233
48627,6172,6236
148971,6173,6234
260502,6173,6239
279428,6174,6233
7982,6174,6242
21735,6174,6245
404119,6175,6232
338891,6175,6237
124083,6175,6239
311857,6175,6251
99852,6178,6245
292031,6178,6267
376320,6180,6243
22303,6181,6231
71428,6181,6244
157340,6181,6246
259035,6207,6266
251495,6212,6259
317096,6358,6427
80206,6359,6422
273864,6382,6443
265831,6388,6454
82818,6390,6453
172214,6391,6455
32545,6593,6694
406999,6595,6688
56926,6607,6672
135789,6636,6712
226792,6644,6712
11099,6658,6711
406998,6987,7032
391855,7161,7210
391854,7167,7217
176869,7275,7340
172217,7275,7356
203266,7299,7373
393523,7994,8055
153231,8153,8228
266045,8159,8229
334679,8336,8398
402624,8346,8408
29730,8361,8416
298401,8768,8845
45252,8794,8847
96612,9426,9489
371313,9433,9489
