139183,421,472
400952,3741,3802
27500,3745,3826
4646,3757,3815
401520,3757,3820
378456,4577,4629
184363,4603,4653
178090,4909,4958
258889,4913,4960
143098,4915,4963
135993,6937,7036
184627,6943,7010
236590,7559,7621
91815,7754,7838
259295,7841,7902
91815,8399,8487
388214,8556,8624
78396,12029,12074
187190,12029,12098
2394,12030,12076
311609,12078,12144
137163,12100,12164
187656,12103,12164
85750,12264,12327
200431,12470,12550
401521,12600,12672
224905,12603,12670
365405,12605,12672
13898,12616,12671
282753,12616,12676
29215,12624,12669
343169,12892,12960
15464,12904,12959
212683,13626,13686
226814,14107,14179
