402440,813,874
135054,1025,1077
308441,1051,1128
56632,2225,2310
177838,2369,2448
1364,2374,2440
29156,2380,2422
32000,2416,2530
84043,2418,2536
19090,2421,2539
27104,2452,2535
349598,2457,2536
56424,3908,3963
93060,4313,4377
217099,4793,4838
150058,4891,4958
129302,6311,6372
224557,6865,6930
156910,6874,6933
7301,6981,7042
322851,6981,7048
330949,6986,7047
349599,7296,7371
193308,7602,7674
23664,7603,7652
70443,7613,7659
13896,8090,8152
50201,8090,8161
402543,8090,8164
273595,8090,8178
41817,8091,8144
284709,8102,8163
244670,8102,8182
18428,8103,8152
159797,8103,8167
237496,8107,8177
109616,8112,8178
127663,8116,8166
244026,8116,8177
230753,8122,8181
271685,8268,8336
195568,8452,8496
268162,8905,8970
201084,9511,9559
170313,9575,9628
165014,9580,9641
230752,9581,9645
1060,9584,9649
15344,9584,9674
61079,9595,9648
278835,9683,9760
3079,9686,9759
28803,9687,9761
40547,9694,9758
5042,9694,9761
179859,9696,9762
229628,9701,9764
41341,9858,9952
217445,9984,10041
73607,10616,10679
93061,10616,10685
220431,10617,10666
127984,10618,10679
309243,10622,10682
244474,10624,10685
136697,10627,10683
21267,10630,10679
374806,11105,11166
161676,11343,11403
48097,11349,11422
267727,11354,11420
104269,11354,11425
355440,11356,11417
73441,11373,11452
103288,11386,11448
294666,11392,11459
272686,11743,11805
290255,12098,12150
156911,13257,13316
73889,13260,13316
272684,13363,13430
77368,13365,13414
150059,13380,13443
328098,13388,13464
109163,13390,13463
216412,13406,13463
134834,13409,13464
309837,13465,13538
24215,13466,13540
128230,13467,13529
272685,13469,13539
292784,13478,13540
130861,13661,13728
31133,13665,13720
272755,13850,13917
156926,14031,14095
262676,14333,14393
72237,14340,14394
112301,14345,14401
48955,14351,14407
272683,14352,14420
268446,14474,14533
272683,14759,14819
184434,15445,15510
272684,15815,15878
272685,16371,16439
394785,16776,16828
20015,17487,17553
233705,17494,17543
179937,17495,17556
264280,17512,17576
53571,17551,17611
136699,17560,17616
119961,17612,17674
316867,17617,17680
29493,17620,17681
250390,17687,17754
304600,18122,18195
90799,18129,18197
210277,18131,18185
374500,18133,18198
51403,18139,18193
164031,19338,19400
109886,19343,19400
347286,19622,19691
231975,19640,19702
272686,19675,19731
257560,20430,20495
300239,20431,20505
329553,20657,20774
29633,20658,20737
369174,20692,20767
313576,20693,20761
149422,20695,20774
159848,20701,20786
162488,21647,21707
24125,22642,22705
126809,22834,22889
178223,22842,22890
256049,24182,24233
336173,24863,24926
126808,25363,25414
33396,26649,26698
379167,27307,27381
291461,27309,27386
175979,27310,27382
59118,27328,27381
221209,27336,27381
272682,28578,28661
272682,28705,28784
105915,29431,29480
16343,29434,29484
162487,29449,29490
337325,29452,29493
231316,29528,29592
