166338,153,215
361516,160,240
114144,174,232
3976,180,230
70468,200,291
247749,205,268
341090,208,289
169220,215,287
221186,223,282
207116,227,286
141118,482,551
141117,488,551
229814,500,546
249577,653,753
358694,671,735
75219,680,733
227161,692,733
88306,702,768
152495,713,787
246921,714,784
37061,1092,1174
23970,1123,1189
150723,1127,1190
12503,1129,1189
337514,1133,1187
361762,1266,1366
216672,1269,1338
340373,1470,1550
17455,1471,1531
281076,1976,2043
133502,3068,3131
43510,3073,3132
321218,3077,3128
97003,3180,3238
264647,3189,3237
276840,3193,3250
196551,3211,3260
167757,3617,3681
279277,3628,3683
402285,3635,3676
151728,4278,4351
181662,4278,4385
56745,4280,4356
181661,4280,4390
131732,4281,4346
253092,4286,4354
2007,4295,4349
243049,4296,4357
142484,4297,4380
344904,4298,4360
316772,4298,4390
111092,4299,4355
141086,4300,4350
51829,4302,4357
324051,4305,4369
347600,4308,4390
181767,4311,4374
130673,4313,4364
72132,4313,4376
157172,4315,4384
226943,4316,4381
245679,4317,4379
306485,4318,4389
403821,4319,4381
38864,4321,4382
279276,4329,4381
242171,4332,4382
