308800,75,138
403905,75,211
285707,79,147
163307,90,143
88783,92,143
97956,92,196
14599,93,203
387002,107,235
373788,130,188
205099,134,229
211680,139,203
161593,139,216
256569,139,236
213486,139,283
77410,141,239
213872,141,287
258749,148,222
152494,149,284
181280,150,262
117228,151,238
79528,152,243
286821,153,235
59871,153,240
837,154,277
213216,155,243
242,155,247
3845,155,255
282509,156,275
166433,157,238
242,158,228
160035,159,277
161592,160,248
140735,160,287
311711,161,251
357632,163,276
256868,166,227
154398,167,299
837,168,295
17738,169,254
129183,169,285
324225,177,268
721,180,300
269724,183,296
211679,184,307
79527,186,290
57527,187,298
347530,193,308
141950,197,277
306166,198,292
150105,206,327
82303,215,332
27219,267,365
376699,267,382
342414,277,385
31495,285,381
211677,286,396
56841,287,384
24390,288,380
1431,291,381
2655,292,390
79345,293,398
213871,294,409
41556,299,381
13027,301,380
38984,303,384
57526,306,416
64942,314,382
296828,345,416
49971,388,454
235576,391,435
321823,395,443
84173,397,440
204902,399,462
359689,404,468
345387,405,455
22035,449,569
43043,460,559
326627,465,578
354397,466,539
161280,468,569
81742,481,562
334827,498,580
31494,541,649
354396,546,652
136980,739,805
137662,909,982
187059,910,987
175335,914,990
31171,915,986
41555,919,983
128851,919,986
129182,921,983
171592,923,998
183289,924,983
329170,925,989
60791,928,980
33465,928,987
43044,928,1047
228712,935,998
295968,936,993
148272,936,1072
226774,944,987
43042,961,1022
113628,962,1070
31496,1094,1182
38896,1096,1184
197623,1098,1190
213873,1111,1199
176968,1236,1295
275777,1238,1296
157016,1357,1421
76289,1357,1424
156109,1357,1427
388074,1357,1438
373649,1358,1510
84017,1361,1415
173046,1361,1425
271318,1362,1427
6683,1362,1430
377571,1367,1511
151199,1373,1419
402961,1376,1427
40907,1377,1438
175041,1377,1505
353018,1378,1440
140324,1386,1439
77717,1398,1457
43045,1398,1502
175042,1398,1515
196149,1401,1443
977,1402,1455
327206,1403,1450
204188,1404,1502
90210,1416,1471
388924,1416,1515
152493,1417,1491
205462,1418,1470
218393,1418,1493
218394,1419,1485
218392,1419,1514
403903,1421,1536
213217,1426,1501
225435,1426,1550
184762,1429,1507
31497,1432,1539
390761,1433,1493
81744,1510,1635
308799,1511,1605
197623,1513,1612
205589,1555,1637
79408,1556,1647
277072,1556,1650
327207,1563,1618
317868,1594,1653
363061,1595,1654
96297,1596,1644
285459,1688,1752
47926,1697,1755
17737,1850,1919
39842,1870,1956
408741,1879,1974
194954,1880,1968
56829,1883,1947
10615,1885,1958
304278,1888,1954
136651,1891,1997
279375,1892,1984
197609,1893,1968
79101,1894,1956
225436,1899,2007
197829,1900,2004
95084,1910,1995
11376,1910,2002
208671,1915,2017
272306,1916,2008
323730,1917,1997
32800,1922,2001
186764,1923,1984
210784,1924,2012
115573,1927,1990
71171,1930,2024
320799,1931,1997
177098,1932,2007
301158,1933,2023
22336,1934,2003
361256,1936,1997
65006,1936,1999
221682,1936,2002
43047,1940,2001
177099,1941,2011
74117,1948,2009
39405,1953,2023
67039,1954,2008
31170,1955,2024
301765,1991,2077
81743,1997,2076
49764,2123,2181
261847,2138,2201
321973,2147,2213
13775,2181,2232
368825,2201,2243
57592,2202,2244
47925,2442,2507
363572,2450,2506
277696,2454,2506
281478,2622,2707
107931,2629,2726
379774,2638,2727
211678,2641,2726
404088,2642,2711
28690,2647,2710
79529,2831,2875
57528,2831,2885
242,2831,2898
261638,2831,2915
387003,2832,2925
213874,2832,2930
242,2833,2919
242,2834,2886
27226,2834,2898
38985,2835,2902
17736,2838,2903
225434,2909,3032
326628,2922,3032
308798,2937,3060
344738,2949,3072
255457,2955,3071
341698,2973,3034
226940,2973,3060
306165,2974,3075
197830,2977,3037
385385,2977,3068
190893,2979,3041
360706,2981,3059
312683,2983,3034
68284,3003,3059
290508,3017,3072
229125,3062,3177
225108,3105,3214
382774,3107,3187
43046,3107,3236
298866,3108,3239
316067,3109,3199
23484,3112,3172
296829,3114,3246
36763,3117,3228
255456,3124,3246
155050,3125,3210
144879,3126,3214
175043,3127,3201
34240,3129,3173
176378,3129,3208
263660,3129,3211
103216,3133,3221
273394,3136,3211
403904,3136,3243
327238,3140,3210
344595,3144,3222
168562,3146,3234
194282,3147,3209
374620,3149,3210
290388,3159,3220
22503,3178,3232
403755,3190,3280
