36543,87,162
88024,94,185
62602,103,150
96746,104,151
278423,104,167
338105,104,192
371390,107,151
205453,111,209
282231,112,190
7883,125,204
345660,126,191
102767,126,199
353162,127,202
233747,131,184
344686,133,190
11149,140,184
203721,142,197
79716,143,201
66847,144,191
327041,154,205
395139,173,321
313552,183,264
407132,186,258
325621,187,254
300976,189,307
80160,206,257
354143,207,262
104775,207,277
54408,214,346
313551,222,315
163699,230,369
335322,232,333
170353,242,326
351414,246,335
230659,248,337
112748,248,343
351415,249,366
112749,251,327
268187,251,334
261227,262,328
261664,262,367
54410,266,422
219894,268,371
245181,269,408
313550,278,361
86375,287,351
268186,287,383
62931,289,421
68472,293,407
182452,296,403
35855,297,423
149097,304,399
7865,308,414
160323,310,402
58507,313,420
341,314,424
351599,317,415
264102,318,422
54409,320,408
4957,324,411
395140,331,418
9178,337,408
242108,348,416
314577,370,430
392569,558,622
87716,559,639
325620,562,634
325619,562,642
67818,578,641
297517,663,726
127885,728,796
140540,735,800
386685,754,798
19073,900,964
237992,900,968
153530,902,965
125458,903,972
80890,905,968
123988,907,970
220725,909,974
297307,910,971
402822,929,983
258767,945,1023
101084,983,1042
398223,1116,1188
242153,1135,1184
306484,1456,1524
122634,1619,1671
191412,1620,1694
174357,1628,1697
46141,1630,1691
71571,1630,1698
229546,1634,1705
9298,1723,1785
