172900,120,191
37594,126,283
315127,135,284
171277,138,200
28917,138,260
31839,139,306
318961,141,253
244433,141,283
2477,141,294
396080,144,206
243799,145,207
137474,145,262
110228,145,278
251122,149,301
140309,151,290
44632,152,251
20870,152,278
3546,152,294
210452,154,260
358776,155,251
30850,155,264
61487,155,285
77527,156,242
65722,156,295
149253,163,273
117127,165,254
209899,166,312
13175,168,250
386321,173,236
37618,173,258
121853,174,262
14065,174,283
5966,175,287
39654,176,312
38708,177,305
373092,179,242
240702,179,245
42074,181,298
326174,184,248
314961,184,282
55014,184,295
18912,184,303
1007,188,291
99935,188,299
293940,189,306
13125,189,311
377032,190,301
73482,191,284
270,196,257
315997,200,294
25752,200,312
360997,205,300
186960,207,282
12989,207,312
291239,208,297
28918,210,294
378936,212,293
75942,215,287
110229,215,295
291019,217,293
25982,218,278
53057,222,300
12388,232,294
323025,244,312
40651,249,311
49388,337,392
160655,337,397
53058,337,407
226588,337,473
239183,338,428
45779,338,431
42506,341,417
485,341,421
391544,342,413
239182,346,445
139103,346,498
77303,348,472
378937,350,488
201038,351,466
485,352,414
46251,355,448
92215,358,466
57625,359,415
315957,360,429
315958,360,435
322535,361,441
196671,362,444
67763,362,487
93516,364,463
37079,366,432
361184,366,438
309794,367,465
200656,368,478
357191,369,512
313670,370,444
157007,370,465
41072,371,439
261217,374,440
93517,377,471
198498,377,479
46486,382,453
60470,384,457
179561,384,461
403558,385,444
208468,385,531
131775,389,444
91116,392,474
17725,393,465
167317,406,463
193543,413,460
350507,413,484
44869,416,481
171246,417,492
401890,418,508
48374,423,493
357192,440,562
15149,467,562
46445,475,550
188073,492,560
174238,493,562
115179,500,561
329149,509,561
67764,605,719
109414,606,733
82748,611,683
12140,612,719
318278,613,707
48113,616,726
21580,617,681
255069,620,682
136958,624,719
273033,624,729
39655,630,716
91920,631,727
91919,635,746
405163,637,722
340979,641,704
280753,646,710
303273,647,743
126729,648,721
268137,649,703
89268,649,709
170089,650,701
331164,650,713
273764,651,726
16952,654,722
191900,657,702
15150,658,726
362472,658,730
16951,662,729
379775,663,713
340709,673,719
66615,676,722
358788,680,731
405047,683,778
150254,684,746
372266,708,758
405035,710,848
293489,724,773
188037,730,844
6599,791,852
359076,811,880
98972,812,874
2173,814,878
378670,944,1018
233016,944,1060
108919,945,1009
388880,945,1038
365179,945,1041
403708,945,1047
100801,946,1029
219877,950,1012
148558,950,1040
240704,952,1042
374946,953,1048
378035,957,1017
13025,957,1046
329787,957,1054
122352,958,1022
50870,958,1038
41465,976,1051
63065,977,1038
269524,986,1050
404446,987,1042
129744,1004,1061
136959,1061,1122
227559,1063,1145
317449,1067,1169
319324,1086,1152
28916,1090,1153
372245,1177,1243
59301,1181,1243
30157,1188,1242
405162,1372,1457
4825,1458,1532
325701,1479,1533
324748,1483,1533
314269,1670,1725
291018,1672,1738
240703,1855,1952
14496,1856,1947
314861,1860,1936
382694,1863,1923
168985,1868,1927
268795,1871,1951
43076,1874,1951
290026,1878,1934
325700,1887,1948
16870,1896,1945
345657,1896,1948
140310,1898,1984
35094,1900,1948
210636,1901,1985
366985,1917,1981
16869,1921,1983
125959,1941,2027
230521,1992,2053
77526,1996,2061
337731,1996,2070
46201,1997,2048
79,2000,2069
292984,2004,2074
295895,2005,2071
99094,2007,2070
46485,2010,2074
102303,2011,2070
323039,2012,2057
358446,2013,2079
309510,2016,2073
345538,2021,2089
34851,2183,2243
167166,2189,2252
168550,2199,2314
113190,2206,2280
48375,2208,2264
191441,2208,2270
244797,2214,2279
309760,2217,2314
283656,2218,2296
80,2225,2303
168549,2225,2313
52436,2234,2302
264083,2239,2348
16868,2257,2325
218328,2258,2347
218326,2272,2340
181750,2300,2360
244434,2316,2382
174292,2474,2567
264083,2474,2581
204826,2486,2565
174155,2494,2552
218327,2494,2598
306013,2495,2557
26504,2498,2563
189527,2500,2566
406883,2503,2565
264088,2503,2568
300738,2506,2567
318279,2507,2616
20869,2508,2567
264089,2755,2832
264087,2762,2842
397613,2781,2845
206805,2783,2844
397611,2787,2851
300739,2801,2873
103615,3120,3203
185187,3372,3441
41965,3379,3440
206739,3407,3469
64280,3409,3470
45189,3410,3473
372498,3412,3474
219407,3417,3502
119252,3425,3487
293833,3426,3488
391731,3428,3490
393448,3428,3492
362471,3428,3510
282763,3431,3499
206455,3434,3512
197558,3437,3499
206454,3437,3513
336162,3438,3504
362470,3440,3503
312327,3445,3506
370656,3456,3551
344791,3463,3538
321533,3485,3548
112098,3487,3585
189526,3488,3550
322219,3491,3553
194677,3497,3564
92042,3499,3560
360996,3507,3581
233015,3510,3576
163593,3511,3583
153576,3515,3578
290660,3519,3583
329777,3520,3581
320924,3521,3583
97980,3528,3600
20871,3556,3619
227571,3563,3623
107786,3592,3656
204757,3617,3693
99118,3623,3698
243550,3624,3687
88262,3632,3692
408061,3655,3729
91981,3661,3733
142303,3662,3726
407818,3668,3732
340708,3848,3917
184164,3868,3929
100045,3902,3976
381123,3908,3996
184116,3933,3998
341049,3936,3997
263211,4030,4097
44037,4032,4100
21076,4239,4353
156439,4267,4354
75299,4280,4352
319587,4286,4348
323041,4286,4351
214386,4435,4481
41342,4437,4503
202615,4496,4545
151937,4500,4561
264087,4665,4735
351634,4681,4753
397612,4682,4751
53059,4682,4764
323040,4703,4765
66119,4731,4806
283829,4738,4799
85069,4763,4828
52989,4771,4824
218329,4777,4824
256507,5192,5257
210940,5204,5268
107785,5387,5442
48135,5395,5471
368153,5417,5473
386962,5418,5502
148767,5430,5506
174573,5438,5499
99193,5439,5500
163905,5441,5502
136960,5446,5506
220230,5448,5506
160175,5453,5494
153887,5615,5687
273884,5616,5668
52435,5618,5671
189525,5838,5898
330814,5838,5905
264088,6020,6075
4283,6022,6095
253330,6064,6147
238032,6076,6129
257983,6093,6171
227988,6094,6147
57486,6114,6184
391278,6114,6204
372265,6117,6186
290661,6128,6222
108917,6132,6220
116737,6135,6190
223901,6138,6202
250343,6146,6223
168541,6191,6255
35092,6235,6297
49814,6491,6563
232216,6494,6556
208181,6494,6564
264603,6502,6565
249634,6506,6554
27554,6644,6694
78933,6881,6933
75298,6881,6952
110475,6882,6944
352875,6883,6931
264089,7069,7137
299438,7634,7702
45780,7705,7755
217675,7705,7762
92836,7983,8029
147747,7983,8045
7433,7983,8051
77908,7987,8050
97035,7993,8070
219049,7994,8050
321720,7996,8044
154117,7996,8047
378935,7996,8049
99559,7996,8059
49389,7997,8050
8134,8005,8054
372626,8007,8076
154338,8008,8070
381124,8033,8141
326052,8037,8138
306012,8043,8130
185706,8054,8118
208265,8054,8136
399633,8055,8128
378686,8060,8129
199366,8061,8122
305355,8062,8135
109743,8063,8129
81,8064,8126
108999,8065,8127
32565,8067,8130
283536,8070,8140
36377,8073,8134
271450,8089,8136
323706,8173,8233
405164,8173,8263
5399,8173,8269
153470,8173,8279
57686,8177,8272
172435,8181,8240
111130,8181,8252
227572,8183,8280
339848,8187,8270
262613,8189,8253
243501,8194,8270
40680,8198,8267
54911,8229,8288
163792,8461,8583
168457,8462,8539
378036,8462,8547
377033,8463,8554
231369,8465,8541
176288,8468,8538
215239,8469,8561
264084,8472,8551
262885,8541,8624
41462,8543,8625
116671,8544,8593
335989,8544,8623
345411,8552,8625
206740,8560,8625
325702,8566,8625
6697,8567,8626
227573,8575,8625
31272,8741,8802
188038,8741,8806
264084,8741,8809
26864,8741,8815
313975,8818,8888
407758,8832,8900
385921,8834,8893
366379,8835,8901
31716,8839,8894
13,8840,8901
47887,8984,9053
350085,8992,9072
264085,9007,9072
216844,9131,9209
148557,9131,9223
41464,9132,9220
1305,9132,9228
50363,9132,9250
237812,9134,9231
269582,9135,9234
265458,9138,9256
213085,9141,9223
50364,9145,9250
1305,9146,9222
168319,9157,9228
355258,9163,9250
69040,9373,9444
264085,9378,9444
176065,9518,9578
7061,9528,9602
248696,9531,9602
87325,9645,9727
239041,9653,9710
82506,9689,9746
13367,9703,9753
185705,9840,9910
40118,10056,10115
137975,10391,10461
31273,10391,10464
378036,10399,10471
253329,10405,10449
146447,10405,10462
215240,10405,10474
188038,10407,10471
153471,10442,10504
187120,10442,10507
361185,10462,10523
243399,10626,10683
72917,10627,10692
137680,10633,10683
187307,10633,10704
70573,10634,10698
361815,10634,10706
156176,10635,10711
168540,10686,10752
8460,10697,10752
313184,10873,10923
99092,11088,11161
406884,11672,11722
41461,11684,11739
114810,11865,11923
88441,11875,11934
236507,12016,12094
218330,12017,12072
62800,12017,12083
223900,12017,12088
16005,12017,12100
147569,12021,12091
385922,12022,12083
210236,12042,12104
302504,12103,12156
197673,12174,12249
62846,12180,12243
30193,12182,12251
243551,12187,12249
90665,12188,12252
288616,12189,12253
141351,12200,12244
148556,12370,12447
77304,12370,12452
50364,12370,12470
282553,12371,12438
239039,12371,12458
1305,12373,12446
206090,12379,12462
125821,12380,12471
264086,12399,12465
356455,12428,12469
16004,12805,12873
102397,12806,12870
288617,12809,12868
275288,12809,12874
56793,12814,12873
108918,12815,12871
182821,12826,12872
31274,12913,12961
102398,12913,12993
29837,12917,12970
286397,12928,12991
219194,12930,12990
282358,12930,12992
156175,12935,12989
20517,12937,12991
255901,13058,13105
179490,13059,13114
34540,13062,13104
153886,13063,13108
209663,13063,13110
224237,13165,13213
154118,13165,13218
76279,13165,13228
338772,13165,13238
212253,13166,13235
328967,13167,13255
311354,13169,13222
264086,13171,13234
92684,13174,13234
42038,13190,13248
309793,13209,13274
404160,13212,13274
2478,13221,13280
325516,13222,13275
251738,13306,13357
41463,13394,13459
49979,13394,13462
330813,13676,13725
317450,13676,13733
238493,13676,13736
378037,13676,13741
372264,13679,13729
269668,13973,14032
378038,13974,14030
346210,13976,14052
320605,13980,14029
72180,14007,14082
131607,14008,14077
97400,14027,14082
209131,14139,14205
30475,14154,14217
54800,14156,14216
131606,14160,14217
99093,14161,14216
95140,14495,14556
382293,14496,14558
208268,14511,14555
