31587,154,271
363213,164,270
397018,165,305
9065,168,279
30817,168,284
123250,175,242
30816,176,264
283474,183,311
371627,201,252
187551,213,271
302165,213,277
317061,214,293
154446,214,305
357798,214,318
150217,215,338
257512,221,312
52934,223,298
306239,223,326
20240,224,312
336984,227,319
3543,230,297
272336,233,302
284343,235,297
3543,236,310
93147,245,300
23264,250,313
402783,250,330
11849,250,367
214242,251,336
400606,256,327
31588,259,402
8197,270,394
357799,285,397
275532,301,390
156897,301,413
211636,301,418
94521,320,414
49014,323,406
11642,323,409
210727,333,403
111577,356,428
102291,358,415
320449,362,426
359986,371,433
343039,376,479
67694,380,442
400584,381,443
326244,406,468
397019,407,478
191471,409,470
166436,409,472
69776,409,475
241761,411,479
133112,411,482
146852,411,487
133111,423,487
106070,425,486
266170,512,567
211529,534,592
180496,595,655
138516,666,723
92594,765,808
76126,817,905
69330,819,897
50111,820,919
19951,821,889
278695,821,931
163424,824,899
348938,831,929
121062,852,930
207597,863,977
359064,880,979
366366,888,958
189369,895,978
236241,904,1010
275025,907,963
26983,907,972
320277,907,1003
70189,908,1016
51280,914,1014
283380,915,990
133909,916,1036
142367,918,977
316463,920,976
81035,920,982
330024,923,972
62722,925,1037
196635,927,1024
275024,930,1023
49951,930,1038
51283,934,1016
41859,934,1021
20847,935,1026
294175,937,1056
132435,948,1021
280882,955,1035
104926,959,1041
199991,960,1022
407331,971,1045
81651,973,1021
293840,985,1104
329788,1005,1083
102898,1025,1123
343328,1029,1096
76250,1030,1108
183538,1032,1121
230115,1035,1095
390581,1035,1098
371423,1037,1108
93148,1038,1115
28690,1049,1115
330025,1116,1229
199992,1144,1249
51281,1167,1258
246873,1169,1256
121869,1210,1302
327172,1219,1292
2746,1222,1294
104687,1224,1298
95483,1230,1292
230396,1230,1304
133911,1236,1309
123601,1238,1311
255757,1239,1294
110386,1418,1484
334479,1514,1580
144470,1517,1592
406558,1577,1638
402141,1646,1726
156439,1667,1752
340406,1672,1722
26409,1673,1744
223515,1687,1744
76654,1696,1749
262249,1738,1787
32818,1832,1900
156498,1836,1898
141180,1841,1902
147248,1841,1927
132987,1844,1906
338019,1848,1903
142544,1874,1925
237239,1977,2048
113026,1982,2060
324716,1999,2073
75485,2000,2057
201916,2011,2074
81650,2015,2084
293841,2017,2091
64051,2028,2095
238363,2038,2080
163054,2038,2091
202867,2040,2093
56921,2040,2109
238928,2042,2106
106071,2042,2114
4593,2045,2093
217871,2047,2093
67826,2047,2117
32817,2052,2104
192461,2054,2109
162841,2217,2272
227674,2267,2320
174723,2382,2460
174374,2385,2457
33209,2385,2464
226341,2387,2450
272252,2426,2492
146853,2444,2572
150695,2475,2570
258520,2487,2542
216180,2500,2550
149637,2535,2602
319840,2551,2623
319839,2573,2635
20417,2576,2647
101726,2576,2655
368117,2600,2709
399001,2609,2666
175490,2609,2673
290534,2610,2748
152177,2611,2672
56900,2612,2742
21649,2613,2658
139072,2613,2729
172289,2615,2707
30272,2616,2689
180879,2624,2715
375209,2624,2738
397017,2626,2699
130190,2627,2729
375627,2628,2689
368115,2631,2746
192460,2634,2741
336983,2645,2818
376970,2650,2737
44740,2722,2778
130191,2723,2818
376063,2738,2844
368116,2739,2850
8707,2742,2817
290532,2743,2839
198662,2748,2824
26479,2753,2824
56555,2754,2865
84048,2761,2835
136801,2761,2873
56556,2768,2833
28618,2773,2870
285942,2774,2845
407330,2775,2873
136800,2775,2891
389077,2781,2851
150694,2781,2872
306238,2783,2860
249109,2825,2892
207015,2898,2952
86926,3018,3077
290533,3062,3169
146190,3111,3167
406251,3117,3178
36115,3123,3177
155317,3141,3205
78617,3145,3200
84229,3179,3240
38024,3180,3247
191212,3181,3243
28627,3200,3259
161034,3202,3263
101754,3206,3261
86863,3217,3259
69329,3271,3336
104663,3367,3447
376183,3371,3438
343569,3383,3448
242810,3392,3477
17982,3394,3469
210584,3405,3469
263689,3409,3469
280881,3541,3596
260017,3547,3602
48112,3572,3646
188767,3582,3661
199993,3591,3646
20846,3595,3703
32820,3603,3648
32819,3629,3688
335870,3649,3712
277963,3786,3846
583,3838,3909
223457,3843,3924
323006,3854,3905
133910,3854,3938
146854,3855,3926
306764,3859,3940
51282,3861,3933
293437,3865,3953
60520,3866,3937
55755,3872,3931
256218,3873,3934
293839,4073,4176
175489,4084,4203
148099,4091,4196
372131,4124,4196
2148,4125,4190
213518,4128,4191
62532,4129,4217
301890,4144,4221
197944,4236,4298
163433,4266,4340
9109,4272,4340
153436,4273,4349
147094,4275,4340
275952,4290,4353
321742,4306,4378
330653,4310,4383
207849,4311,4367
226530,4313,4368
230157,4314,4379
292625,4316,4367
52233,4317,4389
282393,4319,4375
151277,4319,4380
275531,4319,4394
87600,4321,4377
401947,4333,4410
2567,4346,4410
159387,4431,4494
180880,4433,4501
112831,4438,4494
227073,4438,4502
238929,4440,4501
