348630,203,262
374626,203,268
106553,204,267
75419,205,271
363514,223,306
337824,224,323
76636,226,282
302788,227,323
149595,230,304
94840,232,316
37825,249,320
387870,270,331
168475,370,433
76637,375,437
225067,378,433
37328,379,436
240448,380,437
102245,381,434
399712,382,433
290184,639,730
28610,647,720
175053,685,731
333398,916,979
121194,916,988
399711,930,1011
93952,935,992
77382,971,1047
15405,984,1048
308956,1102,1190
16629,1240,1296
106175,1242,1292
146178,1242,1301
37824,1245,1295
327872,1248,1297
86444,1250,1292
266080,1263,1305
342366,1653,1707
330594,1788,1853
45984,1879,1948
392891,2093,2158
123847,2096,2181
12149,2099,2181
295708,2111,2171
382734,2114,2175
23781,2139,2236
88632,2148,2236
188481,2153,2230
295983,2156,2226
15629,2156,2240
276037,2165,2227
276038,2165,2234
201622,2170,2234
318187,2170,2246
378589,2190,2276
44619,2191,2256
208062,2196,2291
369088,2197,2260
98248,2197,2285
171921,2197,2317
46213,2200,2290
26728,2213,2296
316352,2213,2299
240447,2215,2290
91664,2217,2296
258060,2218,2299
9450,2224,2297
144486,2229,2294
337542,2230,2282
1644,2234,2295
10512,2235,2299
248225,2236,2286
247837,2237,2301
213139,2239,2308
70343,2249,2300
290185,2257,2312
167200,2270,2345
203487,2338,2394
368665,2351,2410
307896,2361,2415
77381,2363,2418
383507,2366,2419
179434,2366,2422
197004,2367,2411
198629,2370,2416
108299,2371,2413
76903,2372,2415
243481,2373,2416
67353,2425,2495
201210,2428,2495
53384,2464,2536
285441,2478,2536
105470,2554,2617
201209,2555,2621
258544,2561,2618
375396,2809,2870
201209,2810,2883
375397,2817,2887
300188,2827,2899
176326,2829,2890
177003,2829,2892
9988,2830,2884
303864,2830,2887
1981,2832,2883
103184,2849,2942
107709,2871,2954
201210,2875,2931
401622,2914,2960
291565,2937,3002
106237,3095,3156
322711,3369,3430
149179,3379,3445
27377,3383,3431
337499,3383,3436
281925,3383,3466
352775,3386,3433
98559,3386,3445
352545,3399,3469
33855,3416,3489
98888,3432,3496
340496,3452,3504
30490,3454,3510
155329,3507,3580
239041,3514,3580
194562,3515,3583
258955,3515,3594
2252,3518,3581
357098,3519,3580
203584,3519,3594
67354,3521,3593
349078,3522,3581
79283,3524,3581
377201,3524,3587
23243,3524,3595
56173,3526,3584
166784,3529,3595
281926,3531,3595
134153,3542,3605
67922,3746,3822
304618,3754,3816
144487,3775,3831
403297,3786,3841
146139,3791,3864
12148,3802,3864
290186,3803,3880
212571,3809,3894
213138,3813,3883
56174,3818,3893
315751,3819,3880
18861,3822,3880
366708,3825,3872
213793,3826,3874
201211,3827,3891
327718,4070,4119
387810,4070,4123
194783,4070,4126
261914,4070,4150
37172,4072,4159
22775,4073,4134
383265,4073,4169
373470,4079,4139
24664,4080,4146
25255,4083,4164
397932,4084,4129
320697,4084,4151
231662,4140,4241
55688,4155,4230
243024,4157,4217
296230,4159,4242
135996,4159,4251
117115,4162,4245
45983,4162,4261
254506,4166,4237
13025,4166,4241
180146,4166,4248
74119,4167,4226
30598,4167,4261
404566,4168,4220
350232,4172,4229
369087,4299,4384
208061,4303,4376
21168,4305,4378
126782,4453,4526
172843,4492,4554
19733,4498,4554
24837,4594,4653
18862,4760,4818
98685,4760,4830
316325,4760,4840
102244,4761,4824
375572,4765,4830
385869,4768,4833
201211,4926,4989
103472,4967,5052
22291,5233,5296
79347,5234,5298
137554,5236,5302
258061,5244,5304
168258,5254,5297
24836,5304,5386
57864,5517,5592
290116,5517,5609
316527,5517,5612
363949,5523,5594
387650,5523,5617
316528,5524,5614
69113,5525,5591
8739,5526,5601
342940,5588,5657
55567,5591,5665
125451,5593,5659
183004,5606,5681
277902,5611,5682
239045,5615,5689
161199,5617,5678
23782,5617,5681
238154,5617,5688
80921,5624,5683
305275,5684,5765
144080,5815,5907
74416,5846,5908
163207,5851,5924
165878,5851,5944
145605,5865,5942
30489,5872,5925
435,5872,5941
275057,5875,5948
249596,5878,5941
223083,6066,6126
201440,6127,6183
338109,6133,6206
36071,6135,6182
312580,6138,6182
357262,6139,6206
244560,6142,6188
15719,6144,6206
134536,6389,6449
212934,6389,6455
44467,6389,6459
13292,6389,6495
131007,6390,6443
209216,6390,6451
84732,6390,6466
20581,6390,6470
307318,6391,6449
69816,6393,6438
65875,6393,6449
54298,6395,6474
16630,6397,6469
95794,6397,6475
242692,6401,6479
4263,6401,6484
346708,6401,6499
18089,6402,6505
4263,6405,6502
12618,6406,6470
72875,6406,6472
25256,6406,6475
39574,6409,6495
106840,6412,6481
69485,6413,6475
94135,6416,6525
367888,6418,6483
131253,6420,6481
4263,6423,6495
9574,6440,6503
239043,6446,6500
258543,6456,6532
378590,6458,6530
97476,6462,6540
218338,6463,6527
57339,6463,6530
258097,6469,6532
84576,6470,6527
274808,6476,6534
220729,6477,6523
56272,6479,6535
267615,6484,6535
121193,6484,6544
255294,6484,6566
25254,6507,6554
239046,6507,6582
239042,6509,6583
346645,6510,6557
343788,6540,6615
224061,6554,6638
258934,6562,6613
265864,6565,6626
309615,6586,6656
303432,6595,6656
4263,6776,6836
65306,6877,6949
94441,6878,6955
33229,6878,6958
75457,6878,6965
10514,6880,6953
257092,6881,6955
226773,6881,6965
6851,6883,6962
82343,6887,6960
45986,7037,7100
53386,7037,7105
46466,7038,7102
288310,7042,7103
360313,7162,7235
196049,7174,7267
224662,7232,7304
224663,7236,7299
131610,7240,7338
384028,7243,7331
35224,7244,7320
403289,7246,7307
254507,7246,7352
384027,7247,7338
30491,7251,7352
276039,7259,7360
56335,7262,7325
115609,7263,7328
27112,7263,7343
360487,7263,7350
289200,7264,7331
202554,7718,7767
287741,8163,8213
258089,8163,8216
223075,8165,8227
369086,8360,8454
362389,8367,8455
161645,8368,8452
362388,8370,8459
112165,8371,8437
103475,8372,8458
103474,8372,8463
132623,8373,8436
316353,8376,8442
352544,8377,8444
176889,8379,8437
356244,8380,8438
206308,8383,8439
10693,8384,8447
332625,8386,8450
142372,8386,8455
288147,8389,8451
96467,8390,8452
33883,8392,8463
17683,8393,8452
47604,8399,8454
300187,8402,8458
316324,8523,8621
346707,8523,8627
314941,8527,8598
151164,8531,8583
218826,8531,8614
97577,8539,8614
5499,8541,8623
282226,8542,8595
13475,8542,8612
24366,8542,8628
361941,8543,8602
101057,8543,8618
55292,8544,8623
292822,8545,8625
218370,8643,8707
344191,8703,8784
42063,8752,8821
355315,8757,8824
53385,8771,8839
346553,8774,8818
221155,8774,8842
1442,8934,8989
103473,8973,9069
145975,9026,9070
95793,9117,9171
22548,9117,9178
253032,9117,9183
60147,9117,9186
269127,9117,9204
239044,9117,9224
372791,9142,9221
224062,9144,9213
145977,9145,9209
145976,9146,9220
403295,9149,9220
403296,9150,9225
185166,9152,9223
279090,9161,9224
54495,9164,9212
45985,9164,9228
302371,9166,9228
245641,9167,9237
79284,9172,9228
89614,9200,9241
166879,9318,9393
10513,9325,9457
346734,9326,9437
335659,9332,9430
371367,9340,9416
436,9340,9430
22292,9343,9459
264569,9345,9422
14063,9345,9433
5645,9345,9436
33423,9345,9462
123075,9348,9399
915,9348,9470
88313,9349,9442
104091,9349,9461
317083,9350,9433
108672,9352,9416
47116,9353,9448
2424,9354,9422
2425,9354,9431
3982,9354,9471
108470,9355,9468
159379,9361,9467
138579,9383,9470
130041,9390,9471
221721,9403,9470
158220,9410,9469
