269739,118,197
306746,119,184
203294,127,180
360708,827,888
113435,1413,1458
126875,1684,1754
53985,1715,1786
57201,1717,1771
197736,1718,1783
91888,1721,1765
191948,1727,1788
107919,1728,1791
14201,1795,1861
137498,1798,1846
115023,1802,1861
62159,1810,1876
28244,1813,1867
220252,1817,1865
25545,2244,2341
28968,2256,2318
14202,2260,2329
360133,2269,2332
250429,2271,2342
121694,2276,2337
20276,2276,2341
111489,2285,2341
159442,2285,2346
244368,2285,2349
402685,2287,2349
61006,2299,2369
129694,2628,2708
116734,2748,2801
283220,2750,2800
288294,2885,2932
388043,2885,2969
223171,2885,2980
184945,2885,2984
29827,2888,2963
250631,2888,2968
89929,2889,2938
307110,2891,2986
403657,2894,2981
43584,2894,2992
50890,2895,2956
321136,2895,2958
400614,2896,2999
317369,2897,2990
218708,2898,2950
223172,2899,3003
38208,2901,2978
185046,2901,2994
238483,2902,2967
18669,2904,2969
132002,2908,2985
183033,2908,2994
232991,2909,2972
191949,2910,2995
178479,2913,2975
160987,2913,2992
58819,2917,3002
159175,2936,3005
64322,2938,3002
201965,2938,3004
374263,2939,2991
222873,2940,3001
326855,2946,3014
58600,2954,3015
125739,2956,3013
274426,2958,3042
34102,2964,3036
234081,2970,3033
112344,2971,3042
91911,2976,3040
290671,2977,3039
49117,2977,3046
140116,3020,3085
206309,3507,3575
324870,3715,3789
339622,4206,4271
40489,4207,4269
169423,4500,4552
398012,4502,4569
36958,5075,5123
28441,5075,5132
93253,5077,5121
343567,5077,5135
333523,5175,5241
328896,5797,5840
29905,6065,6132
79486,6404,6468
238482,6723,6788
23957,6901,6958
7082,7085,7136
291523,7376,7427
333823,7377,7424
318049,7659,7714
57019,7968,8032
241194,7996,8050
180637,8049,8103
15583,8542,8591
346637,8551,8613
143068,8551,8615
253650,8570,8633
81494,8571,8630
378562,8573,8629
158986,8574,8625
247445,8574,8635
354507,8575,8628
254865,8576,8631
