304260,367,415
81740,408,473
369239,410,476
94600,417,480
240367,417,482
80771,419,478
117508,420,485
360059,424,479
332864,424,491
226732,425,482
71928,651,724
119397,655,708
203213,655,721
396591,658,740
122987,662,731
346679,789,842
285943,896,945
10515,928,992
21343,970,1033
245595,1201,1270
118697,1411,1472
173652,1419,1481
259507,1428,1480
308029,1448,1499
10450,1655,1736
92252,1667,1732
357165,1670,1731
4143,1674,1728
94315,2034,2126
195002,2035,2099
152239,2039,2136
141889,2040,2110
275924,2040,2117
187961,2044,2111
303759,2054,2116
383663,2055,2126
182024,2057,2134
70238,2063,2124
388461,2067,2151
50429,2072,2160
372560,2073,2139
240368,2073,2157
279589,2074,2149
183253,2076,2158
332334,2081,2165
391459,2082,2155
3326,2082,2183
238391,2085,2144
215745,2085,2165
373109,2086,2159
143299,2089,2163
52102,2090,2183
262191,2093,2170
391458,2095,2160
253272,2099,2160
64528,2112,2191
385643,2116,2166
406059,2121,2198
189809,2122,2193
23135,2148,2190
178156,2460,2551
146924,2523,2581
331610,2599,2683
38733,2609,2675
110105,2609,2681
186348,2613,2674
338262,2619,2687
192867,2624,2684
86504,2626,2689
106391,2631,2701
329122,2632,2730
247229,2659,2722
349730,2660,2716
393220,2660,2724
8617,2664,2717
318388,2672,2733
487,3035,3107
317369,3037,3115
224906,3040,3105
155132,3043,3106
343842,3049,3107
185957,3051,3102
14843,3055,3102
204530,3067,3144
204531,3072,3144
