212577,145,207
47990,274,350
343807,285,384
9993,294,419
83970,298,429
348671,316,420
47547,319,432
10373,335,430
304772,335,437
92829,344,420
121979,356,431
160581,395,436
309879,439,519
102883,622,694
379827,635,711
306550,636,706
324650,638,713
129855,670,752
93875,683,760
93876,691,768
397264,696,760
102884,697,765
155184,698,759
356232,716,768
350165,760,846
317152,760,860
346807,761,868
263316,783,867
28636,788,867
240903,1092,1170
56543,1138,1203
349633,1159,1233
203458,1285,1329
238248,1423,1484
246935,1657,1717
208118,1670,1735
206403,1689,1759
141375,1712,1769
106190,1719,1773
330327,1756,1811
202660,1875,1950
290510,1876,1930
215519,1882,1998
131269,1887,2007
221854,1891,1983
102759,1892,1964
178727,1894,1952
165259,1904,1998
98004,1908,1995
40645,1911,1962
365195,1911,1977
144797,1921,1976
192286,1922,1977
204727,1924,1975
653,1999,2112
330328,2102,2210
105528,2383,2439
102552,2416,2477
330330,2417,2475
165124,2432,2501
222129,2480,2533
55320,2486,2568
66850,2491,2548
235764,2492,2575
348976,2494,2562
210440,2496,2582
259872,2497,2570
96492,2499,2587
287790,2502,2573
55936,2502,2591
106079,2508,2571
281502,2516,2594
330329,2524,2594
41762,2697,2778
199146,2700,2762
237281,2700,2765
154776,2700,2793
225744,2701,2781
274236,2704,2779
41250,2836,2887
212578,2839,2913
381002,2840,2899
10096,2844,2909
104899,2864,2927
108174,2875,2946
361060,2878,2943
39176,2882,2953
39177,2892,2958
222601,3025,3128
138590,3039,3115
22831,3054,3132
82170,3063,3132
350164,3066,3133
218648,3071,3133
222171,3085,3143
252765,3090,3143
10001,3250,3314
74892,3250,3317
41820,3252,3316
4354,3254,3328
314269,3255,3319
102954,3257,3317
313209,3259,3320
176010,3263,3325
175005,3265,3329
396316,3266,3359
83971,3267,3328
378989,3267,3331
110574,3288,3389
262737,3313,3380
308288,3318,3384
138890,3435,3507
138889,3445,3528
265898,3458,3533
143447,3485,3564
266620,3489,3556
384725,3499,3561
205361,3506,3562
181170,3506,3566
184003,3510,3566
146691,3512,3565
293770,3515,3568
135172,3536,3622
98003,3560,3638
101637,3567,3631
318983,3568,3630
203748,3570,3635
10481,3571,3636
191008,3572,3630
37492,3573,3634
203747,3576,3640
68776,3577,3639
305874,3577,3654
7984,3579,3662
102882,3580,3640
330331,3580,3644
267282,3585,3647
24161,3586,3660
163053,3587,3642
301012,3589,3652
11713,3589,3654
54413,3590,3645
310523,3593,3639
87538,3596,3666
339804,3597,3658
101543,3598,3660
262961,3599,3663
358660,3657,3721
212579,3900,3970
251519,4132,4179
202609,4213,4284
98005,4231,4310
165123,4235,4316
145689,4239,4310
23457,4250,4317
150548,4258,4321
381066,4266,4316
356919,4864,4972
90604,4874,4974
342491,4883,4975
90170,4887,4965
118054,4888,4953
244,4888,4973
244,4909,4976
58909,4912,4976
376193,4913,4971
49056,4921,4976
128274,5057,5136
278835,5060,5136
180916,5061,5145
55937,5075,5132
376510,5077,5142
5042,5078,5146
109402,5086,5146
33343,5299,5364
137476,5299,5374
378988,5301,5365
186986,5301,5384
81266,5305,5369
65430,5306,5371
9850,5307,5375
229557,5308,5373
139045,5309,5407
87250,5311,5364
363950,5312,5393
144096,5315,5382
139061,5315,5386
110573,5319,5399
96803,5320,5375
30267,5324,5367
104511,5324,5407
81267,5326,5404
214200,5331,5406
371883,5335,5399
192288,5339,5410
104594,5343,5405
87903,5347,5409
175173,5349,5413
369086,5462,5565
333078,5483,5560
295635,5486,5547
124395,5486,5585
16762,5487,5560
327974,5494,5561
96467,5495,5566
237283,5502,5561
172441,5509,5559
152781,5512,5579
129002,5685,5757
301013,5685,5761
65920,5689,5750
84326,5690,5751
102885,5692,5754
374175,5693,5756
237282,5695,5754
85878,5697,5752
278494,5712,5772
297297,5716,5780
310636,5721,5785
240877,5727,5791
347749,5857,5917
77162,5948,6017
192289,5951,6017
218,5966,6030
136746,5968,6046
64986,5978,6046
45077,5987,6047
328351,6096,6155
302714,6096,6160
27165,6096,6176
98866,6097,6173
78153,6105,6159
20760,6118,6174
92831,6118,6184
92832,6118,6202
204949,6119,6230
92830,6120,6207
112886,6121,6210
166287,6126,6207
331515,6129,6202
275771,6132,6206
175172,6133,6200
138591,6142,6208
106192,6149,6212
117265,6167,6228
126450,6167,6235
81512,6171,6236
270938,6178,6241
299429,6188,6255
299430,6188,6263
327068,6190,6268
240878,6193,6268
309881,6230,6338
24662,6345,6422
14040,6347,6420
137477,6348,6422
105771,6350,6424
321332,6360,6422
61684,6361,6423
351453,6363,6421
166500,6365,6424
303943,6486,6538
79637,6489,6530
28635,6503,6567
35605,6504,6555
357229,6506,6558
315096,6507,6569
22832,6576,6639
150861,6591,6663
203144,6769,6836
84586,6773,6837
126480,6780,6837
376509,6827,6897
227869,6972,7038
327145,6999,7053
54526,7001,7074
250097,7009,7088
90169,7223,7322
398224,7324,7372
290136,7348,7406
63102,7429,7524
339637,7430,7539
102886,7439,7529
162768,7440,7507
386237,7444,7505
250207,7446,7523
163407,7451,7524
246008,7452,7519
309505,7453,7522
202045,7455,7530
223613,7456,7518
192287,7457,7528
55935,7457,7555
11007,7472,7524
129349,7475,7529
4618,7476,7523
14904,7481,7544
1904,7537,7620
101638,7543,7636
203207,7546,7611
181171,7546,7637
295055,7586,7650
115199,7599,7647
186003,7602,7665
297295,7636,7714
387334,7648,7725
324680,7649,7714
28634,7653,7718
84327,7660,7713
18976,7668,7714
34218,7668,7742
130711,7669,7722
130710,7670,7751
31342,7681,7742
6719,7683,7742
222171,7695,7758
341490,7791,7849
5741,7798,7869
215518,7798,7879
306366,7801,7875
210687,7804,7874
308819,7824,7875
132670,7920,7984
1226,7922,7971
309882,7924,8013
207278,7931,7984
105295,8002,8066
344311,8005,8064
222130,8006,8074
71413,8281,8364
201598,8281,8369
61462,8281,8390
152597,8305,8375
405617,8306,8360
65724,8313,8373
30859,8370,8416
280413,8469,8563
4007,8471,8543
3841,8474,8529
50223,8474,8536
56833,8475,8571
186004,8486,8574
274198,8497,8552
101542,8638,8699
114191,8707,8778
226536,8709,8774
180609,8724,8777
33075,8737,8807
226313,8743,8806
280412,8747,8807
335065,8747,8815
10160,8749,8802
143448,8749,8807
328329,8751,8811
83622,8759,8814
281501,8761,8806
275539,8779,8841
63102,9039,9120
9358,9052,9114
117588,9052,9120
357019,9058,9120
126212,9059,9121
29293,9066,9131
27133,9066,9141
330892,9082,9180
179181,9087,9156
389270,9170,9258
308144,9200,9276
407217,9201,9259
271502,9205,9267
68777,9205,9272
163883,9207,9268
271501,9214,9278
236051,9218,9279
295054,9404,9458
309880,9416,9479
64987,9417,9474
82706,9465,9513
167244,9522,9584
51547,9542,9593
304898,9551,9612
369088,9552,9605
227094,9552,9629
99570,9557,9626
403999,9614,9715
53345,9623,9743
98007,9628,9742
154777,9635,9701
217,9703,9768
58910,9827,9917
176274,9842,9922
106792,9846,9910
262960,9846,9918
369087,9849,9929
164615,9856,9934
204948,9857,9942
165260,9889,9962
18805,9892,9952
134717,9906,9963
162569,10016,10079
201081,10024,10081
245208,10028,10089
225520,10029,10103
89075,10035,10151
297296,10037,10116
348285,10039,10138
133570,10040,10114
262959,10041,10123
23458,10042,10117
106191,10060,10158
357228,10066,10126
236787,10066,10159
248138,10085,10150
178110,10086,10167
233400,10086,10180
35160,10088,10151
46333,10089,10141
392839,10090,10154
125154,10090,10157
404004,10090,10191
55934,10091,10152
134883,10311,10373
140914,10372,10429
301079,10376,10482
401785,10409,10481
233399,10411,10504
273048,10443,10503
98006,10458,10520
101660,10479,10533
262738,10507,10562
14906,10680,10771
252618,10688,10771
143944,10689,10783
14905,10691,10776
327973,10698,10783
297298,10700,10763
327511,10701,10772
223612,10710,10771
256201,10720,10793
159254,10771,10818
288059,11031,11097
266176,11033,11098
34218,11033,11104
124417,11044,11098
236404,11050,11107
375112,11053,11107
