133375,153,214
248065,164,215
285089,254,315
160980,254,323
177139,254,333
66467,255,317
274418,256,319
114107,261,317
92383,273,367
398210,276,384
313359,290,365
390520,291,367
217525,296,346
346253,320,411
43992,339,414
217526,340,397
376487,366,415
145019,368,426
75188,409,491
6643,418,523
388765,420,518
388766,425,531
246072,438,531
223132,482,559
74128,492,555
364883,493,557
149141,681,758
137895,697,759
54565,700,766
52330,700,789
21478,701,765
102102,703,759
264556,703,790
44856,704,767
336024,713,789
15999,910,964
195338,987,1048
402204,1006,1061
359829,1101,1167
134479,1345,1387
98934,1347,1415
179144,1404,1476
276092,1439,1530
212636,1444,1527
7971,1456,1519
382230,1461,1537
168896,1466,1536
226528,1467,1539
331561,1469,1537
75792,1469,1540
241526,1471,1538
319961,1473,1541
31799,1476,1538
1859,1477,1536
24292,1487,1540
2456,1613,1676
189473,1614,1672
358881,1618,1672
344701,1738,1805
224576,1740,1798
400388,1742,1805
332318,1743,1807
217865,1793,1849
392816,1794,1851
178508,2011,2082
62258,2038,2110
209793,2042,2112
102540,2049,2112
392257,2065,2135
332416,2071,2135
52331,2073,2151
52332,2073,2162
369523,2075,2141
142401,2076,2128
12978,2076,2134
64406,2077,2126
370948,2078,2147
65592,2080,2134
381340,2080,2140
329565,2080,2143
294167,2086,2159
98934,2087,2167
406880,2088,2162
296135,2089,2159
342858,2091,2155
242433,2113,2193
49869,2119,2177
128044,2119,2188
13852,2119,2192
339778,2119,2218
313361,2124,2189
242189,2125,2198
166208,2127,2195
16268,2393,2500
56833,2417,2535
358123,2418,2514
4007,2419,2506
47417,2428,2511
12233,2431,2505
64405,2435,2503
327517,2449,2530
298305,2452,2532
313360,2478,2541
407501,2734,2796
339691,2753,2836
3841,2759,2832
63756,2798,2869
167189,2815,2884
375981,2928,2993
88378,2931,2996
363382,2946,2999
332840,3084,3140
220947,3159,3232
367348,3159,3253
236897,3164,3230
52687,3167,3232
54592,3172,3230
354874,3172,3237
63755,3172,3245
178108,3173,3238
298305,3173,3251
135586,3176,3252
242434,3178,3242
98838,3178,3251
153693,3583,3635
41037,3636,3698
16513,3636,3704
3051,3636,3711
204309,3639,3728
119367,3640,3714
342857,3642,3727
2563,3645,3727
27165,3652,3727
349950,3654,3728
70796,3659,3726
200066,3662,3713
38512,3662,3727
154602,3663,3721
402692,3663,3725
136164,3665,3728
29744,3666,3724
294166,3667,3710
246203,3667,3727
192488,3668,3728
7832,3674,3728
54995,3884,3965
16000,3895,3980
294817,3904,3965
94499,3908,3991
372489,3911,3965
18224,3916,3984
252663,3916,3990
75189,4119,4219
402205,4127,4184
400387,4134,4205
64147,4167,4257
64146,4179,4267
352944,4190,4287
296506,4204,4271
155918,4204,4277
232491,4204,4296
366675,4205,4252
257543,4205,4329
306735,4206,4273
112397,4206,4283
166584,4206,4294
155002,4207,4277
11936,4207,4290
3826,4210,4289
294552,4210,4336
294169,4211,4282
293225,4214,4276
217309,4216,4286
104541,4216,4293
128997,4217,4296
196505,4220,4312
302800,4222,4283
186954,4222,4305
227473,4229,4277
186953,4259,4383
186956,4278,4384
45980,4330,4397
367379,4335,4399
110547,4441,4546
28821,4465,4528
150354,4484,4551
13106,4608,4659
232404,4608,4677
43804,4608,4689
232673,4608,4694
198813,4609,4679
372198,4609,4691
296505,4609,4699
157108,4617,4668
101345,4623,4694
120363,4714,4779
182594,5118,5203
191840,5126,5189
354237,5136,5201
102998,5139,5202
321161,5146,5191
196642,5146,5206
74129,5335,5416
21197,5337,5432
281699,5339,5433
348215,5342,5441
366901,5345,5475
4720,5349,5420
353515,5350,5447
93430,5351,5416
2723,5351,5426
103766,5351,5431
14400,5354,5418
50891,5354,5438
12619,5355,5427
104011,5357,5451
12785,5358,5427
294157,5358,5431
211055,5360,5443
298529,5436,5503
133459,5448,5508
178179,5452,5508
54993,5465,5531
40667,5773,5829
135845,5777,5826
331775,5955,6024
329564,5955,6029
255051,5957,6018
4720,5957,6032
258333,5960,6029
12619,5961,6032
69050,5964,6027
393125,5968,6030
128047,6344,6431
319962,6344,6463
184368,6347,6462
101554,6355,6441
236991,6361,6459
375650,6391,6490
198811,6394,6476
370947,6401,6476
315643,6401,6485
31363,6412,6488
39444,6680,6731
52700,6680,6735
227474,6680,6740
317886,6680,6750
336110,6681,6737
402494,6681,6758
46514,6682,6741
245935,6687,6731
231772,6687,6754
171506,6697,6741
258334,6699,6789
70090,6740,6787
296721,6837,6936
378032,6839,6904
349940,6840,6889
191841,6841,6919
404742,6841,6931
75190,6853,6922
352943,6854,6906
14341,6854,6918
190677,6857,6924
385313,6859,6919
377538,6866,6929
284716,6869,6930
389970,6871,6927
50895,6971,7024
292540,7058,7133
91576,7065,7120
186514,7065,7135
339732,7065,7147
186513,7066,7132
353514,7067,7144
395200,7074,7144
139649,7081,7146
295201,7481,7544
274780,7618,7681
43597,7618,7690
384450,7618,7704
50895,7620,7681
249718,7627,7688
34338,7629,7711
115777,7636,7710
101197,7642,7704
294168,7677,7731
341660,7677,7790
198812,7689,7792
387530,7699,7764
234895,7699,7784
2723,7702,7775
103766,7702,7786
12619,7705,7770
185921,7707,7784
32017,7709,7771
88401,7732,7784
275928,7818,7888
301059,7877,7962
175647,7885,7935
175648,7885,7979
407741,7886,7963
178037,7887,7949
211352,7888,7966
39982,7888,7987
139865,7889,7949
46515,7889,7979
336023,7889,7992
24707,7890,7986
353514,7891,7956
223566,7892,7977
163393,7894,7989
349939,7895,7980
97366,7896,7984
658,7897,7962
5498,7897,7970
352945,7899,7961
212248,7899,7969
333197,7899,8007
240987,7902,7968
110142,7903,7978
229586,7903,7985
196410,7906,7983
198564,7912,7977
118960,7915,7990
77033,7917,7992
33109,7917,8002
173757,7918,7978
188485,7952,8004
332415,8044,8111
404434,8044,8116
242188,8057,8121
215844,8728,8791
126440,8736,8804
13107,8801,8877
102534,8810,8878
246833,8810,8884
5042,8811,8875
246834,8816,8881
318786,8996,9062
212247,9015,9076
377539,9051,9104
113468,9054,9110
43577,9175,9223
172813,9180,9245
194637,9181,9269
353513,9181,9279
30552,9182,9242
62700,9182,9246
62995,9183,9243
383263,9183,9245
348214,9184,9259
353512,9190,9296
393126,9220,9295
294918,9243,9301
99525,9250,9296
71820,9300,9374
282235,9310,9382
171202,9311,9422
228451,9313,9388
111728,9315,9378
52333,9315,9382
295389,9315,9398
367594,9317,9402
37212,9319,9387
333198,9321,9410
393341,9325,9381
11202,9329,9405
114187,9329,9425
366586,9334,9431
223133,9336,9399
367537,9337,9388
292486,9339,9397
262917,9340,9432
62701,9345,9407
89148,9345,9437
353513,9351,9436
85856,9354,9404
109320,9354,9407
387134,9354,9416
171203,9354,9446
208138,9355,9417
224248,9355,9420
255485,9357,9419
353512,9358,9454
42924,9359,9424
6077,9360,9426
402693,9363,9432
43124,9374,9430
54994,9375,9429
186955,9383,9447
290180,9414,9498
367591,9422,9482
382713,9428,9481
382714,9429,9485
298853,9430,9481
186952,9433,9499
71429,9436,9488
282238,9438,9497
384429,9446,9515
364964,9461,9530
280360,9538,9600
217477,9615,9676
12221,9616,9681
341661,9812,9868
260275,9830,9889
352946,9989,10074
282236,9991,10085
197512,9995,10059
290586,9996,10065
65647,10006,10075
348213,10043,10107
407500,10047,10112
133715,10346,10405
294919,10368,10457
404778,10372,10457
70146,10380,10453
31194,10393,10456
111240,10394,10451
274614,10397,10467
44619,10398,10452
303425,10668,10730
236496,10668,10735
404777,10668,10763
341662,10669,10731
3838,10669,10740
407499,10669,10759
150827,10669,10779
3026,10671,10755
88400,10671,10777
44777,10721,10785
131526,10723,10778
387331,10957,11028
89743,10961,11039
358124,10986,11043
286921,11312,11362
5133,11398,11483
234151,11398,11486
183316,11398,11495
1055,11404,11494
129460,11410,11475
1415,11445,11543
171200,11450,11522
381339,11613,11682
62702,11629,11682
253115,11630,11712
91887,11668,11738
88402,11669,11725
367525,11690,11770
30330,11692,11746
65187,11982,12035
259084,11999,12065
294158,12000,12062
186951,12020,12142
47418,12031,12131
217758,12032,12104
369524,12033,12138
326781,12034,12148
92382,12037,12107
26626,12039,12137
290585,12044,12101
185259,12048,12146
25078,12060,12125
344700,12075,12152
56285,12078,12166
382408,12079,12164
384449,12087,12160
157107,12217,12309
273851,12226,12307
171201,12226,12313
64407,12242,12293
123585,12677,12764
149195,12681,12771
42925,12956,13015
377573,12972,13037
126439,12975,13037
62571,12991,13055
166286,12995,13057
106204,13010,13072
90304,13013,13063
283550,13142,13203
295388,13181,13280
138431,13468,13534
315598,13470,13532
218427,13862,13926
65646,13864,13925
148363,13865,13926
101326,13905,13954
222135,13963,14019
174483,14335,14396
207885,14337,14398
117510,14337,14404
110143,14341,14404
211353,14348,14427
72069,14501,14561
394264,14509,14559
101346,14511,14566
206744,14551,14611
21563,14689,14746
103765,14689,14767
70797,14689,14777
75192,14689,14787
294996,14693,14788
182874,14753,14814
384860,14783,14850
325383,14890,14951
311824,14897,14963
367592,14912,14975
78529,14916,14972
160981,15214,15269
37219,15215,15280
28450,15219,15280
150620,15222,15269
282237,15232,15311
49653,15233,15295
234152,15320,15390
294159,15326,15390
49870,15655,15746
296136,15671,15754
205261,15686,15756
95238,15692,15756
52872,15861,15926
168051,15861,15947
367536,15861,15953
16165,15862,15911
163392,15862,15949
229503,15888,15960
194636,15893,15962
99648,15894,15956
99094,16153,16210
232405,16154,16237
246205,16155,16253
107419,16162,16242
246204,16169,16258
408377,16179,16240
262263,16186,16256
349348,16188,16255
61291,16188,16259
19293,16191,16258
406148,16194,16261
342156,16195,16263
111239,16199,16257
24420,16203,16252
54566,16203,16266
372199,16204,16261
368107,16205,16281
3057,16214,16285
135290,16232,16282
305447,16375,16438
104985,16379,16442
103997,16382,16438
36483,16384,16447
364884,16384,16451
367524,16459,16556
75191,16460,16572
33451,16468,16566
11046,16740,16802
328064,16748,16801
127928,16751,16804
42923,16764,16806
344736,17075,17134
52334,17099,17151
21564,17228,17303
129461,17240,17304
125270,17240,17308
46513,17310,17375
360110,17337,17435
219184,17339,17391
368111,17363,17430
281375,17374,17432
3838,17583,17650
47187,17583,17667
3027,17584,17644
227390,17730,17791
368106,17770,17836
171046,17771,17823
303618,17979,18041
184216,18367,18446
175649,18495,18557
129459,18506,18577
392256,18508,18557
62703,18842,18917
115895,18842,18938
212246,18843,18960
348868,18844,18906
135587,18846,18926
385445,18874,18938
50524,18878,19006
20947,18963,19027
180861,19329,19392
191842,19364,19443
120416,19372,19443
30965,19419,19461
10008,19548,19647
113577,19549,19612
17,19553,19647
4445,19562,19648
21522,19571,19656
66995,19573,19650
103427,19576,19647
164917,19579,19649
113578,19583,19647
74608,19589,19656
4720,19733,19816
331776,19734,19820
106427,19734,19826
326780,19736,19823
14401,19738,19805
353515,19738,19840
221982,19740,19812
50891,19740,19827
236971,19741,19807
103428,19741,19818
366902,19744,19821
210233,19744,19824
400428,19745,19802
64144,19745,19807
103767,19745,19829
367380,19747,19807
46873,19747,19810
13367,19748,19801
74130,19748,19809
12682,19748,19821
12785,19748,19828
12619,19749,19814
12956,19909,19981
210248,20176,20227
368436,20413,20500
140766,20425,20525
352492,20427,20516
11178,20435,20530
62704,20437,20513
290548,20448,20510
89149,20449,20536
243850,20454,20532
221983,20457,20534
404776,20458,20529
88403,20459,20514
151397,20461,20524
147010,20461,20535
352491,20463,20526
380412,20463,20530
64145,20463,20544
215771,20464,20528
78632,20480,20530
351238,20486,20548
402206,20564,20618
306745,20566,20618
359538,20568,20632
64703,20641,20729
4947,20689,20771
320490,20700,20784
400649,20707,20771
23216,20708,20775
303057,20709,20777
7121,20712,20776
199199,20712,20801
82121,20713,20796
289834,20714,20788
23115,20716,20781
19735,20720,20820
195337,20727,20778
214110,20728,20797
31925,20730,20779
83096,20730,20781
87538,20748,20814
86993,20752,20801
131448,20756,20818
400107,20777,20825
236497,21039,21113
23121,21040,21084
10486,21040,21110
293061,21498,21563
37211,21513,21563
104737,21782,21849
285676,21794,21882
147641,21799,21895
305264,21808,21889
60910,21812,21896
355213,21815,21896
128291,21818,21866
