49440,114,209
113367,116,173
181587,117,213
342658,120,213
347910,144,222
144036,144,233
280268,153,223
379019,166,232
335129,169,233
140410,169,250
290147,199,271
203703,210,299
181583,210,316
112409,211,324
74886,213,335
158205,215,319
316577,220,326
164207,222,320
158204,223,318
399192,226,334
191797,227,330
203704,242,309
275008,252,358
95598,256,334
365175,259,330
400764,261,361
403737,270,326
166551,273,336
338967,273,349
377319,275,363
57425,293,357
161649,293,360
57557,296,350
172567,303,362
80257,335,398
300724,336,416
326478,337,418
184144,354,419
251318,355,420
74487,359,410
144037,359,415
335130,361,422
322168,364,437
94292,376,453
261317,427,486
333582,429,490
306981,437,502
49755,445,492
321457,551,602
157531,551,613
21135,660,726
200251,661,724
337451,677,731
106938,677,739
125957,678,777
125956,679,771
1360,682,779
69768,686,781
172394,688,769
57769,689,738
195819,690,753
337455,690,755
341374,693,761
352903,693,784
61101,695,766
343081,696,752
330316,696,758
219880,696,797
125958,697,764
337211,698,785
231587,701,776
49332,702,766
261089,702,773
163892,705,770
183027,706,774
287441,706,784
10740,709,787
226939,713,784
51416,720,786
28943,748,809
271742,1035,1124
59957,1036,1108
330315,1036,1139
398329,1124,1210
371905,1138,1192
109705,1139,1222
74142,1140,1208
121147,1143,1205
85766,1145,1222
293263,1147,1210
328927,1148,1212
257852,1153,1205
406717,1154,1220
284614,1155,1224
21897,1208,1267
245996,1232,1306
178257,1644,1709
21888,2055,2135
169492,2072,2136
378288,2073,2132
195178,2074,2135
380069,2081,2147
294320,2101,2172
109402,2380,2462
27674,2388,2484
27675,2396,2458
239025,2396,2468
254132,2403,2480
133770,2404,2473
164516,2406,2469
96545,2406,2506
37731,2407,2511
54301,2409,2505
38815,2415,2492
230645,2417,2496
5856,2419,2480
84734,2419,2489
404038,2420,2481
254265,2420,2493
140604,2421,2509
347978,2423,2491
221107,2424,2481
195138,2428,2485
191323,2429,2511
386680,2430,2491
66425,2431,2497
6187,2433,2520
137351,2434,2511
67267,2436,2484
152220,2438,2511
106939,2440,2503
58469,2443,2512
231120,2446,2509
390180,2448,2524
8896,2450,2513
369307,2451,2512
217004,2454,2525
27898,2458,2522
106940,2459,2535
189273,2460,2533
26723,2473,2541
240525,2529,2597
4869,2530,2608
209187,2532,2615
105478,2533,2597
61642,2542,2636
223340,2577,2642
323335,2659,2728
166552,2698,2762
20222,2735,2810
52873,2738,2808
169885,2741,2818
256293,2742,2810
22940,2755,2833
261004,2755,2844
111849,2762,2844
162301,2775,2833
149017,2810,2876
257876,2944,3000
62146,2962,3033
72728,2962,3051
19048,2969,3022
356054,2970,3048
330312,3011,3101
87137,3023,3089
211813,3033,3102
395957,3034,3095
163211,3039,3101
121583,3051,3102
395194,3329,3388
264611,3330,3395
8895,3332,3422
55653,3335,3387
198126,3335,3397
259359,3353,3416
322167,3360,3411
330312,3380,3462
168733,3405,3469
404039,3418,3467
324401,3418,3482
389005,3422,3486
7298,3425,3496
222111,3428,3495
312612,3429,3470
31248,3435,3504
106924,3436,3508
400763,3438,3502
259566,3438,3506
126965,3439,3497
334940,3439,3503
376088,3442,3499
276783,3457,3518
34372,3459,3519
224090,3499,3571
57368,3516,3591
334054,3520,3588
5489,3526,3587
183117,3527,3580
10741,3530,3588
153426,3532,3594
57424,3532,3598
163458,3532,3602
101527,3533,3588
48484,3535,3588
175867,3540,3582
241633,3540,3588
59957,4007,4070
271743,4007,4084
330315,4007,4103
183026,4018,4083
189272,4033,4103
183168,4141,4203
130926,4162,4217
277564,4246,4330
240524,4307,4366
358137,4366,4456
359885,4380,4454
347979,4380,4457
240523,4383,4451
280394,4387,4444
72727,4389,4454
129318,4399,4455
12620,4637,4726
293224,4661,4719
72401,5110,5177
221108,5112,5175
101475,5114,5169
42790,5114,5181
334941,5271,5328
225079,5391,5446
335128,5391,5466
255382,5398,5460
168027,5573,5634
254647,5575,5628
53881,5577,5634
255925,5578,5629
330313,6097,6162
330313,6545,6604
292540,6736,6808
101818,6737,6801
109004,6738,6797
12916,6742,6808
193726,6746,6808
52872,6748,6808
143424,6756,6807
161341,6765,6808
276782,7086,7154
346311,7119,7180
162555,7148,7206
300110,7151,7202
241301,7331,7404
142165,7334,7405
203353,7336,7407
338544,7336,7412
225078,7339,7404
241390,7339,7422
43126,7341,7406
186233,7341,7410
165232,7351,7402
346510,7358,7409
285260,7358,7425
150270,7363,7423
265686,7364,7422
322169,7368,7462
358548,7377,7445
175447,7380,7463
164206,7402,7475
39247,7405,7450
119117,7406,7457
228516,7407,7472
6817,7408,7457
327797,7409,7462
276847,7409,7467
99717,7417,7478
53648,7421,7483
18269,7423,7471
380068,7423,7474
316578,7460,7545
106,7494,7546
103819,7508,7554
89097,7511,7552
275324,7664,7806
8894,7675,7764
83983,7678,7755
297353,7682,7754
322170,7707,7765
301813,7707,7777
120879,7708,7770
391236,7711,7776
41325,7728,7784
2566,7728,7802
99384,7730,7788
368408,7731,7797
161343,7731,7804
16409,7733,7782
338596,7749,7806
164205,8356,8407
358367,8357,8455
200984,8358,8406
216671,8359,8450
252608,8360,8440
53461,8361,8456
348214,8363,8455
256294,8364,8428
257853,8365,8426
335131,8367,8429
82147,8369,8435
120881,8373,8432
348213,8373,8454
144526,8375,8447
17898,8375,8456
222753,8377,8441
357746,8377,8449
325463,8378,8438
277563,8379,8425
250283,8379,8448
222944,8379,8453
35650,8380,8456
52272,8386,8456
1306,8387,8448
108920,8389,8451
383599,8389,8455
105342,8393,8454
147611,8400,8451
47359,8409,8455
10775,8410,8452
79333,8411,8455
285296,8544,8611
67203,8546,8596
377689,8546,8599
238704,8550,8623
300046,8558,8620
65268,8558,8634
287442,8560,8622
183118,8565,8622
168324,8568,8618
52271,8576,8618
330314,8576,8671
238557,8579,8668
44034,8580,8681
29858,8583,8671
348215,8585,8681
19237,8588,8666
315871,8590,8672
181768,8591,8668
304408,8591,8674
3036,8592,8670
78334,8594,8681
83984,8596,8673
93430,8597,8667
12619,8597,8676
282725,8597,8680
4720,8598,8670
185978,8598,8691
397008,8599,8675
95368,8599,8681
397009,8599,8700
43558,8602,8681
123636,8603,8674
281177,8612,8702
104081,8643,8709
76590,8647,8718
127628,8659,8717
31479,8659,8722
98505,8660,8715
400071,8664,8716
137235,8674,8722
184143,8674,8744
251319,8675,8740
245924,8678,8745
225077,8681,8743
327798,8683,8745
238703,8699,8751
161342,8734,8790
198284,9004,9072
258681,9005,9066
98441,9031,9108
153425,9034,9100
306261,9041,9102
32162,9043,9111
261090,9075,9146
197767,9078,9141
10769,9079,9145
402958,9100,9146
136895,9100,9159
101347,9107,9153
17852,9107,9165
304728,9111,9166
1361,9115,9165
1362,9117,9162
341924,9117,9181
65720,9119,9184
330316,9120,9162
342657,9124,9186
191798,9501,9552
164626,9557,9620
165238,9582,9648
113334,9591,9648
134100,9593,9643
161650,9593,9648
345819,10012,10082
330314,10032,10110
43557,10046,10102
50891,10047,10121
245997,10047,10134
78069,10593,10656
93562,10593,10658
118428,10593,10662
293225,10593,10667
30568,10593,10680
205589,10593,10688
290287,10595,10657
217309,10598,10686
171672,10599,10669
154073,10603,10665
72402,10604,10668
246454,10604,10679
47358,10617,10679
95390,10619,10681
216877,10966,11054
290148,10977,11044
231580,10981,11045
109403,10992,11058
368409,10994,11048
53460,10995,11058
30234,11009,11086
18350,11017,11083
38872,11027,11082
384859,11256,11307
373651,11345,11415
20581,11347,11403
291499,11348,11401
304409,11353,11416
216917,11766,11818
152219,11766,11829
120880,11766,11831
362358,11766,11834
261091,11766,11839
37271,11766,11847
245998,11767,11853
230646,11769,11830
207213,11769,11834
389480,11769,11842
403517,11769,11849
98633,11770,11832
119770,11770,11839
257010,11774,11837
235676,11775,11842
358031,11778,11845
400895,11779,11837
203378,11785,11856
130921,11788,11850
268296,11794,11880
159893,11797,11843
335829,11806,11847
391237,11807,11871
80831,11807,11883
406507,11807,11892
49026,11807,11912
338064,11809,11850
115464,11811,11871
56456,11813,11876
43127,12455,12513
400072,12477,12545
98019,12478,12530
309106,12488,12562
93957,12490,12563
287956,12614,12656
221822,12783,12842
16377,12791,12841
83708,13261,13346
149136,13281,13352
390788,13287,13347
76589,13288,13352
185977,13784,13871
14297,13790,13850
290286,13791,13890
290288,13795,13871
249507,14582,14627
205709,14842,14897
28942,14848,14914
178258,14935,15001
373016,14936,14990
274124,15451,15503
