228301,123,165
147745,124,178
32627,232,293
19807,232,309
9078,236,319
73157,241,320
45833,243,319
47926,247,319
243500,249,320
164501,256,320
183232,276,320
485,365,427
408195,366,447
62942,371,448
166991,540,593
401078,1021,1080
83263,1025,1085
14249,1155,1268
101481,1161,1218
76774,1176,1283
391653,1180,1269
90277,1198,1280
132519,1208,1282
135365,1378,1433
406165,1378,1437
30234,1378,1443
354880,1379,1432
76575,1379,1435
386930,1379,1440
213483,1381,1445
319126,1387,1435
101352,1388,1447
346774,1411,1513
278821,1745,1848
384900,1756,1839
1315,1761,1842
363571,1770,1835
143105,1770,1841
337364,1773,1842
109848,1778,1841
103597,1795,1868
37149,1797,1846
58914,1798,1842
98542,1798,1852
237446,1799,1859
76799,1799,1869
107830,1801,1846
344736,1811,1880
318283,1829,1896
236388,1847,1905
258826,1855,1906
138336,2151,2202
210911,2152,2219
243148,2569,2633
350438,2911,2962
26340,2916,2963
140336,2995,3055
288625,3035,3086
397302,3063,3130
1914,3064,3145
268884,3065,3129
20740,3067,3136
191475,3100,3182
322335,3102,3175
373949,3103,3149
373948,3104,3153
205475,3173,3232
73548,3181,3233
297652,3352,3401
263650,3352,3407
347890,3354,3400
330591,3354,3417
112762,3356,3429
407358,3372,3429
288962,3624,3685
155042,3636,3689
407637,3636,3702
43892,3680,3741
148066,3846,3902
23375,3849,3902
326914,3912,3976
303134,4230,4282
319776,4230,4289
109656,4342,4395
229996,4371,4485
63884,4390,4460
20156,4730,4784
172963,4740,4803
237196,4744,4807
108215,4752,4807
53340,4879,4925
147006,5279,5358
223357,5297,5358
71763,5297,5378
345459,5298,5364
69357,5302,5376
103596,5309,5388
393405,5310,5379
100998,5311,5372
393406,5312,5378
116788,5315,5377
389364,5522,5583
353142,5548,5640
396443,5565,5623
63141,5568,5627
65386,5586,5680
103605,5664,5738
380397,5727,5788
322336,5783,5829
236390,6230,6307
236389,6230,6317
182356,6280,6406
83262,6525,6589
288961,6552,6617
130440,6561,6616
25606,6567,6626
369227,6569,6642
180612,6582,6640
203174,6596,6691
119850,6615,6690
393274,6617,6681
93549,6618,6694
4529,6619,6688
307114,6629,6691
273302,6630,6690
237443,6631,6692
347577,6631,6695
196653,6750,6829
380540,6751,6819
236391,6758,6824
1876,6763,6822
19980,6766,6826
339723,6767,6828
27465,6769,6827
99623,6783,6838
258114,6789,6847
193539,7036,7091
12150,7041,7119
37638,7061,7126
153558,7442,7553
309618,8073,8146
113079,8507,8559
261775,8508,8561
394761,8927,8993
83929,9562,9607
366649,9593,9685
231250,9596,9686
80049,9613,9683
285848,9619,9667
390325,9677,9751
309619,9722,9788
157479,9723,9797
109256,9763,9815
223128,10453,10523
200362,10904,10964
153021,10904,10966
353928,11361,11437
242812,11362,11434
204665,11414,11463
80877,11536,11609
80876,11537,11607
15514,11541,11600
70561,11607,11673
22162,11646,11696
257864,11859,11920
337554,11863,11943
299947,11867,11940
280147,11869,11931
246148,11869,11944
239906,11871,11932
397303,11871,11937
321724,11872,11945
148166,11876,11930
171725,11879,11928
190614,11880,11943
257509,11893,11945
307115,11902,11945
184809,12539,12607
295279,12544,12600
79188,12546,12602
60285,12548,12593
112266,12548,12595
307854,12548,12607
37148,12551,12603
329071,12558,12626
177246,12877,12941
140337,12918,12984
205476,12942,13001
171975,13404,13461
232758,13582,13633
1912,13821,13896
1913,13828,13896
220310,14139,14187
386167,14175,14232
170063,14179,14243
104093,14187,14244
300125,14194,14247
176244,14195,14257
350761,14218,14292
107691,14296,14353
172390,14327,14380
132473,14864,14915
1914,15083,15178
1912,15091,15176
96906,15093,15179
318284,15094,15159
1913,15097,15174
1911,15097,15180
327393,15104,15181
379336,15112,15179
228323,15116,15171
20118,15124,15176
48026,15128,15182
142713,15130,15182
36554,15279,15339
163946,15280,15344
90045,15282,15355
29044,15282,15366
288624,15282,15370
152081,15282,15380
45347,15288,15355
45346,15289,15371
183248,15294,15349
92194,15295,15385
183247,15302,15355
18043,15306,15371
70684,15307,15381
1913,15374,15444
1911,15377,15451
20222,15887,15939
186989,15949,16008
3240,15950,16036
403437,15955,16037
256264,15955,16052
228010,15955,16074
345128,15956,16021
228023,15960,16082
334219,15969,16088
264734,15971,16031
154218,15973,16076
193065,15975,16089
242840,15990,16080
154219,15998,16107
332161,16012,16129
36553,16041,16114
292916,16041,16136
379170,16042,16133
207817,16046,16160
222002,16066,16116
288680,16067,16139
330592,16068,16127
31793,16071,16122
390452,16075,16125
319409,16310,16367
40395,16312,16372
30558,16318,16366
171974,16320,16372
344037,16321,16398
280148,16325,16389
281910,16368,16427
332162,16370,16430
303307,16748,16853
318512,16770,16834
353100,16778,16861
116550,16782,16848
82497,16782,16863
183246,16783,16852
43891,16783,16857
79189,16786,16841
181620,16787,16858
185748,17071,17146
71586,17463,17510
129108,17937,18007
116955,17938,18006
