31340,1514,1601
25852,1549,1603
24678,1551,1602
284700,2666,2713
367203,2666,2720
23847,2667,2724
226253,2668,2717
161224,2669,2738
300182,2670,2716
284699,2671,2720
273042,4385,4441
8982,5332,5392
389236,7348,7395
10876,7349,7401
72263,7438,7492
201811,7439,7496
170155,7441,7494
358785,7442,7495
233578,7447,7495
44536,8627,8698
140942,8631,8703
361934,8634,8697
316617,9755,9820
221814,9791,9851
8122,9919,9964
131074,9919,9967
396989,10458,10522
159382,10469,10530
330456,16016,16070
354350,16292,16354
162951,16295,16356
408481,16297,16359
155175,16300,16355
7796,17432,17477
114080,18173,18233
254836,18174,18230
289328,18175,18239
293195,19409,19485
358312,19422,19482
349539,19422,19498
253600,19427,19495
133683,19911,19972
176100,19942,20015
90978,20047,20110
233571,20059,20107
31517,20061,20107
354150,20062,20103
376393,21621,21670
177864,22182,22261
265415,22442,22499
116033,22509,22576
310423,23512,23555
327305,23825,23876
364598,23827,23915
250056,24468,24526
356786,24471,24527
25941,24478,24527
60884,25971,26019
1925,26757,26828
330858,26815,26864
345962,27535,27638
345962,28236,28341
