351854,112,176
201978,145,234
140587,147,211
254807,148,225
177138,160,230
220222,168,234
59470,175,234
21888,178,253
139223,197,259
194451,225,297
135788,260,320
67502,302,365
164312,307,358
21580,543,592
15114,846,931
107294,849,925
289916,853,939
169926,854,924
105800,855,934
47364,863,972
220210,864,922
405582,864,945
48781,866,922
204878,868,945
380,869,935
282810,870,931
155372,873,935
109379,874,965
175208,882,971
379385,913,970
79632,914,971
302993,923,973
341787,1074,1139
341786,1075,1123
375253,1202,1263
91470,1224,1297
110852,1288,1376
246790,1288,1386
110360,1304,1377
306088,1311,1381
317090,1313,1370
405583,1357,1439
8776,1536,1602
45808,1537,1616
267046,1564,1648
160638,1567,1632
156238,1575,1635
208310,1605,1699
300449,1627,1706
117635,1629,1700
208311,1635,1716
388432,1680,1739
273768,1683,1733
380408,1869,1959
342281,2095,2213
364822,2102,2165
75435,2108,2162
42791,2111,2178
367559,2117,2184
331164,2129,2181
156980,2189,2237
364257,2189,2250
54401,2189,2268
366569,2195,2256
231581,2257,2319
87401,2258,2326
77521,2271,2330
380409,2271,2341
84223,2320,2389
245837,2375,2449
134195,2387,2477
1155,2393,2482
134194,2403,2477
197944,2496,2572
209958,2534,2635
227428,2571,2638
75930,2595,2657
49532,2603,2668
150278,2605,2669
245727,2610,2674
47269,2763,2828
251966,2768,2832
67594,2776,2832
207920,2909,2957
294892,2909,2960
396572,2921,3012
95581,2952,3015
10229,2953,3039
261714,2955,3033
144099,2959,3014
182514,3068,3145
207919,3069,3137
10230,3069,3163
69110,3071,3125
296608,3078,3144
155414,3083,3138
261714,3090,3170
290084,3398,3513
6120,3408,3461
30211,3409,3468
222172,3444,3536
404920,3458,3535
194685,3458,3558
314456,3459,3607
325204,3481,3545
222174,3500,3627
341249,3514,3624
44576,3519,3613
194684,3521,3641
44380,3522,3625
44575,3604,3724
136581,3611,3702
28803,3624,3707
290449,3626,3723
4420,3627,3719
163213,3628,3699
287580,3628,3725
5042,3630,3716
165652,3632,3714
242534,3632,3718
64931,3637,3698
234145,3637,3708
222173,3637,3750
111820,3642,3722
187035,3646,3715
65195,3648,3709
110760,3654,3716
391839,3670,3718
152399,3677,3746
163212,3764,3839
78178,3778,3844
100455,3795,3846
246103,3813,3880
349473,3816,3879
17550,3830,3882
278282,3928,4018
265737,3998,4121
118053,4000,4105
234146,4008,4086
95912,4221,4283
259812,4259,4323
322521,4260,4326
140588,4285,4341
182770,4311,4366
298988,4398,4482
257536,4429,4538
50186,4451,4525
100903,4451,4545
263926,4473,4538
314455,4473,4545
292399,4477,4525
94983,4477,4546
176891,4493,4545
147006,4615,4682
270590,4627,4725
265832,4640,4719
91471,4645,4717
261715,4646,4722
89853,4665,4742
165494,4680,4742
185104,4685,4742
120980,4821,4894
341788,4840,4923
265738,4840,4929
403867,4844,4920
334204,4845,4906
261455,4846,4924
49010,4857,4922
330446,4858,4929
88878,4867,4923
48569,5166,5218
5851,5166,5228
265833,5169,5228
170078,5448,5509
296203,5450,5504
33871,5452,5515
92951,5456,5518
82946,5594,5657
21581,5614,5672
376470,5616,5678
143779,5664,5733
381634,5670,5730
36474,5676,5728
218734,5802,5857
302992,6023,6110
131610,6023,6114
175861,6024,6107
252881,6031,6100
158453,6031,6107
261715,6035,6113
272760,6036,6122
42090,6075,6140
379386,6076,6141
257537,6130,6202
156280,6138,6230
156279,6155,6230
267169,6159,6221
93258,6185,6228
265126,6185,6270
360761,6197,6266
207918,6206,6267
49531,6206,6272
88275,6211,6269
74819,6211,6272
170077,6215,6267
353139,6427,6505
403144,6430,6495
225555,6453,6503
223253,6456,6507
98499,6812,6865
172500,6840,6895
192498,6968,7033
228348,6968,7042
92842,6969,7036
369528,7069,7126
163947,7128,7197
246102,7301,7353
389801,7330,7455
107355,7331,7402
380407,7355,7429
163029,7362,7423
120973,7364,7422
189479,7364,7428
408779,7364,7432
300510,7369,7430
94586,7370,7434
357960,7370,7438
92950,7371,7432
94362,7376,7432
42251,7390,7434
195644,7416,7478
41758,7744,7807
201979,7823,7911
400853,7832,7900
79662,7941,8021
79661,7946,8027
179480,7962,8035
191435,7970,8034
303859,7972,8050
387176,7978,8042
231518,7982,8036
389273,7983,8037
405369,7989,8033
204877,7994,8055
240672,8018,8077
257417,8210,8278
346414,8210,8287
241995,8214,8292
327679,8241,8315
287941,8250,8314
167666,8256,8334
88276,8262,8339
404958,8265,8331
24557,8267,8328
206850,8268,8329
210884,8269,8315
167294,8281,8338
340827,8390,8459
375002,8390,8462
106464,8391,8440
110476,8391,8443
294543,8394,8460
203114,8708,8764
192499,8781,8883
156281,8786,8892
406082,8795,8905
407743,8815,8892
174341,8820,8892
67264,8821,8917
284374,8825,8894
100902,8829,8900
81657,8836,8900
278860,8838,8904
375254,8874,8939
84825,9176,9224
394986,9179,9248
164432,9208,9249
334205,9213,9321
290450,9219,9286
155461,9221,9321
307659,9252,9321
388149,9399,9491
276279,9402,9490
142930,9405,9491
201977,9408,9489
206374,9410,9490
157688,9415,9490
389800,9417,9484
42790,9419,9491
4462,9426,9491
21887,9429,9491
65979,9639,9703
274136,9656,9757
276278,9673,9753
141325,9674,9755
324498,9733,9807
217581,9738,9802
74819,9746,9801
98552,9751,9802
122958,9871,9952
261716,9872,9943
97302,9872,9947
103015,9873,9940
167376,10068,10126
176076,10070,10138
179853,10073,10125
36164,10076,10125
309048,10103,10152
42446,10113,10174
98498,10119,10176
86347,10209,10283
296606,10210,10268
9008,10214,10285
296607,10215,10269
223252,10371,10436
342356,10399,10473
9886,10407,10457
34074,10411,10468
16328,10413,10462
52121,10413,10470
366103,10414,10469
307715,10417,10472
10231,10696,10759
148646,10699,10756
74818,10702,10749
49799,10707,10760
285144,10709,10764
28003,10710,10761
1867,10712,10764
265350,11041,11118
82974,11042,11094
204876,11044,11100
12085,11044,11102
89852,11045,11122
313846,11058,11133
149751,11067,11132
322522,11071,11132
85011,11072,11133
337213,11258,11327
123349,11264,11325
26101,11266,11329
48944,11643,11687
340228,12044,12141
122959,12051,12118
261716,12062,12121
145407,12079,12141
