196240,157,208
128669,160,211
145418,196,258
218751,262,336
300752,264,322
103476,291,368
110354,310,374
362692,322,388
159374,323,382
178796,323,385
370781,324,390
218750,329,463
403612,427,472
184934,484,549
404735,503,556
298961,509,572
367341,509,574
270381,526,592
14719,529,592
59709,529,601
311064,534,591
146901,541,592
67514,575,636
178305,589,654
397219,594,677
88718,598,661
71099,602,667
297354,602,674
176179,603,672
184935,606,672
55145,608,678
136741,611,680
40047,611,689
261012,612,684
98223,613,676
230145,614,688
143314,614,706
51900,615,684
389576,616,686
148495,616,692
373045,617,699
313794,618,703
210810,619,682
300764,620,681
390240,624,685
95742,625,707
344717,626,679
72642,630,698
209409,632,704
373044,634,699
173698,645,706
381004,645,706
