261516,503,559
338048,523,612
100238,524,616
338053,548,622
100243,646,712
82485,1126,1193
100245,1128,1195
212263,1142,1198
338051,1180,1231
100223,1340,1478
338040,1344,1470
100223,1837,1974
261511,1898,1964
100231,3465,3568
338035,3482,3533
100236,3482,3568
338047,3484,3567
338042,3490,3570
100225,3490,3576
100235,3752,3809
261501,3752,3811
372862,3945,4028
209897,3965,4033
328920,3973,4038
381220,3980,4040
203232,3983,4046
171780,3984,4036
78747,3987,4039
100241,3996,4101
338052,3997,4089
261518,4002,4093
348750,4004,4064
261515,4006,4062
100242,4006,4068
100244,4006,4095
338054,4007,4074
246449,4008,4060
338049,4012,4077
100228,4017,4143
100234,4017,4164
100225,4019,4115
261496,4024,4115
100233,4035,4180
100238,4048,4131
261500,4141,4262
100229,4147,4249
394515,4229,4288
100237,4337,4398
297271,5320,5404
191972,5323,5404
330489,5330,5404
184621,5333,5423
381337,5345,5400
129085,5801,5855
333448,5802,5866
100231,5805,5918
100227,5828,5948
338044,5831,5949
100228,5836,5962
36384,5837,5905
100229,5996,6088
100235,6208,6273
338034,6210,6273
18784,6305,6367
338030,6409,6471
100236,6412,6508
100227,6412,6523
338037,6416,6521
100240,6420,6496
100234,6421,6548
36384,6422,6484
100233,6432,6558
338050,7239,7325
187916,7243,7311
338028,7244,7328
111624,7283,7351
47858,7391,7476
2470,7414,7481
37112,7417,7492
3344,7421,7507
56069,7424,7484
86851,7427,7494
75589,7428,7489
99707,7430,7497
394506,7430,7503
380696,7433,7513
394505,7436,7503
339029,7442,7504
32279,7448,7510
178034,7449,7511
100237,7471,7540
338033,7473,7552
145653,7664,7728
384986,8184,8242
394512,8185,8260
107282,8196,8260
314743,8199,8259
100243,8201,8260
131188,8385,8449
230381,8388,8457
35610,8413,8457
100232,8416,8478
100224,9776,9856
333404,10146,10209
100224,10294,10372
356658,10728,10796
100232,10776,10829
338026,10777,10864
100241,10777,10867
261506,10783,10855
100240,10785,10868
338031,10788,10868
394509,10888,10965
278099,10891,10959
233384,10891,10966
11107,10892,10971
6856,10894,10964
80843,10894,10968
91476,10896,10961
100219,10897,10989
151457,10898,10962
349195,10899,10963
37113,10902,10966
182337,10902,10975
337264,10907,10963
328919,10908,10971
356660,10909,10988
338025,10924,10993
100242,10924,11001
47859,11034,11099
349196,11035,11118
58006,11040,11126
100239,11040,11145
244619,11042,11113
394518,11042,11121
322935,11044,11126
261508,11046,11146
176782,11047,11128
176781,11049,11113
32416,11049,11132
212262,11050,11144
86851,11054,11123
68390,11055,11116
6611,11056,11120
110094,11056,11132
100219,11056,11141
66096,11059,11122
398991,11059,11124
394517,11063,11132
287079,11068,11123
176510,11070,11131
236696,11073,11136
328423,11076,11139
302082,11078,11128
338046,11080,11148
394507,11084,11159
119824,11134,11198
338036,11253,11331
100218,12404,12466
100218,12540,12597
187774,12807,12876
78605,12808,12869
231857,12815,12876
338039,13005,13104
66468,13061,13149
134562,13064,13148
123207,13065,13155
118746,13067,13167
352783,13069,13160
300654,13070,13142
99114,13075,13137
285162,13079,13143
48691,13081,13176
219604,13086,13148
236093,13086,13162
91645,13089,13177
145654,13090,13153
165095,13093,13178
272491,13097,13149
378419,13098,13156
295716,13099,13153
29,13101,13177
342650,13101,13182
370935,13102,13166
320237,13105,13168
39256,13107,13160
144518,13107,13181
225433,13109,13170
90564,13111,13163
181403,13116,13172
105573,13117,13181
100220,13203,13267
100221,13209,13276
100222,13215,13283
187773,13231,13293
264420,13234,13311
100226,13385,13473
338041,13385,13478
100245,13389,13464
338043,13390,13471
338027,13392,13456
187915,13393,13472
13167,13397,13468
13168,13397,13479
100220,13402,13471
237738,13406,13479
100221,13406,13489
30764,13407,13473
71925,13407,13483
370606,13409,13470
259760,13410,13473
395309,13411,13498
330279,13413,13475
106658,13413,13486
198346,13414,13477
68390,13416,13482
297054,13419,13490
100222,13419,13501
8323,13422,13489
212261,13423,13502
309814,13424,13486
63600,13424,13491
87062,13426,13498
100230,13427,13501
241930,13428,13490
264421,13429,13492
183504,13430,13491
212259,13430,13503
339028,13431,13494
338045,13434,13495
133307,13435,13496
32495,13436,13498
297052,13436,13502
240532,13439,13501
264422,13875,13935
100226,13917,14001
68388,13923,14006
212260,13931,14013
198344,13939,14001
394508,13943,14006
66096,13951,14006
87062,13953,14010
354816,13960,14029
278974,13964,14011
68389,13967,14020
356659,13968,14023
353566,13970,14028
150610,14612,14673
404539,14616,14671
292244,14682,14771
174013,14696,14767
45008,14696,14771
35611,14701,14769
349197,14703,14775
313801,14705,14772
394513,14721,14807
278975,14722,14774
256182,14723,14795
394514,14723,14802
297055,14729,14790
187775,14732,14787
58903,14732,14792
100244,14732,14821
36384,14751,14822
297053,15068,15125
338024,15267,15329
100239,15269,15377
261508,15273,15378
338038,15279,15355
6612,15282,15350
394511,15283,15364
212258,15285,15374
147946,15286,15349
394510,15288,15364
226885,15288,15371
24762,15291,15359
17980,15293,15360
104185,15294,15356
322936,15294,15372
394516,15296,15359
338032,15298,15356
100230,15300,15363
273418,15302,15379
1175,15304,15356
26630,15307,15373
395310,15309,15363
249373,15494,15552
338029,15561,15618
