59740,88,216
212189,89,153
32103,91,215
297235,98,196
154094,99,255
369409,104,243
103058,107,216
364345,108,223
81946,110,231
263965,111,195
254481,112,200
284019,119,212
287885,120,249
212190,121,229
303689,122,180
135111,122,196
59976,122,206
96384,123,208
328445,124,230
226843,131,254
159905,157,278
77338,164,268
9701,171,260
9069,171,263
21248,173,273
338931,176,241
338932,176,267
226968,178,271
399308,179,249
198677,185,279
314327,207,279
485,308,369
127356,308,375
238387,308,425
122985,308,441
316544,309,370
156680,317,388
165570,318,430
342704,321,393
111470,321,404
275899,321,448
134390,324,390
29193,328,430
122984,329,471
234255,331,397
99809,333,414
406230,333,473
130265,334,451
60485,338,454
1468,338,471
191290,341,400
359600,355,472
238388,366,445
381922,366,470
9700,389,473
178159,506,583
201196,569,665
201195,578,676
101275,585,660
26643,586,663
96688,588,669
297701,594,667
349444,751,825
218012,753,823
2925,755,824
393364,761,825
111956,768,817
203746,872,946
9884,874,945
29114,877,946
153047,880,941
296263,883,946
242907,885,946
391461,1021,1085
164377,1022,1075
357815,1022,1107
215701,1024,1089
48973,1027,1170
311902,1032,1126
314328,1034,1115
385160,1037,1119
210487,1037,1128
150441,1040,1107
100640,1043,1127
70758,1045,1128
20761,1052,1140
52864,1053,1132
48974,1072,1198
405676,1091,1163
9699,1101,1193
351717,1102,1205
9698,1106,1192
277427,1135,1191
83096,1141,1192
86033,1152,1205
342468,1201,1271
2924,1374,1487
315854,1381,1493
180271,1395,1450
385158,1483,1577
385159,1491,1604
380930,1497,1627
286535,1507,1627
64097,1552,1627
77191,1560,1642
227525,1856,1920
98512,1872,1932
32383,1881,1953
118086,1882,1958
273818,1901,1968
21024,1903,1970
127728,1909,1965
205804,1936,2010
233239,1959,2074
262801,1959,2081
167457,1964,2026
150132,1964,2091
207512,1968,2097
49279,1980,2097
233240,1986,2107
248186,1991,2093
5594,1998,2098
109911,1999,2114
19451,2000,2107
40839,2003,2089
311901,2012,2114
165569,2020,2081
294277,2020,2084
311349,2020,2117
50122,2021,2089
301658,2021,2109
153458,2023,2090
375817,2023,2110
192496,2026,2089
264993,2027,2107
150813,2030,2103
160659,2031,2113
61567,2032,2096
60266,2035,2103
113606,2035,2106
186492,2035,2128
197812,2036,2110
97400,2047,2111
143520,2053,2099
15245,2121,2170
301657,2246,2296
216137,2246,2306
153658,2246,2308
26641,2246,2314
95768,2247,2321
4622,2270,2332
97036,2274,2343
355483,2284,2343
355482,2284,2348
378961,2289,2342
181430,2297,2400
80704,2306,2427
118192,2314,2392
339615,2316,2420
286395,2330,2451
64081,2336,2425
206084,2337,2392
37786,2338,2424
355755,2338,2427
144417,2339,2451
239736,2340,2417
195319,2340,2421
230958,2340,2457
221591,2341,2408
141696,2341,2432
104929,2343,2455
17981,2344,2441
176132,2346,2432
24366,2347,2449
5499,2348,2434
300919,2349,2415
25105,2350,2445
391778,2353,2439
301766,2353,2442
15246,2357,2465
300920,2366,2440
130526,2370,2441
353670,2371,2425
233238,2372,2491
129903,2380,2442
404809,2382,2441
302748,2382,2491
15047,2384,2442
40116,2385,2490
395618,2393,2461
62995,2395,2458
137152,2398,2490
113107,2613,2679
99616,2615,2676
11024,2616,2681
25450,2622,2684
316082,2622,2689
388763,2640,2687
26642,2899,3010
53796,2908,2976
176106,2911,2983
248187,2911,3034
114294,2924,3029
269404,2926,3031
9697,2929,3048
177010,2938,3034
388451,2939,3038
118085,2939,3044
73447,2943,3047
65059,2944,2996
73448,2944,3031
57313,2953,3009
28424,2953,3041
155511,2954,3046
406231,2958,3049
242108,2984,3047
188830,2992,3047
248185,2994,3049
100688,3137,3197
207511,3209,3276
28423,3209,3280
74254,3309,3422
5594,3312,3402
26640,3312,3452
81906,3313,3430
375972,3317,3409
140239,3318,3411
309942,3330,3426
5885,3334,3419
161856,3335,3396
6464,3336,3398
355934,3337,3402
276772,3337,3405
268957,3339,3398
64082,3342,3417
99810,3343,3428
243034,3344,3433
262800,3345,3404
12866,3345,3416
247566,3350,3427
153659,3354,3457
276967,3367,3454
120858,3728,3771
