348294,876,946
348294,1257,1330
135780,1284,1348
166225,1288,1346
396650,1292,1369
45754,1393,1445
320622,1397,1452
40010,2281,2341
266518,2281,2347
155775,2285,2362
322862,2288,2361
319024,2290,2372
359552,2293,2357
24271,2298,2373
342015,2300,2359
137647,2303,2358
32380,2304,2363
18201,2313,2357
306466,2313,2376
186613,2321,2368
172160,2321,2382
388825,2323,2369
346925,2324,2402
347015,2330,2392
257557,2333,2403
361738,2496,2549
37786,2499,2590
20258,2505,2563
140798,2505,2572
15293,2505,2578
6271,2505,2589
316014,2507,2568
127525,2511,2583
26769,2512,2590
337071,2514,2581
131789,2515,2589
12593,2522,2590
397739,2524,2589
253464,2531,2590
399806,2730,2796
66457,2738,2782
328521,2740,2796
402795,2915,2986
102610,2977,3041
2888,3001,3044
139857,3193,3245
3552,3195,3257
226818,3195,3261
3251,3196,3245
349807,3197,3259
126846,3200,3259
311956,3207,3261
222826,3213,3261
287901,4242,4303
88149,4243,4302
113617,4341,4413
86165,4344,4414
184591,4503,4563
404849,4503,4574
14828,4509,4581
373927,4667,4735
146137,4679,4748
299278,4685,4745
2487,4686,4738
213447,4686,4747
18202,4687,4744
96194,4696,4745
117250,5215,5295
266719,5216,5340
248514,5218,5306
258939,5218,5338
258938,5220,5320
348303,5226,5328
266718,5248,5343
286006,5252,5345
158468,5257,5345
198977,5263,5319
335965,5264,5316
40356,5264,5335
23437,5268,5328
16340,5279,5342
41144,5279,5345
296027,5441,5534
55052,5443,5498
4456,5483,5600
248185,5485,5549
348302,5485,5622
153621,5512,5602
167218,5534,5597
190193,5544,5626
122261,5546,5631
363618,5548,5615
344575,5554,5620
77143,5559,5631
123309,5566,5632
397723,5695,5803
65638,5703,5749
292474,5706,5760
156973,5706,5798
111679,5708,5778
25615,5712,5774
89131,5716,5806
141436,5717,5778
266004,5717,5787
398142,5718,5777
132794,5721,5791
59951,5722,5788
342399,5723,5785
181396,5723,5790
144716,5727,5790
271454,5730,5793
156972,5741,5799
218122,5742,5809
231393,5742,5814
3298,5745,5811
95240,5749,5791
205909,5749,5814
135151,5752,5819
313096,5757,5819
280752,5815,5881
290775,5818,5879
39262,5828,5881
290341,5833,5881
127168,5920,5965
340143,5921,5995
384888,5930,6004
86164,6143,6208
348293,6252,6402
381754,6279,6390
348295,6299,6389
348301,6358,6415
111545,6368,6415
52474,6536,6602
348293,6583,6731
381753,6595,6719
258970,6605,6674
158960,6629,6680
79394,6732,6800
359873,6754,6804
14827,6764,6815
78240,6853,6908
137905,6860,6902
336844,6973,7042
331870,6988,7042
63731,7129,7195
162271,7313,7379
282593,7330,7397
354442,7378,7441
346928,7620,7731
75080,7630,7726
160327,7630,7739
358052,7638,7738
162274,7639,7735
354342,7640,7723
388735,7641,7732
271963,7642,7702
310546,7648,7735
145937,7655,7736
334981,7662,7725
89431,7663,7739
291331,7664,7732
50000,7665,7734
394707,7665,7738
220494,7671,7739
223163,7673,7737
296259,7674,7734
308018,7674,7738
124337,7676,7739
336719,7679,7738
2562,7682,7739
348295,7917,7993
248211,8152,8221
299583,8152,8232
217332,8153,8236
80224,8153,8241
364088,8154,8229
336738,8173,8261
14826,8189,8254
127524,8433,8494
63532,8491,8553
157065,8805,8866
2715,8904,8957
385581,8992,9068
266519,8993,9058
269014,8993,9063
348131,8996,9063
4720,9000,9066
358766,9001,9069
64144,9002,9064
12682,9004,9067
95368,9004,9072
41969,9121,9230
399805,9126,9194
300285,9135,9234
132388,9139,9201
41970,9141,9238
365637,9142,9234
257326,9292,9384
220139,9387,9444
13211,9435,9533
296936,9435,9552
193047,9437,9515
343720,9438,9510
13072,9438,9539
54421,9441,9516
24137,9442,9512
371884,9443,9510
314661,9443,9548
282591,9446,9522
316481,9447,9524
32666,9449,9514
348300,9599,9663
318554,9823,9888
56695,9850,9926
145428,9856,9925
297821,9857,9929
375851,9905,9960
350219,10088,10141
243202,10219,10322
348299,10225,10320
166299,10236,10315
41009,10239,10310
13074,10259,10322
200060,10351,10419
319170,10371,10419
154277,10592,10669
142047,10601,10680
296935,10611,10680
32072,10614,10679
57706,10616,10676
122569,10616,10680
85767,10621,10680
172076,10633,10700
277244,10649,10713
402793,10660,10722
213448,11482,11540
41549,11689,11737
45845,12203,12259
220493,12452,12506
16338,12473,12529
24904,12651,12705
218484,12786,12864
29629,12787,12877
399807,12794,12845
112269,12859,12950
14921,12863,12956
295005,12867,12931
131369,12870,12944
349806,12872,12967
66456,12873,12952
30308,12873,12956
23676,12879,12944
41968,12879,12950
71467,12880,12927
209340,12882,12950
208894,12884,12959
80225,12885,12956
13134,12885,12971
13212,12888,12944
677,12895,12957
151576,13136,13198
282592,13137,13202
266520,13176,13270
300287,13184,13240
64145,13207,13281
27447,13603,13685
277517,13604,13658
348132,13613,13686
89432,13633,13747
16339,13635,13707
243201,13646,13758
27448,13653,13764
280751,13665,13761
306465,13690,13758
229097,13809,13864
165094,13809,13873
64147,13837,13925
64146,13853,13927
7483,13862,13929
377962,13880,13958
346926,14053,14099
348419,14152,14206
343187,14156,14209
260278,14516,14569
263659,14517,14567
292577,14626,14700
259844,15010,15078
92061,15029,15113
301937,15044,15136
59451,15055,15114
66455,15063,15130
349805,15080,15139
380543,15139,15191
35103,15203,15268
198976,15206,15273
348298,15207,15276
312339,15213,15273
26770,15214,15272
209654,15565,15657
30307,15753,15836
348300,15756,15828
318511,15761,15823
336739,15767,15831
184428,15772,15900
263676,15777,15846
11283,15783,15851
91978,15787,15840
13075,15841,15917
264671,15856,15917
124338,15945,16044
13077,15952,16011
389882,15953,16026
47089,15962,16040
131089,15967,16041
44622,16013,16093
348299,16018,16126
283734,16021,16094
166298,16025,16121
348297,16030,16154
166300,16047,16113
348296,16083,16176
300286,16112,16199
377963,16125,16198
348301,16138,16199
364089,16774,16854
328520,16786,16856
300288,17042,17121
1703,17044,17103
185001,17203,17273
257041,17982,18044
348302,17985,18125
4457,18000,18121
118230,18024,18098
299585,18044,18120
156838,18049,18132
344575,18051,18113
129123,18051,18130
63924,18052,18093
84403,18052,18124
63363,18053,18114
77142,18060,18136
361048,18064,18131
257327,18072,18136
380517,18195,18260
161766,18523,18594
117592,18679,18728
337327,18681,18729
180934,18930,18987
299584,18931,19044
361050,18933,18994
385582,18941,19002
32506,19010,19127
349804,19013,19082
348298,19077,19143
344576,19261,19319
64293,19261,19333
348297,19305,19409
348296,19348,19429
321078,19354,19433
90254,19910,19972
170634,19910,19974
220492,20167,20228
363530,20167,20233
182773,20215,20296
182778,20219,20277
248186,20238,20338
5594,20245,20340
74254,20246,20361
391088,20255,20343
182772,20259,20361
28769,20271,20357
5885,20274,20362
223162,20279,20334
7090,20285,20343
126847,20285,20346
219655,20285,20354
363211,20287,20342
35977,20287,20386
229137,20289,20356
93044,20295,20360
306449,20402,20493
3252,20415,20488
213633,20421,20488
167111,20426,20488
47589,20533,20583
381955,20535,20588
314946,20541,20645
60036,20556,20613
124319,20567,20630
379367,20706,20768
49119,20762,20817
59960,20767,20818
361049,21147,21209
122362,21238,21303
283276,21239,21313
348303,21240,21330
275346,21248,21320
244947,21260,21328
283275,21268,21328
160328,21362,21436
39466,21423,21474
58303,21727,21807
32779,21753,21807
57065,21783,21834
66454,21910,21974
100584,21925,21994
144715,21945,22040
125432,21966,22071
209991,21976,22081
89429,21980,22055
89430,21985,22106
239681,21991,22093
183511,22001,22090
60289,22003,22088
166297,22003,22094
248215,22005,22091
13076,22018,22087
201895,22018,22093
282594,22020,22083
125394,22021,22068
14922,22027,22089
151577,22035,22092
80226,22038,22107
243492,22122,22226
98070,22124,22223
53874,22125,22215
68520,22138,22218
183591,22142,22224
20360,22144,22207
136521,22157,22211
245973,22161,22224
27289,22164,22224
262056,22165,22226
150607,22166,22224
173630,22167,22225
165589,22171,22222
53458,22171,22224
292576,22258,22316
6084,22258,22318
144714,22258,22321
335439,22258,22323
5694,22513,22566
357804,22517,22564
166239,22722,22797
5350,22910,22985
32704,22911,22965
42007,22911,22974
86087,22911,22989
93042,22911,23023
67834,22914,23004
221514,22916,23002
313846,22924,23007
243519,22933,23006
387129,22935,22994
399048,22936,23004
198803,22948,23002
171262,22948,23011
60732,22954,23008
13073,22963,23050
93043,22964,23078
321547,22968,23073
248187,22968,23091
170655,22973,23036
268365,22973,23120
98667,22976,23038
224946,22983,23085
166295,22990,23115
9697,22995,23096
184429,23002,23130
109588,23006,23081
15522,23006,23133
269979,23007,23083
183510,23008,23113
69105,23012,23085
45300,23012,23138
204701,23014,23112
114189,23022,23082
35976,23029,23144
128833,23052,23107
126848,23123,23234
115881,23135,23206
63817,23139,23242
56781,23140,23253
84035,23142,23262
274744,23146,23246
19543,23147,23260
132387,23150,23261
126849,23152,23264
145690,23153,23221
137571,23156,23240
166296,23175,23241
56782,23176,23265
165130,23177,23236
44610,23177,23238
274745,23183,23267
400083,23184,23245
56780,23187,23269
61374,23195,23265
14014,23199,23266
79393,23245,23320
67835,23254,23329
339170,23258,23335
263675,23323,23386
13213,23430,23501
111363,23583,23654
182775,24024,24126
377872,24025,24116
140123,24027,24074
182774,24053,24168
182776,24059,24169
284438,24065,24135
203727,24066,24168
283277,24067,24164
11966,24070,24163
182777,24072,24168
121958,24081,24168
45976,24081,24172
243520,24085,24169
8707,24097,24163
16961,24108,24168
489,24108,24170
146118,24182,24251
402796,24184,24250
49314,24200,24249
274117,24697,24752
53888,24697,24757
29630,24697,24760
54702,24697,24783
299659,24698,24800
64388,24699,24794
148349,24706,24814
301671,24707,24803
54703,24708,24827
51887,24717,24781
274337,24746,24802
3543,24747,24804
147889,24833,24896
285530,24834,24917
156369,24835,24896
204702,24885,24961
204703,24888,24961
214108,24892,24958
74564,24898,24958
297928,24899,24960
321546,24899,25003
122363,24904,24964
171585,24906,25042
346927,24914,25022
402794,24915,25039
16500,24917,24958
379813,24917,24960
156289,24917,25046
183309,24925,25003
297823,24925,25012
148350,24925,25027
299586,24925,25039
252967,24927,25011
147890,24927,25024
182528,24930,25035
63191,24931,25013
74688,24932,25051
52475,24932,25056
102601,24933,25006
56961,24933,25014
342346,24933,25060
55818,24934,24987
300067,24934,24994
7484,24938,25080
112078,24943,25002
98292,24945,25074
255276,24953,25056
32505,24953,25061
171586,24956,25096
213634,24961,25068
209343,24961,25096
158203,24962,25085
156288,24962,25117
299587,24964,25079
84284,24966,25077
155774,24969,25033
147891,24971,25068
342345,24971,25074
148351,24971,25095
52476,24971,25112
297822,24972,25021
327356,24972,25032
380337,24982,25111
272060,24996,25099
102600,25004,25085
181710,25009,25079
156368,25010,25085
271962,25027,25120
348970,25036,25115
156287,25049,25180
271961,25052,25156
299588,25065,25180
808,25079,25184
32504,25083,25144
335020,25083,25170
102599,25084,25179
335021,25091,25179
32507,25105,25174
