352748,105,169
227970,109,166
157269,116,171
301326,119,196
297382,121,241
108052,124,237
21319,130,191
203857,143,234
114511,144,238
270502,160,242
161781,163,262
161780,169,293
37971,172,220
170721,173,266
56929,173,283
266680,174,255
157106,177,233
114660,177,266
291269,185,283
269381,187,238
244139,189,241
257548,192,269
340929,193,256
208546,328,397
403618,439,496
50180,524,581
158071,546,609
79649,1182,1248
319078,1229,1299
299476,1235,1318
183961,1409,1455
93803,1421,1481
47652,1421,1485
182700,1426,1481
104119,1906,1975
98838,2027,2092
319289,2089,2154
15953,2090,2152
43979,2093,2152
353071,2099,2150
281483,2100,2172
100956,2112,2175
288742,2116,2173
321295,2117,2175
349779,2118,2193
119389,2119,2182
117761,2119,2196
29390,2124,2209
164981,2125,2201
193210,2136,2198
224598,2141,2209
268730,2181,2247
173314,2450,2528
277702,2452,2515
292323,2453,2504
87028,2457,2514
394341,2471,2516
100955,2572,2688
408418,2826,2877
100955,2845,2949
108675,3057,3131
4423,3060,3150
150668,3061,3143
134245,3063,3131
46435,3067,3187
183962,3117,3185
45716,3123,3184
293735,3123,3187
128585,3134,3225
197035,3138,3237
86187,3168,3254
394249,3184,3252
171818,3212,3261
42258,3359,3416
142153,3368,3421
167188,3387,3449
379597,3388,3464
358829,4000,4084
87026,4007,4085
205061,4009,4084
143787,4013,4083
327832,4016,4079
251228,4028,4085
128584,4233,4310
205062,4238,4305
87027,4240,4315
385912,4240,4333
256238,4252,4322
360618,4263,4329
127119,4264,4348
346158,4268,4316
338926,4279,4364
69597,4285,4374
20519,4286,4350
290503,4286,4352
116078,4287,4378
99813,4292,4374
41687,4297,4365
390030,4297,4382
137604,4298,4363
338686,4306,4368
276776,4310,4374
332570,4311,4379
205687,4312,4375
316091,4314,4392
300116,4316,4379
137013,4320,4392
277703,4321,4410
31039,4345,4404
100954,4463,4528
256776,4487,4558
407356,4488,4561
313297,4498,4564
200437,4503,4573
72695,4518,4580
100954,4535,4600
259148,4907,4971
296292,5394,5477
258700,5401,5483
93827,5402,5479
136217,5404,5489
37510,5405,5466
155285,5405,5476
22152,5407,5468
72419,5408,5471
212130,5409,5480
329052,5411,5479
139112,5414,5479
370049,5418,5479
301327,5651,5712
30947,5652,5715
199868,5653,5709
235817,5672,5742
43891,5882,5945
210154,5883,5943
193351,5886,5939
338927,5887,5946
128598,5887,5952
43892,5911,5968
122772,5925,5987
166387,5968,6055
11203,5989,6056
27503,6121,6190
51662,6696,6758
139963,6697,6756
106098,6697,6802
144456,6698,6755
273989,6712,6785
24487,6747,6811
158362,6747,6839
188820,6779,6839
397260,6903,6960
100956,6904,6950
80176,6908,6959
