38214,100,244
136774,116,177
27923,118,245
377084,119,213
281945,121,219
33190,123,179
313811,124,249
254481,127,218
359205,130,217
135347,130,243
114694,135,251
230663,136,226
38215,136,262
87742,138,221
200288,141,220
31756,141,247
100295,144,216
180586,147,216
19428,148,235
70052,149,213
116772,149,215
358705,150,211
27244,150,255
393661,153,269
94128,154,226
85939,155,214
302376,155,219
388240,155,221
73668,157,225
6509,157,249
343907,169,271
111288,174,249
252257,175,268
178473,176,282
81102,180,290
319714,182,238
44466,183,249
17177,196,273
23496,198,260
95828,239,311
175473,240,368
22263,242,352
312228,246,352
185524,247,376
80665,249,355
181332,250,395
408129,256,328
104086,258,358
145184,260,384
280105,281,389
237535,292,387
396115,311,384
150477,335,391
131181,428,494
53311,429,480
298081,430,483
281860,430,495
392218,431,490
109187,432,496
106021,432,499
53987,433,483
192342,433,489
20456,433,494
1190,433,508
110617,434,497
316020,434,501
185393,437,497
246299,440,502
155194,442,493
31793,442,503
314207,443,504
352347,443,508
302377,447,507
122556,448,505
102837,547,613
181333,552,613
245397,559,612
372307,669,765
98327,678,756
50158,693,756
35535,703,764
183505,706,755
298040,708,766
44929,878,935
368919,879,930
167688,890,951
133064,952,1025
157016,959,1033
94776,965,1038
37954,981,1041
166834,987,1053
360592,1010,1059
138188,1047,1145
131529,1048,1111
275302,1053,1118
339942,1059,1124
47519,1059,1163
217419,1060,1123
230662,1060,1131
89694,1061,1148
77365,1062,1154
134999,1066,1129
61170,1069,1163
401955,1070,1148
266486,1070,1153
94324,1072,1149
132521,1074,1140
20410,1076,1153
296419,1077,1165
214908,1078,1152
77364,1078,1162
112572,1079,1142
402814,1082,1149
260071,1084,1138
33900,1087,1132
163150,1088,1146
3054,1091,1148
290670,1099,1160
310852,1106,1194
255244,1107,1163
214907,1109,1196
343977,1119,1221
307788,1130,1212
234396,1138,1215
382407,1151,1213
249180,1287,1354
315013,1288,1344
26819,1546,1608
170310,1586,1646
55241,1591,1653
193063,1652,1783
60818,1653,1768
105732,1656,1770
170648,1662,1779
331303,1666,1759
108634,1679,1767
108635,1686,1787
173576,1690,1763
242252,1694,1781
5696,1695,1776
201220,1696,1788
237253,1697,1746
130403,1706,1787
275612,1720,1840
364708,1746,1807
193064,1748,1799
158512,1754,1809
83048,1754,1829
226021,1756,1801
39830,1779,1843
64238,1793,1868
147892,1858,1929
228013,1860,1938
275612,1871,1985
20918,1884,1938
351731,1896,1939
67955,1904,1977
83047,1906,1984
87912,1921,1987
96966,2091,2161
166573,2092,2167
183506,2134,2206
134572,2142,2207
220303,2175,2238
258617,2184,2241
346125,2376,2439
125931,2377,2426
150478,2385,2443
124594,2427,2485
342483,2645,2767
133732,2651,2777
101506,2657,2768
402054,2674,2791
42428,2685,2755
48758,2686,2760
23515,2687,2762
372571,2693,2775
242081,2695,2764
53589,2696,2759
290936,2717,2802
278225,2728,2796
107037,2728,2802
99083,2728,2805
249933,2730,2804
225282,2738,2799
94944,2739,2800
296610,2741,2805
76899,2745,2798
192781,2749,2813
101236,2757,2804
26816,2758,2811
92651,2762,2824
403664,2776,2836
403665,2777,2848
396557,2840,2901
264354,3123,3184
290698,3124,3191
373737,3124,3207
146559,3125,3178
242082,3128,3208
37291,3135,3194
402979,3149,3221
383970,3198,3271
146644,3218,3285
301057,3232,3307
304439,3237,3287
359206,3238,3306
400280,3244,3293
31509,3247,3298
94537,3598,3646
55998,3599,3656
11999,3603,3700
212468,3604,3705
324616,3611,3694
260070,3611,3705
18935,3612,3698
223210,3613,3692
33191,3613,3700
400387,3616,3694
402315,3616,3704
404004,3616,3724
18936,3617,3716
6683,3710,3772
129135,3711,3781
299925,3727,3769
398811,3731,3784
290813,3767,3829
346124,4003,4069
90452,4009,4085
309443,4022,4089
75086,4027,4087
290609,4031,4106
332935,4032,4089
1063,4039,4104
238125,4108,4159
115826,4111,4169
346123,4180,4271
119894,4182,4250
78878,4184,4268
1165,4186,4258
124224,4187,4272
36993,4188,4253
180587,4188,4261
273858,4190,4250
139857,4195,4256
363569,4198,4254
213352,4206,4269
181858,4214,4266
200467,4346,4414
42214,4360,4432
214471,4368,4443
46674,4386,4491
379215,4473,4528
357516,4489,4550
264355,4489,4556
200582,4494,4557
179826,4605,4665
253824,4606,4681
19634,4625,4681
407233,4669,4730
57346,4687,4728
96525,4917,4965
331469,4917,4967
360226,5022,5136
68906,5307,5379
31757,5363,5477
60928,5919,5973
36810,5921,5988
388733,5925,5989
215883,5943,6013
223233,5949,6038
6448,5968,6022
30754,5975,6025
396308,5976,6077
61218,5988,6083
45201,5992,6076
400388,5993,6048
60018,5994,6046
195780,5996,6067
98357,5998,6072
366026,6001,6102
237252,6003,6099
108038,6004,6062
290918,6005,6109
2138,6007,6081
401377,6008,6107
383689,6009,6097
62948,6022,6106
314003,6024,6110
195639,6036,6099
13332,6037,6112
103841,6038,6114
321157,6039,6133
264136,6042,6109
150799,6042,6112
258606,6046,6112
234221,6049,6111
84936,6079,6128
360909,6103,6165
373768,6216,6281
350424,6218,6283
225128,6282,6369
7581,6300,6364
375350,6387,6457
341729,6397,6473
169728,6430,6537
87394,6584,6662
