65711,102,164
16928,102,198
365529,108,185
10451,111,199
69764,112,239
345202,113,215
301602,117,219
301601,118,241
299187,120,217
25331,121,208
123614,121,215
202552,122,198
51734,123,174
363071,123,216
297548,124,241
232588,125,224
144075,126,215
20767,126,236
268582,127,233
250538,128,214
9307,129,243
158099,143,217
5833,143,256
102765,143,264
317397,149,218
241076,151,247
65712,168,255
118471,176,250
36270,181,310
200714,182,255
37748,187,256
325174,188,300
126012,192,312
200355,215,302
37800,226,356
54047,234,335
303604,248,334
326643,251,367
133977,254,351
11824,255,357
347210,257,334
165675,280,348
399228,283,351
342031,286,353
365695,295,360
261824,295,382
377659,302,366
158705,304,366
142553,304,425
356641,305,358
329233,305,362
278562,306,365
77838,306,368
149044,309,368
228437,309,430
356700,310,355
361401,311,371
245917,311,427
170124,312,360
163925,313,409
403787,314,388
190235,315,408
35350,316,389
281994,316,402
109842,319,388
364933,319,409
30753,319,415
222725,321,410
136698,322,388
397596,325,408
308602,327,417
265633,330,388
285392,340,414
29013,343,432
17013,344,435
360942,346,449
153344,347,428
251728,347,460
56980,351,413
162840,353,424
251239,354,435
255218,355,409
231607,359,409
121280,362,409
1190,366,455
364932,367,431
130642,367,439
91402,367,466
391709,368,435
203217,370,433
20456,372,441
97649,372,485
163296,374,477
17525,378,452
171690,378,459
183788,379,456
137417,380,502
159592,391,463
29172,392,457
36343,396,486
8888,400,476
285172,400,495
47841,413,533
343363,414,512
307418,415,480
295438,435,564
365665,436,550
44543,437,543
307339,441,564
29012,454,544
169750,456,578
202553,464,572
91223,464,599
326642,466,588
159462,469,587
122836,471,582
129210,482,574
122835,491,582
356791,499,605
130974,501,602
29289,504,582
358054,518,579
178052,524,582
283127,525,581
309683,531,579
382391,533,580
200217,537,579
67557,538,587
113219,539,609
89943,545,598
137416,545,613
85899,548,624
221343,675,724
351543,727,795
73430,729,792
320382,730,847
71783,733,788
252012,744,816
254321,750,820
400694,756,817
264767,798,847
234691,921,977
36821,922,983
351544,924,1011
33009,926,1012
29196,929,994
53132,952,1013
228435,1048,1100
239452,1048,1103
297382,1053,1174
339623,1062,1169
352081,1073,1151
221679,1080,1152
196951,1080,1155
210476,1081,1147
293347,1082,1164
1451,1083,1157
111668,1087,1161
68585,1088,1152
221678,1089,1169
43519,1093,1154
106024,1097,1159
297890,1098,1153
304818,1103,1180
32914,1105,1179
315657,1166,1233
295437,1181,1241
79817,1181,1271
408770,1187,1245
57781,1197,1240
164232,1208,1260
278563,1221,1269
260700,1805,1879
115194,1818,1896
279713,1846,1907
32307,1846,1919
307739,1848,1914
19788,1856,1920
399614,2119,2183
262988,2122,2193
130284,2124,2184
138908,2124,2187
399227,2125,2188
139495,2125,2220
239275,2128,2185
311436,2132,2182
111611,2136,2194
228436,2140,2203
14336,2322,2391
280167,2323,2386
225597,2570,2632
272363,2592,2686
89689,2607,2687
202642,2612,2702
85052,2622,2687
93437,2643,2722
216001,3344,3404
347435,3347,3443
223425,4157,4225
221344,4159,4220
136802,4161,4217
276072,4167,4225
84995,4577,4618
241583,4656,4719
212691,4656,4721
378873,4656,4730
202716,4656,4764
406779,4657,4720
227639,4679,4795
44350,4685,4792
141044,4685,4799
172653,4688,4804
134203,4690,4793
14777,4694,4814
202717,4703,4822
133978,4706,4793
128839,4724,4799
202718,4725,4795
327401,4726,4798
196952,4731,4810
367057,5141,5208
328395,5209,5258
400421,5366,5438
239822,5372,5444
367206,5374,5438
300015,5513,5577
152538,5764,5823
310498,5764,5836
332432,5765,5830
125205,5776,5824
228184,5780,5830
288863,6371,6456
382392,6387,6448
310497,6458,6510
170520,6486,6553
128838,6572,6671
128837,6579,6672
288861,6580,6677
288862,6585,6669
378182,6590,6655
161226,6591,6664
318736,6592,6651
6504,6592,6673
301819,6735,6800
282623,7276,7336
363724,7367,7432
148233,7369,7446
173240,7369,7452
286433,7371,7436
205932,7372,7432
56082,7372,7435
373594,7373,7437
101057,7377,7444
45310,7554,7617
353477,7558,7614
111672,7559,7611
97718,7636,7692
396658,8225,8290
267376,8230,8303
101775,8282,8343
132537,8456,8516
197861,8526,8580
