140378,493,558
887,557,640
169565,566,658
339482,568,636
222121,568,639
408534,582,673
248102,583,647
33133,592,649
51249,592,655
334384,702,803
70528,706,773
134522,724,800
144351,725,811
257139,726,789
144352,733,818
250608,734,801
174187,744,810
60085,745,806
45658,745,829
332740,746,807
385414,746,823
2550,767,843
320400,781,857
57799,786,841
263313,788,891
90345,796,887
49524,797,882
91150,800,862
11562,804,857
153469,807,895
303880,813,881
24587,818,883
303881,819,881
75668,819,885
225833,825,897
35294,826,888
354267,831,890
280242,1233,1295
259574,1313,1382
248705,1454,1540
336818,1464,1528
161779,1474,1540
72691,1476,1528
111343,1477,1540
313515,1684,1749
154693,1764,1846
154692,1764,1864
175193,1781,1891
152937,1783,1864
296952,1809,1918
296953,1828,1921
356886,1853,1915
264436,1854,1926
332960,1862,1925
371266,1865,1915
369285,1867,1922
396335,2007,2069
391828,2195,2256
250607,2342,2403
24496,3043,3111
113136,3065,3150
243063,3076,3151
107555,3079,3162
5042,3080,3146
107556,3088,3162
50755,3091,3141
257560,3105,3161
106002,3153,3210
259052,3257,3314
60216,3257,3321
216479,3258,3315
37998,3258,3328
62483,3258,3332
408533,3267,3328
130237,3273,3326
156060,3276,3321
272191,3279,3320
289305,3752,3838
24495,3760,3854
364246,3765,3847
57581,3769,3843
150707,3771,3847
269030,3799,3874
291338,3817,3884
115589,3818,3931
39587,3819,3880
24495,3868,3951
385415,3875,3958
137066,3878,3949
112042,3880,3947
150706,3882,3956
150705,3883,3946
256763,3895,3956
355233,3896,3953
140251,3898,3966
81398,3898,3970
72127,4538,4592
74848,4540,4592
341817,4654,4727
347820,4708,4781
89074,4852,4914
16846,4861,4911
309348,4863,4914
382836,4863,4950
57916,4864,4935
328852,4869,4949
45047,4874,4943
57582,4891,4948
331103,4902,4974
244148,4904,4972
367427,4909,4973
181413,5119,5183
104848,5119,5191
99732,5119,5203
10099,5121,5176
216480,5126,5177
120999,5134,5199
2360,5141,5182
73007,5141,5200
289094,5394,5472
70976,5414,5520
401392,5429,5490
102786,5430,5511
209813,5434,5502
66507,5466,5532
369139,6011,6091
369140,6011,6096
235358,6012,6098
17082,6013,6077
235357,6013,6087
41283,6013,6095
24496,6162,6216
248156,6188,6246
375984,6190,6261
225860,6199,6262
222829,6202,6262
301357,6205,6262
396313,6207,6266
379504,6226,6305
112436,6228,6322
247297,6230,6319
391827,6236,6305
90281,6243,6306
273317,6250,6309
61048,6267,6322
103398,6555,6617
324207,6567,6625
396572,6578,6673
180908,6615,6665
4147,6616,6678
88027,6616,6684
68877,6617,6673
172486,6911,6988
12307,7766,7835
84736,7767,7829
52660,7767,7831
183967,7768,7845
204666,7771,7833
267144,7771,7841
113666,7773,7835
6530,7778,7842
226580,7779,7843
204665,7788,7846
181492,7789,7844
259043,7790,7846
230936,7791,7845
119288,8128,8191
314720,8129,8190
280253,8334,8401
86134,8347,8413
375598,8448,8500
369741,8449,8499
55339,8449,8501
36518,8449,8513
277026,8449,8518
304618,8451,8502
364563,8464,8530
343114,8481,8537
92835,8743,8799
45818,8743,8804
11585,9062,9126
199932,9068,9129
3841,9070,9128
39586,9288,9382
380958,9290,9377
314130,9310,9374
66791,9319,9381
264437,9321,9382
236971,9576,9647
14332,9577,9665
69060,9579,9647
4720,9579,9653
6785,9579,9659
12619,9581,9663
159824,9583,9657
12682,9584,9662
369141,9591,9664
270850,9600,9662
242410,9729,9778
109135,9729,9789
340998,9730,9777
21355,9730,9780
323604,9730,9785
355354,9730,9794
73430,9731,9787
33009,9731,9811
33008,9731,9818
39218,9733,9781
153028,9734,9819
260770,9741,9824
92361,9744,9790
148383,9753,9821
380700,9759,9811
254172,9759,9846
165920,9766,9827
149956,9767,9825
51202,9787,9845
4220,9847,9958
12620,9853,9940
115590,9873,9936
84170,9895,9958
352495,9906,9980
40797,9947,10012
395066,10213,10265
209346,10213,10294
378342,10213,10312
174410,10214,10296
14331,10218,10294
355353,10220,10299
108997,10229,10295
136432,10231,10307
248157,10234,10307
244958,10235,10304
259573,10249,10315
270342,10479,10536
72798,10874,10921
375597,10874,10921
