131913,189,246
87399,192,248
234391,193,254
33230,193,291
1393,193,314
396955,197,304
383253,201,304
137116,201,310
15476,201,314
1392,211,307
47213,231,306
297352,247,309
348971,350,413
30080,365,458
78443,366,469
136653,376,444
243504,377,438
51734,379,439
13067,380,453
53010,380,463
218339,381,450
2576,381,460
387437,383,456
95911,384,441
370252,384,450
230078,387,440
70664,387,449
124185,387,471
148408,388,461
351745,389,447
60446,391,463
62796,391,471
119434,396,452
277542,410,491
122926,412,490
235999,414,487
227655,419,486
377970,420,493
239021,421,490
225076,424,484
130694,424,487
396709,427,490
95789,447,538
408387,450,513
91387,471,537
13741,673,776
6842,695,772
398204,696,749
8356,698,776
6843,703,790
122927,721,773
2770,728,787
368630,986,1054
350589,1000,1064
