175243,83,138
95566,83,140
332568,84,144
175244,86,140
132963,87,162
242906,88,142
175242,94,146
276938,97,155
103189,98,154
259070,100,154
386393,104,155
327991,110,172
285384,204,259
383937,204,261
100902,357,422
63673,500,564
87264,503,568
226818,504,565
102317,515,569
315011,519,567
95947,703,769
44639,718,762
65199,719,768
176117,732,786
161894,907,982
153377,909,970
320221,917,987
381938,918,977
153825,946,998
402598,987,1042
13617,1329,1377
198759,1644,1723
271960,1645,1718
290317,1648,1728
63672,1650,1714
284287,1652,1712
364849,1656,1735
343962,1659,1721
258645,1659,1723
245435,1663,1754
34674,1668,1726
219102,1668,1761
320915,1677,1743
124761,1678,1747
104189,1686,1754
110932,1686,1762
199102,1689,1744
297543,1711,1833
225599,1735,1839
305043,1974,2031
287809,1974,2041
403343,1982,2048
131175,1982,2068
367136,1985,2059
372811,1986,2048
149460,1986,2072
113114,1988,2071
213403,1991,2064
192875,1992,2050
145314,1995,2062
279786,2008,2071
310905,2172,2237
363790,2175,2239
234899,2184,2263
362603,2186,2291
182231,2225,2291
114884,2301,2362
367100,2333,2387
26341,2402,2471
292851,2410,2480
292850,2414,2481
406475,2567,2625
13153,2583,2660
292849,2640,2711
381554,2662,2726
396515,2664,2729
11936,2673,2745
67922,2686,2757
348639,2688,2744
157254,2694,2749
353104,2804,2854
351479,2821,2899
232110,2839,2895
125492,2843,2913
297774,2888,2955
124539,2889,2953
82082,2920,2981
185920,2971,3028
372524,3117,3179
372523,3117,3192
315384,3130,3180
161104,3148,3202
136473,3161,3277
367910,3190,3257
86235,3357,3409
372205,3357,3412
212518,3357,3420
370203,3357,3423
384269,3358,3426
178505,3360,3408
406817,3360,3419
18805,3365,3417
149410,3541,3594
76963,3551,3597
115652,3559,3620
219060,3625,3682
244328,3698,3749
337860,3818,3880
280985,3912,3983
8827,3915,3984
228948,3922,3978
124813,3937,4004
259774,3940,4011
272145,3941,4007
272144,4033,4099
405489,4034,4103
34,4042,4099
175049,4429,4487
235928,4568,4633
175048,4578,4651
165202,4599,4666
84398,4604,4664
13942,4690,4736
386820,4693,4756
139076,4727,4788
100903,4745,4850
254604,4749,4838
50186,4750,4820
232652,4757,4820
96262,4757,4839
198461,4758,4855
270067,4768,4841
285991,4768,4846
171524,4773,4825
67691,4774,4839
223724,4775,4835
297105,4779,4837
85023,4783,4847
62822,4783,4852
236641,4867,4934
322338,4868,4931
44640,4873,4944
2952,4874,4928
296851,4875,4933
136474,4876,4949
132124,4887,4934
161103,5199,5263
161102,5200,5262
341202,5424,5530
369276,5431,5543
344233,5432,5509
194981,5433,5520
33839,5434,5518
130593,5436,5534
116980,5437,5509
107490,5438,5517
90994,5443,5516
158176,5446,5493
281414,5446,5505
57118,5446,5507
53484,5446,5510
143985,5447,5504
50504,5447,5509
315385,5447,5552
136472,5448,5499
373258,5448,5546
101761,5450,5528
112297,5450,5547
316980,5453,5547
57350,5457,5537
66496,5467,5520
18041,5472,5547
220536,5477,5531
265549,5480,5546
171779,5499,5564
377531,5557,5634
383938,5562,5625
271515,5592,5650
84563,5791,5854
339178,5793,5855
19331,5804,5853
408723,5815,5899
8856,5824,5890
263542,5825,5886
371757,5919,5983
331357,5989,6039
94724,5996,6074
336569,6132,6185
223035,6133,6183
86020,6512,6574
206502,6513,6576
244330,6527,6583
353922,6527,6620
265663,6527,6631
3713,6535,6610
265664,6535,6633
223034,6841,6896
105075,6842,6908
129381,7230,7293
351480,7230,7295
363835,7236,7303
310090,7237,7290
287069,7245,7291
169347,7262,7325
254424,7536,7589
203872,7536,7595
65029,7538,7598
99716,7652,7733
99715,7654,7753
354517,7790,7848
287193,7978,8036
237428,7985,8047
131652,8103,8192
3080,8418,8468
198973,8419,8482
131652,8633,8717
86873,8748,8809
163020,8752,8807
310904,8757,8808
342417,8763,8804
240432,8840,8895
314852,8852,8922
250799,8972,9037
191450,9627,9680
61459,9628,9678
190075,9730,9804
17785,9885,9930
58475,10005,10082
134251,10006,10088
341955,10009,10074
309059,10014,10081
28850,10016,10083
286919,10016,10090
148818,10017,10068
121823,10019,10069
292061,10019,10083
390105,10020,10087
379596,10020,10097
10895,10024,10087
280073,10025,10086
162936,10025,10108
55003,10027,10089
214315,10028,10104
138031,10029,10091
157574,10031,10098
158177,10033,10107
184283,10034,10111
163355,10037,10098
275272,10038,10095
315012,10040,10107
56529,10040,10110
224979,10467,10543
88618,10480,10568
244329,10494,10578
376553,10499,10564
396033,10501,10578
334953,10508,10578
185592,10510,10576
235013,10511,10586
287797,10513,10582
354516,10514,10578
344683,10521,10587
65030,10524,10590
294628,10526,10586
37937,10528,10590
325673,10528,10600
391712,10531,10592
21056,10534,10615
154669,10540,10622
347155,10542,10603
328816,10547,10617
293614,10549,10603
86236,10550,10621
242816,10813,10870
49044,10813,10876
71286,10813,10884
190356,10816,10876
4989,10858,10951
319665,10867,10944
76610,10872,10952
376265,10897,10953
281696,11254,11328
346542,11257,11304
181566,11880,11934
335794,11880,11956
348185,11928,11976
108154,11931,12012
182347,11934,11977
316223,11981,12058
287511,11983,12050
341956,11988,12059
405678,11988,12065
127638,11996,12051
147041,12229,12319
390106,12695,12780
376050,12703,12774
99802,12709,12770
36721,12723,12781
266289,12744,12807
370692,12762,12885
99063,12763,12881
653,12768,12881
110041,12770,12877
5823,12771,12848
111300,12774,12878
338429,12777,12886
297544,12782,12871
1305,12782,12883
342416,12790,12883
257588,12796,12884
170410,12796,12887
149412,12796,12891
1305,12802,12890
257369,12802,12894
137,12805,12888
211995,12821,12880
303161,12833,12887
186030,12864,12908
4007,12890,12973
216620,12897,12969
382936,12948,12999
57821,13062,13106
198397,13214,13307
142090,13216,13291
340492,13217,13279
372256,13219,13288
27855,13233,13323
125501,13234,13297
99732,13234,13313
82068,13237,13325
405794,13242,13326
59264,13242,13329
48324,13244,13333
250851,13244,13338
219103,13249,13308
11782,13250,13321
211994,13252,13314
206413,13252,13326
211305,13253,13335
287808,13255,13332
13618,13257,13317
308034,13257,13323
249983,13258,13312
392101,13259,13348
291210,13262,13340
285992,13270,13334
53864,13271,13327
323289,13273,13358
208769,13275,13337
129380,13280,13355
161893,13280,13376
94725,13284,13349
261296,13289,13348
12230,13290,13347
88222,13292,13353
338428,13298,13394
53900,13545,13612
123866,13546,13612
