328784,232,347
32270,235,320
72025,239,332
371471,240,349
181174,240,354
118704,248,376
95179,258,374
57547,262,341
174347,277,368
338658,322,394
386830,359,434
215913,369,486
10098,370,429
97928,371,451
86387,371,507
319563,372,489
126732,381,453
390251,403,502
125763,405,469
349172,408,478
369324,408,505
110365,411,489
126218,413,472
69193,419,493
247411,420,505
198811,424,493
63129,425,495
119140,425,509
43147,426,491
215914,427,490
67312,428,488
48796,428,493
350002,428,505
63130,430,496
119141,431,511
320680,435,495
374717,436,494
160482,436,496
31363,437,502
374267,438,505
381418,447,501
397816,635,703
282268,693,757
314542,720,793
50632,910,978
181172,910,983
294411,910,991
294410,910,1001
22685,911,975
140688,913,979
140282,916,981
2171,919,981
187058,926,988
112719,928,988
396025,933,980
252576,934,1015
37559,936,997
339769,937,1002
389884,937,1015
349541,939,1002
236629,956,1021
22544,991,1065
92289,1000,1082
304949,1004,1068
215295,1005,1091
273577,1016,1064
159787,1022,1076
392467,1025,1087
247513,1026,1092
126217,1035,1108
110572,1042,1103
378376,1053,1109
350865,1054,1115
215609,1054,1122
14675,1055,1117
131226,1064,1125
318927,1065,1121
284671,1065,1131
143658,1067,1108
37558,1068,1137
52832,1069,1114
218483,1069,1162
385848,1088,1155
374716,1103,1176
323570,1122,1224
394926,1129,1214
323571,1131,1228
174221,1286,1355
20263,1288,1368
41778,1289,1347
291395,1310,1363
267749,1338,1404
98530,1343,1405
299672,1357,1419
75045,1357,1421
401500,1359,1432
219155,1360,1443
333030,1361,1429
401499,1369,1435
291622,1370,1434
14265,1377,1439
272826,1382,1443
140283,1510,1581
266934,1511,1583
184307,1516,1584
273640,1518,1579
4973,1521,1575
190909,1524,1582
66672,1528,1590
394925,1529,1614
323570,1533,1623
36671,1536,1616
102533,1541,1615
399960,1791,1840
268956,2030,2101
2882,2038,2102
212185,2050,2111
348597,2050,2128
58222,2051,2114
147116,2052,2126
118705,2056,2132
472,2060,2101
102810,2063,2124
30660,2072,2153
5726,2076,2141
220295,2076,2146
349387,2172,2237
402128,2186,2263
86388,2198,2281
349081,2204,2260
326959,2208,2266
110571,2210,2294
205509,2210,2298
102461,2212,2283
92290,2215,2280
54531,2215,2289
323571,2260,2347
220438,2280,2341
385563,2433,2491
249041,2828,2884
237845,2836,2884
68098,2989,3037
405158,3229,3337
368053,3232,3328
173558,3233,3315
46232,3262,3329
345392,3341,3413
160483,3344,3417
154550,3346,3416
5550,3348,3412
212563,3349,3411
359593,3354,3416
219819,3356,3411
116880,3366,3417
282426,3510,3559
387410,3659,3719
387409,3665,3724
100068,3665,3739
272135,3668,3758
406771,3668,3763
100067,3669,3756
227731,3671,3761
113136,3672,3759
224820,3684,3751
224821,3684,3787
233448,3685,3768
136173,3687,3767
92691,3689,3747
5042,3689,3754
167931,3689,3792
67313,3702,3757
198813,3709,3785
114770,3716,3776
218482,3718,3783
365422,3767,3853
365423,3767,3865
247305,3842,3903
403433,4020,4082
181560,4021,4080
110786,4025,4086
53188,4025,4113
198812,4026,4134
101281,4029,4128
246154,4030,4123
85070,4035,4102
14332,4037,4130
2723,4041,4123
14295,4042,4127
185977,4046,4136
4720,4048,4118
71391,4049,4127
50891,4049,4133
323367,4050,4111
43148,4051,4128
185978,4053,4146
20262,4054,4125
93430,4055,4116
12682,4055,4129
30754,4078,4130
259697,4108,4175
351503,4284,4341
244199,4284,4345
55291,4284,4358
287150,4319,4381
138596,4454,4547
315282,4463,4532
200241,4469,4539
380245,4574,4636
215294,4612,4674
95585,4638,4708
273927,4644,4707
103814,4645,4708
27967,4655,4717
293852,4657,4716
80617,4664,4717
316916,4666,4716
126172,4743,4810
268955,4900,4996
113833,4916,4995
26065,4919,4996
76550,4937,4996
166547,5077,5143
93042,7022,7136
172099,7058,7123
93043,7066,7179
292228,7067,7161
41776,7069,7132
397235,7069,7138
370091,7070,7124
54267,7070,7144
70080,7126,7208
406318,7126,7211
405472,7128,7212
64729,7128,7225
308011,7146,7271
334592,7162,7281
370837,7173,7298
353140,7179,7290
69717,7192,7308
88813,7193,7312
45699,7206,7316
242653,7215,7278
68097,7216,7311
30678,7216,7321
86389,7223,7297
170098,7224,7321
260894,7229,7295
350001,7232,7294
70079,7261,7321
93044,7371,7426
206797,7371,7434
215133,7371,7471
1030,7373,7481
272119,7378,7472
24644,7384,7447
124781,7459,7509
77648,7461,7528
189449,7466,7525
368581,7472,7531
118026,7474,7528
181173,7474,7531
356099,7476,7540
318926,7476,7544
132394,7482,7530
403992,7482,7548
211718,7484,7552
217749,7488,7543
211717,7505,7599
371822,7529,7597
79683,7538,7598
296143,7539,7602
83016,7550,7600
