395732,93,158
77856,1353,1426
17050,1376,1440
120394,1392,1457
75269,1408,1485
308071,3559,3630
308072,3571,3638
406566,4116,4186
368306,4128,4190
235989,5320,5387
213338,5324,5386
169503,5435,5497
231904,5632,5696
117566,6251,6306
11934,6835,6906
64577,6839,6905
42444,6849,6911
249489,6851,6911
136379,6852,6907
136380,7992,8046
230201,7998,8057
272706,9481,9535
329954,10866,10911
86254,11025,11091
178053,11479,11546
220793,11492,11548
222861,12300,12365
403831,12301,12370
242471,12308,12376
10807,12311,12384
295067,12318,12389
133707,12325,12387
283914,12327,12396
77584,12339,12403
307860,13170,13233
120853,13518,13576
28445,15134,15201
76178,15137,15199
406521,15888,15959
289216,15895,15965
370653,17522,17600
151973,17752,17804
327423,17885,17934
79336,18344,18391
400508,18779,18842
71811,18780,18847
45044,18781,18855
225123,18782,18844
301442,18795,18865
142742,18799,18863
86255,18833,18911
68207,18834,18901
233384,18845,18916
86851,18846,18904
86256,18848,18912
224971,18867,18931
192608,18872,18934
76484,19262,19324
51430,20749,20818
394181,21182,21245
143226,21185,21238
59681,21191,21246
