132145,109,174
166392,125,195
299918,154,216
309152,161,223
273052,268,334
64708,279,330
295148,1176,1272
339768,1179,1251
25411,1181,1243
173601,1185,1251
68495,1192,1246
246905,1195,1247
139616,1207,1275
25777,2271,2329
170896,3233,3284
365642,3554,3612
97240,3762,3828
339820,4102,4170
51830,4199,4263
239388,4208,4271
161486,4210,4271
188005,4210,4285
180068,4211,4272
54184,4212,4273
336577,4219,4283
105530,4771,4835
143089,4775,4844
113260,4779,4845
24426,4786,4850
153811,4807,4902
332388,4809,4880
55617,4954,5018
97239,5314,5359
80739,5427,5499
97239,5429,5494
148623,5449,5501
298084,5461,5502
176776,5464,5528
97240,5597,5650
