388254,85,140
21043,86,157
17671,86,168
67964,87,143
307714,90,160
313073,98,160
140976,102,153
47159,102,182
26712,107,182
265460,108,161
114117,113,161
329654,113,181
146149,121,200
138336,123,185
220960,126,201
306487,130,200
187958,302,368
5564,304,359
47782,311,378
209466,316,361
85120,330,379
118489,339,415
77477,342,408
127591,345,409
148490,346,428
375748,347,410
177757,353,414
130957,355,416
146699,360,418
172675,440,505
172870,785,848
236432,794,849
167450,829,883
128531,895,941
8635,918,985
161699,918,1002
197611,937,998
398315,1171,1217
331852,1171,1226
52753,1171,1236
359352,1172,1234
110957,1175,1244
97120,1176,1236
386555,1201,1271
23509,1202,1267
257325,1249,1310
162734,1249,1315
246475,1253,1316
399543,1449,1524
208001,1450,1511
309924,1466,1528
147373,1764,1810
203081,1765,1816
290980,1767,1816
255115,1767,1832
207887,1849,1937
47782,1883,1942
302139,1892,1975
207888,1947,2012
29628,2076,2127
26255,2082,2143
205626,2091,2141
180861,2092,2145
321201,2109,2170
1078,2110,2177
241230,2119,2175
217511,2126,2205
177621,2129,2193
159320,2141,2203
323397,2143,2209
173467,2245,2341
242847,2252,2345
356034,2259,2345
211414,2265,2355
167596,2266,2340
266513,2266,2359
65792,2267,2344
213979,2269,2347
203738,2269,2356
222047,2269,2384
408764,2270,2361
205328,2271,2358
374921,2272,2356
301049,2275,2341
33655,2275,2348
257638,2276,2337
8616,2278,2339
242846,2286,2368
104067,2296,2358
335106,2301,2364
47779,2385,2467
28980,2581,2636
133134,2581,2649
187683,2582,2631
193623,2711,2777
47779,2751,2833
37910,2789,2852
62798,2793,2854
245399,2794,2856
176569,2805,2882
47783,2821,2885
339432,2821,2897
392760,2824,2936
53735,2869,2943
9649,2892,2954
225301,2897,2953
33705,2898,2978
388580,2901,2959
405664,2901,2987
92807,2902,2958
38790,2909,2962
279403,2909,2979
232567,2911,2976
195988,2912,2973
163463,2931,2980
267725,2941,2983
120850,3132,3182
383301,3132,3197
194739,3133,3216
186100,3134,3195
37906,3135,3197
97018,3136,3181
132494,3136,3203
353234,3137,3184
62400,3138,3230
178536,3141,3213
298596,3141,3232
83457,3145,3209
83456,3145,3221
325447,3147,3208
91997,3150,3218
203721,3150,3225
33826,3151,3228
35216,3153,3217
298089,3165,3227
120851,3166,3226
257279,3166,3230
104648,3173,3218
104647,3176,3225
295457,3179,3262
178094,3180,3241
197612,3180,3259
268980,3246,3326
65487,3259,3339
194741,3260,3341
248797,3260,3344
237602,3263,3324
224298,3268,3333
54737,3269,3340
25051,3270,3333
356869,3273,3338
311764,3277,3349
51304,3285,3332
96340,3285,3347
6102,3290,3333
272293,3290,3360
10899,3290,3369
297990,3292,3365
359407,3293,3359
39329,3296,3373
83630,3297,3358
136351,3298,3370
323916,3299,3360
251847,3300,3369
104237,3303,3368
237952,3406,3489
245376,3432,3499
288659,3655,3715
258947,3659,3713
313337,4057,4121
136707,4173,4231
240180,4187,4240
70260,4190,4242
35217,4399,4462
183326,4995,5074
262800,4996,5058
215227,5003,5073
269210,5003,5096
43950,5004,5132
304256,5013,5131
141572,5015,5134
26921,5018,5100
82945,5018,5130
125359,5018,5143
78442,5019,5133
616,5024,5132
402839,5031,5127
136527,5032,5131
206129,5035,5132
82944,5039,5132
401275,5051,5132
276220,5051,5139
201418,5062,5145
237601,5064,5129
201629,5064,5138
114545,5074,5144
177997,5079,5127
108049,5080,5142
194740,5081,5130
136708,5087,5145
262801,5294,5416
385312,5295,5431
299663,5297,5366
49279,5316,5424
5594,5334,5422
112029,5339,5456
184467,5340,5438
223683,5357,5463
54735,5392,5457
82528,5562,5636
131356,5563,5641
76362,5564,5619
314106,5568,5644
244260,5569,5620
377961,5569,5633
406310,5569,5640
403994,5569,5655
282211,5570,5629
33656,5571,5633
127981,5604,5662
134154,5609,5662
160642,5813,5889
60290,5826,5890
54736,5843,5890
30466,5949,6006
146660,5949,6012
332713,5949,6025
315540,5950,6005
315539,5950,6014
315538,5950,6021
198369,5950,6030
298703,5951,6066
194509,5952,6025
343183,5972,6075
75008,5975,6032
293861,5975,6066
161677,5980,6099
134155,5983,6052
311545,5983,6066
17080,5983,6078
201628,5985,6081
400193,5987,6068
156371,5989,6064
49409,5996,6049
293664,5997,6057
115445,5997,6063
90983,5998,6058
186075,5998,6095
10948,6001,6068
237603,6001,6081
186101,6284,6339
361944,6285,6343
186103,6417,6489
186102,6429,6489
135660,6431,6490
222820,6433,6485
6283,6437,6490
14620,6440,6491
361515,6441,6484
147159,6442,6491
135182,6567,6631
186332,6568,6647
358151,6574,6638
199809,6576,6634
349428,6576,6640
126966,6576,6642
95050,6581,6636
103510,6583,6645
174407,6591,6646
331721,6593,6669
73879,6606,6670
250629,6622,6690
318189,6740,6827
122175,6780,6856
315357,6788,6849
47780,6926,7010
62797,7020,7094
285038,7024,7093
348960,7029,7087
43867,7031,7107
146688,7034,7100
152275,7038,7102
227752,7038,7106
51514,7041,7110
237600,7044,7105
178535,7045,7088
84504,7045,7113
328381,7058,7106
148415,7065,7134
398314,7070,7117
49280,7090,7153
47781,7365,7459
257637,7383,7465
54868,7398,7477
321718,7404,7463
195031,7405,7469
282519,7409,7468
45294,7482,7558
286630,7486,7548
380815,7501,7564
51305,7724,7793
350320,7726,7783
192709,7850,7899
227751,7855,7920
47783,7858,7916
255552,7886,7949
350439,7907,7976
63676,7986,8059
47780,8222,8315
133032,8444,8518
157649,8444,8521
363571,8445,8496
404723,8445,8507
314504,8463,8514
254968,8467,8530
86080,8474,8532
301761,8475,8545
176477,8480,8552
13777,8486,8536
47781,8694,8770
