108187,136,195
257970,236,305
231617,236,331
116480,239,290
385015,239,305
144683,239,308
337520,240,345
172009,241,317
285621,241,330
278218,242,326
377030,246,315
153057,246,352
168142,249,328
368155,256,334
123158,258,323
309253,259,351
406824,260,321
69308,260,342
128789,262,324
111797,263,329
171816,264,327
63702,264,355
172903,269,345
87546,270,335
128535,272,338
130264,273,340
164148,289,346
353102,290,351
22923,291,346
334308,295,346
21795,297,344
368576,297,352
315060,447,509
196405,748,804
300686,907,1024
205891,1332,1412
205890,1340,1417
225124,1345,1414
5775,1352,1418
146208,1353,1413
180336,1639,1692
351496,1664,1723
400038,1760,1849
147834,1761,1851
76159,1768,1839
340136,1790,1851
134228,2257,2319
230066,2293,2358
189017,2307,2389
39436,2423,2494
321903,2430,2493
5451,2440,2492
120376,2445,2494
344009,2570,2650
281151,2571,2655
48630,2572,2643
73720,2573,2653
103833,2574,2651
306711,2577,2639
392973,2577,2675
124826,2578,2664
243596,2592,2650
176603,2593,2659
290293,2595,2657
306710,2598,2662
1840,2599,2681
361604,2600,2678
156888,2602,2674
132813,2602,2683
54058,2605,2673
226966,2605,2678
2375,2613,2681
368623,2621,2684
15744,2622,2675
184260,2622,2677
406762,2622,2680
345747,2685,2740
189321,2691,2740
257744,2789,2850
103954,2797,2850
152844,2801,2871
127491,3030,3126
165692,3044,3131
404559,3197,3271
164826,3217,3291
353713,3243,3316
203129,3245,3300
309548,3251,3316
385016,3258,3313
133492,3407,3507
281152,3408,3468
254893,3408,3477
162114,3408,3486
380054,3408,3498
233401,3411,3465
397025,3411,3487
113461,3413,3506
221897,3419,3489
71820,3450,3529
134274,3451,3513
96723,3458,3537
306707,3463,3525
146958,3466,3528
194678,3467,3530
129239,3468,3533
58009,3469,3534
158836,3582,3651
308137,3590,3652
147831,3590,3665
77734,3606,3665
147831,3799,3882
334347,4351,4414
328504,4358,4419
222474,4379,4443
326171,4746,4825
39436,4749,4831
132258,4751,4835
10335,4754,4836
21267,4766,4832
230067,4768,4831
345140,4770,4831
312845,4771,4827
323630,4776,4833
176587,4919,4969
66226,5047,5100
16188,5047,5102
64079,5047,5105
68077,5047,5136
64078,5048,5113
310426,5048,5131
41692,5052,5124
329546,5081,5153
195422,5081,5188
113462,5085,5153
191515,5090,5148
339526,5108,5204
195162,5115,5203
333571,5131,5211
5042,5138,5203
333570,5139,5204
153461,5220,5293
368154,5250,5306
186517,5250,5319
94233,5251,5325
87320,5252,5304
218544,5256,5321
274114,5268,5329
233100,5273,5332
222473,5279,5329
284918,5281,5373
195164,5608,5698
56390,5615,5684
195165,5631,5680
335877,5951,6013
89347,5953,6010
8976,6051,6113
238723,6055,6117
371391,6062,6116
43498,6075,6133
288521,6087,6166
284919,6111,6215
5042,6120,6198
284917,6121,6211
60971,6129,6221
271437,6131,6207
114766,6138,6204
132812,6148,6211
89348,6170,6224
124827,6391,6454
123157,6399,6471
394162,6406,6461
176144,6518,6583
182786,6519,6618
373851,6524,6617
89004,6526,6592
186405,6527,6583
365275,6528,6582
51860,6528,6594
36494,6528,6616
2788,6530,6595
318776,6530,6618
36495,6536,6616
271235,6538,6593
163189,6539,6607
236891,6540,6585
105217,6542,6592
348861,6542,6595
129314,6546,6610
129313,6546,6616
397959,6547,6595
260474,6548,6619
227240,6555,6613
13237,6555,6620
246666,6556,6619
312126,6566,6617
140846,6647,6715
15466,6944,6994
228467,6945,6993
211948,6945,6995
228193,6946,7001
74486,6947,7003
372463,6978,7080
127493,6991,7099
158837,6998,7088
306709,6999,7098
75367,7003,7064
127492,7011,7093
310819,7274,7347
15157,7276,7389
158838,7286,7400
99063,7396,7512
256257,7401,7504
195421,7407,7519
15156,7409,7529
111300,7411,7512
324446,7415,7529
50363,7423,7530
389429,7429,7530
1305,7431,7514
50364,7436,7530
306708,7438,7529
196005,7441,7528
168319,7448,7518
255007,7448,7528
22756,7647,7745
2800,7651,7704
124286,7652,7706
2930,7652,7710
151212,7652,7714
195424,7652,7718
98676,7655,7705
62146,7655,7719
141991,7655,7737
139803,7660,7709
81358,7698,7750
58734,7889,7953
262241,7921,7974
147834,8005,8094
400037,8008,8091
332720,8010,8084
95183,8016,8095
42364,8031,8094
22438,8034,8092
185428,8343,8407
49117,8499,8556
31062,8499,8575
254844,8499,8581
233402,8500,8579
120645,8500,8591
140191,8504,8573
52861,8504,8576
144347,8510,8565
172008,8524,8591
108188,8526,8623
120646,8526,8635
372462,8550,8636
195423,8557,8633
127494,8558,8671
212072,8563,8670
113463,8566,8661
3838,8567,8668
67446,8574,8667
3838,8576,8654
379320,8620,8682
257855,9066,9162
285620,9069,9130
127489,9072,9158
19386,9073,9130
25997,9073,9143
25998,9073,9168
16927,9078,9164
385143,9079,9143
393692,9084,9146
73411,9085,9140
6641,9085,9149
328878,9088,9141
350222,9091,9165
1201,9097,9156
214619,9098,9157
290805,9158,9223
87545,9171,9233
78779,9417,9479
211430,9655,9708
381971,9656,9709
176145,9677,9725
247086,9799,9864
124825,9819,9922
224103,9829,9926
31485,9830,9933
97539,9840,9921
96328,9868,9926
262723,9875,9937
308136,9877,9935
172221,9889,9937
158061,9984,10078
360272,9986,10077
155387,9987,10068
582,10006,10067
289577,10006,10071
69170,10015,10073
316621,10059,10128
147769,10065,10125
195166,10104,10176
147833,10166,10296
147832,10180,10309
372461,10226,10313
281556,10227,10307
239966,10241,10305
128243,10244,10305
20006,10248,10307
162091,10596,10659
320095,10610,10687
12454,10615,10686
11253,10620,10686
361955,10623,10677
41051,10624,10686
114819,10630,10688
120647,10758,10814
243677,10769,10851
281153,10796,10861
349094,10800,10850
399345,10800,10882
388934,10825,10906
147833,10829,10955
306712,10834,10901
396646,10836,10903
147832,10849,10970
291825,10883,10956
124828,10891,11002
127488,10892,10966
209363,10906,10958
58537,10943,10999
322967,10951,11020
127490,10952,11006
310425,11133,11191
99266,11134,11194
219649,11144,11240
175520,11146,11248
167087,11150,11211
46791,11155,11227
8977,11155,11249
230068,11157,11239
583,11158,11247
49116,11163,11243
262470,11169,11232
183540,11189,11249
386128,11410,11471
88937,11554,11608
148533,11560,11613
226256,11568,11626
288568,11571,11626
50709,11763,11827
168357,11769,11834
292633,11772,11832
310427,11829,11931
344624,11866,11927
195163,11867,11933
306713,11873,11929
45104,11875,11930
196927,12292,12341
345139,12338,12402
205892,12414,12470
