284925,113,164
223480,214,257
346987,214,278
381869,219,290
302577,332,386
1859,332,390
277955,340,391
372921,455,506
214554,455,521
15414,456,530
14134,456,537
261774,459,531
74555,460,524
35897,477,524
332611,478,523
331862,532,593
112995,537,598
329062,538,612
2155,543,588
369568,543,610
245923,548,610
6697,714,765
77734,894,972
392707,901,986
262473,903,1014
148018,903,1020
374204,906,1007
324713,908,1028
343068,911,1001
4102,913,986
3431,914,975
370924,915,976
209028,916,986
94148,917,980
190109,918,984
113803,918,1019
24004,918,1023
200939,919,1033
41856,921,983
168452,921,1009
290835,923,1039
139946,926,1045
101800,927,988
249197,928,1039
408192,932,1052
85851,937,1006
133658,938,1039
377407,940,1058
76911,942,1002
392952,942,1050
97056,943,994
186306,944,1014
249200,944,1055
389271,945,1031
76755,945,1041
83930,949,997
52453,951,1013
40117,954,1016
303109,966,1067
14836,968,1031
203111,972,1059
192292,976,1033
322092,978,1053
189078,989,1082
126311,992,1090
114517,1024,1109
113145,1024,1113
114516,1025,1118
193495,1029,1121
41857,1035,1116
403859,1045,1113
108234,1046,1122
64102,1047,1109
321538,1050,1111
233904,1056,1121
13110,1058,1119
112660,1064,1116
300347,1064,1136
149045,1065,1128
343982,1325,1380
8197,1363,1469
556,1364,1436
366344,1369,1474
556,1370,1457
343070,1371,1455
223835,1394,1459
332192,1395,1456
306551,1396,1457
74721,1438,1524
238787,1458,1522
218008,1489,1546
170804,1490,1544
319467,1492,1556
139100,1492,1570
226978,1504,1565
375735,1505,1567
238786,1506,1585
318186,1864,1950
281817,1876,1948
98297,1882,1946
79219,1884,1955
215546,1894,1952
1443,1895,1962
397272,1896,1954
45668,2262,2311
225062,2395,2451
178436,2528,2602
125903,2528,2612
3838,2528,2619
370024,2528,2634
383842,2528,2639
99331,2531,2602
76102,2532,2597
3838,2532,2604
125904,2533,2615
2156,2543,2592
109369,2602,2674
122213,2607,2680
39326,2609,2675
124152,2613,2675
26591,2615,2692
41146,2617,2688
162909,2620,2693
129348,2621,2696
407833,2624,2679
337171,2632,2696
208728,2635,2694
251519,2635,2696
64132,2636,2697
349396,2636,2704
363990,2640,2693
53023,2640,2703
380246,2641,2699
486,2644,2694
327715,2646,2696
58627,2646,2701
60187,2651,2696
394102,2651,2701
373809,2656,2722
10071,2745,2803
56373,2809,2883
14133,3087,3191
18871,3115,3189
207818,3139,3201
323399,3169,3226
20222,3185,3247
100994,3186,3260
256055,3190,3248
142559,3192,3248
556,3193,3263
90348,3335,3424
336307,3335,3430
210619,3385,3466
249199,3400,3461
249201,3400,3464
66667,3400,3468
249202,3400,3478
249196,3401,3463
236653,3423,3498
383841,3429,3478
91442,3457,3541
303110,3460,3533
183564,3477,3549
318185,3481,3551
130339,3482,3579
130755,3484,3544
236145,3485,3533
408553,3485,3575
50849,3486,3582
68584,3494,3579
280143,3507,3573
218707,3512,3577
331856,3715,3804
14131,3716,3809
333313,3716,3814
3842,3717,3812
92181,3718,3777
246639,3718,3803
59836,3735,3807
57553,3739,3809
6464,3742,3809
256463,3744,3815
233204,3748,3812
72853,3748,3814
265328,3748,3822
61567,3749,3810
298018,3749,3816
201086,3752,3814
197243,3753,3825
197269,3758,3823
143569,3853,3922
18872,3858,3915
36070,3865,3929
245431,3982,4042
20224,3986,4043
164730,4046,4099
285302,4168,4229
269451,4175,4244
378602,4264,4320
160913,4540,4605
30,4615,4676
264069,4616,4679
322967,4619,4702
275289,4620,4681
86628,4623,4685
323398,4624,4708
60599,4628,4712
156357,4631,4687
61658,4831,4906
343069,4837,4920
261339,4838,4879
378764,4842,4913
64434,4846,4907
22510,4848,4925
303111,4848,4958
139947,4909,4967
556,5056,5141
29953,5056,5144
98042,5057,5146
29598,5060,5160
221868,5069,5142
343071,5072,5169
287930,5074,5140
158093,5074,5159
58626,5075,5167
292879,5083,5144
19140,5119,5192
314101,5122,5193
345562,5142,5196
291281,5142,5217
259871,5145,5194
389362,5145,5204
373143,5150,5220
25146,5152,5245
210253,5169,5217
260585,5198,5298
304489,5224,5302
126424,5330,5394
40757,5330,5402
126425,5334,5395
119593,5358,5422
156356,5367,5427
283752,5395,5453
257721,5400,5477
187989,5402,5469
222170,5404,5470
159099,5405,5472
302357,5410,5474
237178,5414,5470
215534,5424,5467
397036,5638,5720
39031,5643,5703
172671,5654,5721
308995,5724,5786
26371,5749,5868
378441,5750,5841
302833,5754,5842
301581,5770,5850
183329,5776,5836
321137,5777,5843
76093,5788,5866
321278,5791,5885
311642,5794,5880
338395,5804,5878
95143,5816,5864
86627,5835,5892
83431,5836,5914
131468,5837,5908
351439,5865,5946
19723,5887,5949
303620,6124,6174
41145,6124,6176
190260,6124,6191
7074,6124,6216
8878,6125,6179
14132,6125,6258
27318,6126,6176
260585,6126,6234
389272,6128,6202
68011,6128,6215
10637,6129,6200
51676,6129,6208
149755,6130,6203
203374,6131,6226
368450,6132,6208
360204,6152,6215
3631,6165,6230
392951,6166,6240
98041,6168,6230
5483,6169,6237
13,6171,6254
333312,6248,6318
364541,6254,6317
230343,6254,6324
93017,6260,6324
185494,6262,6312
20225,6267,6318
126312,6274,6324
305165,6279,6323
10370,6779,6831
276457,6786,6834
342843,6862,6950
368449,6900,6965
133657,6930,6998
125905,6935,6999
1444,7136,7200
226979,7137,7198
367684,7140,7216
172406,7159,7211
101688,7171,7224
305626,7174,7223
338394,7288,7374
190003,7289,7363
19199,7308,7375
404735,7404,7465
61659,7474,7545
285301,7476,7538
168287,7481,7537
283559,7483,7545
59660,7488,7545
7073,7489,7541
61660,7698,7819
61661,7699,7828
42267,7733,7795
14130,7734,7797
44388,7751,7817
62478,7807,7855
133808,7819,7878
256051,8012,8063
293603,8017,8078
249198,8582,8653
71822,8597,8697
62649,8600,8696
64433,8602,8697
327424,8604,8686
13,8604,8695
12,8606,8688
304491,8607,8671
87540,8607,8686
167502,8611,8670
66669,8628,8697
274938,8633,8697
15168,8819,8866
66668,8820,8876
184281,9246,9303
158408,9342,9404
304490,9511,9571
297102,9791,9839
134086,9791,9846
56807,9792,9842
158410,9792,9857
148019,9799,9849
296301,9886,9974
200226,9911,9994
80758,9920,9992
166308,9970,10027
211329,9975,10052
158409,10208,10273
196363,10216,10274
161922,10486,10542
394550,10486,10562
111219,10488,10543
301580,10490,10551
8878,10491,10554
323336,10491,10557
323337,10491,10564
233839,10492,10556
284301,10501,10567
76932,10647,10701
183435,10708,10773
118671,10712,10773
196669,10871,10933
62401,10874,10935
197660,11137,11227
229909,11138,11224
138282,11159,11222
95017,11167,11223
212520,11167,11229
109849,11168,11224
399726,11174,11227
20866,11180,11225
79999,11182,11225
56644,11330,11383
79679,11331,11381
14129,11331,11384
156358,11333,11383
189466,11500,11562
139472,11518,11566
178151,11736,11799
263990,11736,11821
385205,11738,11802
96486,11742,11804
408123,11743,11801
301528,11744,11812
60252,11745,11808
261194,11747,11827
41161,11761,11822
156898,12007,12081
377261,12029,12100
125906,12032,12095
131213,12037,12099
183732,12038,12095
20223,12046,12094
407550,12048,12101
24685,12050,12095
170803,12054,12107
45246,12055,12098
392515,12063,12107
234683,12698,12768
125633,12699,12768
