263114,297,346
242,297,365
837,297,398
331440,298,344
242,298,349
135983,298,380
301917,298,386
249466,298,410
301918,322,399
226537,403,466
118825,405,484
200515,409,470
292771,555,619
58900,555,633
58901,556,673
72560,562,653
209720,579,661
256882,582,661
130161,608,666
340785,669,757
72523,681,744
94833,751,814
384285,751,820
116092,758,821
405154,765,814
64955,765,862
65202,767,813
32245,768,855
150789,770,849
278162,774,856
10442,775,849
85998,777,854
53739,787,848
126978,801,884
24849,828,923
328096,857,922
65203,868,979
72561,880,976
61647,892,974
219852,893,997
65201,907,1023
143991,969,1035
255618,989,1038
285603,999,1050
361284,1001,1051
243152,1231,1294
387840,1233,1298
103166,1252,1342
131476,1261,1324
234562,1268,1322
192068,1274,1352
8133,1276,1344
346960,1277,1338
169700,1278,1345
334312,1278,1355
168307,1279,1338
245924,1280,1365
3573,1281,1353
236142,1283,1327
391425,1283,1358
27416,1288,1353
893,1290,1352
347237,1291,1353
6008,1291,1355
145794,1293,1365
261234,1302,1363
183814,1308,1355
27777,1312,1381
197824,1476,1537
107931,1508,1600
837,1693,1807
200514,1714,1778
406995,1721,1807
384420,1784,1895
79161,1849,1957
107903,1850,1928
127906,1856,1959
8428,1857,1939
92946,1864,1966
92947,1864,1971
232360,1866,1946
337149,1867,1951
234684,1868,1927
6139,1883,1971
109711,1887,1948
2179,1901,1955
288204,1956,2027
163748,1957,2020
45580,1959,2022
284442,1962,2036
282873,1963,2066
117661,1964,2020
20338,1964,2027
181892,1964,2060
87312,1986,2072
158041,1986,2097
83264,1990,2081
23682,1993,2066
120347,1993,2101
374877,1999,2060
180547,2000,2067
288431,2000,2071
140859,2003,2065
362099,2006,2069
23681,2006,2083
256849,2010,2073
