231365,158,223
176119,279,374
154215,281,395
17936,284,348
157113,284,418
362071,285,351
169358,287,369
276316,295,380
228760,297,386
270557,301,411
282978,317,434
106656,321,438
138132,324,413
35009,327,428
378543,329,436
233142,331,430
140617,332,407
347697,332,435
201447,332,448
270556,340,433
306749,344,441
391885,349,445
79252,355,469
118341,357,437
400505,358,466
176118,360,478
72338,365,418
4872,366,479
72798,382,444
159188,408,472
175447,410,496
325836,412,483
340707,415,477
36536,431,496
340281,492,571
235381,733,803
780,733,822
164381,733,832
445,734,810
51679,734,814
325284,748,805
264526,748,814
310694,748,834
129919,755,809
299216,756,818
345142,758,827
198189,762,838
217055,771,849
253039,775,852
100345,782,844
78921,792,853
174341,834,901
177447,871,919
91030,871,923
355901,878,930
23477,883,953
407928,885,934
243123,887,962
337107,892,957
40462,1118,1175
200687,1160,1244
166989,1167,1244
43471,1168,1232
291092,1175,1244
183591,1176,1246
323729,1178,1249
282746,1211,1271
121012,1214,1280
99324,1216,1309
75586,1226,1302
109451,1227,1294
192930,1227,1307
116601,1238,1308
238044,1240,1310
80136,1243,1310
60943,1244,1307
22814,1254,1310
290610,1563,1626
103583,1566,1628
68072,1599,1663
159219,1820,1889
304683,1839,1903
157112,1848,1917
296507,1868,1916
57780,1900,1970
167175,1903,1971
63079,1918,1969
70406,1966,2029
75585,1972,2027
171723,2145,2219
63109,2374,2450
295144,2383,2455
40065,2383,2475
281648,2401,2484
325387,2417,2482
27820,2479,2550
27819,2483,2544
27815,2483,2547
404671,2516,2581
386869,2549,2601
385637,2555,2622
78485,2589,2646
78484,2596,2648
72339,2604,2670
358014,2607,2675
53480,2611,2679
334935,2613,2677
75626,2617,2678
248844,2618,2667
382353,2619,2680
234256,2619,2685
391143,2620,2670
300428,2621,2666
342478,2623,2669
159121,2648,2711
362074,3051,3104
209576,3062,3119
63110,3408,3472
133801,3408,3485
72032,4045,4104
17853,4051,4107
34190,4051,4113
126948,4067,4121
31808,4114,4186
222147,4125,4212
47860,4131,4189
232110,4131,4192
27815,4149,4208
27816,4150,4215
77682,4152,4216
243038,4153,4217
228544,4322,4386
22813,4482,4553
291298,4800,4875
166348,4851,4929
337227,4858,4935
383330,4878,4942
163476,4899,4950
167847,5010,5082
401255,5031,5085
73635,5329,5383
79532,5329,5391
216083,5333,5388
29341,5334,5393
27817,5562,5627
66848,5562,5642
53479,5564,5638
46952,5567,5636
147165,5568,5633
406398,5576,5639
113497,5593,5645
273184,5593,5654
383660,5594,5655
402652,5596,5676
70182,5600,5661
236632,5604,5664
128390,5610,5657
20816,5612,5672
364261,5614,5675
142067,5615,5681
263971,5626,5688
304362,5651,5706
27818,5656,5767
77683,5678,5735
222146,5678,5746
40298,5699,5752
198207,5699,5759
172765,5700,5758
40297,5700,5762
181659,5708,5752
407203,5718,5796
208387,5718,5799
81340,5721,5800
365035,5724,5798
23121,5726,5790
331791,5727,5800
216304,5730,5797
232345,5737,5799
106690,5740,5804
200074,5752,5819
363315,5762,5817
176066,5766,5827
375340,5787,5848
223930,5806,5870
131350,5807,5868
303598,5833,5915
96975,5834,5909
350186,5839,5917
247070,5847,5916
332943,6136,6243
360725,6140,6215
129040,6147,6208
218407,6150,6209
44308,6150,6214
286687,6151,6207
340282,6151,6210
100216,6151,6212
315161,6161,6212
49324,6233,6318
293203,6245,6308
322709,6247,6308
52726,6262,6318
358581,6374,6447
215528,6383,6480
159460,6385,6447
322542,6389,6459
322541,6389,6468
140743,6390,6463
317544,6391,6485
351701,6392,6461
399518,6394,6449
95093,6394,6462
217077,6400,6479
209862,6410,6473
257278,6411,6476
360211,6424,6490
139634,6429,6512
278088,6447,6512
189929,6449,6522
260295,6622,6684
396166,6623,6686
9968,6625,6684
356130,6731,6793
180106,6770,6838
27816,6801,6855
27819,7048,7100
224068,7347,7425
176673,7360,7432
340395,7362,7438
323723,7364,7430
360064,7374,7435
326881,8007,8057
27817,8333,8387
167855,8338,8394
327120,8671,8731
234257,8681,8776
117721,8708,8784
6136,8713,8782
284468,9022,9082
121136,9022,9090
137562,9024,9082
208657,9024,9086
19649,9024,9089
163336,9026,9089
270307,9033,9087
365431,9113,9172
7730,9281,9336
27818,9400,9498
27820,9417,9480
285871,9519,9581
285872,9519,9591
154815,9536,9590
263571,9542,9590
208386,9698,9754
106655,9701,9753
75134,9703,9755
89701,9714,9775
104668,9725,9787
98766,9883,9966
333952,10292,10392
207318,10293,10366
63992,10295,10390
52885,10298,10385
52887,10302,10389
258116,10302,10397
8081,10303,10361
99323,10303,10363
381347,10303,10385
52886,10308,10385
240414,10308,10394
8147,10311,10368
189316,10311,10370
215983,10311,10375
56048,10314,10377
180107,10328,10390
42105,10329,10393
89702,10333,10393
258054,10334,10391
181763,10343,10398
204931,10505,10558
35399,10511,10591
78322,10527,10584
159135,10532,10594
306258,10534,10597
19225,10550,10654
137687,10557,10663
197057,10559,10668
111524,10566,10646
242620,10567,10652
184303,10568,10644
148230,10569,10647
307042,10569,10651
242619,10570,10649
319666,10577,10643
386870,10580,10648
319667,10581,10666
121024,10582,10662
403785,10584,10645
109359,10585,10658
137686,10588,10684
377968,10589,10678
117307,10590,10646
180855,10596,10649
164733,10597,10665
18522,10598,10663
90940,10598,10668
206072,10600,10671
88672,10600,10684
158228,10604,10665
47890,10604,10681
290611,10606,10675
349097,10609,10675
350184,10612,10702
55430,10613,10680
123911,10615,10697
316095,10616,10676
176117,10616,10680
229151,10617,10671
236474,10617,10683
42551,10619,10680
15955,10620,10670
350183,10620,10702
240104,10621,10699
152773,10622,10683
263972,10627,10703
130602,10648,10711
38964,10781,10850
230616,10920,10978
267506,10920,10982
130601,10921,10975
289189,10922,10984
364262,10923,10991
259357,11549,11630
200075,11556,11621
337,11556,11652
125355,11557,11625
312192,11557,11657
38160,11563,11657
85036,11569,11657
267507,11577,11654
176299,11589,11650
111144,11591,11658
388256,11829,11888
350185,11833,11903
31383,11840,11909
404670,11845,11911
367903,11849,11909
17740,12035,12094
400506,12327,12408
232667,12330,12392
403786,12331,12412
210068,12334,12414
276317,12335,12417
46834,12346,12413
198142,12350,12414
23233,12351,12413
83660,12352,12407
40169,12352,12414
290927,12352,12417
353911,12355,12415
40170,12356,12418
218484,12430,12499
