224859,113,171
288418,120,197
289671,121,243
217889,121,265
63453,124,212
63452,124,219
284019,125,210
77240,130,259
329511,132,247
273439,134,253
315497,141,250
161247,141,269
1007,145,252
38350,146,235
9416,148,233
396011,150,266
184748,150,270
145819,155,236
397441,179,244
206084,181,243
359020,181,246
205654,187,249
184749,187,254
1416,204,263
364299,204,267
34482,207,267
9497,208,270
90162,627,689
20132,628,701
342843,641,728
282388,647,730
62880,667,730
255619,790,854
322366,822,884
101075,1096,1175
99054,1100,1175
1575,1123,1193
302623,1130,1204
220852,1331,1436
350744,1336,1427
111554,1337,1431
327161,1342,1427
239079,1357,1438
349045,1361,1415
100303,1364,1419
64909,1380,1441
51314,1381,1445
316648,1382,1426
122983,1384,1438
397097,1584,1638
65843,1781,1854
14916,1791,1848
186533,1812,1878
