109274,111,159
109272,113,160
264382,255,399
162612,256,322
130761,267,377
392819,271,392
162611,274,366
287273,280,402
277747,282,377
72038,284,397
64277,287,370
337255,287,396
147247,290,368
243838,294,363
271312,294,403
138100,296,370
277748,304,392
118299,315,392
101187,317,400
162610,321,401
344453,328,401
3269,330,395
301259,331,386
324948,332,384
142042,332,394
146640,333,397
37211,333,402
350110,334,386
1001,335,385
13398,335,399
294492,336,389
274920,338,394
205977,341,395
226995,342,402
30260,343,397
210443,454,501
158836,583,665
137018,584,670
312888,586,664
212775,587,662
406514,590,639
184528,590,660
370219,590,666
203496,604,663
44228,633,690
165049,818,888
306628,819,886
221786,822,894
407881,970,1023
41656,970,1026
137019,972,1087
186087,1053,1119
82558,1263,1343
165049,1267,1346
312542,1288,1346
377416,1475,1538
109273,1476,1534
115246,1480,1534
317078,1484,1534
25560,1543,1603
170920,1657,1716
35688,1880,1951
183146,1883,1965
321368,1893,1968
78764,1898,1964
197700,1900,1952
332465,1900,1955
226635,1905,1963
42870,1906,1965
139336,1911,1967
141030,1915,1990
96197,1916,1977
377292,1921,1975
225637,1921,1984
149890,1924,1983
238729,1925,1977
332674,1926,1967
107567,1926,1991
95204,1927,1988
146801,1936,1989
10894,1936,1991
45222,2143,2227
171185,2143,2232
285254,2143,2244
88139,2143,2257
185097,2144,2195
210072,2144,2197
14934,2144,2221
313144,2144,2229
121340,2144,2237
160041,2144,2253
165050,2144,2278
173494,2148,2214
275200,2149,2213
54844,2149,2244
45223,2149,2271
361921,2152,2273
113822,2155,2272
162613,2155,2281
53100,2156,2223
329545,2156,2245
77664,2157,2242
151561,2159,2261
245789,2160,2211
91058,2160,2213
379834,2160,2215
175160,2161,2263
260317,2162,2214
37494,2162,2259
202710,2166,2285
407879,2169,2250
243554,2171,2251
282975,2174,2258
47863,2178,2250
255473,2181,2244
404082,2184,2246
137017,2192,2332
212776,2195,2257
107925,2195,2290
396271,2197,2262
35002,2235,2296
293292,2246,2316
290925,2661,2708
238705,2682,2767
295553,2703,2768
250653,2710,2792
250654,2710,2798
256372,2721,2795
62771,2721,2802
19347,2722,2824
55097,2724,2793
134634,2726,2774
80392,2732,2810
141985,2733,2798
110102,2734,2792
138222,2737,2814
139219,2737,2827
266122,2738,2779
126962,2738,2784
374519,2739,2801
76513,2739,2803
273974,2739,2817
293234,2740,2810
191855,2740,2828
266960,2741,2808
144921,2742,2804
59076,2744,2829
382055,2750,2806
206817,2751,2802
383542,2751,2824
151559,2752,2807
105116,2753,2802
280069,2753,2819
53544,2754,2807
4993,2755,2814
1087,2755,2819
131176,2756,2826
66429,2760,2802
54098,2760,2810
115245,2760,2816
81995,2760,2820
81994,2770,2820
232223,2825,2890
391997,2827,2890
366927,2948,3008
283412,3096,3174
219423,3096,3187
10001,3097,3160
33788,3098,3162
68982,3098,3188
4354,3099,3184
375576,3101,3163
255379,3101,3165
219424,3108,3206
5361,3113,3191
137021,3170,3242
296365,3174,3239
407798,3208,3269
251365,3208,3277
76514,3209,3282
278144,3213,3288
35687,3218,3279
187657,3218,3284
318209,3223,3268
34000,3223,3279
279542,3224,3322
394169,3225,3271
247122,3247,3331
59265,3257,3323
105259,3367,3432
141380,3370,3430
193492,3373,3422
367200,3378,3429
197898,3378,3431
23436,3379,3427
182757,3383,3432
354073,3816,3883
118015,3816,3934
24075,3818,3860
282976,3818,3914
45224,3818,3929
254716,3819,3892
7099,3819,3905
151560,3819,3908
325411,3820,3882
59264,3822,3917
165050,3822,3942
399422,3823,3923
395996,3824,3905
162614,3826,3946
118018,3827,3922
315931,3829,3910
16135,3833,3880
37212,3833,3917
103637,3835,3925
215856,3836,3900
55318,3836,3905
407880,3838,3903
229508,3841,3905
296281,3842,3906
59077,3842,3934
64237,3842,3952
135274,3842,3962
103638,3843,3922
295226,3850,3936
202709,3851,3947
191917,3856,3918
69067,3864,3962
199582,3876,3946
403224,3878,3951
243312,4144,4206
381826,4144,4246
209199,4191,4278
17146,4196,4248
349114,4209,4271
70977,4214,4286
275765,4377,4432
85317,4378,4443
266425,4379,4442
137016,4784,4855
74437,5078,5151
283848,5080,5143
57962,5117,5187
348022,5120,5190
235539,5197,5266
152133,5197,5275
225737,5212,5286
25141,5215,5278
80094,5216,5280
258646,5216,5287
140193,5340,5404
344513,5390,5441
210071,5391,5455
65790,5405,5477
408598,5422,5503
265212,5433,5485
306944,5439,5500
236062,5448,5512
162699,5521,5570
27084,5826,5889
75886,5955,6019
103555,6076,6134
281436,6105,6159
180367,6514,6588
170107,6521,6589
343211,6522,6587
111343,6524,6590
378791,6526,6591
262171,6527,6593
90675,6529,6585
195459,6537,6590
99461,6542,6585
93219,6645,6710
81530,6845,6895
31448,6845,6901
258708,6845,6908
18576,6920,6989
23393,6923,6976
208315,6928,6986
296282,6928,6989
6587,6946,6990
54099,7144,7217
136209,7147,7214
51880,7170,7219
280347,7303,7361
316533,7303,7368
341579,7305,7382
102495,7307,7362
104155,7318,7393
165048,7320,7371
30124,7466,7535
160640,7511,7559
274006,7511,7585
266121,7526,7585
165048,7537,7600
375324,7538,7618
260019,7540,7605
266650,7542,7621
121341,7548,7611
376877,7554,7618
917,7558,7619
272647,7558,7621
406229,7704,7755
396272,8003,8087
344454,8004,8060
85945,8006,8070
122848,8007,8081
227747,8008,8070
54159,8027,8091
370083,8035,8132
28799,8039,8100
28798,8039,8119
232025,8055,8122
278143,8095,8209
239866,8129,8192
258546,8133,8207
74012,8149,8209
138789,8273,8320
154867,8437,8493
184529,8683,8754
395995,8973,9051
277749,9175,9234
158837,9389,9466
349113,9389,9473
396273,9390,9451
118016,9391,9461
106462,9547,9605
108265,9547,9622
76968,9548,9619
106650,9549,9630
16004,9550,9627
236297,9552,9626
390128,9554,9628
176950,9563,9627
390129,9570,9631
118017,9751,9821
158838,9761,9882
51742,9813,9884
144468,9815,9873
134717,9818,9884
361472,9952,10014
301029,10002,10093
355085,10006,10105
137020,10007,10098
304906,10008,10092
94515,10014,10091
372327,10017,10123
358367,10018,10112
396270,10021,10090
394170,10022,10115
72531,10026,10087
207960,10027,10110
85318,10028,10113
202708,10029,10097
301669,10032,10100
145307,10032,10124
152132,10036,10102
154868,10038,10103
147246,10039,10092
391529,10042,10108
221756,10043,10104
373946,10043,10117
402489,10045,10116
290391,10046,10114
16134,10052,10115
134277,10054,10120
80816,10061,10113
142864,10065,10128
147965,10072,10130
58417,10444,10529
398383,10448,10528
14543,10454,10529
15629,10460,10529
56028,10468,10529
286843,10697,10789
340674,10714,10789
278321,10716,10793
25019,10717,10782
76515,10718,10785
68223,10722,10795
384314,10723,10778
361784,10723,10786
56291,10723,10789
22696,10738,10795
278200,10910,10967
21520,11363,11415
