79074,86,143
86946,102,217
18656,109,206
187354,110,194
335514,111,222
62538,116,234
349452,120,225
349453,124,211
63412,131,209
125392,136,209
169790,136,237
23040,137,212
281950,138,205
195989,140,213
247563,141,204
383495,144,212
239821,146,211
169789,152,260
99264,153,267
32874,160,226
333301,164,225
375293,166,266
32875,167,232
356098,168,228
25959,169,233
259415,173,236
58900,175,272
58901,185,317
153280,190,271
72560,192,293
145266,192,318
141961,193,313
64971,203,272
107368,214,308
385954,214,314
83668,244,318
26846,248,318
160241,250,309
242,351,400
242,351,434
242,352,418
837,352,451
131187,353,475
4219,363,432
363667,363,441
146809,364,445
95185,368,518
131186,392,526
256649,416,486
291769,425,526
307662,430,522
350300,436,491
394345,439,497
110715,441,489
152984,441,492
68958,441,497
316065,449,523
181289,450,503
5900,450,521
260651,451,511
14316,452,520
408499,452,547
74521,453,517
8852,453,544
297101,453,552
241673,454,499
97854,454,513
34074,454,518
264840,454,527
107914,457,517
405576,457,523
222641,458,514
13012,458,519
196158,458,561
329268,460,514
212300,462,527
293632,738,809
395250,740,797
307022,743,809
325995,751,824
17673,755,818
148429,784,854
281353,804,865
391643,809,861
345663,809,863
386922,820,904
304977,821,869
386923,825,905
63321,842,895
133115,871,949
34073,896,982
185533,903,994
216767,911,1005
13553,921,993
363252,925,1007
365846,927,990
122929,942,1012
45635,952,1013
354832,955,1019
41264,997,1078
321283,1005,1061
142508,1032,1078
107081,1040,1106
221786,1135,1207
156690,1146,1208
166175,1149,1204
118380,1152,1208
71333,1286,1356
373977,1291,1357
134151,1291,1366
34900,1291,1376
31270,1291,1379
71332,1293,1357
263268,1293,1362
3813,1296,1359
129195,1297,1358
20134,1297,1378
160240,1297,1386
152175,1298,1359
354991,1300,1359
350299,1300,1361
109654,1300,1365
12937,1304,1365
13367,1304,1371
57677,1304,1374
64970,1305,1358
74373,1306,1375
9675,1307,1369
12682,1307,1380
220180,1308,1370
1646,1308,1374
317131,1309,1373
176868,1310,1371
337049,1311,1374
98742,1312,1377
43327,1312,1380
365965,1315,1377
18884,1315,1381
83872,1318,1380
134152,1321,1374
36879,1328,1374
55124,1330,1411
36470,1378,1444
153972,1382,1444
83763,1384,1430
333163,1387,1444
95128,1437,1553
300976,1444,1553
145264,1448,1536
161631,1458,1553
145263,1462,1553
287661,1469,1517
60390,1470,1531
106177,1471,1553
36468,1481,1548
102673,1482,1554
303412,1489,1552
88772,1491,1553
392304,1492,1554
197191,1495,1552
265903,1510,1573
55316,1510,1585
313120,1512,1575
368410,1513,1578
60161,1514,1592
317252,1517,1592
408599,1518,1584
282954,1519,1582
88399,1519,1593
269355,1526,1589
190373,1530,1594
55125,1535,1599
318100,1539,1630
342757,1550,1637
160268,1553,1606
64849,1555,1609
131184,1556,1641
401642,1556,1658
8214,1557,1635
68957,1559,1636
211054,1560,1646
293631,1560,1681
65831,1562,1640
27296,1562,1648
67403,1562,1659
235408,1569,1707
250581,1569,1716
126138,1570,1676
392076,1573,1662
343017,1581,1701
210211,1594,1735
401040,1611,1673
108991,1614,1682
196157,1645,1738
337977,1646,1712
359893,1646,1723
11458,1647,1714
92660,1647,1737
408230,1649,1699
21213,1652,1713
114911,1658,1738
141196,1660,1760
88485,1674,1739
339051,1684,1762
124650,1689,1750
260260,1694,1780
357186,1703,1766
77633,1705,1762
19499,1708,1762
387478,1714,1777
134150,1716,1783
124649,1719,1781
137954,1720,1765
124737,1721,1796
118248,1740,1783
102674,1740,1806
170061,1743,1826
321584,1757,1817
275377,1762,1818
310030,1767,1816
331103,1790,1868
339052,1829,1916
120816,1891,1940
212437,1905,1968
36462,1905,1995
147401,1917,1974
347234,1918,1972
231842,1922,1990
102305,1967,2063
264841,1973,2077
49993,1974,2050
93001,1979,2077
106510,1985,2078
49992,1989,2073
46603,1993,2076
7282,1995,2077
208681,1997,2078
199557,1998,2062
212299,2000,2076
141507,2173,2226
304923,2173,2251
408488,2177,2243
408329,2178,2272
322280,2193,2244
23791,2194,2278
387990,2275,2329
211053,2294,2355
237860,2305,2414
346962,2317,2387
237859,2317,2415
93001,2405,2505
2546,2407,2500
7282,2417,2505
275649,2564,2620
356760,2585,2656
157013,2671,2715
95136,2679,2733
226652,2684,2748
385953,2685,2753
257257,2685,2766
287270,2686,2748
283160,2694,2764
155272,2698,2767
156187,2700,2764
144081,2701,2770
217335,2702,2788
238980,2705,2783
210187,2714,2766
27336,2715,2788
139299,2716,2763
76263,2717,2771
215301,2720,2782
38992,2722,2788
238979,2729,2783
101957,2729,2789
187245,2731,2783
335604,2732,2788
24049,2738,2789
93723,2916,2967
278262,2916,2976
6620,2916,2990
71750,2916,3004
25632,2916,3013
36469,2916,3021
157253,2916,3033
13554,2917,2977
8853,2917,2996
327898,2917,3059
131185,2918,3040
333164,2919,3026
98033,2920,3055
187355,2922,3063
38048,2931,3058
93724,2932,3043
252103,2934,3053
145265,2943,3050
35542,2947,3009
161742,2947,3057
13552,2952,3010
19269,2952,3061
106176,2956,3015
13551,2957,3034
237075,2957,3058
101840,2960,3032
316066,2966,3043
142949,2970,3056
26168,2970,3063
150874,2973,3059
385999,2978,3033
350116,2978,3043
95244,2978,3063
304976,2979,3030
264180,2980,3062
173237,2983,3044
91576,2983,3047
78098,2984,3045
324121,2987,3046
213194,2989,3050
257428,2991,3048
378243,2992,3053
237047,2993,3059
314569,2995,3058
73561,2996,3052
18883,2996,3057
346856,2996,3060
187003,3003,3057
