328531,124,195
359762,125,205
369409,130,263
316340,135,263
379413,140,259
23208,147,262
49275,151,227
299066,151,247
259613,151,295
57626,153,261
283253,154,318
88820,156,266
230446,159,259
198165,161,263
197091,162,317
387137,166,283
3142,172,295
404226,174,299
37277,177,318
302437,178,292
386217,179,322
91955,180,275
138328,181,291
246312,181,295
9693,182,309
191249,182,324
209024,183,263
4678,185,299
305665,185,305
2943,188,315
260569,189,294
361077,189,320
243419,190,329
280835,191,305
47111,191,385
366318,192,315
273965,193,312
398221,194,328
109064,196,301
118065,198,261
15944,198,287
287278,199,262
344006,200,286
29999,202,332
138092,203,288
146735,204,263
390310,204,265
197352,204,272
68141,205,262
387252,205,291
246311,205,347
320126,206,263
204848,206,367
159661,207,260
378845,207,338
348918,208,301
398036,209,307
141644,209,363
371786,210,369
225802,211,356
252259,212,374
281562,213,347
273688,216,342
247794,221,290
117820,221,344
343637,221,351
402092,222,358
255814,223,374
146889,224,343
301321,225,328
311042,227,339
237485,231,359
381781,231,374
63433,235,384
63197,236,372
61350,240,385
317927,241,364
5852,245,324
131258,246,367
15426,247,348
89523,247,358
368504,250,357
77883,253,390
359810,261,371
359599,261,392
297884,262,348
273730,263,320
2849,263,335
235813,264,324
250146,264,350
365053,265,390
2251,266,363
44656,268,324
179868,268,388
42667,276,360
261051,277,378
354310,280,395
277601,283,375
139744,286,350
230256,286,352
108335,306,406
108336,319,407
105006,325,375
309763,350,445
163756,363,491
57627,388,496
8820,392,492
257096,392,505
305664,394,496
77882,399,492
163757,408,522
301293,412,516
120525,413,527
155701,417,483
37803,418,523
7861,436,528
138327,437,514
341919,438,522
153441,451,527
365808,454,532
382093,455,528
22626,456,517
1272,495,589
79995,515,599
195090,523,633
324765,529,589
13578,549,614
301320,552,622
335589,566,632
73624,585,677
119506,591,691
311041,594,677
205466,595,664
67439,598,666
42949,599,662
179298,604,681
314330,613,697
166937,615,698
128402,627,704
1730,633,683
382094,633,698
312387,634,680
327204,634,697
146885,634,704
319131,647,704
296718,783,849
259548,786,850
50068,940,1008
92563,943,1046
353284,954,1022
394469,978,1052
91670,985,1054
266378,986,1052
339630,986,1059
314939,1005,1074
304956,1022,1086
2614,1080,1138
175403,1085,1139
240792,1086,1148
37759,1086,1159
253327,1088,1140
79861,1088,1142
389405,1098,1151
296025,1105,1175
352791,1122,1191
154188,1122,1209
224243,1135,1196
127236,1496,1579
323840,1501,1592
229603,1519,1569
163887,1521,1584
131767,1522,1583
270681,1523,1596
366249,1523,1601
408086,1523,1611
408087,1523,1620
110473,1525,1570
60214,1525,1576
251742,1525,1597
372398,1526,1582
141645,1526,1589
212951,1526,1606
366250,1527,1604
105361,1530,1606
243405,1541,1608
68857,1544,1597
151663,1544,1601
171369,1544,1608
23509,1545,1606
249960,1545,1611
338962,1547,1596
107773,1547,1609
184214,1548,1607
33936,1548,1613
221457,1549,1614
338961,1550,1596
215445,1551,1613
241914,1552,1594
229387,1552,1627
159315,1553,1610
58154,1573,1641
110057,1575,1639
161096,1578,1640
69446,1585,1627
33935,1593,1642
367717,1668,1784
295605,1684,1755
375199,1696,1777
396262,1699,1777
63206,1702,1778
283947,1710,1784
6638,1716,1777
115542,1718,1783
367433,1721,1784
323445,1995,2040
297818,2008,2069
338462,2013,2077
104804,2024,2098
168630,2026,2090
287657,2038,2102
51532,2039,2098
239889,2118,2190
239420,2152,2214
93366,2155,2222
249743,2167,2240
314771,2169,2219
7810,2169,2221
212564,2180,2248
297293,2180,2253
249410,2182,2239
42948,2184,2240
198552,2193,2245
288794,2204,2261
239890,2268,2361
239888,2268,2365
339875,2283,2347
198164,2295,2351
402091,2298,2389
202679,2522,2587
237068,2572,2629
88082,2675,2746
239888,2713,2827
239889,2728,2807
239891,2739,2811
195091,2768,2827
239890,2906,3009
191544,3615,3676
288750,3616,3678
239891,3852,3910
2615,3911,3973
130315,3913,3970
212565,4063,4139
112175,4176,4239
138917,4178,4241
155703,4361,4425
155702,4361,4432
108253,4363,4434
110459,4369,4443
141323,4390,4455
176435,4485,4577
262937,4486,4541
15943,4486,4561
53331,4491,4556
160750,4494,4556
317706,4496,4587
384658,4497,4580
374130,4500,4564
394445,4507,4580
394446,4508,4569
341739,4510,4556
331624,4511,4566
168878,4512,4583
28995,4513,4565
226836,4513,4581
64631,4513,4587
268701,4514,4575
238735,4514,4584
222931,4516,4573
35716,4517,4577
61331,4517,4579
166423,4517,4603
91386,4518,4575
362283,4526,4592
172681,4539,4601
177111,4540,4593
266100,4555,4610
98168,4556,4640
225801,4559,4677
356250,4593,4656
209659,4602,4652
38892,4622,4677
52054,5198,5294
94880,5198,5313
316339,5200,5274
396263,5203,5263
92988,5205,5258
9793,5231,5320
239892,5232,5322
249959,5236,5294
207875,5236,5340
350509,5250,5312
373469,5255,5320
253328,5259,5318
207037,5260,5324
88274,5263,5328
207876,5263,5346
127713,5264,5319
120867,5266,5351
20343,5274,5347
29765,5298,5350
239531,5521,5602
47110,5547,5588
103795,5614,5684
136523,5827,5896
200542,5830,5933
285931,5836,5901
329360,5837,5910
50799,5837,5941
69914,5841,5902
223683,5841,5940
261732,5847,5940
196327,5851,5940
16,5853,5941
42950,5859,5940
8880,5863,5939
22490,5864,5936
56742,5864,5941
7282,5871,5940
14741,5877,5940
389890,5889,5940
69698,6045,6120
396264,6060,6130
243562,6071,6163
173718,6082,6169
37761,6084,6186
53330,6087,6150
56357,6089,6151
146736,6089,6175
363303,6091,6159
367016,6091,6165
106128,6093,6162
45305,6101,6164
312977,6104,6172
391502,6106,6160
257762,6223,6302
276571,6224,6318
276572,6226,6329
251635,6238,6357
2791,6243,6392
332989,6245,6349
251125,6249,6308
160967,6249,6331
164228,6249,6364
171888,6249,6378
156443,6254,6348
381714,6254,6391
387957,6255,6304
118867,6255,6339
381715,6255,6361
179673,6255,6367
309852,6255,6384
15711,6256,6343
4539,6258,6385
308782,6262,6358
1334,6265,6338
303644,6272,6342
77644,6275,6373
249742,6281,6370
217202,6283,6375
366817,6284,6381
27589,6287,6366
308781,6297,6376
128403,6311,6374
163092,6312,6392
210888,6316,6392
53332,6325,6380
313497,6446,6539
301825,6448,6520
93072,6526,6610
368505,6538,6602
238912,6540,6621
93071,6553,6625
37760,6556,6622
379508,6580,6637
168879,6607,6659
197092,6655,6718
313015,6852,6916
154302,6875,6934
362282,7000,7129
57628,7003,7096
10901,7013,7144
306782,7017,7077
369419,7026,7124
238911,7026,7141
48280,7034,7094
17188,7036,7132
319130,7038,7166
239892,7058,7134
37758,7058,7184
227757,7073,7183
325517,7075,7186
9792,7078,7134
58128,7084,7186
33801,7089,7146
248707,7089,7185
272353,7092,7183
67665,7095,7183
255795,7098,7161
310517,7102,7182
56253,7113,7175
21048,7114,7184
188493,7116,7185
347186,7118,7174
