356910,231,334
253619,242,304
316571,244,350
183807,244,355
122361,259,362
71706,268,370
10373,271,390
206639,278,380
19806,284,373
50616,290,353
206779,292,365
26496,292,382
10373,292,386
175425,294,353
356909,295,386
316572,296,397
159827,297,352
7336,305,385
348102,313,383
132222,319,397
265624,321,396
51823,325,393
253620,329,391
138959,331,394
152343,331,449
341644,336,422
67585,336,427
112107,337,403
72613,355,406
5741,385,478
132988,391,468
143938,392,458
9230,392,475
86660,392,490
51197,393,461
95295,393,510
94486,395,503
392731,396,497
347233,397,456
148731,397,474
310831,398,466
206780,398,486
276901,398,505
5741,400,484
117578,405,520
51824,406,545
275333,435,542
188150,448,539
260467,450,515
205037,456,542
242404,460,508
206638,460,546
210491,464,516
381017,466,551
181610,468,521
317846,468,523
188149,468,538
33411,474,549
727,475,547
12288,478,545
184144,480,550
13392,482,549
186194,483,575
296313,485,548
158303,486,574
44784,487,537
219365,487,546
351629,488,549
247139,491,572
72834,500,574
366377,501,559
122982,505,572
132494,513,569
54079,518,573
375871,522,578
331636,524,570
174757,529,576
129732,596,662
39553,639,708
286567,643,704
52746,644,712
13392,644,718
351630,645,727
104732,646,715
54397,650,723
51825,651,712
66217,653,737
111810,654,715
157328,657,733
243948,665,711
206189,667,716
388668,684,755
262732,765,814
179049,773,815
296098,881,943
58400,885,948
341600,887,948
32413,897,964
177287,1183,1263
170315,1223,1281
155371,1240,1302
141201,1315,1388
208321,1323,1390
332136,1333,1403
255516,1339,1405
255517,1343,1406
41538,1493,1567
253682,1494,1564
269498,1497,1551
28886,1497,1563
89004,1497,1573
67729,1498,1560
204776,1498,1570
92648,1498,1581
99110,1499,1563
337963,1501,1571
54402,1502,1568
347233,1503,1567
91662,1503,1583
56908,1621,1717
278961,1627,1725
306747,1631,1701
26697,1634,1687
155372,1634,1703
119399,1635,1716
155921,2099,2154
32546,2219,2283
107951,2219,2298
388793,2237,2287
108085,2245,2299
265625,2268,2324
218852,2280,2333
394641,2398,2464
217499,2399,2468
149381,2459,2525
304680,2525,2571
196377,2533,2601
157329,2537,2599
202453,2541,2612
72868,2603,2676
286566,2607,2673
340947,2611,2675
111765,2616,2682
247951,2618,2676
170495,2619,2682
340946,2645,2728
9231,2652,2721
294851,2674,2733
340200,2785,2868
4480,2795,2844
364645,2796,2876
388792,3079,3138
157326,3120,3171
51881,3131,3197
72553,3133,3203
153844,3134,3192
184143,3135,3195
59320,3153,3224
115067,3359,3477
113858,3372,3452
250008,3386,3456
389460,3410,3485
399785,3415,3480
348452,3416,3534
19927,3443,3502
787,3443,3531
325316,3444,3546
17158,3446,3516
867,3457,3524
4269,3462,3591
297602,3463,3538
168552,3468,3530
243294,3468,3532
368133,3470,3532
94487,3470,3539
175476,3470,3555
170676,3470,3571
12495,3471,3547
128495,3471,3557
44348,3471,3613
225022,3472,3537
95292,3474,3560
45127,3475,3538
133583,3476,3547
223873,3477,3571
370212,3479,3540
148104,3480,3579
29101,3481,3572
213995,3482,3586
4270,3482,3592
332212,3490,3552
384013,3490,3583
227780,3491,3585
175477,3491,3589
177787,3492,3538
348453,3493,3596
296238,3494,3555
104730,3498,3547
38840,3498,3567
297153,3499,3557
301143,3499,3584
236422,3499,3591
173118,3500,3587
255611,3501,3571
407704,3502,3577
158610,3502,3632
104731,3504,3587
93680,3505,3565
115068,3507,3570
225516,3507,3612
139504,3508,3585
122983,3511,3585
162054,3512,3591
65970,3514,3588
321722,3518,3584
262446,3518,3587
217463,3525,3586
139503,3549,3631
347846,3554,3631
376015,3701,3771
32186,3735,3796
34877,3815,3940
44349,3818,3936
158995,3818,3942
244258,3824,3936
44350,3829,3935
345372,3840,3958
275332,3845,3959
96251,3848,3914
130708,3851,3933
268817,3851,3957
395464,3852,3924
388791,3856,3967
100370,3857,3916
80297,3859,3920
344701,3860,3922
80379,3860,3967
157327,3861,3971
246459,3863,3935
331663,3864,3955
14663,3864,3960
403967,3867,3963
321480,3867,3977
344143,3868,3968
274782,3870,3951
246630,3870,3955
406572,3873,3955
137409,3875,3937
166246,3878,3942
221547,3880,3933
217464,3911,3973
198610,3962,4051
107213,3993,4051
82453,3997,4096
227359,4019,4098
199239,4019,4101
22193,4022,4079
95296,4022,4089
394640,4023,4086
132221,4023,4098
389461,4024,4101
135322,4027,4086
63178,4028,4089
16423,4028,4102
258261,4031,4098
51471,4275,4321
220998,4372,4447
72869,4384,4467
58262,4393,4449
202314,4399,4490
261764,4428,4492
268818,4429,4494
200451,4430,4489
370333,4445,4497
394642,4448,4535
15096,4457,4516
42789,4458,4541
28091,4465,4536
129947,4476,4569
344700,4483,4558
224639,4489,4551
