173096,159,208
80829,249,313
121915,249,321
383840,281,333
186556,389,451
402504,389,471
402505,389,494
94599,400,484
52006,624,722
381637,632,725
381638,632,737
197,641,722
19770,642,703
258738,668,735
365864,683,753
206480,689,745
118812,690,759
28256,716,786
132724,772,858
380637,794,876
130867,800,885
190772,840,894
190773,840,898
291577,845,894
340035,847,937
100875,861,923
246533,863,927
400645,1012,1073
113961,1108,1161
12008,1198,1261
61199,1203,1262
52175,1214,1284
353631,1219,1285
353630,1220,1280
308498,1229,1284
207349,1233,1285
367095,1235,1284
170168,1476,1526
128898,1476,1533
123293,1476,1546
378474,1486,1549
24188,1495,1548
231594,1495,1564
309658,1496,1558
79589,1498,1574
136540,1500,1552
121473,1503,1566
127888,1515,1577
257648,1528,1576
254488,1717,1784
95735,1807,1871
225741,1810,1875
376706,1818,1877
122520,1835,1888
92935,2122,2197
266211,2135,2193
223456,2152,2197
87978,3076,3139
164966,3211,3273
70871,3230,3299
309297,3234,3299
159872,3236,3301
386954,3284,3349
354788,3396,3446
318247,3396,3488
42078,3399,3483
163206,3403,3490
108356,3407,3485
103021,3419,3489
278018,3421,3488
3265,3421,3493
15825,3424,3489
383947,3541,3606
171691,3541,3613
16967,3542,3608
224873,3544,3604
234763,3544,3611
42079,3547,3606
3265,3547,3614
387019,3715,3831
197843,3999,4085
197844,4013,4131
59537,4017,4105
180231,4022,4130
115149,4026,4138
113962,4028,4140
57816,4041,4125
3267,4042,4121
45201,4043,4133
400646,4045,4123
59535,4046,4135
93827,4047,4105
217527,4048,4130
402503,4048,4140
87977,4051,4121
257676,4052,4123
274782,4055,4141
9551,4057,4131
10115,4058,4140
224874,4063,4124
348420,4066,4123
78759,4066,4127
106757,4069,4125
203108,4070,4131
153035,4071,4124
87718,4084,4200
159628,4098,4158
52176,4125,4179
260034,4137,4215
260035,4142,4215
120917,4146,4210
343582,4146,4212
139161,4147,4215
72325,4148,4211
366947,4155,4215
244495,4165,4215
380374,4297,4365
184512,4300,4365
96503,4301,4366
302993,4302,4368
85744,4431,4538
204881,4436,4500
198048,4437,4533
85743,4440,4548
366948,4473,4568
202455,4512,4576
237562,4565,4636
254489,4642,4749
237563,4648,4741
22415,4660,4742
99092,4662,4738
260036,4669,4746
212251,4691,4744
10116,4946,5032
402506,4955,5032
388955,5011,5089
114786,5013,5084
76877,5017,5089
177858,5021,5075
348742,5125,5181
298707,5554,5612
327115,5554,5617
46443,5554,5625
10117,5555,5631
102889,5558,5634
323632,5559,5615
123977,5569,5647
78868,5583,5644
381252,5584,5645
197991,5589,5648
5839,5867,5931
388727,5868,5925
84272,5871,5915
225737,6130,6194
287641,6131,6199
56142,6146,6207
275824,6152,6257
69331,6158,6219
26930,7094,7162
60519,7094,7168
37227,7095,7164
146553,7095,7216
185816,7099,7162
150820,7100,7206
237564,7102,7164
322201,7110,7205
407102,7110,7242
237565,7111,7228
38322,7112,7237
197540,7116,7234
49033,7118,7236
183261,7124,7235
350008,7140,7229
76795,7148,7224
59538,7149,7236
281358,7150,7238
156214,7160,7209
52580,7163,7238
260037,7164,7285
52581,7165,7209
137506,7166,7256
257674,7166,7261
225738,7171,7261
62321,7243,7301
204395,7245,7302
242490,7247,7302
59534,7423,7484
291743,7512,7580
184369,7635,7696
163737,7644,7724
197801,7647,7710
275400,7658,7725
234056,7668,7729
378258,7846,7903
102469,7853,7918
153626,7872,7928
154817,8143,8211
271615,8150,8213
114693,8151,8212
104987,8168,8234
252443,8180,8256
75302,8193,8286
207858,8198,8287
76454,8199,8277
121916,8204,8275
42080,8207,8294
173065,8208,8305
238949,8210,8273
69332,8211,8283
350763,8212,8271
73056,8212,8279
315987,8213,8277
30466,8213,8286
383796,8213,8289
161399,8219,8282
142749,8250,8316
289943,8352,8438
380373,8353,8432
175374,8358,8439
312918,8358,8451
400582,8430,8491
346569,8447,8508
353075,8639,8694
155487,8639,8698
76876,8639,8701
206479,8641,8701
309659,8643,8702
6785,8644,8697
206478,8644,8700
190465,8646,8697
64553,8647,8701
25253,8649,8701
6222,8669,8744
334266,8679,8727
13910,8679,8742
366739,8684,8737
296843,8699,8800
204882,8704,8777
157824,8704,8797
58522,8716,8794
302992,8716,8798
173097,8728,8795
289944,8729,8801
6623,8738,8796
139162,8744,8794
323299,8793,8859
204622,8825,8875
274469,8956,9018
316796,9362,9457
390292,9386,9467
364431,9396,9466
216088,9412,9467
138166,9414,9466
155488,9678,9741
27450,9715,9765
244209,9728,9782
225743,9920,9998
315986,9924,10037
225742,9937,10016
142748,9939,10029
23830,9942,10037
194609,9943,9994
28257,9952,10036
289945,9954,10010
9377,9956,10037
109954,9957,10003
133380,9970,10032
110354,9981,10051
61082,9982,10060
173227,9983,10037
147650,9985,10043
121693,9998,10096
284553,10037,10100
403279,10054,10106
238212,10089,10134
298322,10097,10172
88382,10157,10210
48965,10236,10297
83098,10237,10286
352366,10237,10296
256946,10239,10291
403280,10240,10286
310252,10241,10296
59536,10728,10778
147651,10729,10790
66195,10730,10794
345961,10732,10783
357769,10734,10790
111509,10735,10791
377576,10754,10869
245470,10755,10842
225739,10758,10823
345002,10759,10821
209,10759,10830
161763,10759,10833
228970,10759,10846
307103,10762,10835
208989,10764,10842
323633,10766,10836
225740,10777,10890
225173,10789,10878
222531,10789,10896
390340,10794,10875
93530,10794,10887
68084,10796,10860
179010,10799,10887
77289,10799,10914
38321,10800,10897
177857,10800,10907
57948,10802,10896
336017,10803,10881
38323,10805,10898
51588,10807,10892
64199,10813,10905
366946,10814,10913
216002,10815,10923
137505,10817,10916
236640,10850,10922
257649,11221,11336
246256,11280,11343
87722,11512,11573
102082,11513,11591
170169,11526,11583
150729,11530,11592
332427,11531,11601
20462,11532,11634
236639,11537,11605
298708,11537,11659
315985,11539,11642
64554,11542,11605
284554,11545,11623
374534,11554,11628
207859,11554,11631
104731,11554,11656
110926,11554,11681
268310,11555,11626
393537,11556,11630
178313,11556,11644
323631,11557,11635
284690,11557,11641
20461,11559,11634
35859,11561,11627
188601,11562,11626
369975,11564,11642
224656,11568,11629
272192,11584,11655
358959,11587,11652
110927,11594,11696
39870,11597,11659
163040,11604,11673
166593,11610,11658
112616,11610,11661
284555,11611,11656
395142,11611,11679
47094,11618,11701
284101,11618,11705
237566,11621,11711
172537,11625,11705
337323,11635,11702
197802,11785,11856
214599,11791,11871
76874,11799,11873
13776,11810,11868
72278,11824,11877
96379,11824,11897
204124,11847,11901
134203,11940,12043
232801,11953,12020
264247,11953,12026
87979,11954,12045
401722,11954,12062
254490,11955,12058
375185,11955,12067
3267,11964,12041
257675,11964,12044
80379,11964,12070
70872,11969,12030
57817,11975,12043
93356,11975,12048
146554,11978,12070
191453,11980,12041
380636,11980,12044
76875,11983,12044
87719,11988,12062
229926,11992,12045
6192,11992,12061
114655,12017,12070
3266,12509,12586
8827,12871,12942
402815,12986,13037
3266,13131,13207
245471,13750,13812
212252,13750,13828
319956,13791,13856
6442,13802,13858
254491,14124,14204
1380,14278,14344
316795,14300,14366
316797,14381,14448
117915,14392,14459
130951,14398,14449
333456,14399,14464
272509,14434,14530
114486,14450,14523
317790,14457,14515
130950,14542,14627
297161,14544,14608
323335,14554,14623
248405,14555,14616
320053,14556,14602
224451,14563,14626
94569,14639,14704
113190,14762,14821
82715,14805,14866
30592,14910,14960
268625,14957,15016
9677,14961,15026
237567,14984,15059
65298,14984,15062
153627,14987,15071
309660,14988,15069
57818,14990,15071
29997,15005,15082
49799,15008,15071
127825,15011,15082
64906,15024,15081
13768,15025,15080
130866,15025,15082
267171,15026,15079
294622,15029,15081
56008,15156,15221
32603,15285,15348
131521,15303,15366
345178,15303,15370
365586,15332,15395
90253,15517,15586
378475,15535,15599
256947,15802,15887
272510,15839,15911
329129,15873,15938
29636,16823,16900
1155,16828,16892
182079,16835,16902
308515,16837,16897
398521,16877,16934
332351,16937,17022
72326,16938,17003
407654,16938,17013
65288,16958,17027
99533,17174,17238
400118,17174,17242
136480,17174,17249
332462,17188,17236
332350,17188,17249
236607,17193,17245
10118,17285,17346
136478,17285,17350
127199,17285,17354
136479,17285,17361
39157,17285,17368
252114,17287,17365
90276,17289,17360
356848,17295,17349
314094,17295,17360
336431,17295,17366
242491,17309,17373
326744,17315,17376
51587,17315,17378
160618,17317,17378
308642,17320,17378
131603,17323,17378
