122514,156,237
329913,241,315
296211,245,312
357812,246,318
190913,260,345
226286,265,317
181640,266,316
131804,266,339
269030,271,345
236295,290,351
245596,299,378
183075,343,407
301027,343,410
135773,399,449
12431,506,574
255244,511,573
249980,511,577
289772,513,577
185884,514,581
240037,516,578
25579,533,594
240038,536,620
400260,623,687
151643,627,733
114631,642,733
150118,644,736
52660,665,727
112401,666,726
29627,921,987
267306,1355,1473
337491,1358,1469
186410,1359,1459
296287,1363,1418
267307,1673,1760
220373,1692,1760
387189,1705,1754
187924,1968,2017
132146,2195,2260
185227,2209,2261
288136,2217,2261
144985,2416,2484
132270,2423,2496
133286,2426,2485
280450,2429,2497
314643,2442,2510
4550,2454,2518
404558,2504,2558
17021,2673,2736
245461,2699,2764
48579,2701,2762
261381,2709,2765
154869,2832,2896
18222,2843,2907
166801,2847,2911
151775,2849,2916
229449,2850,2913
52090,2853,2915
62780,2856,2917
198784,3040,3096
144290,3141,3199
292155,3142,3214
85499,3143,3201
386781,3352,3398
135629,3353,3458
379701,3356,3442
274007,3359,3418
79705,3359,3444
375354,3365,3453
164335,3366,3459
88051,3370,3466
5672,3375,3459
169483,3658,3740
85510,3676,3750
183184,3687,3740
183185,3689,3761
386638,3690,3747
216569,3705,3780
359978,3712,3793
78297,3721,3793
408414,3732,3793
75970,3734,3781
273518,4417,4478
399882,4423,4484
379259,4683,4784
258664,4738,4807
135628,4760,4842
337492,4762,4823
32161,4763,4827
230794,4765,4826
183826,4772,4833
21683,4780,4846
114632,4781,4850
265311,4783,4849
242904,4786,4827
376194,4788,4845
339319,4789,4859
341390,4796,4858
55636,4809,4871
379259,4974,5076
24061,4990,5056
251678,5009,5058
128802,5037,5110
95725,5043,5104
386951,5051,5111
161752,5067,5110
184021,5351,5408
25498,5351,5417
