83863,85,150
254057,87,146
101948,166,220
231863,237,317
249253,249,316
276800,250,311
343417,250,314
44147,251,328
233974,252,316
227978,252,356
320226,255,321
184833,257,328
320225,260,322
337818,269,332
155833,270,342
155834,270,351
276315,271,348
54537,273,352
335153,276,339
233975,278,352
280622,280,351
51073,283,336
3003,283,347
320227,283,375
267443,285,348
282298,288,350
203493,288,359
207891,288,385
310246,289,369
197228,289,375
65049,290,353
5858,290,355
267648,290,367
134609,292,378
237009,294,357
41823,295,374
350669,311,378
270001,316,381
92999,322,384
144222,326,387
114649,326,421
1391,328,388
54668,328,406
305124,333,398
13840,342,407
125594,346,409
216134,355,404
22891,356,424
151038,358,423
109111,359,409
313046,359,433
125595,394,443
325848,446,507
407310,448,509
369905,449,524
277957,449,542
395501,450,522
169041,451,538
357752,460,533
57510,462,524
155646,465,539
8616,467,525
218476,467,555
74607,468,513
24799,469,520
336000,469,541
336561,469,547
24161,483,543
253533,488,556
103387,575,627
133103,575,645
34984,582,660
83866,589,645
24120,592,634
214451,596,676
396562,599,661
212003,628,679
194051,751,830
96352,752,828
313500,764,827
333620,764,843
162559,766,828
94385,768,828
24119,771,828
92250,787,849
261942,1121,1179
17730,1291,1354
314330,1293,1368
5785,1295,1356
231864,1428,1505
15459,1788,1847
263428,2335,2430
366949,2340,2421
367350,2340,2444
367349,2344,2433
197227,2346,2421
127672,2353,2440
277945,2365,2429
134825,2366,2427
397883,2369,2432
186926,2370,2431
37971,2370,2433
118399,2374,2437
28817,2376,2437
9889,2392,2445
344893,2520,2570
177644,2521,2575
174380,2548,2627
174379,2574,2629
248624,2873,2949
29863,2874,2940
71848,2874,2943
144572,2874,2956
15458,2876,2954
403,2877,2957
19017,2881,2942
42142,3226,3290
283744,3238,3310
168004,3629,3671
291959,3629,3707
56402,3639,3728
157849,3640,3737
402997,3865,3961
382152,3877,3957
190486,3892,3967
10053,3894,3962
282717,4125,4185
357108,4190,4263
16762,4194,4269
357505,4351,4460
113441,4356,4447
330942,4360,4472
76810,4363,4465
20819,4363,4470
284009,4365,4448
280124,4366,4462
396960,4373,4461
107140,4374,4459
1155,4378,4464
43342,4400,4473
16093,4404,4466
34034,4417,4473
9885,4717,4784
116954,4797,4866
157850,5133,5251
360226,5134,5236
96254,5144,5201
85122,5167,5232
28455,5489,5571
231767,5503,5568
68877,5504,5570
71652,5504,5575
127116,5504,5588
62987,5510,5578
62416,5516,5577
402028,5518,5579
364484,5518,5595
77397,5518,5610
366095,5519,5580
153205,5521,5576
178801,5529,5598
212677,5533,5597
134610,5534,5605
103639,5534,5608
38405,5534,5611
113639,5544,5599
83864,6033,6116
382148,6045,6102
175557,6080,6172
298799,6086,6149
80959,6087,6179
204358,6088,6157
79514,6091,6143
381678,6091,6148
135116,6092,6141
279465,6092,6160
252561,6097,6160
185511,6098,6146
300561,6102,6165
353085,6103,6157
81470,6103,6161
232013,6111,6179
200662,6119,6180
227979,6126,6181
280405,6794,6862
281942,6800,6864
289044,7123,7176
265676,7252,7311
345544,7838,7899
109849,7845,7919
121512,7850,7920
382147,7869,7924
44800,7872,7923
93000,8045,8114
197564,8054,8118
382146,8057,8106
267890,8136,8217
151411,8139,8189
319661,8298,8351
12460,8326,8381
107141,8354,8420
123144,8379,8454
304826,8407,8466
346569,8756,8810
201087,9127,9189
278047,9196,9259
244532,9213,9268
322915,9599,9661
349093,9638,9700
222009,9639,9696
240970,9640,9700
162467,9643,9704
106506,9645,9724
148411,9647,9711
183851,9648,9703
23442,9648,9718
108914,9648,9746
352928,9648,9753
121900,9653,9702
239174,9703,9762
132290,9711,9773
162695,9712,9760
156530,9714,9768
130218,9716,9763
237176,10147,10197
5361,10149,10202
331449,10160,10217
184273,10163,10216
276368,10420,10481
126374,10469,10541
102918,10475,10540
8828,10480,10541
168005,10757,10806
308925,10887,10958
383839,10893,10958
254755,10900,10965
4944,10901,10960
376605,10901,10962
376606,10901,10967
130936,10902,10957
239399,11168,11230
208987,11169,11245
33240,11170,11238
351865,11171,11232
34036,11183,11245
225870,11184,11246
34035,11189,11245
72731,11431,11488
3004,11435,11503
22729,11665,11712
89409,11760,11822
191387,12394,12461
107140,12394,12466
76809,12394,12470
167215,13048,13110
109308,13076,13147
394017,13081,13146
90825,13472,13520
370378,13473,13536
53577,13478,13530
58498,13478,13549
144438,13486,13536
343151,13490,13539
353037,13658,13719
15460,13682,13753
151410,13698,13751
75674,14586,14679
3005,14882,14954
74608,14882,14960
324221,14883,14952
28456,15147,15211
168183,15150,15211
167214,15419,15479
407308,15419,15529
316471,15458,15529
128027,15477,15551
40034,15482,15553
346568,15483,15559
168182,15800,15868
277946,15800,15875
160723,15800,15909
143265,15800,15925
257029,15800,15932
131240,15803,15886
163640,15805,15849
385624,15807,15879
35945,15810,15868
70574,15810,15923
374866,15811,15898
176626,15812,15870
322913,15817,15894
407309,15817,15919
135117,15819,15925
231880,15822,15887
244135,15830,15912
322914,15831,15920
174455,15838,15932
103640,15839,15916
23613,15841,15913
218878,15842,15932
178800,15847,15924
313153,15850,15920
73535,15861,15921
308305,15861,15925
16334,15863,15926
50281,15871,15932
354001,16826,16888
189558,16953,17032
107141,16993,17046
98031,16995,17059
109422,17266,17315
198080,17266,17323
34397,17266,17326
283745,17267,17327
196379,17268,17315
177649,17268,17323
369904,17269,17326
28780,17270,17318
27113,17273,17324
261825,17273,17338
120083,17277,17331
105721,17289,17343
134649,17583,17637
327629,17583,17639
47297,17776,17840
4945,17780,17853
391213,17791,17855
393776,17792,17858
316573,17808,17869
381985,17809,17870
125963,17812,17869
374865,17820,17869
271262,17966,18025
357623,17975,18038
249254,18303,18364
86013,18349,18405
203494,19268,19325
265753,19307,19367
79902,21202,21260
27429,21223,21292
75306,21661,21729
255165,22039,22133
70150,22041,22140
70151,22041,22159
289472,22050,22122
69723,22054,22115
276363,22056,22117
232861,22057,22118
268128,22065,22164
152442,22069,22145
219880,22071,22164
146084,22074,22175
370295,22085,22160
374118,22086,22162
23416,22095,22145
175643,22096,22166
371143,22098,22156
164113,22104,22162
31335,22106,22172
389781,22107,22168
343125,22109,22157
406218,22109,22164
200022,22109,22181
169313,22109,22196
397884,22115,22185
220483,22115,22194
229754,22118,22181
167143,22120,22193
325342,22129,22201
325341,22129,22216
327169,22132,22188
198678,22144,22200
133289,22151,22201
35933,22157,22233
268301,22161,22219
126874,22391,22437
198519,22575,22643
27114,22575,22647
134648,23219,23281
212235,23499,23574
28818,23502,23561
41339,23504,23567
8360,23505,23571
212678,23514,23619
143193,23578,23641
292777,24375,24443
255164,24376,24452
179387,24588,24641
399460,24790,24909
178224,24823,24909
92191,24832,24886
399461,24832,24910
335325,24844,24909
245614,24845,24907
