112749,323,399
112748,323,409
69430,428,505
69431,444,507
15832,453,563
69433,473,530
69435,479,538
15833,483,582
69434,514,581
249257,519,580
249260,634,709
249258,653,762
69432,688,815
15829,896,977
249256,896,983
354839,897,969
168240,897,981
365703,898,964
15828,902,1010
54410,903,1042
126487,906,986
205686,909,1017
25838,923,1043
354840,942,1041
353424,969,1024
401792,971,1020
21526,974,1062
69430,989,1085
231337,1003,1096
211641,1005,1075
69431,1005,1083
249259,1005,1136
130167,1006,1077
352410,1011,1073
106337,1015,1096
1175,1016,1075
113921,1021,1084
15831,1024,1156
360511,1026,1092
64321,1027,1089
243601,1030,1089
35449,1031,1101
168434,1033,1096
142647,1034,1114
148416,1034,1121
379187,1036,1099
311511,1036,1101
136170,1037,1100
61878,1038,1116
249257,1041,1134
387393,1046,1113
310119,1047,1116
69433,1048,1125
167005,1055,1117
126794,1055,1121
389571,1056,1118
175361,1056,1120
69434,1110,1194
15830,1112,1216
69435,1130,1196
69654,1206,1272
124238,1213,1274
69432,1262,1385
133308,1550,1620
213853,1551,1625
