117012,86,142
170969,109,172
296342,223,266
221592,223,287
242,223,298
71172,223,319
385593,223,322
366020,223,333
282013,224,293
837,224,339
188655,231,357
296341,235,294
119911,281,418
87146,286,405
210193,289,420
8265,297,428
331618,298,383
257376,300,393
130807,307,418
383912,310,432
48804,312,450
396479,315,432
81320,320,441
188654,320,454
338893,324,433
314523,343,433
37018,360,426
266482,390,455
274121,405,461
145266,455,571
386035,462,571
217800,484,572
66500,503,571
33514,504,567
214760,509,560
221203,517,564
77678,519,571
117026,734,813
337418,754,831
304617,755,811
406779,791,865
361922,791,893
402275,801,890
382742,801,893
382743,802,888
368447,803,864
47009,803,896
248789,804,873
117606,845,901
161212,909,974
317320,914,962
382744,915,971
402276,916,973
314088,1012,1069
56113,1017,1083
387833,1017,1108
143347,1017,1112
342217,1024,1070
34278,1024,1082
134211,1027,1079
242729,1027,1081
158007,1027,1089
59242,1027,1091
160987,1027,1106
295384,1028,1070
78703,1028,1073
378663,1035,1099
317379,1046,1110
40277,1050,1113
30826,1267,1321
269965,1299,1347
116474,1511,1594
188817,1511,1602
313552,1512,1573
385888,1512,1613
342,1515,1618
60699,1516,1627
238669,1520,1571
145264,1520,1595
119912,1520,1627
309386,1521,1688
172074,1523,1632
116473,1523,1644
60698,1523,1672
117027,1529,1644
145263,1530,1602
71320,1532,1662
385594,1534,1685
69772,1537,1669
313551,1538,1611
184815,1539,1597
213911,1542,1669
385887,1542,1675
196814,1543,1690
179388,1549,1678
137063,1550,1671
22539,1558,1652
7986,1562,1650
23973,1563,1624
282413,1566,1661
82165,1568,1649
235106,1569,1621
15829,1569,1640
337419,1571,1629
117013,1571,1659
385590,1571,1685
37890,1574,1656
15828,1574,1665
82164,1578,1676
313550,1579,1642
117028,1579,1687
390317,1586,1642
182452,1586,1671
190265,1593,1664
37889,1598,1676
184816,1604,1688
4957,1606,1689
317331,1633,1689
189631,1635,1685
274319,1739,1801
205042,1739,1803
105736,1739,1805
246328,1740,1782
43241,1742,1798
43240,1742,1800
387899,1742,1815
15832,1742,1869
38398,1743,1808
385591,1743,1844
15831,1743,1855
369759,1752,1801
110798,1752,1808
318027,1752,1820
356016,1752,1835
377540,1753,1815
249257,1754,1836
161966,1757,1823
385186,1769,1832
73985,1770,1861
15833,1778,1895
312390,1782,1874
15830,1813,1916
130376,1821,1897
73985,1826,1932
325414,1840,1900
252350,1878,1935
385592,1888,2009
385595,1904,2037
323261,2186,2253
349077,2189,2254
343996,2206,2258
16975,2288,2393
188653,2293,2394
5645,2294,2379
385544,2309,2374
343574,2309,2390
204812,2309,2394
28842,2461,2527
360662,2589,2652
393328,2591,2652
326093,2754,2819
147582,2758,2820
173169,2786,2860
79588,2803,2860
279128,2806,2879
157253,3051,3156
273477,3060,3175
145265,3074,3175
81321,3082,3175
37100,3092,3156
257375,3093,3175
166663,3098,3175
142511,3104,3172
281775,3107,3168
126851,3111,3171
211783,3112,3158
161213,3120,3174
221736,3124,3173
