63173,207,318
131838,208,264
200045,210,263
51101,212,271
8952,228,349
378543,249,336
308346,250,312
12594,250,352
149717,256,355
27489,258,346
52863,258,350
323189,262,347
197111,264,362
100324,265,335
334286,267,362
108439,269,343
375722,269,352
259425,270,356
43233,276,342
387340,278,358
128353,280,346
233939,288,362
379956,290,345
248489,304,362
163718,545,633
233923,562,620
123935,782,828
343162,938,988
125659,1139,1191
289641,1234,1285
150404,1353,1420
142820,1354,1415
24006,1354,1441
322259,1355,1418
291518,1355,1453
215649,1356,1460
195319,1357,1450
3951,1357,1468
389357,1360,1471
12748,1366,1465
141088,1368,1478
77347,1370,1437
12593,1374,1452
3935,1375,1477
277944,1422,1491
341283,1423,1484
128274,1620,1700
180916,1627,1699
388497,1629,1698
27293,1630,1696
81970,1631,1700
7357,1632,1693
82576,1634,1701
185683,1637,1695
166656,1638,1701
20854,1640,1695
31033,1640,1700
5042,1641,1697
31034,1642,1700
182530,1644,1701
173605,1753,1811
261482,1753,1817
374588,1753,1828
374658,1754,1818
31979,1759,1818
204590,1870,1943
273749,2194,2282
188470,2204,2287
107490,2213,2280
236240,2216,2299
107621,2219,2276
250879,2221,2324
380498,2948,3015
172680,3067,3125
261904,3625,3684
284894,3627,3717
343163,3635,3683
112063,3652,3720
371715,3652,3723
349899,3653,3717
199929,3662,3723
50609,3768,3837
337669,3782,3841
146464,3991,4056
52862,4117,4180
68767,4118,4172
382964,4119,4170
33879,4119,4176
238020,4295,4357
106979,4296,4355
182531,4301,4357
108438,4307,4357
169660,4545,4588
90092,4546,4596
182574,4546,4600
361739,4550,4591
135710,4942,4996
362643,5129,5195
302596,5130,5184
381885,5130,5201
250878,5130,5223
91503,5130,5233
348378,5299,5369
222675,5310,5368
77596,5317,5391
329496,5326,5392
206502,5440,5495
365175,5620,5675
109318,5620,5679
74620,5620,5684
197110,5620,5703
124751,5620,5707
133397,5621,5677
74752,5621,5688
33577,5621,5691
91731,5623,5699
323867,5665,5725
