113523,553,620
323991,587,650
100570,736,793
375420,736,799
173435,736,808
29388,738,804
65294,739,803
15280,739,818
280493,741,803
121143,741,805
163371,743,802
392288,748,810
185775,749,809
42033,751,808
8916,752,806
191653,752,814
56137,753,807
401605,754,805
78567,755,816
58861,771,834
148661,772,843
197171,775,839
87707,775,846
121576,1029,1096
295090,1340,1417
362474,1349,1412
100284,1513,1578
388454,1513,1598
322113,1515,1578
165265,1545,1618
174719,1572,1643
122561,1642,1707
142902,1647,1706
295089,2002,2065
109066,2002,2086
121575,2003,2064
47089,2004,2088
109065,2005,2084
292020,2018,2084
1965,2020,2093
76334,2025,2074
234426,2026,2087
95242,2026,2091
292021,2036,2111
68669,3620,3668
382615,4120,4183
386348,4126,4201
325630,4138,4199
20018,4436,4497
68317,4497,4545
244036,4568,4635
295091,4852,4945
295091,5425,5503
295088,5714,5803
396514,5738,5801
77214,6212,6277
313327,6620,6672
110922,6622,6675
357063,6756,6822
129327,6773,6837
83917,6844,6906
121574,8023,8107
404089,8399,8454
90935,8402,8455
