9891,480,541
252322,599,674
318274,619,679
348969,2700,2761
379209,2944,3006
362525,2948,3011
286967,3465,3569
271267,3467,3530
226916,3489,3566
394181,3509,3581
330916,3527,3583
215298,3736,3780
214282,4089,4172
226916,4089,4176
334673,4090,4154
335226,4090,4183
377995,4091,4187
254823,4096,4171
105838,4101,4165
65680,4103,4184
68207,4104,4169
343532,4111,4172
280000,4113,4176
2589,4117,4175
83553,4117,4178
9953,4117,4192
15209,4118,4195
355773,4120,4184
284765,4120,4200
175254,4121,4183
241189,4123,4193
75798,4124,4175
169941,4124,4190
25338,4125,4197
388005,4128,4199
65679,4131,4193
136790,4133,4200
124553,4134,4197
241461,4134,4207
284764,4136,4198
100991,5778,5839
