352008,141,205
172526,231,280
198368,543,613
894,720,781
206990,720,784
378562,725,786
292989,725,807
296733,729,792
220337,730,794
163371,732,792
141175,732,804
97857,734,832
377449,741,804
8916,743,795
56137,743,798
197171,764,828
280276,766,841
147085,768,831
54306,772,828
251760,1117,1186
87742,1124,1219
295924,1126,1213
89467,1129,1209
89468,1134,1200
225103,1135,1221
389030,1140,1203
383505,1145,1208
249038,1146,1236
138013,1147,1238
318274,1148,1212
71325,1148,1219
296266,1155,1216
85875,1155,1220
93041,1159,1219
181699,1164,1230
139966,1166,1232
392986,1169,1233
110912,1171,1232
87347,1177,1239
17759,1299,1372
8150,1302,1362
198328,1303,1364
99622,1307,1372
18477,1336,1401
175936,1470,1530
188854,1472,1573
242615,1473,1528
407400,1480,1594
161958,1496,1567
237204,1501,1589
100284,1503,1568
70935,1503,1580
295923,1505,1569
237203,1505,1607
237201,1507,1616
162587,1514,1588
180382,1529,1588
182940,1530,1589
237202,1534,1632
165265,1535,1609
66083,1656,1719
224971,1657,1716
233579,1986,2047
47089,1992,2078
109065,1994,2074
269335,2009,2074
255545,2009,2078
1965,2009,2084
329276,2015,2066
72874,2015,2081
5761,2016,2065
365650,2016,2078
301571,2016,2086
363332,2016,2097
363998,2028,2103
237205,2866,2933
26026,2873,2932
391557,3607,3658
121575,3921,3969
185597,3926,3989
283815,4097,4165
327063,4106,4163
42927,4482,4533
382310,5180,5257
23875,5207,5263
121574,5414,5488
365495,5415,5485
66084,5556,5618
365494,5700,5788
269334,5709,5787
226449,5896,5964
121576,6442,6499
280275,6445,6499
110922,6612,6666
76555,6614,6656
226285,6767,6823
239646,7055,7126
365494,7877,7965
311513,7994,8046
365495,8013,8092
317363,8017,8087
