172900,77,139
401957,79,160
6354,86,154
226753,87,197
183994,120,188
141310,135,232
189770,142,232
367192,149,248
3543,150,230
9188,150,234
377042,152,231
367013,152,242
55358,154,243
58691,168,232
105483,169,234
3543,172,232
402722,174,233
302896,174,278
395568,175,230
217360,175,296
319458,181,276
319457,198,284
354182,341,403
352737,381,446
339428,623,726
180904,623,737
132537,657,722
267224,657,732
139905,805,881
168275,833,902
107801,1100,1149
408601,1204,1264
79079,1207,1264
347785,1207,1269
336526,1363,1442
169632,1391,1466
358369,1394,1460
125513,1396,1472
6999,1409,1472
124364,1591,1696
183089,1680,1752
381105,1680,1758
199323,1685,1752
327990,1694,1757
265260,1833,1912
277551,1838,1903
94681,2064,2125
3386,2191,2244
201965,2191,2247
64589,2191,2254
342628,2192,2253
269391,2193,2245
94680,2193,2263
147115,2206,2275
201369,2208,2281
168276,2208,2322
199324,2214,2280
149518,2224,2276
68514,2272,2354
175483,2274,2361
224647,2394,2458
281221,2427,2482
137952,2435,2482
273056,2601,2710
360827,2675,2767
158047,2704,2774
339429,2709,2775
28863,2711,2790
347504,2712,2766
66846,2717,2782
267223,2720,2774
362643,2720,2792
316094,2726,2793
163586,2731,2790
125514,2774,2831
116841,2774,2841
267225,2777,2854
296999,2777,2861
7000,2778,2839
324364,2778,2864
6998,2779,2831
279089,2787,2860
402008,2808,2866
53673,2928,2990
285927,3085,3157
144645,3091,3145
282321,3092,3156
127342,3104,3156
322291,3104,3168
89074,3105,3161
169103,3108,3177
304229,3111,3183
4489,3172,3235
312074,3178,3235
66132,3417,3478
27953,3712,3780
345421,3725,3801
43615,3726,3793
271880,3732,3803
283231,3738,3805
78880,3744,3805
299991,3753,3803
124364,3756,3851
271235,3757,3820
95060,3758,3834
77017,3769,3836
310784,3785,3841
128820,3786,3846
36720,3802,3851
362314,3804,3871
206210,3821,3874
133956,3871,3925
12445,4141,4202
265852,4152,4221
192313,4229,4292
353281,4282,4338
223912,4298,4362
8909,5016,5079
40911,5102,5168
250119,5135,5188
96353,5253,5321
194854,5253,5330
255323,5267,5346
265851,5278,5349
365089,5283,5350
115804,6451,6514
11760,6454,6504
336525,6644,6713
35200,6650,6715
35199,6653,6712
167981,6657,6714
137163,6658,6712
394295,6663,6713
130623,6669,6718
310757,7981,8030
