136469,1122,1185
396514,4346,4417
391376,4771,4837
177428,4772,4839
157390,4801,4874
150311,4816,4877
292575,5061,5131
93455,5112,5166
137530,5331,5397
157483,5342,5405
17759,5348,5421
41337,5351,5411
206033,5666,5720
390323,6014,6096
65144,6063,6128
177323,6065,6127
152949,6066,6135
121050,6069,6145
171496,6073,6140
121849,6886,6956
234231,6903,6964
185245,7561,7626
149627,7564,7629
2169,7565,7627
17980,7571,7626
284650,8079,8166
168924,8139,8203
321646,8466,8527
244036,8602,8668
235539,8843,8910
112686,8871,8932
295091,8886,8978
269335,9031,9094
356912,10758,10822
214033,10780,10842
349901,10785,10831
15281,10785,10840
345813,10786,10849
241729,10788,10850
269334,11923,12003
304907,12813,12892
109742,13320,13372
136470,13454,13511
276471,13953,14002
171498,14237,14321
373683,14241,14331
327950,14246,14298
171497,14252,14344
271959,14260,14330
210534,14265,14331
130531,14267,14337
123089,14268,14334
372192,14269,14330
343653,14282,14334
163747,14285,14338
115284,14285,14356
259642,14299,14372
9176,14424,14495
115760,14441,14494
338228,14759,14821
197004,14966,15028
399793,15837,15899
