262282,986,1045
134474,986,1054
186609,989,1057
6166,990,1050
142151,992,1054
221853,997,1068
363334,998,1071
329012,1073,1138
29257,1714,1776
230548,1719,1775
241158,1724,1772
284842,1782,1836
31380,1794,1862
13379,1794,1872
108891,1801,1864
78139,1804,1868
27364,1806,1872
203583,1809,1873
313124,1821,1872
293201,3555,3620
251970,3693,3755
197914,3695,3796
145403,3696,3746
375029,3701,3763
29143,3706,3767
32106,3707,3769
342279,3708,3758
117916,3712,3778
367867,3712,3781
125147,3712,3792
356416,3713,3783
316366,3714,3780
109626,3714,3795
341796,3715,3792
50723,3716,3777
347363,3716,3785
283477,3717,3776
327899,3717,3796
271501,3720,3797
119384,3726,3784
128458,3727,3794
241897,4372,4433
47931,4372,4439
178775,4389,4438
166017,4391,4435
6688,4757,4804
129910,4975,5024
83924,6039,6103
403823,6234,6286
117842,6234,6301
345621,6240,6312
332138,6265,6324
136917,6546,6605
281103,7614,7657
28995,7740,7797
336830,7773,7842
282454,8272,8345
382671,8574,8618
133182,8575,8619
356191,8575,8625
219777,10885,10950
76131,10886,10947
400833,11454,11506
344014,12444,12492
54050,12445,12494
224875,12446,12514
288648,12451,12516
407413,12451,12525
287469,12452,12530
298992,12456,12516
270826,12456,12521
90258,12458,12517
142152,12459,12527
129457,12461,12530
200315,12465,12511
159217,12466,12521
81077,12466,12531
405368,12488,12551
279385,13180,13237
260876,13728,13781
240264,14889,14936
282320,14897,14959
271502,14899,14958
