220168,125,249
407998,126,276
82606,135,237
27647,135,307
81946,136,262
223343,137,248
27646,141,307
148675,142,221
277050,142,301
254770,144,251
62477,144,270
23874,147,208
173684,147,274
407997,148,263
173683,153,226
285176,153,237
301399,154,222
13569,156,223
92500,156,278
80041,157,234
4001,158,294
99451,160,230
1007,161,283
287799,162,237
74929,162,287
275623,163,271
201971,167,292
264234,169,234
23020,170,275
133606,170,288
249353,172,277
26986,176,295
130858,177,269
112760,179,275
97028,180,268
349528,182,282
165339,182,300
248145,189,295
95200,189,304
292082,193,268
292081,193,301
188875,201,280
230723,204,268
337326,204,298
27645,214,288
208549,227,288
15739,227,303
338667,230,296
9078,233,307
194718,342,411
52965,343,449
68497,343,465
95189,345,452
217630,346,463
202300,361,497
203984,363,456
332098,367,525
7927,369,456
27648,380,521
485,386,457
97167,389,461
308600,389,467
85908,390,454
11928,403,526
84717,408,524
223917,411,534
93678,411,544
227501,413,457
109860,419,493
289614,419,505
223807,421,543
335279,423,499
33086,426,540
268298,433,495
59732,449,539
185791,450,543
60140,453,541
302562,456,534
340229,456,540
93718,456,549
65552,459,540
56249,460,533
61635,461,551
26636,463,535
53861,464,522
341932,464,539
287516,466,541
384266,468,518
232665,469,548
102388,473,540
348602,533,634
93679,566,678
78185,566,719
187540,567,688
210874,568,642
76053,568,645
236453,568,655
146562,570,631
105425,572,695
234263,573,690
73387,573,709
344530,574,715
15801,575,650
8174,577,649
208622,578,647
233948,579,719
178918,586,672
214985,586,693
220602,587,715
290535,588,706
196782,588,710
349529,590,721
6804,592,706
407419,597,696
15802,601,719
17708,604,677
45960,606,712
323986,624,721
186149,630,721
218733,646,712
41767,873,934
236478,875,973
45588,892,952
184765,892,955
58009,895,975
355050,898,962
170316,899,970
48739,902,970
388270,902,1000
57074,907,977
218636,934,992
317910,934,996
399909,951,1011
309232,954,1018
146623,966,1025
205884,973,1048
23136,1225,1279
311272,1231,1285
117483,1266,1378
169761,1280,1384
15799,1514,1581
556,1689,1753
110896,1690,1752
217315,1761,1825
184764,1785,1857
66082,1786,1837
109740,1790,1837
135770,1790,1840
233455,1790,1856
231527,1791,1842
95190,1792,1876
103855,1793,1883
255728,1800,1846
334735,1805,1867
88272,1806,1862
108223,1809,1873
348601,1908,1986
175499,1997,2066
54225,2001,2067
334262,2359,2410
32882,2430,2497
154166,2440,2505
297936,2678,2755
366238,3155,3223
250276,3165,3231
182535,3185,3248
184937,3569,3626
7821,3569,3638
8687,3569,3643
146371,3569,3670
193481,3569,3674
314102,3570,3645
205451,3570,3648
183054,3571,3652
258729,3571,3672
315186,3572,3626
72944,3572,3634
34835,3573,3638
206522,3574,3643
194247,3622,3677
348601,3643,3716
338251,3920,3989
206523,3922,4028
19240,4215,4287
124161,4215,4306
217316,4216,4280
115446,4216,4301
348602,4219,4306
65551,4220,4280
205883,4238,4312
4539,4238,4340
371769,4242,4301
1190,4242,4303
135456,4242,4328
11927,4242,4335
305365,4243,4295
68421,4246,4303
15800,4251,4350
344292,4254,4340
71097,4256,4339
214167,4268,4346
106034,4272,4349
25272,4306,4358
87640,4314,4359
