225227,127,188
27556,128,192
84040,134,185
329502,135,190
286437,141,191
32732,247,301
395149,247,344
242,248,314
242,248,332
262933,248,356
209338,250,311
241,251,313
155303,252,327
119281,258,320
229037,259,321
298765,303,460
301969,315,485
76779,332,397
155437,333,485
328652,339,462
210193,343,464
92039,344,473
154018,345,485
130463,348,472
308024,351,470
239734,353,474
21506,355,471
321007,356,478
320326,359,472
226596,368,477
48804,369,485
37018,406,474
372154,412,479
227768,435,485
233551,541,606
239735,541,653
367250,542,670
335565,553,664
368830,553,671
319385,609,673
91129,651,710
79857,651,713
47352,652,711
334970,665,726
78986,701,782
272043,715,770
242,755,806
242,755,822
17736,755,826
328235,756,817
184499,756,828
85096,756,846
17738,757,842
242,757,850
39805,763,830
218877,763,852
328234,764,849
37477,878,982
389359,892,1005
254880,898,955
175259,899,1000
389358,920,994
291132,936,1007
247656,936,1011
365645,938,1008
13982,947,1010
302811,949,1008
104065,949,1010
129660,968,1024
9171,979,1031
314049,1003,1089
25951,1007,1117
298945,1032,1118
399636,1032,1143
163214,1035,1098
98079,1035,1152
103809,1036,1143
130794,1045,1149
385045,1048,1111
80480,1060,1153
70023,1061,1149
327529,1062,1138
58454,1063,1152
347381,1065,1145
298944,1068,1150
32695,1069,1153
90517,1070,1136
32696,1074,1152
239713,1075,1143
154017,1082,1142
116026,1086,1158
320325,1088,1157
314376,1090,1152
106693,1093,1141
285434,1093,1183
69370,1095,1156
100966,1098,1157
47120,1099,1162
385209,1116,1181
60115,1122,1175
37477,1136,1247
77117,1198,1255
334316,1211,1273
204727,1212,1276
237702,1215,1317
310571,1216,1275
314377,1245,1302
375234,1245,1312
272044,1247,1324
29000,1250,1346
56875,1251,1328
181187,1255,1351
337769,1259,1351
307292,1260,1324
71330,1263,1328
82410,1265,1328
41586,1267,1332
66217,1280,1356
128082,1281,1400
371854,1282,1343
300531,1287,1349
321486,1297,1405
48145,1305,1396
14227,1482,1569
60393,1485,1546
242820,1489,1579
200391,1491,1594
76216,1492,1541
89590,1495,1562
282352,1504,1605
282353,1504,1616
367892,1505,1570
169863,1505,1594
103700,1506,1611
172406,1508,1572
317281,1508,1587
359713,1515,1582
231344,1515,1597
89715,1517,1606
240419,1520,1582
408653,1522,1592
12573,1524,1591
66372,1524,1607
165127,1524,1637
2007,1528,1602
247188,1529,1628
96357,1531,1642
21459,1533,1594
63772,1538,1606
155304,1540,1601
230077,1545,1606
55026,1547,1615
192738,1548,1611
316034,1548,1618
247189,1548,1656
117113,1549,1614
164216,1550,1631
253861,1551,1612
391563,1552,1629
290572,1553,1627
41434,1556,1621
38157,1557,1622
136535,1562,1663
145431,1563,1624
405277,1572,1670
100309,1574,1656
207940,1579,1652
106128,1598,1664
199246,1599,1645
217078,1665,1723
176158,1665,1727
376358,1666,1720
336631,1669,1729
138055,1672,1720
318896,1678,1723
99355,1826,1886
37478,1892,1969
180541,1901,1971
142794,1917,1972
154016,1946,2012
17737,1957,2014
78173,2219,2272
133780,2223,2277
37478,2236,2323
30998,2262,2331
136617,2272,2339
347313,2273,2334
25052,2274,2325
221780,2275,2330
8791,2284,2334
29981,2285,2340
111045,2296,2349
63659,2297,2396
163215,2298,2372
4649,2303,2366
130993,2304,2401
262932,2306,2368
312515,2306,2400
145432,2313,2399
383980,2324,2400
223380,2327,2400
393665,2327,2413
29278,2329,2401
340543,2329,2416
100249,2330,2399
243,2343,2404
370542,2368,2485
171363,2388,2509
49009,2411,2495
320327,2411,2534
265613,2414,2529
17414,2417,2525
322612,2418,2519
274047,2419,2542
378793,2423,2521
205518,2424,2488
11309,2443,2517
36763,2444,2525
239156,2447,2512
87312,2450,2526
328804,2479,2520
267462,2484,2550
