31797,243,296
242,244,300
242,244,317
226473,296,418
59600,299,460
33146,313,386
353915,314,418
226472,315,466
301969,315,478
152849,318,462
2279,319,386
25240,323,385
405578,325,386
174345,327,453
279027,332,477
92039,336,463
8265,339,459
147704,343,463
21506,348,460
92038,352,468
374028,356,474
48804,359,479
226596,361,465
81320,363,471
353914,365,469
353916,367,456
41253,368,440
13428,383,464
37018,396,463
317655,398,456
389971,399,463
138729,405,468
275062,415,478
52893,421,479
227768,424,478
241560,540,589
11889,540,593
150689,541,588
349994,541,613
5741,543,662
45316,544,614
5741,544,634
16679,544,644
310517,545,624
58405,546,621
21448,547,612
396536,548,611
391949,549,610
376968,555,665
16680,556,658
13427,582,661
301968,584,663
175719,588,687
312250,594,659
206060,600,663
227274,601,657
21437,603,701
398738,612,686
252252,616,661
338749,617,687
383246,618,682
72555,618,689
308439,618,721
73568,619,685
343349,620,681
250999,620,706
200037,621,684
22402,623,684
198883,623,686
151807,625,681
314136,626,713
193445,627,690
403124,627,705
214570,629,687
367134,634,706
364995,637,705
16983,639,701
367980,639,709
59303,641,711
121523,647,710
96615,649,708
265285,649,711
143305,661,729
314053,662,732
281859,663,724
307477,664,707
239552,666,733
288791,673,737
318777,682,744
51848,689,754
396535,693,767
217227,705,770
356708,708,784
266062,710,783
374351,717,800
24567,722,791
290777,724,778
205487,724,786
174106,761,822
14224,794,864
97973,830,910
154167,837,926
2998,852,927
174076,867,922
395106,867,925
51850,868,919
179137,868,923
97972,870,922
242,870,926
303469,872,931
382255,926,985
272511,946,1023
311818,947,1011
107543,951,1016
101558,952,1022
375869,952,1061
75848,958,1032
328060,965,1024
21093,975,1029
71143,976,1026
217588,993,1104
25241,997,1088
5630,1026,1103
283962,1044,1118
18023,1048,1104
315347,1051,1113
223029,1055,1107
117746,1055,1116
346276,1058,1119
16994,1062,1112
86086,1250,1321
2640,1262,1324
84602,1262,1326
251000,1262,1328
18636,1263,1325
103676,1271,1346
142835,1278,1341
244470,1281,1343
147785,1327,1407
288792,1330,1391
305611,1331,1387
333293,1331,1396
51849,1331,1400
388408,1334,1421
322202,1335,1402
255133,1336,1412
290675,1336,1416
34592,1344,1437
223304,1345,1417
321548,1354,1418
207492,1356,1434
246768,1356,1444
357986,1356,1447
142673,1360,1435
166407,1362,1433
381018,1363,1446
212471,1365,1440
307633,1368,1449
110206,1370,1437
245559,1371,1443
384425,1371,1460
180953,1372,1440
17466,1375,1436
313845,1376,1438
397432,1385,1451
241080,1389,1437
358100,1390,1444
35690,1391,1449
113703,1392,1434
195140,1393,1462
307634,1396,1462
319247,1459,1548
289558,1484,1549
163138,1489,1545
21788,1490,1548
305819,1492,1549
12993,1496,1558
32899,1623,1685
276658,1646,1700
117745,1646,1706
141993,1648,1698
25384,1653,1721
46302,1655,1717
128971,1655,1773
203019,1656,1715
291356,1656,1802
53123,1731,1811
337281,1758,1819
314135,1759,1836
100513,1763,1826
33851,1769,1831
285276,1770,1836
317746,1772,1836
275061,1905,1974
379164,1909,1974
69902,1910,1966
353917,1911,1962
389573,1912,1967
74773,1913,1968
348523,1915,1974
44404,2017,2098
44403,2028,2099
215854,2030,2095
103873,2031,2102
397708,2031,2106
184441,2032,2096
14579,2034,2097
176746,2034,2103
302461,2036,2100
150690,2036,2106
156211,2038,2102
40699,2040,2102
219962,2048,2110
60468,2118,2180
278877,2120,2197
174075,2164,2225
242,2270,2314
242,2270,2331
242,2270,2362
837,2270,2374
17738,2271,2345
353913,2271,2353
25471,2275,2344
139794,2275,2378
241236,2278,2388
4219,2279,2350
395028,2281,2386
299439,2285,2382
6598,2286,2351
212472,2287,2391
396537,2312,2401
314134,2324,2384
283798,2327,2391
207088,2333,2398
322228,2339,2401
87741,2351,2412
245560,2357,2426
274616,2434,2488
114200,2443,2534
294984,2448,2513
171055,2468,2539
172552,2472,2541
182680,2474,2536
109901,2475,2559
326139,2475,2567
74219,2476,2533
25242,2476,2579
365046,2478,2558
317275,2496,2546
217588,2500,2611
172237,2561,2641
303468,2572,2701
281770,2574,2669
147703,2575,2678
229802,2576,2640
317943,2576,2670
110533,2578,2640
204661,2579,2623
46633,2579,2641
291357,2581,2699
11331,2583,2640
168562,2583,2667
10697,2617,2667
375870,2628,2700
