244,69,132
89800,855,907
292827,855,952
135998,1332,1406
254604,1332,1410
207296,1337,1400
336104,1340,1410
17108,1342,1407
157377,1346,1409
148012,1348,1408
314129,1353,1404
236307,1543,1608
330626,2052,2108
51051,2515,2583
42243,2519,2573
57796,2522,2575
256491,2522,2585
31217,2524,2582
238437,2678,2747
180439,3041,3120
341705,3043,3124
293203,3052,3100
26395,3058,3119
148011,3071,3121
156097,3084,3135
18187,3093,3151
116990,4340,4391
117173,4454,4517
221418,4454,4519
385588,4661,4734
242603,4663,4726
150749,4663,4737
133295,4664,4740
22224,4665,4734
52499,4667,4741
292828,4670,4741
308440,4674,4741
91907,4677,4745
289949,4681,4748
327575,4688,4741
162809,5100,5150
139610,5103,5159
162914,5112,5185
302001,5113,5187
287046,5117,5186
375377,5118,5180
294356,5123,5179
175983,5849,5903
26290,5849,5918
96018,5854,5906
348280,5854,5917
317440,5864,5918
394504,6269,6333
4427,6293,6354
211145,6406,6459
211144,6421,6473
170092,6426,6517
13320,6484,6544
250191,6497,6559
15921,6504,6569
22223,6517,6579
15922,6517,6587
245638,6519,6577
283678,6867,6973
283679,6868,6995
2982,6870,6950
361622,6871,6932
59637,6874,6939
61889,6874,6945
243789,6876,6935
108577,6876,6937
41476,6876,6949
252809,6878,6935
2983,6879,6951
43893,6880,6976
154099,6883,6953
19288,6886,6949
14214,6892,6960
397121,6898,6961
117566,7221,7287
260549,7233,7295
15920,7409,7473
299605,7409,7481
7216,7415,7478
211345,7527,7591
363866,7556,7658
200113,7614,7668
235248,7927,7980
5135,7927,7990
25938,7929,8006
43388,7933,7994
333023,7934,7980
139308,7941,8014
318830,7943,8006
113765,7959,8023
252810,8102,8184
29359,8104,8182
407016,8108,8176
252800,8112,8181
50484,8118,8180
77387,8124,8193
2981,8126,8178
163719,8136,8195
365316,8342,8407
207374,8350,8418
75317,8356,8409
14934,8403,8480
148230,8557,8636
33855,8576,8636
194454,8581,8637
338263,8589,8632
98255,8787,8835
109269,8793,8862
62961,8800,8846
378996,8879,8935
262905,8879,8955
35556,8880,8957
150196,8886,8948
114880,8889,8957
263928,8897,8975
384132,8897,8980
327936,8901,8969
243095,8903,8974
280566,8905,8973
256237,8908,8974
45243,8909,8973
150195,8909,8978
241013,8911,8973
260119,8911,8976
326,8913,8993
252805,8914,8973
230437,8915,8976
7819,8915,8992
281780,8915,9040
252693,8916,8972
163141,8916,8977
88572,8918,9016
59377,8921,9009
239413,8925,9018
161628,8926,8971
53752,8926,9015
180440,8926,9023
215251,8928,9008
283678,8934,9045
283679,8935,9063
161,8938,8999
2980,8941,9024
283683,8941,9034
252801,8948,9009
200354,8948,9023
289950,8950,9029
126391,8952,9020
212115,8955,9030
2984,8959,9024
59999,8959,9031
23878,8962,9027
243676,8967,9031
259247,8971,9033
247935,8974,9033
219059,8974,9036
130781,8978,9023
60144,8978,9036
46362,8978,9042
363004,8978,9055
120113,8980,9031
249238,8980,9034
26693,8980,9037
186164,8982,9036
248682,8983,9027
126392,8985,9034
178732,9100,9152
330351,9102,9178
51050,9113,9175
395970,9774,9825
283681,9774,9839
120524,9774,9852
172877,9817,9884
288518,9825,9898
305026,9832,9927
224714,9835,9920
73291,9839,9888
105500,9844,9921
50975,9873,9923
142549,10194,10262
236306,10197,10266
252053,10267,10329
300352,10424,10483
252694,10539,10618
5077,10552,10619
84589,10571,10612
222669,10572,10644
222670,10581,10662
30490,10583,10630
296886,10587,10646
252803,10904,10960
179246,10904,10966
285358,10910,10962
2979,10911,10972
252807,10914,10967
50760,11065,11120
244280,11070,11131
342359,11071,11136
245844,11074,11140
165453,11075,11145
392970,11083,11144
80688,11086,11148
252802,11146,11204
252806,11153,11217
238984,11153,11219
88560,11307,11376
77386,11549,11609
191257,11723,11790
7426,11724,11784
246120,11724,11786
186761,11735,11792
38015,12037,12107
347469,12154,12217
363840,12297,12365
403041,12602,12671
287292,12608,12663
308613,12610,12660
329664,12624,12672
283685,12861,12977
283681,12909,12969
173647,13037,13082
43895,13039,13084
130228,13231,13319
51489,13233,13281
152066,13233,13293
152065,13233,13295
230700,13238,13307
252813,13239,13287
59929,13247,13296
15297,13247,13307
121068,13312,13391
131331,13312,13405
405970,13316,13398
25173,13319,13403
168261,13322,13384
154607,13322,13386
22222,13325,13396
223652,13329,13390
312237,13329,13421
208739,13336,13438
160537,13339,13401
142644,13342,13423
157937,13346,13410
38666,13351,13406
217663,13354,13411
24527,13359,13410
59609,13359,13448
259326,13367,13441
390011,13369,13447
188960,13369,13452
71033,13370,13434
55762,13372,13440
25174,13380,13445
176926,13684,13735
286711,13690,13759
346127,13694,13753
312236,13694,13755
114801,13694,13759
338127,13697,13756
14095,13697,13769
342090,13702,13766
26782,13710,13773
210622,13714,13767
82046,13724,13780
52500,13748,13801
85963,13797,13863
85962,13797,13887
85961,13797,13890
141884,13798,13861
57930,13798,13865
62960,13801,13876
330350,13802,13866
401031,13804,13882
252803,13806,13867
252804,13806,13907
150197,13807,13885
59931,13818,13883
217662,13821,13883
108763,13822,13905
217603,13823,13884
70075,13824,13874
43195,13826,13888
156293,13832,13896
150763,13833,13907
366952,13835,13899
245637,13837,13898
222955,13838,13899
283684,13840,13925
224087,13845,13911
310599,14061,14131
9285,14062,14123
88531,14069,14134
330066,14088,14193
167455,14122,14177
352559,14261,14322
59930,14264,14320
292590,14270,14338
121069,14271,14334
300232,14272,14337
355618,14276,14337
283682,14416,14516
390012,14432,14501
261601,14453,14515
80689,14464,14514
111747,14890,14946
27899,15429,15485
142880,15450,15512
330131,16580,16631
179249,16580,16637
179248,16584,16640
342662,17273,17340
261260,17273,17362
402713,17275,17364
408317,17276,17399
7957,17315,17381
197412,17315,17397
300838,17321,17398
295099,17323,17396
365918,17327,17416
108762,17456,17501
51741,17458,17508
135090,18058,18123
43983,18966,19049
70177,18966,19053
33113,18967,19038
4590,18968,19033
15818,18970,19013
31071,18970,19026
31643,18970,19030
220276,18970,19032
252692,18970,19047
347147,18971,19038
385587,18972,19092
4412,18991,19093
24006,18993,19087
254243,18994,19047
279425,18994,19106
154215,18995,19095
228937,18997,19070
3951,18998,19105
12748,19004,19106
317439,19005,19096
24005,19017,19104
4411,19020,19106
285763,19027,19105
216557,19029,19095
275572,19669,19738
166534,19670,19731
54124,19671,19733
117774,19672,19724
286712,19673,19739
71525,19679,19743
302169,19680,19733
30260,19681,19728
238525,19681,19739
226163,21469,21527
222869,21469,21542
50759,21470,21578
249969,21511,21573
55761,21513,21568
237148,21513,21576
22840,21515,21568
109270,21530,21582
234643,22146,22198
95891,22148,22229
390241,22149,22215
125835,22757,22810
216556,22757,22848
386468,22760,22851
4411,22765,22855
73292,22771,22876
318116,22789,22843
408316,22800,22876
180441,23520,23592
40725,23521,23601
345160,23523,23644
264426,23527,23590
304201,23528,23631
22221,23530,23591
51052,23530,23617
95892,23531,23608
149300,23535,23630
59947,23536,23599
406078,23537,23598
252815,23538,23630
123815,23541,23602
7215,23542,23643
7214,23542,23647
293922,23546,23625
225619,23548,23616
379491,23548,23654
208673,23550,23645
403206,23551,23640
201449,23553,23649
302989,23554,23615
235911,23555,23655
283683,23557,23660
31408,23558,23643
215249,23561,23653
138870,23562,23644
26694,23566,23656
184832,23567,23639
404583,23568,23658
40726,23573,23644
138935,23574,23642
47862,23577,23664
404584,23577,23668
235912,23579,23640
190655,23581,23643
135207,23581,23664
275078,23584,23654
104293,23588,23650
234250,23595,23646
26781,23595,23651
31215,23595,23672
155573,23599,23686
60146,23601,23655
219713,23602,23668
60145,23602,23673
259656,23605,23651
215250,23608,23651
283680,23624,23715
263513,23649,23735
230803,23665,23737
230802,23665,23750
86513,23666,23728
388018,23680,23778
230686,23682,23779
163009,23689,23750
388019,23690,23797
23879,23691,23754
247985,23696,23754
201448,23696,23799
117773,23699,23753
389787,23711,23796
366468,23731,23795
176207,24206,24262
283677,24222,24315
77109,24634,24715
34943,24641,24700
321388,24647,24715
30778,24650,24711
227418,24654,24716
408381,24683,24792
173976,24686,24757
134653,24695,24776
134417,24705,24765
134654,24716,24796
162631,24739,24794
217666,25008,25072
187244,25009,25076
43894,25010,25078
22658,25013,25081
176615,25195,25285
43019,25202,25285
342089,25205,25273
27567,25207,25272
40694,25209,25276
259634,25209,25286
132920,25211,25272
93556,25214,25278
281853,25222,25276
63480,25856,25935
396366,25859,25930
40724,25866,25933
217664,25867,25917
47268,25886,25952
230687,25891,25970
283677,25891,25997
87404,25894,25950
283680,25925,26002
113764,25956,26017
49334,26140,26186
252811,26533,26588
252816,26535,26595
347810,26538,26592
252812,26539,26606
95180,26544,26595
200190,26554,26601
219246,26555,26636
61771,26841,26903
116624,26912,26979
347811,27381,27436
59928,27409,27480
59927,27414,27478
344737,27416,27487
59926,27417,27484
9630,27417,27492
137047,27419,27481
356353,27434,27502
165838,27439,27502
96196,27654,27750
191258,27658,27723
324002,27661,27722
117128,27690,27753
398651,27692,27757
252808,27695,27759
31396,27756,27810
346128,27762,27805
109271,28217,28292
175647,28219,28289
173776,28228,28303
268699,28256,28326
283682,28555,28659
281613,28595,28659
53412,28605,28680
90438,28610,28679
123814,28611,28677
315893,28611,28716
109448,28615,28710
108840,28617,28687
90439,28618,28721
239411,28619,28709
274425,28621,28688
338110,28623,28706
125499,28625,28699
252817,28627,28688
239412,28630,28688
349702,28631,28695
96270,28632,28707
156783,28632,28729
73754,28645,28709
401329,28646,28711
288879,28646,28721
286287,28647,28732
53424,28650,28713
2978,28651,28722
365596,28652,28703
128178,28659,28721
390756,28659,28729
281614,28662,28725
248663,28666,28732
321350,28671,28732
173703,28990,29051
27282,28990,29053
333178,28990,29062
173702,28990,29065
51687,28990,29074
9628,28996,29084
333179,28997,29088
26488,28999,29047
347470,29000,29077
270958,29003,29064
9629,29004,29074
371658,29005,29086
43193,29005,29109
43194,29007,29102
84385,29008,29064
152142,29009,29082
90321,29016,29091
312119,29027,29095
108839,29027,29099
179827,29028,29089
238983,29028,29091
134652,29029,29092
266794,29029,29094
10289,29031,29093
279308,29031,29095
248593,29041,29111
131332,29042,29108
51794,29044,29108
33007,29252,29317
178965,29267,29328
303969,29267,29341
189052,29268,29329
292829,29274,29332
283685,29653,29760
363104,29681,29750
44297,29696,29749
252814,29811,29883
217665,29819,29881
283684,29827,29906
