217705,90,153
3348,90,205
348454,103,200
156492,106,169
49961,116,193
210517,128,188
196319,128,190
325082,131,183
9993,234,355
296682,239,353
327148,307,381
82573,386,492
127314,396,475
278739,409,477
246785,414,493
62476,432,505
182434,449,540
150241,450,497
125298,455,524
127357,501,557
134884,511,568
290505,747,815
290506,750,815
49371,855,918
35744,865,935
361133,875,936
102627,876,937
274979,877,938
378161,879,942
7367,901,965
207570,901,967
67163,902,963
295771,904,967
244060,1026,1076
14343,1029,1083
134412,1127,1175
50452,1183,1245
20979,1359,1410
367159,1360,1414
365757,2148,2230
82556,2163,2234
365758,2164,2230
144806,2167,2234
126327,2279,2382
257358,2284,2335
345884,2297,2409
181552,2324,2409
139079,2334,2409
94351,2337,2409
75045,2538,2590
112998,3206,3278
223596,3211,3291
79418,3213,3278
330536,3215,3294
358513,3224,3290
7791,3385,3468
144807,3403,3475
129119,3613,3693
245593,3613,3699
372823,3626,3689
