248526,119,182
374048,127,243
54901,130,284
68473,131,209
324483,139,233
197335,150,233
403050,150,254
192040,152,241
373427,152,274
290607,156,260
115715,160,256
345159,162,257
200923,163,282
254519,165,247
371389,165,258
248126,172,240
115714,174,254
272111,175,278
151835,176,255
371388,176,258
117845,177,242
115716,179,256
320794,181,260
320614,181,303
179755,185,309
39691,187,258
69636,190,258
281917,191,306
253508,192,254
87514,192,262
385286,193,255
365968,196,256
107949,201,261
349175,202,268
219815,205,310
383602,207,286
320793,210,297
248127,212,305
339892,220,285
87524,351,403
222782,351,471
339893,351,510
18090,354,475
22457,362,425
126504,363,462
354787,363,513
338270,364,408
194023,364,470
299557,382,448
213601,384,442
253837,388,449
8501,392,471
215140,394,461
291809,394,464
382917,394,493
205928,395,456
205862,395,459
103538,395,481
262462,396,476
144865,397,483
350286,398,540
140693,399,460
111499,399,470
214207,403,476
194070,403,498
349176,405,459
68270,405,470
2997,405,477
123232,406,453
85972,406,464
54109,407,472
158354,407,482
152605,408,478
133755,409,454
244771,409,468
206875,410,466
33117,411,467
961,411,475
153344,442,538
240643,449,530
174554,450,511
257640,453,506
40150,454,520
31905,455,507
376994,455,526
211971,456,520
110849,457,539
302393,462,539
110850,468,537
75971,951,1031
178794,952,1024
372969,952,1036
140694,1080,1140
90342,1190,1248
105800,1190,1263
45238,1191,1272
136632,1192,1280
230862,1193,1269
396780,1195,1252
244886,1196,1265
35544,1201,1265
271187,1202,1258
260860,1202,1274
37406,1279,1379
193025,1281,1366
125992,1282,1369
144634,1282,1384
270941,1283,1336
405130,1284,1378
303185,1285,1343
30302,1285,1365
141992,1285,1407
219478,1286,1337
67597,1290,1384
171584,1291,1345
3847,1291,1366
339894,1291,1379
119917,1291,1382
13025,1292,1371
770,1297,1375
235497,1298,1370
328023,1306,1374
202483,1327,1384
13378,1329,1422
119855,1395,1454
337994,1555,1616
252979,1556,1622
208636,1560,1624
309135,1570,1644
126547,1573,1624
237663,1596,1642
166357,1678,1740
282972,1929,1981
269584,1930,1991
405878,1941,2035
254201,1944,2023
66909,2087,2136
268908,2087,2149
188443,2087,2152
220999,2087,2157
95702,2087,2160
238157,2087,2164
188758,2087,2169
207193,2088,2150
208973,2088,2167
208239,2089,2151
31363,2090,2152
162771,2092,2136
339097,2092,2142
299026,2095,2169
166224,2100,2161
20517,2103,2170
271791,2105,2169
282973,2122,2170
248290,2212,2281
402401,2213,2260
247311,2213,2296
141991,2213,2304
306387,2214,2263
191272,2214,2266
2930,2214,2275
264406,2216,2302
16004,2219,2303
275288,2223,2304
251672,2230,2301
92909,2232,2294
90201,2243,2305
270254,2391,2460
28896,2392,2444
16004,2392,2462
102397,2399,2459
266559,2402,2462
98859,2406,2458
104688,2411,2460
296472,2550,2642
320165,2801,2871
261264,2804,2869
341396,2806,2869
127901,2806,2899
295571,2811,2895
119854,2819,2928
222094,3093,3150
145733,3098,3149
277587,3124,3186
127766,3176,3262
29079,3190,3254
260857,3190,3305
95034,3191,3258
161986,3199,3311
111504,3213,3307
195780,3215,3291
403967,3218,3325
140695,3223,3274
82783,3224,3316
191430,3228,3304
214118,3228,3348
135288,3231,3292
394723,3248,3312
45374,3294,3355
89313,3489,3561
103537,3495,3563
296855,3501,3563
115717,3502,3565
76208,3505,3561
387367,3505,3585
251673,3506,3573
182214,3508,3566
185608,3508,3584
134174,3510,3580
11007,3511,3564
368469,3511,3572
339032,3517,3583
46026,3539,3615
267889,3543,3630
377186,3602,3668
252978,3602,3673
56142,3613,3664
133263,3620,3696
352372,3629,3698
314947,3629,3739
255907,3632,3705
365878,3633,3696
372918,3644,3695
213600,4607,4666
771,4610,4670
45395,4611,4663
281279,4681,4741
233253,4791,4895
213389,4797,4895
394724,4803,4898
248291,4805,4861
39200,4826,4898
379239,4828,4905
365266,4833,4905
33229,4835,4901
55678,5122,5188
324996,5229,5292
260859,6012,6121
119852,6099,6175
119853,6099,6184
260858,6160,6241
99765,6169,6235
352703,6170,6242
334054,6173,6236
300065,6179,6242
339033,6184,6242
390497,6185,6252
168112,6201,6266
4939,6210,6267
332762,6426,6472
64229,6512,6581
47370,6533,6594
151614,6570,6623
355081,6570,6630
276362,6571,6625
372970,6646,6726
334563,6646,6752
405129,7283,7337
192041,7299,7349
291392,7339,7405
213657,7385,7474
280109,7476,7550
92909,7499,7550
154176,7513,7577
104753,7517,7577
163639,7522,7580
330527,8095,8156
169765,8110,8180
372193,8114,8192
85971,8117,8186
205762,8136,8194
251674,8137,8191
274422,8140,8192
232254,8469,8526
332390,8470,8519
47282,8474,8528
361927,8477,8531
2817,8477,8538
397286,8478,8528
161191,8478,8541
333001,8510,8562
41546,8673,8756
265387,8675,8741
208240,8689,8752
25679,8808,8888
311482,8813,8861
41545,9201,9284
283537,9219,9284
191115,9232,9284
89608,9347,9402
153532,9436,9504
252980,9455,9521
125151,9456,9508
296574,9542,9607
44789,9872,9940
365879,9884,9938
133624,10524,10582
92908,10574,10663
180303,10593,10676
25680,10599,10662
82751,10602,10678
173139,11267,11366
126464,11270,11322
174181,11270,11339
218879,11271,11361
207040,11272,11344
362916,11278,11352
360199,11283,11344
36777,11283,11360
301937,11286,11373
181865,11297,11357
328807,11301,11380
334975,11310,11387
374049,11318,11403
270942,11521,11584
330573,11525,11597
119918,11525,11600
28782,11529,11593
144635,11576,11651
379240,11763,11824
208584,11866,11924
110139,11883,11954
193441,11944,11999
374050,12072,12148
270943,12111,12166
254033,12117,12197
171177,12120,12180
193652,12124,12197
234313,12124,12216
107695,12128,12201
35545,12128,12217
46521,12129,12239
71655,12130,12203
309136,12130,12206
92908,12130,12216
113111,12131,12186
336188,12133,12174
269585,12141,12215
332318,12142,12200
361945,12144,12198
330528,12149,12197
138633,12149,12211
164368,12151,12212
230851,12151,12214
379241,12151,12219
280174,12245,12326
161315,12273,12366
395483,12974,13028
162209,12976,13044
59424,12986,13051
350668,12989,13052
191152,13316,13369
328024,13653,13716
2318,13701,13805
283959,13718,13802
300936,13726,13800
170210,13728,13787
300937,13728,13801
159300,13729,13804
408325,13730,13795
325065,13732,13799
392026,13736,13802
