47385,119,250
196476,122,286
99474,129,255
50085,132,252
407530,134,256
378615,135,273
126428,138,257
57051,139,244
101494,139,249
362615,142,323
373931,146,252
350617,150,243
175077,151,216
110001,152,269
47386,154,279
95451,159,236
200211,159,274
65265,161,233
103728,163,240
57427,163,255
319996,164,243
102069,165,277
22925,165,297
249407,166,244
259112,167,302
11149,170,234
165700,170,322
362616,171,293
132157,172,269
126427,174,299
333641,175,237
252051,176,239
224903,176,267
213644,177,271
340918,177,292
208402,178,240
278604,178,305
270750,179,250
174160,179,300
110002,181,275
252052,182,252
110104,183,255
27082,183,278
361506,183,301
246327,186,249
301080,187,258
1007,188,295
87247,189,300
39130,191,256
189006,192,303
328858,194,293
210096,195,291
47896,195,300
374997,195,316
390115,197,286
64069,198,266
190975,198,301
128433,199,257
90147,199,271
202683,199,316
50899,200,261
30687,201,264
96193,202,285
105999,203,265
134908,203,269
48824,204,267
374129,205,279
114970,207,271
307425,208,249
351135,208,286
323720,209,271
209978,209,273
208401,209,284
296034,209,301
81102,210,332
290912,211,315
232442,214,278
319419,214,319
9069,216,308
164874,216,340
3554,217,316
107035,217,348
25893,218,281
12433,221,328
33339,222,296
27043,224,292
257961,227,304
29648,227,307
148101,227,316
319420,230,367
25894,231,294
23496,239,302
235057,241,336
48543,243,332
336465,245,346
202377,245,373
307427,250,378
235058,261,376
159779,268,389
271478,273,411
313179,274,433
316447,279,420
173023,280,431
191016,281,413
681,283,384
14766,283,407
86629,286,412
341425,288,367
50898,288,419
141053,290,397
207850,294,408
111776,297,413
2251,300,410
170748,301,431
177011,304,419
190974,309,436
29649,313,415
5229,321,409
215214,329,455
128815,333,452
68870,334,407
485,340,400
97117,342,462
485,344,411
155610,347,457
86198,353,455
290030,357,475
18127,362,432
70307,363,475
345797,364,437
288811,373,459
209976,376,440
70308,377,490
239614,378,433
199954,378,440
22330,379,431
64334,380,455
208400,393,456
65266,404,452
362163,405,474
328855,409,467
123011,417,474
1190,481,572
27044,494,591
12705,498,629
5975,500,601
159780,501,633
131524,502,569
81826,502,617
41076,503,607
403593,503,630
68421,507,599
296035,507,639
8174,511,608
286687,514,581
235056,514,593
148102,529,661
143861,532,600
48725,534,625
207851,534,659
6804,534,670
264470,555,658
264471,555,678
27045,590,683
278110,616,684
397945,736,830
397946,738,864
104530,741,793
39255,775,846
80471,796,857
328857,839,934
110105,845,920
7944,859,948
405193,860,935
399676,861,922
248088,863,923
230975,863,928
241437,863,948
47942,864,945
213317,867,941
403592,870,921
102684,872,920
408313,872,936
15415,872,968
220619,874,940
19386,877,955
1832,878,948
391801,883,946
186225,885,948
373799,886,942
301349,888,938
282733,890,964
49402,892,939
399300,892,949
376222,893,957
4039,893,960
126430,894,948
91574,894,951
58402,894,982
198323,894,985
263567,895,957
296124,895,965
139459,896,940
179045,896,952
387810,896,958
126429,897,957
238372,897,963
286277,898,989
401641,901,962
261689,901,965
50515,902,1014
238784,903,988
29652,917,1004
190369,924,981
228998,1028,1105
366593,1195,1275
335934,1202,1278
65578,1210,1272
381069,1216,1285
121714,1217,1279
394178,1217,1312
128814,1218,1274
38919,1219,1292
355807,1222,1270
50514,1231,1347
218923,1237,1311
9820,1241,1284
405741,1241,1294
361437,1255,1309
264799,1255,1317
33555,1259,1365
141744,1260,1317
245388,1275,1347
47543,1277,1326
400844,1284,1363
99473,1286,1348
45313,1286,1376
50032,1289,1366
401817,1299,1354
29650,1308,1366
27046,1339,1440
86132,1384,1496
68352,1434,1515
315460,1449,1530
329040,1451,1524
259396,1452,1515
327119,1452,1517
18214,1452,1534
276590,1455,1519
327118,1460,1532
9008,1481,1535
88685,1618,1694
356970,1619,1675
65267,1623,1694
216154,1626,1672
356971,1626,1681
153864,1666,1728
148660,1667,1729
33514,1672,1741
260914,1678,1789
25539,1679,1728
327695,1708,1793
77126,1715,1773
205060,1716,1780
260196,1716,1793
259282,1717,1796
18425,1719,1801
7972,1724,1787
258742,1724,1800
386234,1727,1801
29463,1728,1792
77127,1731,1800
194458,1732,1807
202405,1733,1788
118630,1733,1792
202406,1734,1789
216843,1734,1799
40783,1736,1793
290013,1736,1800
329197,1746,1787
302825,1746,1808
393254,2020,2087
287091,2024,2098
265386,2049,2150
148329,2057,2151
367169,2061,2132
377497,2063,2152
131522,2077,2147
165701,2079,2162
314651,2095,2159
245526,2121,2207
296185,2124,2205
286803,2134,2205
91003,2135,2181
353228,2135,2196
345796,2139,2206
168356,2149,2212
10699,2149,2224
14841,2151,2233
308472,2162,2227
198107,2163,2206
303732,2163,2235
243474,2164,2208
190973,2182,2240
266456,2193,2258
366418,2194,2257
335933,2215,2299
110842,2245,2295
224595,2254,2320
252031,2259,2330
104531,2267,2312
252256,2267,2331
405871,2269,2321
303987,2270,2329
167980,2271,2333
265343,2272,2328
314766,2285,2357
168188,2294,2345
365208,2336,2433
142051,2341,2436
172046,2345,2432
10045,2352,2435
41545,2352,2442
135322,2356,2425
198314,2373,2443
226829,2375,2438
342601,2526,2596
96965,2537,2655
29651,2540,2652
278276,2546,2670
374056,2546,2676
34877,2547,2673
131523,2549,2684
255712,2554,2643
197540,2554,2669
49033,2559,2677
172653,2564,2677
374128,2572,2670
10949,2586,2688
328856,2592,2668
356494,2595,2669
102913,2600,2661
325163,2600,2681
315459,2606,2660
381945,2783,2851
229297,2940,2991
49979,2941,3003
272309,2973,3081
41546,2999,3089
265387,3001,3070
148327,3002,3081
148328,3009,3105
362244,3021,3105
346868,3022,3085
374127,3047,3105
211249,3062,3112
166413,3085,3161
392038,3092,3161
232979,3108,3151
64335,3108,3159
68778,3109,3171
249871,3110,3169
233174,3114,3189
263568,3121,3184
362245,3252,3345
362244,3261,3345
216960,3272,3340
129747,3273,3345
262108,3406,3457
400845,3406,3482
201137,3411,3504
7614,3423,3482
186282,3455,3531
296186,3476,3528
362245,3524,3609
356972,3661,3704
41504,3734,3787
115719,3734,3790
291401,3734,3794
55858,3735,3803
1897,3739,3788
35147,3740,3787
324876,3740,3789
202407,3742,3787
343531,3744,3792
132646,3748,3810
129884,3762,3805
5672,3811,3876
266138,4073,4179
361757,4077,4176
72124,4079,4178
107893,4080,4143
200212,4081,4169
14558,4081,4181
382238,4084,4153
247818,4085,4169
248355,4092,4180
342729,4095,4168
265589,4096,4189
405276,4099,4160
171818,4099,4168
110106,4101,4184
377545,4103,4164
382239,4104,4175
265590,4105,4178
361758,4105,4200
265793,4106,4173
342239,4106,4182
74374,4109,4175
356798,4110,4173
307426,4110,4191
184299,4111,4174
680,4111,4178
307479,4111,4182
162570,4113,4171
391322,4114,4170
228431,4114,4181
200213,4116,4185
111436,4117,4167
302118,4117,4192
209979,4118,4175
213344,4118,4182
247092,4119,4180
158693,4119,4189
291999,4121,4183
249870,4121,4192
381577,4121,4200
9395,4122,4187
142255,4124,4186
363189,4126,4188
21939,4126,4196
361439,4127,4192
168355,4131,4193
351134,4132,4195
373800,4212,4274
317030,4215,4284
311664,4220,4297
288953,4222,4292
293333,4228,4280
114347,4286,4356
57418,4333,4413
234465,4373,4438
265591,4447,4546
48544,4453,4509
402645,4508,4576
340622,4520,4582
220812,4786,4836
288812,4791,4853
88889,4791,4877
275539,4803,4879
303731,4811,4887
128813,4811,4920
247512,4813,4874
399870,4816,4891
262250,4816,4898
393255,4817,4879
361438,4819,4875
199955,4832,4888
362617,4910,4969
314650,4939,5047
202760,4956,5050
223457,4962,5039
96964,4963,5052
206245,4968,5034
100447,4968,5045
29647,4972,5059
127986,4976,5054
198288,4979,5051
16431,4988,5064
54908,4999,5070
295940,5007,5081
253719,5013,5070
279870,5015,5064
