313197,129,244
70050,131,217
70051,131,222
234240,138,248
23208,143,259
222961,144,206
222177,144,266
160963,146,235
113174,156,277
181410,205,287
369463,205,324
77045,257,355
65736,260,350
92991,264,416
133128,267,407
399476,273,341
184839,276,338
197782,277,330
218553,280,367
240795,280,408
283324,281,360
68356,284,404
184840,286,386
106926,290,347
283323,314,391
384864,341,467
26679,357,448
256992,360,449
261252,361,422
34074,361,437
305808,362,434
180902,363,449
111730,365,451
290165,366,453
272506,366,460
310854,368,433
114724,368,437
1925,369,417
99118,369,425
325647,369,439
76740,386,445
85845,434,483
170314,446,522
11901,461,522
212450,475,522
100945,558,652
13837,559,646
113823,561,647
96332,561,650
113822,569,662
350706,573,635
100944,575,656
336874,585,645
163229,586,668
110729,590,640
253245,590,659
320702,593,656
71367,609,676
330240,839,920
289445,840,925
289446,840,935
386353,842,896
323297,993,1056
123652,1000,1056
380451,1133,1217
56491,1133,1240
17873,1134,1226
224115,1137,1243
173254,1140,1218
126927,1144,1214
288847,1149,1213
142838,1149,1245
177407,1150,1227
219376,1151,1259
368671,1157,1230
66215,1159,1243
298172,1162,1246
277960,1162,1258
378274,1167,1219
373616,1167,1256
15742,1168,1262
130051,1169,1232
227834,1169,1257
348674,1171,1234
16230,1172,1259
154260,1173,1254
90106,1178,1244
11898,1179,1261
389301,1181,1230
194970,1183,1234
217251,1183,1248
36931,1188,1250
75856,1190,1247
121203,1190,1261
389018,1195,1241
177876,1196,1249
7343,1196,1253
137449,1198,1247
92924,1276,1340
77044,1343,1400
394559,1345,1410
286855,1345,1437
30130,1347,1405
283087,1348,1409
251648,1349,1425
140947,1353,1408
121473,1361,1419
279597,1361,1436
53948,1412,1486
258283,1433,1520
72592,1435,1499
92008,1436,1493
154610,1498,1543
322036,1506,1559
38644,1655,1712
112126,1656,1711
381115,1790,1843
138562,2439,2482
33287,2590,2646
341377,2644,2703
302963,2645,2732
355752,2647,2708
399532,2657,2738
100676,2660,2732
394923,2660,2736
122041,2664,2745
399413,2667,2742
120094,2671,2733
197273,2671,2753
245344,2673,2721
385499,2676,2772
212445,2683,2773
11898,2684,2775
38803,2688,2777
393240,2688,2798
226980,2689,2750
7672,2689,2771
279612,2693,2769
206674,2694,2760
341884,2696,2765
305450,2697,2762
188803,2698,2759
85159,2699,2763
18270,2700,2775
212440,2702,2776
360115,2704,2767
350264,2704,2775
219350,2706,2768
148457,2711,2762
225539,2731,2804
107639,2735,2792
83918,2739,2793
381699,2911,2991
289447,2913,2978
181834,2915,2979
209739,2924,2977
396316,2930,3008
53301,2945,3006
6424,2946,3002
313797,2952,3032
250107,3652,3703
11901,3663,3740
297769,3669,3719
306752,3698,3742
319458,3699,3775
319457,3709,3776
11900,3993,4045
80756,4142,4225
111087,4144,4200
192675,4148,4202
29400,4158,4225
41527,4160,4223
28163,4362,4416
293560,4747,4823
221852,4770,4831
362353,4789,4870
250889,5144,5189
306424,5290,5361
39989,5295,5349
308714,5311,5376
407137,5315,5376
100339,5318,5376
196828,5324,5393
92615,5328,5401
173977,5334,5393
200971,5988,6043
265704,6426,6488
11900,6527,6588
268959,6750,6811
353645,6943,6999
257630,7382,7446
64707,7411,7474
215320,7659,7718
371027,7663,7718
82803,7663,7724
184623,7667,7732
86675,8815,8877
11899,8816,8875
328112,9569,9655
357276,9571,9641
48431,9602,9663
203649,9603,9653
304642,9603,9660
138859,9603,9673
253244,9608,9693
248121,9616,9662
251858,9617,9677
228026,9636,9698
301355,9639,9701
332466,9640,9698
241483,9641,9700
79682,9651,9718
386938,9664,9725
372782,9665,9717
293561,9767,9844
265705,9770,9831
160635,9770,9834
127576,9771,9836
248027,9772,9844
186064,9779,9844
184624,9780,9843
371225,9782,9844
87649,9784,9844
213309,9785,9843
95034,9788,9844
15843,10021,10103
15844,10022,10095
186063,10022,10125
107695,10023,10097
689,10030,10098
268221,10035,10125
50421,10036,10127
49799,10038,10094
118403,10086,10169
273818,10101,10165
293562,10111,10173
72181,10131,10237
334219,10135,10241
121640,10139,10237
173978,10160,10237
30449,10535,10605
103832,10779,10838
381114,10788,10841
398281,10792,10880
373651,10793,10849
398282,10799,10898
5594,10800,10879
382349,10817,10882
249767,11048,11153
11899,11059,11120
18065,11069,11127
68252,11097,11151
53359,11323,11400
246599,11350,11413
111088,11390,11475
23225,11415,11477
251731,11433,11517
146909,11456,11508
317174,11691,11742
309667,11691,11767
396144,11691,11772
255437,11692,11743
123266,11698,11759
62780,11707,11748
366099,11744,11816
150500,11934,11998
199133,11947,12011
389503,12014,12074
360670,12037,12129
205024,12042,12129
283123,12054,12128
148233,12059,12130
15842,12064,12130
284236,12066,12129
13475,12069,12129
319484,12071,12130
372781,12391,12444
