204720,94,151
176509,94,165
114833,94,179
232573,94,187
143214,95,161
23896,95,197
1393,95,214
15476,107,213
290782,107,217
2789,108,180
75239,110,256
205101,111,220
107181,112,217
398817,115,185
1392,120,214
113002,145,217
15451,157,228
48623,158,230
369168,160,239
17724,166,240
100250,171,218
266522,205,296
35594,208,273
226947,213,270
238274,218,271
351128,219,297
351127,219,301
103176,243,328
290781,255,328
179016,259,338
111773,262,328
179017,265,327
187214,267,402
340993,268,329
184351,268,363
315345,271,357
204978,320,392
276147,329,406
309049,329,434
59318,342,391
313495,348,399
75535,349,436
318019,369,443
283879,375,466
68590,404,488
403899,570,619
121503,700,778
322464,769,828
269853,772,830
116299,778,820
78301,790,855
365181,790,863
269795,815,880
70744,822,875
264361,830,888
367438,880,947
323959,880,955
300263,887,946
151189,896,961
50271,909,970
236031,1033,1098
230536,1102,1154
73000,1122,1186
276359,1141,1218
91949,1259,1322
61931,1269,1321
96461,1273,1335
105817,1274,1318
153340,1390,1455
95729,1393,1460
114834,1396,1458
34303,1397,1460
298400,1542,1598
302546,1687,1752
83047,1687,1757
83048,1688,1754
390465,1691,1752
31363,1709,1768
340252,1744,1816
105694,1748,1818
243706,1753,1820
105695,1759,1818
68414,1759,1820
251959,1764,1821
299727,1882,1981
344251,1888,1956
107535,1894,1974
99098,1903,1971
76913,1920,1982
233388,1937,1995
249133,1954,2010
245108,2021,2098
212564,2022,2082
52044,2043,2114
273728,2049,2105
236031,2050,2104
347602,2063,2127
150861,2112,2179
267564,2128,2206
35922,2161,2230
125613,2163,2227
165261,2163,2238
77179,2163,2242
42946,2168,2238
236032,2181,2237
114279,2184,2243
264163,2190,2249
256253,2197,2255
290803,2264,2332
402773,2268,2352
405444,2269,2348
27586,2269,2357
175029,2270,2335
80450,2270,2353
70826,2272,2335
67663,2274,2326
181425,2274,2328
180065,2290,2352
330536,2504,2567
3842,2645,2724
255047,2646,2709
41956,2646,2716
5594,2646,2727
75890,2647,2738
83005,2648,2726
243707,2648,2732
2924,2649,2758
99856,2659,2731
172702,2666,2738
78300,2668,2725
180271,2669,2721
6464,2669,2723
189566,2669,2749
114194,2673,2749
31364,2675,2752
5350,2676,2748
200071,2695,2753
266355,2722,2786
220910,2736,2813
378292,2754,2805
37582,2769,2823
206454,2769,2834
345362,2770,2818
206455,2770,2833
344425,2773,2847
206497,2784,2827
6102,2879,2929
6102,2888,2931
157648,2895,2947
97012,2901,2967
295729,3131,3189
407474,3205,3292
9975,3236,3297
54725,3236,3301
405344,3237,3313
221050,3238,3302
1727,3238,3307
31819,3241,3314
87923,3242,3307
391125,3244,3293
333664,3244,3316
84174,3247,3309
80068,3248,3306
379722,3249,3318
381044,3250,3307
202917,3251,3314
202916,3252,3317
109118,3255,3317
123143,3266,3308
48310,3266,3319
344350,3268,3332
108998,3269,3345
263803,3272,3347
68591,3276,3365
407475,3295,3455
344351,3301,3356
365788,3307,3428
366456,3309,3405
40894,3309,3442
407476,3310,3430
6645,3311,3454
36824,3312,3387
51517,3316,3449
88067,3320,3438
92436,3322,3381
191934,3322,3427
312590,3324,3439
8415,3325,3391
175678,3326,3450
156255,3328,3444
146901,3329,3391
372302,3329,3393
100077,3329,3405
184350,3331,3454
117885,3334,3399
288485,3336,3403
51518,3338,3450
308408,3339,3445
404274,3354,3445
265995,3356,3446
381961,3360,3413
328511,3362,3438
8535,3362,3447
15395,3366,3434
137584,3367,3448
16309,3377,3442
338602,3379,3448
312597,3381,3455
155306,3386,3436
338601,3389,3447
67624,3631,3693
277617,3663,3728
143726,3857,3963
172637,3906,3958
212565,3908,3980
126499,4126,4198
187015,4162,4260
22490,4163,4243
288486,4163,4272
36838,4166,4271
351528,4174,4248
136435,4174,4272
359757,4176,4249
14741,4182,4248
187014,4183,4272
33987,4209,4272
97435,4210,4271
327709,4218,4271
33704,4221,4272
276358,4581,4640
230535,4621,4682
184411,4754,4816
107735,4816,4893
260014,4818,4872
88250,4818,4876
20888,4820,4873
315344,4821,4911
151190,4821,4917
151191,4832,4913
302856,4876,4928
232757,4886,4950
42947,4886,4957
73179,4890,4957
221051,4897,4954
263059,4897,4958
115756,4898,4945
73178,4900,4957
60790,4902,4965
349702,4911,4958
111207,4930,4984
243012,4931,4974
156151,4931,4981
73001,4931,4989
157555,4936,4985
79366,4950,5007
342515,4967,5035
396465,5204,5257
344965,5204,5286
342761,5205,5268
219412,5271,5320
231142,5289,5356
321776,5386,5437
135709,5526,5590
332309,5542,5647
163469,5543,5629
224908,5674,5745
146677,5695,5763
356093,6062,6106
228937,6289,6357
160144,6290,6346
230467,6290,6351
264857,6480,6532
23247,6813,6871
94946,6814,6872
138581,6820,6872
176082,7296,7357
315213,7300,7355
315214,7314,7361
64650,7455,7516
144514,7471,7532
282168,7472,7537
77058,7475,7524
64649,7482,7534
136881,7482,7548
236032,7486,7549
366455,7494,7547
31362,7526,7594
372787,7532,7595
2925,7657,7723
209140,7660,7738
187016,7661,7724
236991,7665,7750
72999,7666,7735
46979,7666,7738
381121,7667,7724
222830,7693,7766
260142,7768,7843
239126,7775,7839
205102,7776,7852
233322,7783,7830
218986,7783,7847
226812,7909,7970
382497,7960,8028
130342,8001,8057
317383,8076,8149
105697,8084,8146
92701,8093,8159
316299,8094,8155
244582,8095,8154
106926,8095,8156
60266,8267,8327
398579,8268,8359
366782,8283,8348
298399,8286,8369
5351,8287,8357
177039,8291,8358
94945,8295,8390
390575,8296,8369
322999,8299,8361
161475,8299,8368
98265,8299,8382
65211,8300,8376
98264,8300,8384
227224,8301,8364
184856,8302,8366
196320,8303,8376
232860,8304,8361
202110,8304,8366
130925,8304,8382
14496,8304,8386
103561,8304,8390
40098,8306,8359
144420,8306,8383
109684,8308,8359
203109,8309,8384
205805,8310,8366
291377,8310,8375
258692,8310,8387
200070,8310,8409
41288,8313,8375
290366,8313,8407
3086,8315,8406
130650,8317,8404
355245,8318,8387
267125,8320,8384
282283,8320,8411
357984,8322,8377
130649,8322,8385
366781,8323,8386
78161,8325,8406
111208,8327,8411
96340,8328,8376
384142,8329,8397
100365,8332,8397
276829,8334,8411
315354,8335,8421
290783,8337,8418
59244,8340,8402
99308,8343,8406
194021,8345,8407
274590,8357,8426
105216,8364,8420
88522,8366,8425
230755,8367,8408
6094,8511,8584
130263,8521,8633
97,8525,8593
231534,8533,8668
121182,8534,8584
258320,8534,8598
37006,8536,8594
309964,8536,8622
308642,8540,8605
86338,8541,8597
105696,8541,8614
77132,8543,8616
100314,8543,8640
23895,8543,8651
248255,8545,8659
74318,8561,8624
31818,8579,8640
145872,8587,8650
59122,8589,8661
301625,8603,8696
177182,8606,8693
67454,8612,8692
169615,8618,8687
167293,8621,8709
16314,8625,8684
75888,8629,8709
7785,8632,8708
126403,8634,8703
253114,8635,8690
169616,8639,8709
75889,8639,8716
42630,8648,8707
290243,8658,8713
169617,8659,8710
175361,8660,8713
