162856,133,187
99174,133,201
59674,133,204
344515,139,201
279333,150,200
101456,173,240
12701,177,287
53157,181,259
194998,183,272
363693,186,274
114715,188,308
247417,193,282
355378,196,293
243439,196,307
63173,197,296
6271,199,284
353699,200,300
154354,200,305
135754,201,253
235921,202,311
148400,202,318
328355,203,284
247415,203,287
308579,203,315
121461,204,289
109624,207,283
405996,209,315
296031,210,292
235922,213,316
388845,215,303
80774,218,316
55292,222,304
185160,236,322
105272,238,304
140093,241,303
317734,242,316
43603,243,308
316463,245,307
238044,247,325
258511,253,329
42924,264,320
251497,264,322
283005,265,315
324062,317,377
85552,337,410
296030,649,723
151911,649,737
346981,653,733
130341,654,726
370339,654,737
157609,660,775
296032,676,803
358736,691,824
255375,744,806
133215,752,805
113595,752,812
207726,752,817
298386,752,821
170077,755,820
280666,765,824
342841,921,993
67392,1110,1211
67391,1130,1212
43957,1132,1213
296888,1132,1245
256538,1152,1243
135104,1464,1554
185920,1655,1717
164641,1673,1739
6513,2105,2154
314332,2244,2313
18947,2244,2321
296889,2244,2341
75401,2246,2300
168181,2248,2305
178933,2251,2342
146372,2254,2341
315472,2255,2345
195128,2260,2309
201883,2260,2397
52221,2262,2314
57391,2263,2347
9817,2266,2343
145208,2268,2341
273824,2268,2391
114715,2268,2397
12702,2273,2340
63724,2273,2371
135097,2273,2387
200268,2275,2362
108793,2275,2367
143197,2275,2393
134983,2276,2381
63173,2276,2385
37786,2277,2372
6271,2281,2370
273467,2283,2338
6315,2284,2356
141696,2284,2383
17981,2284,2393
51101,2287,2340
81516,2289,2379
176132,2295,2380
368012,2295,2384
5499,2295,2394
21378,2297,2382
195666,2297,2412
97577,2298,2379
24366,2298,2400
5498,2299,2395
399923,2301,2397
247416,2302,2393
48548,2304,2394
3935,2307,2393
273870,2310,2393
237978,2314,2392
130526,2321,2392
315195,2329,2392
247418,2329,2397
391856,2332,2412
26651,2338,2394
81035,2338,2413
172071,2338,2425
366210,2346,2413
55934,2351,2412
265824,2821,2876
143060,2836,2898
139234,2838,2895
405084,2981,3043
268997,2986,3069
373242,2989,3086
357485,2993,3064
373243,2995,3088
259372,2998,3081
369648,2999,3088
67856,3005,3087
258055,3006,3097
26060,3008,3072
114714,3012,3099
80315,3013,3064
354812,3014,3091
262999,3019,3091
99596,3019,3114
87913,3022,3086
200070,3024,3115
118002,3025,3095
237600,3037,3093
373250,3044,3088
292128,3044,3116
63650,3052,3119
177277,3107,3179
243440,3119,3185
342329,3180,3281
7062,3342,3440
49250,3344,3437
235702,3349,3448
195381,3380,3443
261001,3567,3642
78777,3570,3634
370338,3571,3645
398261,3573,3642
88293,3576,3641
17162,3578,3643
293275,3579,3634
37631,3579,3640
157608,3582,3646
294132,3728,3812
283004,3734,3820
8238,3736,3806
40394,3737,3789
270000,3748,3818
351638,3774,3889
232820,3802,3877
205796,3805,3882
166284,3808,3871
305247,3831,3898
114497,3833,3889
31240,3834,3898
283123,4110,4192
5499,4123,4199
114721,4123,4225
157657,4136,4207
114720,4149,4230
270636,4163,4227
371077,4164,4250
121046,4181,4250
361394,4187,4249
63722,4188,4250
360004,4190,4250
13961,4198,4249
114714,4359,4455
237601,4363,4414
161460,4367,4445
297613,4368,4450
161459,4369,4448
297479,4394,4450
36101,4399,4472
304617,4431,4492
38888,4435,4493
318282,4448,4518
85909,4472,4533
177534,4475,4536
42925,4477,4542
405443,4487,4544
330010,4638,4713
127893,4639,4686
258658,4653,4709
130586,5141,5206
139235,5141,5214
151366,5160,5215
222733,5166,5231
589,5171,5247
48537,5172,5233
319670,5197,5261
328308,5209,5265
7235,5215,5262
327918,5215,5276
35188,5215,5279
33993,5218,5286
393538,5221,5281
63723,5222,5320
5712,5223,5277
99355,5225,5287
319274,5225,5319
188517,5227,5297
71293,5230,5298
240719,5250,5297
121033,5251,5333
121034,5266,5346
348851,5302,5363
348853,5307,5409
115201,5355,5429
115108,5357,5434
200071,5363,5428
215113,5577,5636
47703,5582,5672
6170,5583,5650
396274,5586,5654
163062,5587,5652
201882,5598,5680
283729,5600,5670
270340,5600,5696
206515,5602,5667
207351,5602,5672
225406,5609,5671
83952,5610,5677
123641,5627,5702
291846,5630,5715
145151,5631,5694
57593,5663,5728
226174,5694,5763
59764,5995,6122
119893,5997,6079
258254,6004,6069
36102,6009,6080
374127,6024,6102
8239,6030,6113
59765,6034,6122
348854,6037,6149
260562,6041,6109
17161,6041,6121
348855,6041,6141
143524,6044,6114
273967,6045,6108
211503,6052,6130
273971,6052,6151
211502,6053,6128
135099,6057,6154
88437,6058,6129
273972,6058,6159
400846,6061,6128
135100,6061,6157
265281,6063,6151
361099,6065,6136
102708,6071,6132
320532,6074,6121
114548,6074,6140
373239,6074,6160
102710,6075,6157
369187,6076,6139
82427,6076,6151
135105,6078,6155
7793,6081,6161
116679,6083,6177
273968,6085,6155
338771,6086,6144
407363,6087,6150
4768,6088,6152
86939,6091,6156
206069,6100,6162
135101,6102,6163
48538,6124,6223
67955,6171,6257
69193,6171,6261
107166,6176,6262
10930,6181,6242
397398,6181,6256
63129,6183,6263
87912,6195,6264
8340,6199,6262
92256,6199,6264
270341,6201,6253
399114,6204,6262
290503,6213,6264
102185,6321,6403
207606,6451,6520
107167,6456,6536
19635,6465,6536
63130,6478,6537
70124,6917,6984
283971,6924,6976
251320,6949,7008
377975,6950,6994
168867,6960,7006
348852,7239,7294
317656,7428,7497
170078,7437,7500
45133,7438,7501
42923,7439,7500
13446,7445,7506
349128,7448,7511
284272,7451,7496
112518,7453,7531
126284,7457,7531
114713,7507,7598
223666,7514,7576
223667,7516,7576
55553,7534,7594
43145,7535,7615
55936,7539,7639
76250,7542,7614
121641,7542,7650
133467,7546,7609
28690,7558,7623
373240,7591,7662
135103,7597,7663
406886,7612,7661
157607,7617,7682
196035,7619,7681
97740,7619,7683
132567,7619,7686
121642,7623,7677
202473,7626,7684
404179,7629,7678
314323,7718,7773
1099,7882,7944
114718,7892,7952
114719,7904,7964
288607,7906,7951
114713,7959,8053
196469,8054,8123
87911,8056,8120
334146,8057,8108
223956,8060,8145
393996,8062,8158
1981,8063,8130
29383,8063,8133
206358,8063,8142
220802,8067,8143
98817,8069,8124
37754,8069,8130
288183,8069,8144
227128,8073,8166
10444,8081,8158
109567,8091,8159
155406,8132,8195
217406,8135,8215
2645,8146,8240
182786,8164,8261
94574,8169,8270
116596,8170,8229
173042,8172,8236
94702,8175,8238
126181,8187,8256
366546,8201,8263
299589,8272,8350
296033,8437,8532
195001,8439,8526
14015,8445,8531
38889,8707,8781
195667,8730,8801
3146,8731,8805
67394,8751,8805
336749,8999,9071
134321,9002,9081
156975,9007,9081
45986,9010,9074
357484,9010,9076
370337,9011,9075
185667,9021,9074
6497,9162,9228
114717,9162,9232
81318,9163,9223
319409,9166,9228
323739,9167,9238
88521,9177,9226
373244,9356,9433
252653,9358,9420
283972,9451,9508
360003,9459,9542
245536,9484,9546
149387,9484,9551
265282,9490,9547
393157,9492,9558
169639,9563,9628
105348,9575,9648
315194,9584,9647
122067,9591,9649
150820,9676,9769
211501,9676,9780
235402,9677,9775
114716,9682,9807
223954,9684,9772
107168,9692,9803
135106,9695,9797
235403,9704,9828
232819,9705,9802
67397,9706,9807
114720,9727,9809
80296,9735,9829
174858,9739,9806
107169,9739,9827
315278,9925,9980
121460,9926,9988
408701,9941,10026
27927,9949,10044
188508,9951,10025
67393,9951,10053
24927,9952,10046
372803,9957,10044
373245,9962,10057
326634,9963,10020
280667,9965,10051
407301,9965,10061
127980,9966,10018
303392,9966,10028
26652,9966,10058
366213,9966,10075
135170,9967,10080
82425,9969,10065
100309,9975,10063
396780,9980,10044
57161,9986,10083
366993,9987,10093
117468,9991,10052
277472,9991,10061
118835,9993,10054
163063,9996,10048
269610,9999,10072
366994,10029,10093
328356,10076,10158
20770,10081,10164
24926,10082,10146
297614,10145,10223
113089,10166,10228
162857,10179,10220
19177,10179,10226
292911,10186,10236
179214,10199,10278
382220,10200,10266
237602,10232,10273
30439,10233,10278
80077,10234,10285
221097,10235,10277
364355,10235,10303
209176,10237,10298
235703,10243,10296
203334,10243,10300
151221,10315,10404
366222,10320,10404
163503,10323,10389
288394,10325,10408
315473,10327,10419
326156,10328,10417
71178,10329,10398
55935,10329,10427
247080,10330,10391
102709,10335,10408
114718,10343,10410
162458,10346,10402
121453,10346,10408
19178,10347,10409
157485,10349,10427
288606,10352,10401
348375,10353,10411
322843,10355,10412
126180,10355,10414
223955,10355,10420
114719,10355,10424
184552,10356,10408
361507,10356,10438
157314,10357,10406
216107,10357,10429
82426,10360,10437
7984,10362,10430
309595,10363,10443
108299,10364,10423
22511,10365,10413
223088,10365,10431
4822,10366,10408
374129,10368,10428
187909,10372,10453
22633,10374,10442
247079,10375,10436
187322,10375,10439
239486,10378,10448
163736,10384,10457
106641,10517,10577
10424,10517,10600
273969,10518,10566
162989,10518,10588
116068,10521,10581
236880,10524,10594
262290,10529,10594
123042,10729,10783
387305,10901,10964
118802,10905,10967
144638,10913,10987
357256,10915,10963
60664,10930,11007
178692,10937,11010
296291,10938,10988
82085,10939,10992
399933,10940,11009
222372,10941,10992
6171,10942,10993
358734,10954,11023
383264,10960,11017
328543,10963,11020
369393,11018,11097
371076,11021,11097
151222,11110,11173
369337,11133,11199
366996,11149,11218
87910,11197,11260
17788,11215,11310
71680,11215,11320
10443,11218,11281
3147,11392,11454
114717,11392,11456
114716,11799,11931
50215,11802,11886
258056,11813,11923
107170,11826,11931
374128,11830,11922
67398,11830,11931
114721,11832,11921
146787,11861,11935
98509,12086,12132
52112,12104,12168
82424,12129,12214
150819,12322,12383
200392,12323,12374
131135,12505,12569
65306,12583,12647
94441,12583,12655
220003,12598,12659
250877,12617,12676
375385,12703,12804
7357,12716,12808
365693,12719,12814
7356,12722,12804
43601,12724,12813
67399,12724,12825
316754,12724,12846
211504,12726,12800
51002,12727,12821
160027,12729,12800
293646,12731,12798
55937,12731,12801
92257,12732,12805
116680,12732,12825
4420,12732,12835
273973,12733,12814
5042,12738,12811
5042,12738,12834
317735,12743,12811
67400,12743,12832
116369,12745,12856
311111,12746,12813
44208,12748,12824
198373,12750,12811
588,12750,12838
262291,12751,12812
212446,12751,12814
196661,12753,12814
73772,12754,12841
116069,12755,12835
110760,12759,12820
194082,12761,12823
197715,12766,12827
67395,12767,12835
236037,12769,12843
58170,12772,12859
308299,12773,12840
151223,12773,12867
178057,12774,12837
157740,12775,12854
58169,12775,12859
143783,12775,12868
143784,12776,12876
398260,12777,12840
207487,12777,12852
1870,12779,12840
168579,12780,12854
22385,12781,12845
374877,12782,12834
391857,12782,12848
115202,12782,12864
81319,12782,12871
383074,12783,12877
91362,12785,12850
400520,12787,12868
173285,12790,12866
114338,12791,12859
6498,12791,12877
145150,12792,12853
4823,12793,12845
169638,12793,12871
55621,12794,12854
338012,12795,12847
406312,12803,12876
373246,12806,12859
296890,12811,12863
143198,12811,12875
191659,12811,12896
281656,12813,12877
140857,12816,12879
343575,12817,12883
379985,12821,12900
379984,12826,12939
103544,12888,12950
356449,12930,12981
293645,13077,13185
243408,13077,13189
243409,13089,13210
179215,13095,13209
34062,13101,13208
207607,13112,13200
252221,13112,13236
32545,13113,13208
174032,13121,13191
67396,13126,13211
299996,13174,13263
207608,13178,13263
366211,13180,13271
29100,13184,13271
366212,13190,13290
353701,13191,13272
303195,13198,13248
5042,13203,13270
70123,13216,13313
38545,13222,13276
366995,13227,13289
397193,13251,13335
87658,13269,13336
229844,13272,13327
163064,13276,13336
15444,13283,13337
300766,13314,13368
372027,13351,13422
130342,13380,13451
273795,13563,13637
105273,13563,13646
101902,13564,13630
212328,13564,13635
99871,13566,13639
236490,13566,13647
200393,13567,13629
162858,13567,13637
374224,13569,13628
45487,13575,13643
373241,13575,13654
139836,13575,13691
244,13576,13637
135102,13584,13661
57102,13585,13635
225407,13585,13637
244,13587,13641
166494,13593,13645
224669,13628,13691
207352,13629,13690
348856,13631,13677
234388,13632,13736
6123,13633,13703
353700,13657,13714
15046,13657,13728
330011,13660,13714
149702,13662,13711
340449,13662,13716
288691,13664,13715
297123,13677,13739
116368,13678,13741
126153,13824,13889
52747,13827,13889
194231,13842,13912
123188,13848,13917
31159,13855,13921
216883,13866,13931
143935,13930,13984
91925,13933,13987
4824,14033,14097
240720,14034,14105
375783,14308,14389
358735,14312,14389
400521,14315,14388
206031,14316,14396
357255,14437,14515
63720,14444,14521
283003,14459,14533
795,14465,14526
383524,14465,14551
168869,14466,14532
290930,14478,14541
105473,14481,14542
194999,14488,14572
88295,14498,14590
392417,14500,14600
220004,14503,14590
284173,14507,14598
237603,14509,14599
118949,14512,14584
85553,14513,14587
228324,14515,14591
258512,14515,14599
229298,14651,14741
216974,14659,14731
63719,14661,14729
103545,14664,14729
305248,14670,14730
195516,14680,14731
311798,14685,14744
405807,14687,14739
265501,14695,14746
373247,14847,14894
81517,14866,14930
53158,14901,14953
363694,14908,14966
178056,15439,15506
55165,15464,15544
406313,15784,15853
92345,15794,15871
227910,15798,15866
303393,15799,15882
378076,15801,15853
57417,15806,15876
361395,15814,15876
103525,15815,15858
135171,15815,15877
383525,15820,15883
15008,15820,15897
225408,15820,15914
33668,15825,15901
383582,15828,15909
31643,15829,15907
275320,15830,15878
116448,15830,15913
242663,15835,15924
366997,15837,15905
157656,15854,15915
33742,15860,15928
188085,15874,15936
399203,15884,15949
8240,16142,16204
166680,16152,16216
63721,16329,16436
197716,16417,16479
402490,16423,16482
399924,16429,16504
48113,16656,16749
79717,16665,16744
210451,16668,16742
143525,16669,16736
44209,16677,16739
296854,16678,16742
110424,16680,16737
116370,16685,16760
22512,16696,16745
362664,16700,16774
30905,16701,16746
47919,16704,16772
144455,16710,16762
122066,16805,16874
223668,16810,16872
315474,16819,16878
150818,16921,16986
179216,16925,16989
186758,16948,17033
258253,16952,17020
113141,16954,17022
186759,16956,17033
5457,16958,17021
226175,16960,17029
83558,16968,17030
381043,16969,17033
366209,16985,17028
118948,16985,17064
328544,16986,17036
257624,16987,17040
223089,16998,17062
314475,17249,17340
147892,17250,17326
228013,17250,17334
64503,17252,17338
399925,17254,17372
195000,17264,17374
168868,17281,17340
1954,17281,17353
297615,17299,17356
239485,17372,17435
157606,17467,17523
88294,17467,17533
305249,17469,17533
247419,17566,17629
