34752,202,264
15739,202,270
285268,203,262
277477,203,266
166064,211,272
9622,301,404
192964,301,428
95189,302,400
139696,303,395
273519,309,407
257881,309,433
78606,311,427
403761,321,405
115477,324,393
56701,346,407
47844,346,409
244196,347,425
162876,349,403
285282,373,437
345205,381,437
1715,383,441
57848,391,454
108822,393,441
266705,395,445
29172,537,590
1707,625,685
288420,626,687
238710,993,1049
318955,993,1053
32701,993,1059
267465,999,1092
322314,1007,1051
359630,1012,1089
222778,1228,1290
193389,1229,1292
312264,1238,1292
297040,1253,1322
210617,1391,1444
7687,1404,1460
165287,1417,1470
96975,1417,1481
345206,1417,1485
52987,1420,1482
103632,1438,1502
154642,1440,1495
18441,1447,1513
129887,1703,1797
191889,1703,1804
327295,1723,1796
31767,1947,2014
116032,1977,2054
204025,2116,2194
295030,2497,2549
364922,2683,2746
49116,2683,2752
148068,2687,2777
143534,2689,2744
91928,2694,2758
251032,2695,2756
23766,2696,2762
96621,2698,2751
253612,2699,2746
102853,2846,2906
288204,2849,2904
218947,2891,2958
218948,2895,2981
20611,2918,2996
137075,2922,2994
11254,2923,2992
147062,2926,2993
306678,2931,2987
164224,2931,2994
301568,2932,2990
385626,2932,3010
325602,2932,3019
204774,2934,2995
69440,2934,3009
267464,2934,3017
100814,2935,2994
281858,2935,3005
26827,2937,2988
20310,2938,2996
267463,2938,3024
299211,3029,3093
57846,3035,3097
63375,3039,3138
32703,3040,3101
297042,3043,3137
28250,3057,3137
402229,3067,3150
306453,3077,3148
241267,3078,3140
361873,3082,3136
262713,3083,3147
292665,3083,3178
121066,3153,3217
130525,3155,3249
37283,3179,3247
377943,3190,3249
86957,3288,3358
324636,3288,3383
168958,3301,3359
143196,3317,3382
251107,3321,3377
20138,3321,3382
92704,3322,3379
13488,3323,3382
364101,3327,3379
5911,3330,3383
137073,3521,3598
200710,3521,3605
238950,3521,3608
272064,3522,3602
361258,3522,3619
399860,3541,3596
332912,3553,3607
397809,3567,3625
145806,3583,3637
355270,3587,3637
195149,3678,3722
211290,3705,3807
191888,3722,3782
275582,3741,3835
205057,3748,3806
137901,3759,3821
308940,3777,3844
308939,3777,3850
266704,3783,3836
110325,3795,3910
301489,3819,3922
95190,3820,3887
24692,3822,3888
157919,3846,3957
205259,3851,3951
137074,3852,3926
34967,3853,3916
187753,3860,3970
326186,3863,3973
41098,3863,3977
315224,3863,3988
157998,3864,3982
245947,3867,3988
157999,3871,3978
222780,3872,3986
57969,3874,3993
233612,3889,3943
2251,3891,3991
125697,3892,3979
299212,3893,3987
324638,3894,3978
245946,3897,4009
360764,3899,3999
393473,3934,4000
47845,3995,4056
354047,3998,4048
63735,4000,4048
48685,4003,4049
277412,4012,4096
191892,4040,4105
86197,4047,4105
133332,4055,4122
404348,4056,4154
370050,4065,4155
52988,4068,4158
363055,4071,4132
368257,4354,4409
246922,4476,4536
361275,4566,4639
205054,4567,4637
129886,4572,4641
229271,4574,4640
261011,4583,4641
354869,4628,4697
193596,4629,4721
149809,4630,4708
202095,4642,4711
153465,4643,4717
204560,4646,4749
113042,4650,4714
357788,4655,4738
224953,4659,4725
357787,4660,4740
364598,4668,4750
186730,4681,4772
242961,4686,4748
270058,4689,4752
260548,4696,4755
8118,4700,4753
253864,4878,4955
359631,4940,5003
124731,4956,5032
211291,4957,5052
10486,4970,5038
221303,4970,5050
99800,4971,5034
343254,4971,5058
302091,4976,5058
191890,4980,5056
92181,4984,5053
4263,4984,5058
400745,5003,5058
267466,5129,5192
400265,5135,5213
238947,5173,5219
208723,5181,5222
156591,5198,5266
17718,5201,5296
8035,5203,5292
191890,5205,5284
403170,5209,5311
238951,5243,5291
209297,5253,5326
206638,5257,5320
38769,5259,5312
331292,5260,5319
38380,5279,5338
139587,5287,5350
341721,5359,5410
330867,5395,5484
221940,5396,5458
23560,5401,5461
135663,5413,5474
202096,5444,5503
15753,5521,5598
284464,5532,5597
37823,5541,5598
364482,5669,5741
276515,5729,5792
211288,5730,5870
277476,5734,5829
81829,5770,5846
15379,5786,5848
211290,5800,5890
70535,5877,5923
211894,5877,5935
203337,5878,5978
46234,5896,5948
180926,5910,6003
287471,5913,6006
277475,5918,6004
211288,5920,6058
81829,5959,6031
32274,5972,6068
137072,5972,6083
40802,5978,6066
354048,6014,6106
297041,6024,6128
211289,6077,6174
164951,6112,6182
130416,6113,6180
296327,6119,6184
60648,6121,6181
403566,6127,6185
175051,6131,6194
12862,6136,6189
297037,6153,6232
57847,6183,6242
15033,6223,6278
407456,6223,6282
327729,6223,6286
199037,6225,6287
263474,6227,6290
5477,6229,6290
242790,6229,6297
105910,6237,6286
389936,6251,6304
132717,6258,6315
392218,6266,6327
12056,6269,6380
41738,6271,6357
131,6294,6356
359943,6491,6564
212859,6495,6564
3947,6524,6621
173483,6529,6610
246141,6531,6578
345324,6540,6604
962,6541,6596
78879,6541,6606
130527,6543,6605
43913,6543,6610
230114,6546,6609
242921,6546,6623
147348,6548,6614
44139,6548,6621
280978,6551,6616
254103,6551,6622
69339,6552,6614
395534,6553,6621
331291,6555,6618
3948,6556,6621
361874,6563,6624
290875,6572,6650
101064,6576,6641
218444,6579,6635
83585,6579,6641
183084,6580,6664
254400,6585,6649
78752,6621,6710
37715,6627,6711
298026,6634,6708
162018,6728,6788
238949,6730,6797
19820,6800,6868
67225,6800,6871
275216,6803,6896
188853,6804,6884
106313,6813,6896
59588,6823,6895
26727,6825,6883
267671,6825,6886
49203,6826,6888
913,6832,6895
15741,6832,6897
262438,6835,6885
236902,6835,6925
355442,6836,6884
54473,6838,6904
271825,6846,6910
365377,6846,6956
393136,6848,6910
211289,6848,6925
173399,6848,6932
195466,6859,6930
145582,6861,6922
137883,6861,6925
42213,6863,6926
70509,6870,6931
301488,6872,6972
324637,6890,7012
185751,6892,6960
48546,6897,6987
122372,6900,6959
48547,6901,7022
322502,6905,7031
158349,6912,7018
142468,6914,6992
19819,6917,7018
407458,6922,7005
5499,6922,7018
213215,6922,7023
179856,6922,7029
267959,6924,7039
38823,6925,7028
238850,6926,7011
8952,6928,7036
13475,6930,6995
48548,6933,7025
142469,6935,7010
180261,6935,7016
360219,6936,7025
214533,6937,7021
168959,6938,6992
377944,6943,7039
314448,6946,7042
173401,6948,7038
130526,6949,7017
109062,6949,7047
404346,6950,7026
346188,6957,7020
218949,6957,7045
98997,6958,7017
53068,6958,7025
138054,6958,7029
173040,6958,7036
109063,6958,7070
330868,6959,7038
127656,6960,7021
221304,6962,7037
171407,6966,7038
293263,6969,7037
404347,6970,7055
43564,6972,7048
191891,6975,7057
339909,6975,7080
389558,6976,7025
202170,6977,7040
173400,6977,7071
173402,6999,7068
277478,7078,7145
211291,7080,7163
402228,7082,7162
260512,7086,7159
259164,7090,7154
268207,7090,7156
276235,7094,7156
25499,7096,7163
57521,7097,7159
180927,7100,7162
4263,7102,7163
15740,7233,7299
331054,7315,7375
407457,7325,7419
174194,7327,7395
223591,7328,7383
55670,7345,7417
49117,7358,7421
143535,7362,7439
365378,7363,7437
178548,7388,7450
318245,7390,7452
170279,7390,7458
350794,7391,7460
94834,7399,7450
197150,7402,7465
379344,7403,7459
156926,7412,7477
297038,7414,7485
60085,7436,7492
109198,7436,7506
124010,7436,7520
276236,7471,7539
25500,7474,7552
32657,7488,7551
106840,7489,7549
143644,7489,7560
4971,7495,7560
134004,7633,7708
362812,7650,7716
248472,7650,7719
289749,7661,7738
108925,7667,7722
200306,7667,7729
46041,7667,7731
276514,7668,7715
122551,7668,7738
254369,7671,7715
164834,7671,7749
373806,7673,7728
145794,7675,7729
318956,7675,7739
199076,7677,7749
179855,7677,7754
182648,7680,7749
210849,7681,7756
294105,7683,7748
15578,7686,7757
160819,7687,7754
13486,7711,7766
80726,7712,7789
82526,7715,7787
332911,7725,7797
144688,7728,7786
192191,7728,7788
160638,7729,7783
292664,7729,7790
201179,7734,7786
3946,7738,7799
157920,7743,7798
78492,7821,7883
267467,7965,8085
154643,8076,8139
158987,8098,8159
137076,8098,8200
45104,8116,8182
32702,8119,8199
56401,8125,8191
255153,8126,8199
102854,8131,8205
72262,8264,8319
332713,8264,8349
238948,8267,8320
39876,8308,8363
405362,8312,8381
354870,8316,8363
28464,8318,8372
254077,8327,8385
91929,8337,8402
199077,8337,8406
300020,8344,8405
69441,8424,8521
349447,8493,8580
142467,8496,8571
199075,8496,8581
38379,8501,8593
397808,8502,8583
318410,8503,8580
163392,8505,8582
193726,8506,8561
393116,8509,8568
10439,8517,8569
43407,8518,8583
70514,8523,8581
169842,8529,8581
242920,8532,8583
161399,8871,8923
255949,8976,9048
242379,8976,9060
222779,8976,9084
193595,8976,9114
15088,8977,9046
350242,8977,9057
276172,8977,9105
185750,8982,9112
55078,8985,9043
69437,8985,9095
275042,8988,9098
63734,8988,9113
69439,8992,9111
301671,8994,9090
67322,8998,9117
273299,9001,9063
1642,9001,9066
69438,9005,9117
27931,9024,9112
340879,9027,9099
292663,9027,9112
259826,9028,9089
14224,9033,9112
343685,9033,9121
70515,9035,9119
45460,9036,9089
222256,9040,9094
8604,9040,9110
13487,9041,9119
963,9042,9094
101530,9043,9089
120212,9043,9120
43187,9046,9119
245945,9046,9128
34705,9054,9121
94427,9055,9117
338208,9069,9130
331175,9074,9119
273300,9076,9148
369825,9099,9145
98996,9108,9284
403171,9124,9275
101849,9126,9235
142089,9129,9236
202171,9134,9275
305662,9141,9245
66465,9145,9265
47683,9147,9259
327199,9154,9295
97626,9157,9279
391838,9159,9275
23767,9160,9283
109199,9163,9292
99229,9166,9284
261748,9167,9218
139869,9169,9278
63191,9170,9241
204397,9170,9271
5426,9172,9290
12947,9173,9233
148992,9174,9295
361259,9179,9293
218946,9182,9236
70941,9183,9291
182431,9184,9248
40406,9196,9292
84284,9201,9295
117926,9205,9292
41099,9218,9295
166144,9231,9293
238946,9238,9294
50833,9394,9457
297039,9522,9595
405736,9538,9592
236804,9539,9595
52989,9541,9594
97165,9543,9598
85803,9578,9687
15743,9579,9667
5478,9581,9645
141215,9584,9663
99004,9584,9668
202097,9584,9676
129888,9585,9650
280620,9588,9651
86956,9589,9669
241655,9591,9662
241656,9592,9665
251106,9592,9679
54474,9596,9660
227372,9597,9675
127797,9598,9679
362719,9599,9673
15742,9599,9686
187666,9602,9667
111379,9603,9663
19892,9604,9662
193594,9608,9684
292304,9611,9675
343686,9613,9702
220817,9614,9675
311663,9615,9682
277479,9616,9685
39069,9617,9702
133331,9618,9662
43563,9619,9663
32578,9628,9696
117292,9630,9682
387393,9631,9682
