394436,103,164
98596,105,180
52591,154,213
241024,310,401
294387,310,421
33950,311,382
178933,316,399
282463,325,398
23109,328,397
257791,328,419
293317,328,422
145671,340,404
318878,342,411
10451,348,422
215603,354,421
19544,362,422
24557,463,518
363148,607,667
289463,607,670
77275,607,676
223951,607,682
270158,612,678
249724,616,680
400801,628,719
289187,631,682
267270,634,716
156070,639,702
253974,640,711
347610,641,728
390356,643,704
259896,643,716
104943,645,723
247075,648,704
344753,651,715
24696,653,742
116464,655,732
87443,656,747
71386,657,713
159976,657,736
47850,658,726
355675,658,754
33951,661,734
256500,665,719
348566,666,749
73166,667,718
107732,667,746
144,669,731
327093,669,733
158628,670,734
404273,670,741
223286,671,758
113045,678,749
165529,680,748
103271,687,737
316619,687,741
259897,709,794
259895,710,776
397382,714,798
306829,732,796
126533,737,793
380621,738,799
349800,746,804
76738,747,803
69095,750,817
383575,751,801
9915,751,812
110315,752,816
252981,1119,1180
224698,1119,1186
62835,1119,1191
219052,1119,1196
206834,1120,1221
336836,1122,1177
366560,1123,1191
116809,1124,1195
261134,1125,1180
217883,1125,1238
225169,1126,1189
6035,1131,1190
174386,1131,1193
154855,1131,1195
250021,1131,1211
109535,1132,1196
383944,1139,1227
118250,1161,1234
50942,1162,1238
79618,1164,1228
105971,1166,1225
77274,1166,1238
191871,1179,1238
346819,1181,1237
241435,1339,1401
90162,1339,1403
38443,1733,1789
112267,1733,1813
342421,1734,1788
122998,1736,1794
69145,1736,1812
270159,1742,1803
77739,1743,1807
65641,2023,2073
32118,2211,2286
131334,2212,2283
263396,2218,2261
92238,2224,2268
37495,2412,2466
2221,2427,2495
326333,2438,2491
236598,2441,2502
405466,2443,2501
59974,2446,2502
25691,2450,2501
24756,2573,2644
273789,2726,2799
276463,2726,2819
77258,2750,2856
141626,2770,2834
203434,2806,2874
218271,2820,2885
384592,2821,2890
388508,2835,2897
141453,2842,2914
104116,2849,2911
77258,2857,2970
73721,2877,2968
237398,2879,2963
375646,2895,2967
348927,2906,2967
8655,2925,2991
338269,2931,2993
214513,2933,3007
346820,2935,2989
222241,2936,2998
341665,2938,2987
101078,2939,3003
266358,2939,3017
50943,2947,3021
278732,2947,3036
74189,2978,3033
44063,2987,3033
77268,3008,3080
96028,3061,3147
179607,3089,3158
360917,3226,3290
135647,3231,3288
382024,3234,3295
1969,3241,3314
199075,3316,3407
219054,3317,3405
313267,3321,3414
222841,3324,3394
49034,3325,3407
69144,3328,3415
252294,3329,3389
225630,3330,3413
317818,3336,3416
149602,3336,3423
247772,3340,3403
23677,3343,3432
374181,3345,3413
155734,3348,3427
85136,3351,3426
107987,3351,3441
80065,3352,3458
234676,3352,3464
145772,3354,3452
145773,3365,3468
310462,3366,3427
145774,3370,3465
118962,3397,3450
70426,3433,3483
158172,3596,3736
212168,3603,3683
277211,3608,3719
207186,3610,3724
206023,3610,3728
7961,3612,3718
198513,3612,3733
297619,3616,3685
268193,3617,3695
334181,3617,3728
44743,3625,3718
4101,3638,3728
179972,3643,3698
200109,3643,3707
246978,3643,3729
131336,3645,3730
68335,3646,3707
22273,3651,3714
225629,3653,3722
151168,3653,3735
138949,3654,3705
30176,3654,3745
80094,3656,3719
62312,3656,3721
19198,3656,3732
20301,3657,3720
36936,3661,3730
279527,3663,3740
324367,3664,3733
44497,3666,3721
237359,3667,3728
168535,3667,3735
186312,3669,3729
333621,3669,3732
383482,3669,3734
333193,3671,3735
68501,3672,3726
103270,3672,3728
374735,3673,3734
245815,3673,3736
168692,3673,3739
33952,3673,3745
124773,3674,3730
374734,3675,3729
158053,3675,3737
72349,3675,3741
313274,3675,3750
99551,3675,3765
80616,3676,3738
280130,3679,3749
17444,3680,3729
250814,3680,3735
201396,3681,3738
85138,3681,3741
71409,3682,3751
190150,3687,3729
37902,3691,3740
84492,3692,3742
210955,3692,3764
256261,3693,3753
325981,3693,3759
383481,3694,3767
206833,3710,3759
274921,3783,3837
201219,3789,3866
90165,3795,3911
217129,3801,3869
287414,3806,3870
193626,3829,3904
338635,3839,3885
168730,3870,3931
62834,3974,4038
223287,3993,4050
143613,4002,4060
188298,4013,4063
271163,4013,4070
46937,4016,4092
188151,4189,4236
390916,4332,4426
233495,4335,4392
11619,4335,4398
122201,4335,4407
37242,4337,4436
90163,4355,4429
122200,4355,4432
273308,4365,4429
174430,4502,4570
317250,4511,4576
90834,4625,4675
178196,4626,4681
367304,4632,4682
88710,4713,4775
101208,4714,4771
219053,4715,4762
112509,4715,4784
77552,4719,4783
302554,4757,4833
386788,4773,4834
239894,4774,4844
204974,4775,4865
5537,4780,4842
300603,4781,4843
282520,4781,4883
239895,4781,4896
37952,4782,4830
269808,4789,4845
276728,4792,4856
364174,4793,4899
150007,4794,4857
104730,4796,4857
278307,4797,4853
114676,4797,4860
38840,4797,4881
298708,4797,4902
37430,4798,4885
315985,4798,4890
20817,4799,4870
170125,4799,4888
165530,4802,4866
200763,4803,4870
145817,4804,4878
42155,4806,4877
364173,4806,4882
147098,4807,4892
29502,4808,4878
35859,4809,4876
62261,4809,4891
188234,4810,4885
104731,4810,4902
301358,4816,4890
37431,4817,4899
367488,4819,4904
287468,4821,4896
158297,4823,4901
2494,4828,4892
3885,4830,4892
287462,4840,4903
221873,4842,4903
30174,4965,5022
298045,4965,5026
335465,4965,5062
60781,4966,5035
335940,4966,5074
135646,4967,5022
135206,5097,5161
285778,5104,5152
5903,5104,5164
318561,5115,5179
25618,5118,5194
48867,5118,5200
54110,5121,5195
137863,5122,5200
276578,5123,5178
331108,5127,5205
11526,5128,5198
9585,5130,5200
127505,5133,5198
374180,5134,5205
148480,5135,5199
190110,5137,5195
66983,5137,5198
8353,5139,5194
359183,5140,5200
211355,5142,5193
353498,5142,5198
87442,5143,5200
227191,5143,5205
223722,5145,5199
115365,5147,5199
354076,5147,5201
21438,5286,5338
319946,5286,5373
254366,5287,5350
1448,5289,5351
118963,5401,5467
74188,5411,5482
64934,5434,5556
179924,5437,5541
206022,5446,5523
179925,5454,5575
311494,5458,5540
138590,5458,5547
49569,5458,5554
93519,5465,5577
199176,5472,5553
222108,5474,5543
90166,5475,5533
71999,5475,5547
176854,5475,5554
274511,5475,5562
151027,5479,5575
282938,5492,5553
168731,5493,5555
232995,5493,5577
42188,5496,5553
132549,5496,5568
223846,5496,5578
174431,5501,5577
1641,5508,5578
49380,5511,5577
277212,5513,5578
82524,5514,5575
156024,5733,5811
127258,5735,5798
233976,5745,5810
202926,5755,5817
7092,5755,5819
139490,5756,5811
23138,5757,5810
23137,5757,5812
72769,5763,5820
174432,5899,5983
338541,5915,5982
218170,6003,6053
194195,6012,6073
21615,6170,6217
99526,6171,6213
374736,6171,6237
77268,6171,6247
291221,6172,6222
197711,6182,6247
17067,6197,6302
48441,6214,6274
248592,6225,6300
144777,6259,6325
365131,6264,6338
158286,6271,6324
141612,6278,6345
91130,6278,6360
349370,6279,6341
366173,6279,6372
112269,6282,6382
6304,6290,6353
138030,6294,6356
273872,6294,6373
208805,6295,6378
273873,6296,6381
309742,6299,6368
118329,6301,6374
23676,6304,6373
49167,6309,6354
24026,6309,6382
21683,6310,6367
223968,6312,6362
96611,6313,6376
44417,6322,6380
66982,6428,6488
132272,6429,6499
37065,6431,6488
122999,6431,6498
52195,6434,6496
170548,6442,6529
76739,6449,6525
226930,6453,6525
36192,6455,6527
254455,6466,6526
301341,6466,6539
81803,6468,6528
27034,6469,6538
345567,6472,6534
135385,6474,6530
157922,6474,6543
362110,6480,6538
174018,6482,6543
18427,6689,6733
238667,6710,6814
176855,6711,6821
282991,6711,6827
207528,6714,6823
400908,6716,6831
77266,6717,6851
24006,6718,6811
190191,6719,6841
249725,6722,6839
165389,6723,6843
44744,6725,6845
3951,6726,6854
77273,6726,6868
16300,6727,6840
201838,6727,6849
391251,6728,6808
112268,6728,6836
147996,6730,6844
24005,6737,6834
18430,6742,6844
24004,6746,6834
3935,6748,6849
24002,6749,6859
2220,6753,6833
38346,6757,6847
357867,6760,6814
22148,6760,6835
88712,6761,6848
47657,6762,6824
262678,6763,6866
155812,6765,6828
24007,6765,6844
363147,6767,6855
319452,6771,6832
155730,6774,6837
21310,6775,6836
341869,6775,6889
80941,6776,6838
113061,6780,6873
334180,6786,6847
225633,6786,6870
77272,6793,6868
250656,6794,6881
108323,6801,6867
76558,6802,6856
271293,6807,6888
93870,6826,6888
345383,6837,6908
182081,6841,6925
333144,6850,6909
115730,6854,6908
248285,6854,6911
27033,6858,6927
349840,6919,7002
125387,6922,7002
14616,6925,6992
385535,7058,7128
206247,7064,7127
132585,7065,7128
196908,7066,7127
35532,7074,7127
53374,7246,7303
252196,7251,7347
97155,7269,7333
285733,7313,7418
33956,7350,7418
223723,7355,7412
185484,7382,7458
241026,7395,7457
318389,7402,7483
376605,7418,7490
376606,7418,7499
52194,7465,7529
391426,7519,7573
147732,7645,7741
377947,7646,7754
228506,7647,7700
230539,7647,7710
212815,7648,7725
66942,7653,7715
225631,7654,7723
84536,7654,7748
399027,7659,7733
53267,7661,7747
48386,7662,7729
198514,7662,7772
221295,7668,7752
225632,7669,7744
148481,7670,7756
79619,7670,7783
344002,7686,7782
77263,7686,7802
110899,7687,7772
85139,7690,7785
170755,7735,7779
173982,7735,7814
246490,7737,7800
19828,7747,7806
44064,7756,7825
72274,7759,7821
394279,7921,7983
12488,8253,8316
270141,8255,8311
267618,8255,8316
47467,8262,8311
176192,8262,8316
66289,8277,8326
245816,8290,8369
207451,8309,8377
33955,8312,8377
16299,8314,8363
234707,8318,8371
145668,8320,8384
145669,8321,8395
298923,8324,8409
172739,8325,8411
270144,8328,8408
121927,8328,8411
136372,8328,8414
132583,8330,8385
24111,8330,8407
169350,8331,8394
179609,8331,8412
198417,8331,8417
27001,8335,8415
36756,8346,8409
106731,8346,8417
48440,8352,8441
172209,8353,8412
258606,8354,8414
3542,8356,8422
207667,8356,8457
33409,8358,8424
151554,8360,8431
179610,8361,8427
19197,8361,8443
326859,8362,8438
19678,8364,8437
195738,8365,8420
28959,8365,8456
319756,8375,8441
173881,8375,8444
149026,8376,8453
266591,8377,8438
358713,8377,8459
170709,8383,8448
170710,8384,8447
238947,8390,8452
233762,8391,8446
74321,8409,8459
62831,8495,8573
231357,8496,8570
50587,8496,8575
310463,8496,8580
245817,8496,8586
26833,8496,8591
11528,8502,8583
245818,8503,8585
77270,8504,8604
11527,8506,8580
77269,8521,8610
4275,8527,8582
174019,8527,8593
300143,8527,8608
73182,8528,8605
391505,8536,8602
385537,8541,8587
127520,8541,8608
162465,8580,8650
163368,8608,8692
88505,8609,8657
98594,8610,8694
135645,8611,8679
79620,8626,8695
79621,8626,8730
348465,8649,8710
249597,8666,8726
140088,8741,8813
2218,8741,8851
226470,8741,8858
330420,8742,8815
147997,8743,8876
211534,8744,8805
276365,8745,8853
3951,8746,8868
249726,8746,8875
258447,8747,8828
77266,8749,8901
391252,8759,8841
12748,8759,8880
48349,8759,8892
3951,8759,8901
112268,8760,8875
24005,8760,8885
357832,8763,8888
112408,8767,8887
112271,8771,8913
3935,8775,8897
385467,8776,8862
342810,8776,8882
391503,8777,8885
258146,8780,8894
2219,8783,8882
50741,8785,8886
16298,8785,8892
241025,8793,8913
169874,8794,8883
24003,8794,8899
32760,8797,8882
157953,8798,8866
32761,8798,8900
378394,8799,8862
159285,8800,8872
155740,8800,8902
25997,8803,8887
2445,8804,8884
258145,8806,8882
351337,8807,8852
3201,8823,8877
77263,8828,8949
225682,8832,8895
385062,8833,8893
88711,8836,8897
369431,8836,8899
314521,8839,8900
391508,8915,9023
188233,8983,9035
401835,8986,9038
324143,9074,9139
49035,9074,9142
104435,9075,9129
241027,9075,9136
348361,9076,9144
84538,9076,9150
179608,9077,9141
27000,9079,9141
14279,9084,9141
138591,9085,9140
222393,9085,9146
72770,9086,9141
42189,9086,9161
336371,9088,9139
336374,9090,9148
345568,9091,9140
253910,9099,9162
98595,9126,9193
77260,9296,9451
207955,9299,9389
344188,9300,9347
312589,9315,9388
173387,9316,9390
173471,9328,9387
231358,9350,9414
155731,9357,9453
77271,9370,9434
77265,9375,9429
391504,9379,9455
336378,9384,9473
44037,9388,9455
336376,9389,9465
263394,9391,9454
287475,9580,9632
77260,9584,9736
207954,9587,9679
83688,9602,9655
78248,9606,9674
73248,9608,9665
205404,9618,9665
67226,9628,9679
44742,9628,9684
335941,9637,9694
155732,9651,9735
336377,9663,9726
8580,9672,9736
157046,9889,9954
11528,9890,9961
391943,9911,9986
312897,9954,10021
36152,9956,10022
91340,9963,10048
110900,9964,10041
215469,9976,10048
270143,9977,10034
32598,9977,10054
394280,9985,10067
9133,9992,10054
24556,10002,10080
157047,10010,10069
346821,10011,10093
241415,10011,10099
176950,10012,10072
198516,10012,10078
180270,10012,10089
167992,10019,10092
259069,10025,10101
163367,10032,10100
107986,10033,10095
91918,10034,10098
81763,10035,10138
30175,10036,10093
373765,10043,10100
360666,10044,10093
293086,10044,10102
394281,10044,10117
157048,10044,10120
218526,10045,10101
151262,10045,10136
55989,10045,10142
54272,10046,10121
80148,10049,10144
80942,10053,10144
221139,10055,10126
135207,10055,10131
125388,10055,10139
24007,10058,10143
344189,10060,10157
71328,10061,10129
16297,10061,10137
20602,10064,10144
49099,10071,10126
345384,10071,10148
187346,10075,10117
145775,10077,10139
206795,10080,10143
168732,10099,10216
391506,10100,10248
132478,10108,10231
85141,10142,10239
351098,10143,10230
182084,10146,10218
24011,10146,10236
155741,10149,10254
155733,10150,10270
155739,10157,10254
155736,10159,10263
155735,10170,10269
285741,10177,10256
390951,10180,10271
93871,10197,10255
373987,10199,10263
85137,10206,10270
336372,10306,10396
336375,10307,10398
56817,10308,10388
336370,10321,10388
362928,10345,10420
132449,10349,10412
90160,10357,10420
134190,10368,10429
22149,10369,10448
206248,10369,10454
236560,10370,10438
202452,10373,10423
345541,10381,10429
137578,10382,10455
47658,10383,10449
356729,10385,10455
401334,10386,10457
30467,10388,10449
16295,10389,10439
324104,10392,10453
212731,10392,10455
154609,10393,10456
155737,10402,10501
88466,10404,10477
124420,10417,10520
155738,10427,10520
249598,10432,10497
106571,10443,10509
222403,10449,10516
391507,10458,10519
77259,10581,10677
336373,10616,10701
336369,10645,10742
290151,10670,10746
76441,10683,10761
386475,10690,10753
335624,10702,10756
67338,10705,10760
77259,10798,10903
366559,10800,10856
77265,10821,10885
49035,10825,10883
329171,10833,10886
336368,10834,10904
376446,10863,10927
271917,11034,11092
273875,11034,11098
275641,11034,11119
14617,11034,11125
238950,11036,11142
198515,11051,11128
259059,11055,11131
363826,11059,11128
238946,11062,11126
357866,11062,11128
273309,11063,11125
313377,11066,11128
73277,11067,11126
148436,11067,11129
160696,11067,11131
72871,11067,11169
177405,11068,11132
55860,11069,11127
217884,11073,11133
213961,11074,11126
134457,11074,11130
243101,11086,11161
139361,11086,11186
123036,11090,11187
79622,11091,11228
400880,11103,11182
33953,11110,11181
352565,11117,11183
167173,11125,11182
170037,11126,11205
39860,11128,11180
12288,11128,11186
201594,11128,11188
72027,11129,11199
104732,11131,11188
297020,11133,11180
2182,11133,11192
288083,11133,11205
150084,11135,11202
36591,11137,11205
187754,11137,11209
98593,11139,11236
79623,11139,11240
77274,11151,11225
263274,11165,11230
34983,11167,11246
33954,11170,11230
147731,11172,11247
178156,11193,11285
376447,11196,11246
77267,11235,11353
37432,11245,11320
228871,11246,11334
12488,11253,11328
27004,11261,11328
23741,11263,11327
193110,11263,11329
101662,11268,11331
200764,11269,11328
92717,11270,11335
223288,11270,11350
218076,11273,11333
177404,11273,11354
82964,11274,11351
49398,11276,11331
324144,11277,11329
362278,11282,11339
231359,11283,11354
2562,11418,11479
71959,11576,11639
4869,11577,11641
7321,11578,11639
147569,11683,11758
241029,11683,11801
77261,11684,11821
11528,11686,11749
245818,11686,11756
77270,11686,11773
343788,11689,11770
275642,11693,11782
77269,11697,11786
110297,11704,11771
74190,11707,11790
391511,11707,11804
241028,11708,11809
74191,11709,11794
228427,11710,11770
332918,11744,11855
113063,11745,11836
241030,11747,11814
110298,11750,11815
182082,11751,11814
77262,11754,11852
315986,11770,11884
42011,11771,11837
289462,11773,11835
86187,11774,11836
284833,11782,11836
391514,11786,11889
302543,11788,11861
53373,11803,11878
35723,11804,11868
233761,11804,11873
105254,11805,11863
357411,11805,11887
219968,11808,11885
306814,11813,11883
346542,11814,11879
183043,11818,11879
618,11818,11883
286703,11818,11892
84323,11819,11932
92350,11820,11881
240433,11820,11884
11530,11821,11887
112270,11822,11912
356960,11823,11884
311493,11827,11894
49570,11828,11881
152572,11830,11917
391515,11836,11959
377146,11841,11893
84324,11843,11958
198528,11848,11904
22274,11850,11939
62833,11853,11917
62832,11853,11937
391513,11932,12015
66055,12058,12124
274934,12059,12142
28991,12078,12140
335466,12083,12140
151261,12098,12185
239686,12100,12156
391509,12103,12169
11529,12128,12206
45381,12131,12208
11528,12140,12213
15376,12141,12207
242236,12143,12207
77261,12143,12275
110297,12163,12226
300144,12166,12227
391512,12169,12267
189427,12169,12275
19047,12170,12241
74191,12171,12245
125391,12182,12247
24010,12194,12263
41810,12197,12279
182012,12199,12303
75077,12204,12285
83302,12204,12299
348362,12205,12307
332562,12207,12293
182083,12210,12270
271164,12211,12291
77262,12211,12308
177957,12217,12296
225986,12226,12321
55076,12239,12299
122202,12239,12317
175396,12244,12308
385536,12256,12344
29877,12257,12316
84540,12306,12396
337500,12307,12386
169873,12313,12390
42189,12338,12403
100330,12340,12424
15111,12348,12423
276366,12351,12424
9649,12354,12417
15377,12358,12421
310363,12358,12423
85987,12362,12424
72000,12724,12790
83521,12738,12823
238949,12740,12814
315987,12744,12820
238948,12748,12809
229143,12748,12823
6697,12765,12826
62830,12789,12874
118462,12796,12866
386789,12797,12881
68825,12799,12865
3297,12799,12870
25279,12803,12866
156071,12821,12874
376079,12822,12866
357833,12822,12873
108308,12822,12883
206832,12823,12884
322185,12828,12874
391510,12829,12885
181209,12934,12980
131335,12934,13014
84539,12934,13017
69146,12934,13021
88803,12935,13019
209655,12935,13031
60782,12935,13034
289629,12936,12999
338542,12940,13003
134536,12940,13005
84542,12941,12983
181208,12943,12993
196285,12943,13017
210005,12944,12986
305142,12944,12990
159077,12947,13024
277188,12949,13011
77272,12950,13022
86425,12952,13021
389882,12956,13017
381599,12961,13022
372316,12975,13041
62115,13025,13096
263287,13033,13087
251526,13044,13099
149025,13045,13094
216110,13045,13107
114675,13046,13096
374737,13047,13119
57340,13050,13095
155476,13050,13113
131401,13054,13107
279067,13059,13124
27002,13064,13110
16294,13091,13175
77271,13109,13183
318562,13110,13173
21479,13121,13180
298509,13121,13194
56881,13122,13175
158254,13122,13199
238951,13130,13193
72070,13134,13191
118927,13134,13197
262067,13135,13179
407451,13137,13198
312028,13147,13196
226808,13147,13199
50346,13149,13195
279561,13310,13374
251525,13314,13375
77267,13337,13465
405465,13365,13442
176193,13372,13443
273874,13435,13536
399026,13449,13524
159868,13453,13507
370613,13458,13527
56818,13459,13519
251876,13460,13555
169872,13465,13538
11723,13466,13528
220186,13468,13531
176099,13474,13535
95227,13475,13544
6319,13613,13668
92718,13615,13666
191123,13617,13668
26379,13622,13668
2878,13815,13883
193625,13934,14011
298044,13935,14004
25547,13954,14022
127101,13987,14030
277213,13987,14037
170754,13990,14059
349600,13991,14039
108260,14006,14056
258758,14112,14170
15018,14112,14173
90161,14112,14175
4263,14113,14171
172445,14113,14176
4170,14240,14289
301762,14240,14301
329682,14240,14311
92568,14240,14316
201220,14240,14321
301035,14241,14294
181951,14241,14309
143614,14243,14298
375801,14244,14362
90158,14247,14374
269607,14251,14320
342422,14253,14303
259060,14254,14369
385063,14255,14300
383227,14255,14321
201839,14255,14381
164013,14257,14310
322186,14258,14304
385061,14258,14309
77264,14258,14336
399072,14259,14342
312081,14259,14369
84537,14261,14336
241436,14265,14380
112272,14266,14312
138029,14267,14322
20908,14267,14369
23990,14271,14380
10,14272,14384
30171,14272,14389
19299,14274,14342
348466,14274,14349
110366,14274,14361
273871,14274,14366
10098,14275,14336
221296,14275,14394
28958,14276,14343
44413,14285,14385
30685,14288,14377
88965,14290,14402
90159,14301,14386
193624,14307,14402
339691,14311,14388
207953,14314,14389
72804,14324,14405
42190,14325,14386
105810,14326,14388
50588,14327,14401
70564,14334,14382
206249,14334,14405
65974,14337,14399
245819,14337,14407
86424,14340,14406
74192,14343,14404
385456,14344,14405
247470,14348,14406
201593,14492,14540
253983,14492,14551
205656,14495,14540
12288,14495,14542
190192,14495,14546
8355,14495,14548
145667,14497,14560
116858,14498,14546
353697,14499,14562
38149,14594,14653
85140,14747,14822
22389,14748,14817
171488,14751,14816
67817,14758,14811
195650,14768,14818
187057,14769,14820
11531,14923,14974
30173,14923,15018
137970,14929,15018
30172,14937,15018
34982,14962,15013
123000,15119,15199
145670,15125,15198
336585,15127,15197
69148,15127,15204
19260,15130,15197
102078,15162,15222
247074,15165,15232
21616,15169,15224
170998,15171,15226
171532,15173,15226
135384,15173,15228
15378,15180,15248
146417,15182,15254
122217,15189,15281
276726,15230,15290
81829,15230,15311
372605,15231,15286
15825,15234,15296
247057,15234,15311
136373,15237,15311
70166,15240,15305
195651,15245,15306
205581,15245,15308
15379,15245,15310
374537,15250,15311
71232,15257,15311
182085,15343,15387
67227,15343,15405
111842,15343,15451
102849,15345,15453
23830,15352,15454
184611,15357,15417
21932,15358,15415
88229,15363,15416
72872,15375,15440
355210,15381,15443
69147,15382,15445
47688,15383,15438
184869,15397,15454
375802,15502,15572
77264,15502,15575
312080,15505,15581
289461,15505,15584
13334,15515,15581
20739,15515,15584
53836,15515,15587
115928,15515,15597
247056,15516,15580
10098,15518,15575
19299,15519,15581
158841,15523,15588
77275,15528,15588
371672,15536,15621
74758,15550,15628
385492,15556,15626
21480,15711,15767
385457,15712,15766
38179,15712,15773
164500,15713,15769
27003,15821,15875
208859,15821,15878
57916,15822,15890
347351,15826,15879
22150,15941,16006
46170,16107,16153
12821,16107,16187
4766,16107,16195
12748,16107,16207
3951,16107,16225
24008,16107,16234
77273,16107,16243
222262,16108,16202
147998,16111,16244
22639,16113,16208
3935,16115,16232
16296,16116,16221
37177,16116,16225
386790,16117,16216
125390,16118,16207
226471,16122,16206
192317,16122,16233
90157,16124,16226
50741,16127,16214
112409,16127,16230
14618,16127,16235
40113,16127,16240
273876,16128,16217
301691,16130,16234
125389,16131,16226
147733,16132,16208
34814,16134,16226
65770,16134,16231
266489,16136,16229
258147,16139,16229
282361,16140,16225
70165,16140,16247
84541,16143,16248
34050,16146,16208
316092,16146,16245
180774,16147,16218
25998,16147,16233
293085,16148,16231
8354,16148,16236
315867,16148,16249
257342,16151,16257
393361,16151,16267
132584,16157,16203
18041,16166,16250
33957,16221,16274
40666,16229,16300
392695,16537,16607
80366,16654,16717
67005,16654,16722
329538,16731,16805
209777,16732,16801
216111,16736,16802
300145,16738,16817
46936,16739,16808
36356,16744,16808
361436,16759,16824
110588,16760,16838
133113,16774,16824
52556,16778,16838
346963,16781,16828
185748,16782,16864
104944,16783,16838
218272,16785,16837
47351,16791,16832
392251,16807,16870
301359,16928,16972
1642,17063,17122
113062,17173,17227
73789,17173,17235
35082,17173,17239
58505,17173,17243
247471,17173,17246
50177,17173,17252
34285,17174,17230
78036,17174,17260
22054,17174,17269
24009,17175,17258
27773,17179,17240
96612,17179,17257
90164,17179,17263
371671,17179,17269
79168,17180,17259
141037,17182,17243
157049,17189,17267
211166,17196,17267
173254,17197,17269
9232,17203,17268
167172,17206,17268
386610,17213,17265
113124,17215,17264
