77446,110,162
206665,110,246
289087,114,233
69277,125,210
312294,127,230
261878,129,227
320932,129,236
162263,131,214
376192,133,202
148670,133,255
35407,134,217
299810,136,211
398888,141,240
287799,144,219
393622,144,229
211243,145,210
299568,147,217
370721,149,212
156076,154,242
201929,157,231
269169,159,230
337633,166,220
383660,166,233
47070,170,231
73113,171,240
67158,173,246
62403,174,231
257885,174,275
255541,175,244
213773,175,255
167243,178,229
26693,178,232
270154,178,239
29541,178,250
180293,178,255
105375,178,261
260925,179,243
150502,182,234
226617,182,255
364983,191,263
180292,207,284
166010,208,254
179876,208,291
62478,211,272
251507,217,282
180291,219,297
159789,237,290
63200,239,289
129545,244,354
12003,271,346
75794,274,340
2337,274,343
75078,275,348
91902,276,330
168965,276,352
361886,277,361
219867,277,391
6037,278,341
104874,278,351
5741,278,359
11498,278,380
270153,278,402
23522,279,347
147770,279,366
276901,280,384
216083,286,357
147771,291,386
40628,298,358
314653,299,379
196231,316,375
176368,318,392
374702,319,413
305859,320,409
139493,322,401
203214,324,404
361973,326,417
334650,327,404
138201,328,402
356987,335,401
273076,340,410
87360,342,397
221926,344,405
227155,345,406
86654,346,430
339103,348,391
101423,348,433
86655,358,451
385578,360,407
5762,360,413
487,360,440
367826,360,463
63887,363,489
89200,370,434
296495,372,433
35021,372,435
203774,372,475
270558,377,441
231083,378,448
270152,381,425
400520,381,444
208680,431,495
209423,433,495
179785,434,496
41548,437,494
285066,437,508
306877,438,495
94806,439,496
49273,440,501
23508,446,495
381254,466,525
385334,477,533
108247,532,641
235600,535,642
241530,537,607
399331,551,640
93677,576,642
1507,588,680
260801,603,664
32849,838,902
142335,854,943
160053,855,916
16108,867,915
280118,869,947
125596,879,981
2371,885,985
68465,888,982
181873,891,993
146224,903,976
25081,996,1058
46937,1068,1139
142857,1294,1361
314300,1294,1372
194438,1296,1360
194437,1300,1361
367335,1302,1357
172063,1306,1357
350219,1308,1371
340506,1310,1357
312634,1310,1393
385335,1313,1360
177210,1322,1400
14958,1343,1418
130383,1352,1418
69020,1358,1416
172937,1359,1421
36091,1361,1420
49977,1361,1444
280119,1362,1440
320395,1363,1458
70914,1365,1422
403784,1369,1432
223022,1385,1456
41358,1541,1588
178718,1739,1795
170661,1776,1829
397132,1782,1827
47611,1785,1828
203752,1785,1832
350102,1797,1863
379097,1821,1884
63667,1838,1891
49978,1841,1909
90104,1989,2050
115856,2064,2124
211559,2116,2191
142392,2218,2269
346993,2219,2271
126159,2477,2587
90610,2483,2565
19036,2492,2584
47591,2493,2555
25628,2493,2582
191811,2494,2575
144042,2495,2569
243819,2497,2566
49854,2503,2588
198975,2514,2588
2562,2522,2578
269723,2660,2741
304407,2666,2729
45882,2668,2725
356988,2668,2729
269722,2671,2770
275023,2677,2751
272507,2677,2756
272566,2680,2758
4993,2684,2736
312293,2684,2766
135999,2689,2755
400247,2706,2766
18827,2739,2810
7693,2771,2820
122139,2788,2858
162779,2876,2949
333102,2907,2975
273307,2912,2980
391154,3077,3122
278560,3183,3249
273075,3190,3254
273353,3197,3262
356986,3198,3287
19037,3225,3283
158745,3476,3532
324470,3477,3530
74606,3480,3532
46936,3507,3568
209618,3755,3842
46466,3776,3837
97556,3778,3834
1508,3778,3836
33621,3998,4057
241763,4074,4130
206743,4078,4127
204884,4161,4223
231295,4164,4223
58380,4173,4251
213460,4212,4276
291481,4424,4491
79436,4430,4482
263014,4435,4488
254014,4620,4677
24560,4624,4703
300166,4781,4828
260453,4781,4835
313431,4781,4895
298630,4784,4846
163048,4799,4883
204883,4814,4885
19035,4843,4901
27855,4855,4935
261072,4874,4922
42981,4876,4929
289088,4876,4942
31366,4878,4934
232181,4878,4953
216906,4887,4958
298748,4891,4934
8499,4891,4945
228739,4892,4939
235601,4893,4968
45475,4895,4973
170662,4924,4999
113267,5257,5321
128395,5260,5323
99376,5260,5329
176367,5260,5335
241603,5264,5338
12498,5267,5361
4470,5283,5362
359017,5290,5354
86677,5297,5348
231084,5308,5373
58989,5312,5360
47070,5312,5362
364786,5313,5374
124082,5317,5371
192679,5318,5370
208679,5327,5373
227654,5402,5457
205022,5408,5462
10323,5410,5462
60991,5552,5617
400521,5627,5690
174117,5671,5748
142334,6000,6055
176902,6013,6071
301671,6463,6557
304548,6468,6537
217759,6469,6554
157488,6489,6556
179875,6490,6556
