3543,118,186
154123,120,191
234401,127,193
203818,130,191
1363,130,196
91103,130,210
228991,131,193
187188,132,189
54715,132,196
12218,134,201
389319,137,200
4674,138,210
44507,142,200
58536,276,335
396505,284,344
144165,289,347
150034,295,345
294348,300,347
144163,493,558
208385,493,561
54653,497,549
161477,506,571
323996,518,585
260382,521,573
157296,521,588
203087,846,901
43422,846,907
196495,847,918
194116,847,924
161348,847,945
190402,847,952
149706,848,911
91292,848,913
16451,849,928
86823,849,956
344865,853,949
83202,855,934
370641,858,926
46915,859,919
194115,859,942
344866,860,955
353912,865,974
149707,867,957
405035,890,1031
45678,893,959
94534,904,957
101114,905,959
186651,909,999
186650,910,1032
365445,1154,1209
324995,1155,1215
378822,1170,1249
355091,1171,1238
131467,1176,1232
13844,1176,1251
390368,1180,1238
31347,1181,1256
5741,1182,1253
50727,1183,1249
15437,1195,1253
15768,1264,1325
154275,1265,1346
255431,1271,1364
70930,1288,1381
361953,1291,1385
32760,1302,1384
35795,1303,1391
234841,1303,1412
173252,1304,1373
12358,1308,1387
365331,1311,1371
366248,1311,1391
18254,1313,1379
164893,1313,1402
36446,1314,1390
88018,1314,1412
353353,1316,1416
144164,1320,1402
152316,1321,1387
187187,1325,1429
32425,1326,1406
228990,1328,1391
168401,1329,1418
361954,1331,1404
360297,1332,1388
115229,1333,1434
230007,1336,1420
166002,1338,1419
293145,1338,1425
28782,1339,1401
304497,1345,1419
150033,1349,1426
26761,1349,1433
260471,1350,1429
104225,1352,1426
92107,1357,1412
262873,1606,1703
237212,1610,1708
11573,1613,1683
311823,1614,1695
237211,1614,1725
385297,1618,1710
33958,1631,1712
8735,1662,1753
15900,1685,1776
338902,1906,1974
179351,1910,1967
84279,1910,1973
392629,1914,1990
291380,1921,1992
211829,1932,1995
195199,1938,1994
350175,1942,2003
365375,2497,2551
117210,2545,2592
21433,2629,2681
262468,2819,2907
13484,2906,2998
286771,2916,2986
142660,2988,3079
63208,2988,3093
230288,2992,3053
97077,2992,3075
342857,2995,3066
290299,2995,3111
221906,2995,3119
260039,2996,3058
137075,2996,3080
40695,2997,3086
168402,2997,3108
186653,2998,3071
215129,2998,3095
99381,2998,3113
289408,3000,3081
7956,3000,3093
314940,3003,3067
242943,3003,3116
333711,3004,3090
43466,3005,3105
235622,3006,3057
128955,3006,3061
87155,3006,3075
179589,3006,3120
226671,3007,3068
186654,3007,3070
150035,3007,3126
5641,3008,3085
35920,3009,3102
56909,3010,3068
106242,3011,3109
99380,3012,3133
122524,3013,3115
127360,3015,3072
53797,3015,3108
279772,3018,3111
14663,3019,3116
226670,3020,3124
170984,3022,3129
60727,3025,3096
337190,3025,3126
216018,3027,3111
168403,3028,3097
137506,3029,3112
77289,3031,3136
166003,3032,3147
257035,3033,3107
377751,3034,3116
28486,3035,3102
289409,3036,3106
137505,3039,3135
247819,3041,3095
303893,3041,3156
179262,3055,3156
33584,3077,3139
322722,3081,3144
181765,3096,3147
43420,3273,3374
43421,3295,3401
70715,3310,3408
62939,3310,3428
64945,3313,3408
337266,3328,3408
361509,3335,3428
11574,3365,3428
213372,3460,3509
56647,3460,3537
124206,3460,3540
256792,3464,3543
150500,3558,3623
68646,3565,3637
75130,3570,3641
334943,3572,3635
247017,3575,3637
225218,3579,3650
151768,3581,3645
48180,3581,3649
219716,3583,3635
225217,3583,3650
174584,3584,3644
260040,3587,3642
135074,3589,3642
183981,3767,3823
324306,3769,3826
210742,3771,3827
135368,3773,3828
90945,3988,4049
397120,3998,4051
49813,4615,4685
168404,4620,4685
18973,4623,4686
20057,4626,4686
79313,4633,4687
133716,4889,4966
133717,4897,4973
342858,5111,5163
36899,5301,5352
87157,5640,5701
262872,5642,5739
311211,5643,5698
165266,5644,5741
199212,5645,5710
228992,5645,5726
378440,5650,5705
371309,5652,5700
75404,5652,5702
300539,5654,5707
99383,5655,5701
325576,5655,5739
365374,5682,5761
133185,5809,5854
179272,5818,5923
365376,5818,5927
252629,5820,5880
383473,5820,5894
118432,5822,5880
365370,5822,5905
334753,5822,5915
365371,5822,5923
179271,5823,5928
141398,5823,5932
365373,5823,5944
312378,5829,5893
324354,5833,5929
175966,5834,5894
365369,5843,5912
400567,6037,6090
293906,6050,6102
244147,6058,6128
179263,6077,6184
223352,6095,6173
311776,6103,6165
25230,6105,6184
337265,6107,6178
71246,6111,6162
367452,6117,6181
14963,6117,6185
3943,6119,6168
8488,6119,6176
98819,6119,6180
214312,6119,6182
278191,6119,6184
215274,6122,6180
276766,6125,6182
90335,6127,6181
384029,6143,6185
336782,6284,6347
351330,6366,6423
173251,6375,6443
314482,6386,6428
118040,6495,6556
279525,6495,6568
99382,6677,6741
343902,6678,6738
312561,6806,6870
346834,6814,6877
261403,6815,6871
13510,6819,6874
55731,6823,6866
137262,6824,6881
323997,6894,6980
161447,6904,6980
297127,6905,6963
215128,6905,6965
296830,6905,6973
13,6906,6969
378299,7159,7214
312359,7159,7223
81388,7160,7230
56050,7160,7246
58089,7161,7235
189715,7165,7212
321006,7166,7232
351329,7174,7221
243903,7175,7238
319167,7177,7247
135287,7178,7234
263873,7193,7255
75131,7580,7632
311824,7581,7643
33577,7581,7649
371456,7581,7655
56201,7582,7661
275242,7584,7649
58211,7586,7664
122066,7587,7651
49361,7588,7639
365372,7607,7679
103230,7609,7678
31332,7992,8054
279089,7994,8050
174072,7994,8058
122526,7996,8050
157872,7996,8058
356757,7996,8066
31348,7996,8069
101788,8045,8107
265585,8062,8124
60715,8067,8125
171833,8229,8280
60258,8229,8288
361195,8230,8281
33522,8583,8626
35573,8584,8642
408486,8586,8629
4972,8586,8649
170164,8590,8640
84281,8602,8659
130544,8604,8682
350679,8605,8659
204593,8607,8668
65578,8682,8747
202644,8693,8788
232277,8694,8781
386263,8715,8781
153100,8725,8787
12711,8735,8789
306991,8819,8884
294172,8824,8886
296775,8830,8878
236630,8835,8878
59046,8835,8914
63695,8840,8887
299463,8840,8903
388082,8842,8896
133179,8866,8939
365375,8945,9008
69767,9099,9155
124433,9113,9173
66236,9411,9488
135771,9411,9491
159774,9459,9519
201871,9934,9986
22001,9934,10006
353319,9940,10012
105063,9944,10012
204784,9949,10014
99384,9959,10030
216856,9963,10014
44396,9963,10016
152317,9963,10025
265057,9963,10030
156186,9963,10036
183270,9963,10043
96650,9966,10048
354072,9979,10077
314489,9980,10048
22002,9981,10053
270205,9981,10060
254660,9990,10051
334754,9990,10067
309956,9991,10048
290219,9992,10050
141153,9992,10053
31969,9992,10070
124432,9994,10067
381925,9994,10071
38425,9996,10063
361991,9997,10070
43846,9999,10071
46164,10001,10065
211129,10002,10075
407377,10004,10066
99582,10004,10077
17704,10008,10083
365356,10008,10148
237791,10010,10079
373044,10010,10085
163231,10010,10098
337518,10011,10069
8757,10012,10076
35921,10012,10089
365349,10013,10141
378467,10014,10074
404040,10014,10094
68229,10014,10110
338312,10015,10092
267988,10016,10068
87156,10016,10077
179179,10017,10069
391017,10025,10091
388453,10026,10086
151167,10026,10088
6630,10027,10104
365362,10030,10107
196692,10031,10095
53986,10031,10097
270424,10032,10100
371588,10032,10109
365342,10032,10159
203913,10034,10106
13511,10035,10116
365348,10035,10160
365361,10039,10161
360298,10049,10095
198952,10050,10108
245054,10054,10098
365367,10059,10160
365340,10073,10164
365369,10077,10162
304586,10080,10156
365368,10080,10162
189130,10109,10168
160467,10405,10455
81372,10406,10480
323611,10406,10488
179398,10426,10484
290881,10426,10491
67728,10429,10507
168075,10430,10511
114904,10438,10535
188507,10450,10513
37749,10456,10510
361776,10457,10503
196042,10457,10523
323998,10458,10506
310756,10460,10524
378300,10460,10557
79140,10462,10506
378468,10463,10543
151048,10464,10507
93707,10464,10531
387997,10469,10561
44138,10478,10561
247952,10484,10561
254773,10492,10560
113372,10499,10561
227425,10501,10568
154308,10527,10593
354499,10532,10591
99583,10539,10605
361105,10542,10605
14964,10578,10639
213373,10578,10668
365341,10589,10729
365366,10592,10692
365360,10593,10728
365347,10604,10740
365335,10605,10734
365340,10607,10694
64120,10617,10678
324356,10617,10710
365355,10619,10738
193479,10621,10684
384661,10621,10693
349843,10622,10672
107326,10622,10686
365359,10622,10732
336371,10625,10689
15901,10626,10683
297914,10626,10704
62940,10627,10690
379045,10628,10685
150519,10630,10709
365365,10638,10742
384660,10642,10697
198532,10642,10705
179264,10645,10732
384662,10647,10693
38514,10656,10709
161448,10726,10773
335544,10917,10982
233041,10917,10990
69284,10919,10999
175310,10924,10993
2562,10935,11011
373045,10935,11014
373486,10942,11006
43427,10943,11009
101496,10945,11010
203962,10947,11036
365364,10947,11053
365343,10952,11113
292350,10953,11039
365352,10953,11079
174073,10954,11015
374923,10958,11019
66235,10958,11037
398866,10959,11022
246924,10961,11026
6630,10962,11032
365337,10962,11131
22049,10964,11040
365358,10964,11095
72493,10965,11033
365342,10966,11086
365351,10966,11127
54809,10972,11036
311778,10973,11089
365370,10982,11075
365371,10983,11103
114590,10986,11031
379331,10990,11070
179265,10990,11090
365363,10990,11107
383474,10992,11069
324356,11001,11108
365335,11001,11129
283849,11002,11061
224408,11004,11055
150573,11005,11067
72372,11007,11067
390319,11011,11102
38491,11013,11078
365357,11013,11133
390320,11020,11105
365350,11020,11136
390318,11025,11091
336368,11025,11101
59982,11029,11108
223353,11030,11091
291394,11032,11100
231044,11039,11097
117347,11039,11107
179266,11045,11131
37572,11054,11103
38513,11054,11107
336370,11056,11131
336369,11070,11161
262871,11249,11318
81196,11256,11317
381254,11272,11333
149546,11272,11340
85307,11273,11342
298318,11276,11345
187544,11278,11342
355092,11282,11343
384423,11286,11342
30562,11286,11369
378466,11295,11371
30563,11299,11389
311825,11406,11470
365349,11407,11532
324358,11417,11557
6096,11422,11497
22048,11424,11503
150,11430,11505
365337,11430,11581
365345,11431,11567
13512,11432,11490
347391,11432,11492
347366,11432,11499
324359,11432,11578
311779,11433,11542
3686,11434,11515
365348,11435,11544
148750,11436,11495
106537,11437,11493
190301,11438,11518
379330,11445,11527
179267,11452,11541
365373,11452,11578
365341,11456,11577
150574,11470,11530
179268,11476,11590
336368,11486,11555
237792,11486,11558
390321,11488,11568
59982,11491,11561
296068,11493,11556
324355,11499,11574
118896,11502,11551
186652,11676,11740
111204,11676,11762
231827,11676,11767
216135,11676,11779
144162,11677,11744
257034,11678,11732
231828,11680,11778
405703,11682,11749
84887,11684,11771
123219,11685,11737
99840,11685,11766
188742,11686,11747
122527,11686,11793
84280,11689,11755
113371,11692,11771
58212,11698,11771
365374,11702,11799
385857,11703,11769
345543,11714,11797
373487,11728,11796
393636,11728,11799
215028,11737,11799
261402,11742,11799
54903,11758,11799
365354,11865,12021
365339,11866,11998
324361,11872,11993
365356,11874,11996
365343,11875,12027
30689,11877,11965
365338,11881,12045
324359,11885,12038
365342,11889,12004
365346,11890,12050
253435,11901,11994
179269,11908,11992
141398,11908,12029
365347,11925,12043
365353,11933,12058
179270,11939,12046
336368,11942,12014
324357,11943,12007
336374,11948,12014
56817,11948,12041
296068,11951,12015
59983,11952,12020
390322,11952,12025
336372,11954,12046
90334,11960,12010
111903,11964,12010
114901,11972,12038
101682,12176,12234
101683,12177,12233
75767,12237,12300
188717,12267,12340
353320,12272,12343
262874,12280,12372
368887,12327,12413
78482,12366,12452
389150,12374,12435
351596,12374,12439
158046,12374,12450
374126,12374,12464
383826,12375,12440
154276,12377,12462
365344,12378,12533
365339,12379,12500
203914,12385,12452
365345,12387,12528
365352,12390,12501
328045,12391,12461
8986,12393,12460
365338,12393,12550
311780,12397,12528
365351,12399,12542
365362,12401,12470
110003,12402,12450
365361,12402,12504
379329,12403,12489
324362,12403,12545
217105,12404,12463
21648,12406,12463
228039,12412,12477
179271,12415,12528
365341,12419,12538
365355,12439,12548
365350,12443,12548
336373,12449,12542
237792,12450,12519
311777,12452,12549
150520,12455,12548
218745,12458,12508
114902,12470,12542
254659,12475,12548
192819,12689,12753
213670,12708,12762
292351,12872,12978
214975,12878,12957
7441,12890,12973
122525,12904,12973
405373,12908,12974
365336,12908,13065
58493,12909,12973
122067,12910,12974
365338,12910,13058
66237,12911,12966
81261,12912,12971
324359,12912,13049
365358,12913,13024
324362,12913,13054
365346,12913,13064
253435,12922,13009
179272,12928,13030
311781,12929,13054
179273,12929,13058
15625,12932,12983
365367,12934,13016
365360,12935,13052
8758,12943,13013
365357,12950,13056
365359,12952,13053
321100,12960,13021
237790,12960,13030
324360,12961,13049
336376,12969,13061
237789,12978,13054
179397,13147,13242
231346,13147,13251
395688,13149,13201
122170,13152,13214
365372,13205,13297
140914,13226,13290
114903,13266,13336
179399,13289,13380
3664,13299,13373
356958,13323,13392
365354,13323,13463
365364,13325,13422
365344,13325,13468
265411,13334,13376
328045,13336,13406
365336,13337,13486
324363,13341,13470
324359,13342,13473
81261,13347,13402
311782,13350,13469
182230,13357,13435
365376,13358,13462
179274,13362,13478
365366,13366,13446
365363,13366,13464
336377,13383,13459
365353,13383,13489
365368,13384,13446
336378,13394,13491
70912,13396,13446
365365,13399,13483
336375,13399,13486
114905,13439,13494
43423,13603,13709
85308,13632,13709
300117,13659,13710
99385,13774,13842
48181,13817,13907
67414,13860,13951
44446,13913,13971
253003,14104,14166
58213,14104,14168
324307,14105,14152
2640,14106,14156
239717,14113,14164
104505,14117,14176
374661,14118,14167
