29648,104,183
16928,105,198
186807,113,179
224049,114,226
301602,121,221
301601,122,246
122605,129,219
235968,131,199
97800,134,249
121552,138,260
323265,148,275
279060,150,263
18320,152,220
133137,152,260
388425,153,248
86698,154,263
167154,155,271
283557,156,258
248528,158,254
285237,160,261
263907,163,263
177989,167,263
406867,168,299
235373,169,269
211415,172,292
299212,180,314
33391,182,296
136624,183,308
149938,184,256
117575,186,310
122815,186,316
237530,189,311
278566,190,332
213571,193,314
332451,196,337
42667,197,308
29649,197,319
108844,198,264
78850,198,302
248529,200,324
94597,204,328
396087,208,311
127121,211,324
259394,212,318
103001,220,310
5229,222,314
124665,227,330
140469,229,314
7601,231,316
485,232,310
154608,232,319
122814,240,331
24557,252,314
151982,255,311
80810,258,314
315885,261,319
130326,261,334
367575,276,344
77245,302,346
58127,302,354
186651,605,685
188037,605,713
186650,605,720
213987,805,878
121842,842,935
219797,857,922
69782,881,936
330439,893,975
130325,902,962
66067,950,1013
218268,953,1010
225213,953,1074
159602,955,1039
5475,958,1020
407349,959,1036
165448,959,1047
370603,960,1028
153353,960,1071
255050,961,1040
130327,961,1064
6210,963,1013
77987,963,1033
225214,964,1074
248569,966,1023
91473,968,1033
397813,969,1039
50659,970,1020
11637,972,1036
151676,975,1026
53501,976,1028
129280,976,1042
305542,976,1061
292982,976,1083
273469,977,1087
13950,980,1033
274044,985,1060
274415,990,1091
228984,993,1046
18999,993,1093
66267,994,1097
342599,996,1060
321393,1070,1152
202561,1311,1384
120146,1311,1391
370604,1316,1380
95371,1321,1409
129915,1326,1381
341248,1332,1395
164339,1340,1389
121371,1341,1400
64555,1341,1403
371438,1342,1401
190075,1398,1465
296702,1410,1457
485,1700,1753
52797,1701,1755
167155,1701,1776
246774,1701,1782
2398,1702,1753
354031,1703,1779
251357,1704,1754
95723,1705,1755
382932,1706,1786
110296,1710,1752
299213,1729,1790
375234,1729,1793
277493,1730,1780
24195,1731,1790
195366,1745,1794
387806,2054,2124
177125,2252,2332
164379,2258,2323
308878,2259,2330
150318,2264,2331
61037,2269,2332
92852,2272,2333
196500,2367,2435
258346,2372,2431
34398,2396,2450
164594,2720,2772
174963,2737,2820
307679,2738,2800
142226,2741,2793
52086,2746,2795
373313,2747,2806
268606,2748,2794
102340,2751,2812
258347,2757,2816
91030,2758,2821
102461,2771,2842
120145,2776,2842
34399,2939,2994
278565,2939,3011
316988,2941,3004
173253,2945,2994
24556,2946,3015
43030,2948,3005
130628,2953,3000
226462,2954,3002
179951,2955,3033
88534,3118,3200
240495,3128,3200
117648,3130,3191
397734,3131,3200
237878,3139,3200
167156,3144,3199
138799,3309,3416
370717,3318,3416
165123,3332,3424
15050,3343,3420
78428,3353,3423
225914,3359,3422
127572,3361,3425
326053,3363,3427
12139,3364,3425
65723,3364,3431
145471,3366,3434
56881,3367,3421
27404,3368,3426
262764,3370,3416
103000,3370,3423
344324,3370,3427
371350,3372,3427
167918,3376,3430
160558,3379,3434
60458,3384,3455
396859,3389,3450
183258,3389,3452
60457,3389,3456
282853,3392,3458
63757,3414,3496
112948,3438,3502
310811,3492,3555
138798,3635,3701
216341,3643,3695
265412,3643,3710
71502,3646,3700
129255,3647,3694
270160,3649,3705
288857,3651,3703
388221,3660,3740
188824,3664,3725
128776,3667,3730
146731,3668,3758
373609,3669,3730
326054,3671,3742
255021,3673,3765
23486,3674,3739
98232,3680,3742
271938,3729,3802
304984,3930,3998
64895,3931,4022
393517,3933,3989
343349,3935,3995
164246,3935,4012
14030,3936,4016
298016,3939,4010
59756,3939,4023
126569,3940,4013
307774,3941,4036
82142,3942,4005
104399,3942,4057
103981,3945,3994
359538,3952,4019
185947,3953,4057
104398,3955,4067
42850,3956,4023
386420,3962,4059
70806,3964,4018
117574,3972,4023
191504,4054,4137
191505,4054,4142
18722,4082,4132
112687,4258,4326
119855,4260,4330
35719,4460,4537
29647,4460,4543
164247,4460,4566
119854,4460,4570
369368,4461,4539
19000,4461,4561
333973,4462,4551
278567,4478,4570
333972,4493,4572
380157,4500,4573
30674,4503,4572
59755,4506,4572
191503,4508,4572
499,4512,4573
55737,4516,4569
179950,4518,4572
56858,4519,4573
16424,4523,4572
120141,4639,4702
295043,4639,4705
18319,4640,4701
261601,4641,4706
222853,4642,4700
387660,4642,4705
167471,4645,4703
315550,4647,4708
389497,4647,4732
393270,4648,4712
49982,4653,4708
400389,4653,4710
342510,4653,4712
236807,4654,4715
378808,4655,4716
246958,4656,4703
227111,4657,4711
169147,4659,4711
271954,4721,4806
51948,4747,4833
27722,4792,4855
212857,4959,5051
218992,5014,5082
8455,5019,5083
354129,5024,5099
135569,5024,5103
164497,5029,5124
21175,5031,5099
183259,5033,5098
383212,5036,5116
10208,5064,5176
286816,5071,5122
7639,5072,5126
349077,5081,5154
340664,5086,5150
59754,5087,5176
341340,5088,5156
352762,5090,5167
89704,5090,5176
298735,5130,5176
174962,5132,5192
248527,5135,5195
69781,5212,5280
42314,5416,5477
29650,5422,5490
380984,5451,5502
252919,5506,5576
317473,5520,5586
385873,5525,5586
384530,5653,5711
213988,5660,5715
384400,5660,5728
188401,5662,5724
196227,5662,5736
76967,5691,5803
138800,5703,5801
314270,5711,5792
333139,5717,5790
191824,5749,5812
120141,5758,5818
188402,5777,5832
122382,5788,5863
317292,5793,5860
27389,5795,5858
12711,5795,5862
245862,5798,5854
84402,5799,5862
48663,5802,5855
379242,5957,6036
285651,5974,6036
290678,5998,6063
344843,6098,6168
370718,6118,6212
44490,6136,6213
97801,6140,6217
382190,6145,6212
71427,6147,6226
246778,6149,6211
163608,6170,6232
28254,6177,6249
218959,6191,6252
259380,6214,6282
228280,6216,6277
407347,6216,6287
142227,6220,6292
87128,6225,6284
83051,6234,6292
240086,6265,6376
95340,6322,6388
40836,6330,6387
264887,6657,6713
396457,6657,6746
216082,6696,6752
384531,6698,6768
88517,6703,6753
107938,6715,6783
392351,6717,6781
189848,6719,6784
160180,6719,6796
407348,6740,6834
343801,6775,6835
236526,6776,6834
273232,6899,6972
402593,6919,6981
217214,6921,6982
285761,6924,7008
127398,6961,7015
232820,6985,7058
379997,6988,7070
228281,6991,7123
29651,7009,7138
50215,7015,7116
8739,7016,7079
213108,7017,7122
158008,7018,7084
98234,7020,7152
98233,7021,7099
273470,7021,7123
139254,7022,7149
68475,7032,7152
139255,7037,7131
334004,7037,7154
172653,7037,7165
232819,7043,7156
326422,7045,7117
350008,7053,7151
120142,7055,7176
92396,7062,7125
231144,7064,7181
269727,7065,7174
155336,7070,7156
342600,7072,7154
317474,7074,7190
87124,7075,7184
136623,7076,7181
233261,7080,7130
230261,7081,7139
35706,7081,7197
68050,7084,7187
157184,7089,7155
19520,7090,7180
251016,7117,7188
216081,7173,7248
24543,7306,7389
329006,7328,7381
36941,7412,7487
26473,7416,7485
317472,7473,7535
57814,7485,7548
279691,7629,7682
359997,7630,7691
119852,7630,7711
119853,7630,7719
304985,7815,7883
273013,8093,8164
364875,8271,8338
55709,8308,8382
379097,8311,8371
269728,8311,8433
369366,8312,8413
317475,8316,8436
120142,8317,8433
15810,8318,8417
333971,8320,8437
179949,8321,8420
66266,8325,8425
14958,8328,8394
30951,8329,8416
226967,8331,8395
265740,8334,8386
35707,8334,8423
145472,8335,8437
147600,8340,8399
273468,8576,8643
389380,8578,8641
218120,8578,8644
369367,8578,8651
218119,8582,8650
167413,8809,8870
274046,8812,8877
260489,8813,8902
260490,8825,8903
343802,8826,8920
55576,8831,8903
52798,8854,8923
127571,8856,8911
386942,8968,9046
101544,8985,9044
55417,8986,9034
319588,8989,9053
367574,8994,9060
64181,8995,9056
361498,9001,9058
326933,9004,9055
297592,9423,9514
170093,9431,9515
108366,9432,9513
95372,9432,9517
371437,9435,9515
238845,9437,9513
29652,9438,9516
157182,9441,9511
95373,9441,9517
318185,9443,9518
316748,9444,9511
97802,9446,9508
139253,9446,9510
213986,9451,9511
342118,9452,9514
185008,9706,9771
228875,9761,9826
273299,9857,9922
351428,9860,9921
319589,9860,9943
37789,9869,9938
186653,9869,9946
120144,9876,9943
71300,9882,9937
317477,10010,10072
85997,10148,10210
124413,10150,10207
256020,10273,10339
165124,10273,10345
396123,10322,10381
81212,10326,10390
317476,10337,10403
389496,10340,10402
105535,10345,10401
292509,10770,10838
60312,10811,10861
216407,10811,10874
91730,10847,10898
136065,11222,11287
362550,11236,11289
362551,11238,11288
330960,11364,11429
23124,11527,11583
33392,11737,11798
267981,11742,11808
259694,11743,11807
401528,11745,11807
317148,11746,11808
114628,11747,11802
52799,11747,11809
338676,11747,11813
241896,12159,12224
45381,12160,12228
348809,12162,12225
292969,12166,12228
128775,12241,12312
361669,12245,12308
318688,12769,12838
69784,12945,13013
124341,12948,13006
258302,12950,13004
354294,12952,13005
271765,12957,13019
129093,12977,13024
167414,13292,13357
406100,13292,13362
352206,13319,13380
105080,13403,13478
135571,13418,13475
175622,13419,13489
42313,13424,13475
120879,13426,13482
180279,13427,13481
324028,13451,13523
287779,13453,13539
381456,13456,13514
237879,13466,13542
60181,13468,13527
340631,13495,13565
266671,13512,13587
399914,13532,13606
78429,13539,13604
226312,13726,13790
210434,13742,13822
313671,13744,13798
90464,13766,13822
121189,14037,14100
124412,14069,14128
370144,14179,14232
77457,14226,14297
99311,14332,14415
144161,14334,14417
54140,14420,14487
213012,14421,14492
237529,14426,14487
191274,14489,14550
142228,14490,14554
347468,14492,14559
166675,14494,14568
377470,14500,14556
342706,14500,14560
288131,14574,14626
41527,14849,14908
347487,14881,14940
199264,14887,14943
239017,14890,14941
35907,14892,14941
151988,14900,14967
204780,14923,14988
120146,14962,15043
120145,14971,15032
164248,14971,15035
38024,14976,15040
25321,14981,15034
335418,14993,15043
338281,15003,15082
160996,15041,15102
251574,15416,15483
55418,15417,15477
10442,15417,15479
278162,15417,15487
85998,15419,15486
241510,15423,15477
194488,15816,15863
149877,15816,15880
61239,15817,15877
341772,15818,15883
20964,15862,15953
250501,15865,15932
361760,15865,15948
201415,15866,15922
138803,15879,15940
188403,15890,15970
259395,15890,15975
201743,15899,15966
19001,15899,15977
155954,15902,15975
91474,15905,15986
280398,15906,15980
125017,15908,15979
316749,15908,15985
212980,15910,15971
121188,15915,15980
157183,15919,15983
273176,15923,15979
227581,15923,15987
14760,15923,16021
282852,15924,15986
263744,15927,15980
231702,15928,16021
295867,15929,15987
104400,15929,15992
274045,15931,16032
49932,15932,15981
53949,15932,16015
31066,15934,16009
235374,15935,15983
78617,15940,16005
344325,15943,16026
155165,15946,16008
145768,15946,16012
348312,15956,16018
186652,15960,16023
256021,15961,16031
53635,16003,16077
253227,16014,16077
102629,16021,16086
112422,16123,16195
353638,16183,16266
20958,16184,16245
178805,16186,16253
223702,16187,16245
19697,16187,16257
223,16192,16252
253226,16192,16255
124190,16192,16299
293796,16197,16258
120881,16199,16271
371657,16215,16292
112686,16218,16289
142229,16219,16279
188404,16219,16293
222276,16225,16291
261073,16228,16291
309897,16231,16292
228748,16243,16308
47267,16676,16742
243671,16676,16745
381535,16676,16750
182638,16681,16742
31398,16689,16745
34445,16711,16767
61534,16739,16830
266672,16804,16891
137628,16809,16888
50902,16825,16893
268538,16880,16947
250502,16990,17080
112422,17008,17086
49305,17018,17086
188038,17021,17085
8456,17125,17192
378211,17125,17196
18317,17129,17195
272335,17132,17199
18318,17142,17220
24800,17144,17205
161447,17152,17222
13,17154,17216
131954,17179,17243
164250,17188,17251
237880,17191,17251
120143,17524,17586
68051,17538,17593
55419,17540,17616
68929,17547,17624
68928,17547,17631
127122,17547,17662
66037,17555,17641
66036,17556,17644
60634,17560,17616
155341,17560,17618
290748,17561,17624
326436,17567,17637
56229,17574,17641
127581,17734,17781
195627,17734,17785
271603,17734,17789
404389,17734,17795
223022,17734,17802
219896,17734,17815
340577,17743,17821
220341,17746,17820
323266,17756,17820
127381,17762,17827
148220,17763,17821
127382,17765,17830
167157,17770,17831
39560,17771,17819
141943,17782,17847
37580,17783,17861
38282,17789,17854
79281,17792,17848
261355,17795,17868
404808,17802,17866
353335,17802,17868
238846,17803,17875
240005,17805,17882
145690,17806,17869
308096,17808,17869
367573,17809,17870
379998,17809,17873
299149,17816,17872
126460,18034,18101
208620,18034,18108
240006,18035,18099
213985,18036,18103
108845,18040,18107
127123,18053,18101
275570,18058,18106
33354,18268,18324
350087,18534,18602
340374,18623,18684
373709,18722,18783
271764,18725,18782
92853,18726,18790
341341,18726,18801
260301,18728,18811
69783,18730,18803
4489,18731,18789
84309,18733,18782
142974,18734,18789
387734,18734,18795
256599,18741,18801
180584,18790,18854
157185,18812,18881
111836,18813,18876
71301,18818,18884
248530,18823,18884
114629,18824,18920
252920,18827,18906
64839,18832,18898
114630,18832,18936
285652,18833,18885
33011,18834,18904
279728,18835,18894
120880,18835,18897
60313,18836,18927
394290,18837,18904
74582,18838,18898
210889,18845,18929
64565,18852,18909
408329,18856,18958
87565,18863,18926
142483,18868,18927
373608,18882,18931
245823,18890,18967
167158,18893,18968
321394,18912,19046
138801,18913,19022
197193,18944,19021
259381,18968,19021
277637,18968,19036
45347,18969,19019
307742,18972,19036
182864,18974,19040
288175,19062,19112
146403,19063,19143
213093,19325,19389
213094,19325,19392
100097,19327,19385
380242,19358,19412
127580,19368,19443
120144,19704,19759
186654,19705,19760
338677,19706,19761
228282,19707,19760
343803,19713,19761
138802,19858,19915
142230,19858,19935
299727,19858,19945
78849,19860,19919
31397,19860,19922
5741,19860,19936
2337,19860,19939
93963,19860,19946
23522,19862,19926
23522,19863,19941
354938,19870,19951
216083,19872,19933
217107,19873,19936
120143,19911,19958
388222,19915,19982
123281,19924,19998
145476,19927,19999
115850,19938,20002
196027,19943,20002
7320,19976,20042
159346,20055,20131
8269,20074,20149
56839,20137,20202
186732,20147,20211
345368,20164,20243
68052,20432,20548
145473,20435,20573
326223,20442,20573
221142,20450,20543
98235,20451,20592
183641,20457,20535
145474,20458,20595
164249,20460,20551
268258,20460,20584
117038,20462,20556
64456,20464,20573
197880,20469,20532
197995,20469,20560
117037,20470,20565
208971,20471,20584
137117,20472,20574
201535,20476,20584
119653,20487,20595
403065,20489,20558
317149,20490,20570
406307,20515,20570
338678,20532,20586
68426,20539,20586
323202,20540,20591
278707,20932,20992
91011,21460,21565
403888,21465,21517
319827,21470,21544
297593,21480,21561
330441,21489,21579
263910,21530,21638
263909,21554,21665
330440,21725,21791
222633,21727,21789
150599,21729,21790
377471,21842,21928
250503,21842,21937
156691,21842,21945
384532,21843,21907
231643,21843,21909
318186,21843,21926
354130,21844,21900
28052,21851,21946
19707,21859,21937
361736,21862,21971
51269,21864,21925
250504,21876,21956
227026,22022,22088
100736,22029,22089
145475,22031,22089
1754,22033,22089
243257,22036,22089
309898,22317,22431
263908,22326,22431
311788,22335,22432
126570,22358,22432
197310,22362,22415
343742,22366,22433
343804,22376,22432
20262,22559,22611
53414,22603,22663
103002,22873,22935
7524,22886,22953
359610,23008,23057
135570,23010,23068
370719,23011,23067
275146,23016,23070
279692,23019,23062
33393,23020,23095
273300,23023,23093
228025,23041,23104
78094,23451,23513
401007,23661,23722
196026,23662,23770
195628,23664,23730
404433,23664,23733
196025,23685,23778
164498,23711,23770
369519,23714,23770
84310,23812,23866
211859,23837,23903
