355260,128,187
387419,130,192
98340,209,285
233572,210,293
27358,211,277
309555,222,301
165757,269,331
318118,561,614
322755,566,626
308582,999,1073
267585,1005,1071
69539,1009,1076
123709,1012,1078
353848,1097,1161
339905,1449,1519
38038,1450,1508
386820,1495,1550
141666,1997,2046
377345,2232,2299
1080,2233,2324
193403,2237,2298
141667,2237,2338
243289,2240,2303
316891,2241,2295
108901,2256,2308
72547,2257,2320
25182,2257,2359
191304,2262,2330
401007,2262,2338
339064,2266,2348
223219,2271,2340
112016,2279,2344
238273,2281,2346
172367,2300,2362
364230,2303,2365
204314,2306,2402
148752,2340,2406
335378,2343,2409
296337,2345,2416
190059,2351,2420
304258,2639,2691
124518,2639,2710
311947,2641,2705
124519,2643,2709
