130446,136,181
43848,136,183
340528,307,408
106243,308,368
340529,308,383
388672,309,370
11851,309,374
367375,316,385
246874,367,424
43792,375,469
141319,399,462
128028,522,600
132191,523,605
106244,524,603
33987,526,601
77938,537,607
41921,549,608
244533,754,816
270137,756,817
300206,766,810
401068,766,813
272453,766,834
338385,770,858
265001,773,823
83599,774,835
289035,775,841
216294,782,846
291566,792,852
84390,925,1014
89611,926,1036
163211,929,990
209195,931,995
175004,932,1010
160584,937,998
228789,937,1001
51794,939,1000
199897,942,1012
84391,943,1052
336571,945,1023
62617,948,998
52676,952,1015
164727,968,1053
210479,970,1054
141509,980,1054
405291,999,1059
43793,1092,1187
300205,1115,1170
3628,1119,1190
3516,1155,1230
195208,1164,1231
389373,1177,1247
10958,1193,1265
407399,1201,1265
86828,1350,1403
212287,1601,1675
167479,1605,1670
256706,1670,1748
205843,1676,1743
185166,1678,1758
28586,1683,1744
4391,1683,1746
78332,1683,1748
131644,1685,1743
185480,1687,1746
121739,1691,1743
30682,1692,1759
196191,1692,1789
340533,1696,1778
240838,1697,1765
388269,1704,1783
326344,1708,1782
273373,1708,1786
255845,1719,1788
13783,1726,1786
293683,1726,1792
184388,1727,1788
39791,1729,1790
369689,1729,1794
281867,1742,1805
243620,1742,1807
339993,1742,1814
340532,1746,1890
340525,1748,1877
30015,1752,1816
372321,1753,1829
205842,1754,1816
205844,1761,1803
381287,1769,1830
151482,1787,1857
194971,1789,1875
398812,1809,1871
4276,1820,1872
340526,1864,1983
224590,2364,2465
114229,2383,2444
6975,2425,2489
281570,2508,2596
396817,2516,2637
1079,2534,2640
261925,2540,2620
78834,2544,2623
356985,2546,2633
94880,2546,2651
214031,2547,2608
326065,2547,2610
170388,2547,2612
13469,2550,2614
132152,2551,2617
142605,2553,2621
224476,2553,2624
314642,2555,2626
67266,2557,2641
340531,2716,2782
166777,2717,2781
355034,2719,2780
161626,2726,2792
223298,2730,2807
292716,2733,2787
313912,2747,2791
393562,2747,2802
278231,2747,2805
240085,2846,2900
355033,2846,2912
224359,2934,2994
198763,3261,3353
208653,3288,3351
74002,3300,3352
277724,3438,3501
180651,3438,3503
148808,3438,3506
224587,3439,3509
302771,3440,3504
54373,3441,3505
147564,3441,3510
26387,3444,3517
278066,3444,3523
236495,3445,3514
211609,3445,3532
40889,3447,3509
204875,3449,3522
404160,3454,3521
19960,3457,3519
24705,3458,3521
128539,3463,3521
180359,3464,3526
11853,3570,3621
150672,3571,3644
340527,3576,3692
224589,3585,3682
11852,3595,3701
58279,3609,3674
267843,3614,3719
220464,3932,3985
16781,3932,3991
275470,3933,3982
28775,3933,4016
388451,3937,4022
354374,3940,4036
288447,3942,4015
224588,3973,4089
340530,3975,4072
267843,4004,4116
89111,4437,4484
395368,4438,4492
282837,4442,4494
395730,4444,4497
210381,4445,4487
294815,4553,4621
253535,4558,4666
342490,4624,4705
275526,4635,4708
151917,4640,4707
84072,4657,4707
379447,4657,4715
110015,4657,4718
257410,4657,4722
95447,4664,4706
253534,4733,4852
285022,4739,4811
224586,4740,4833
14572,4752,4836
65754,4769,4868
65755,4776,4863
65756,4776,4868
114193,4776,4874
130677,4777,4837
61640,4777,4853
396818,4777,4860
219211,4796,4872
377291,4796,4893
148874,4797,4866
13187,4798,4864
373153,4801,4865
224477,4801,4892
41922,4842,4892
11854,4957,5019
340534,4960,5016
