282255,124,184
37910,128,171
316099,182,248
341863,198,259
153680,199,260
18574,201,258
174126,363,459
112120,364,457
95919,375,447
35181,399,448
142029,400,453
14890,401,447
392946,401,459
372392,402,458
270209,402,462
300525,419,480
6148,421,515
347394,423,478
374816,425,479
385498,425,526
59640,453,562
25400,507,582
123929,518,584
294942,532,584
54906,535,583
23746,714,770
827,739,814
309510,754,818
295144,793,858
165490,847,908
11129,937,999
177434,939,999
212943,1074,1141
407307,1083,1137
9833,1083,1162
7355,1111,1178
917,1117,1178
49411,1122,1215
339532,1125,1200
334751,1126,1210
142876,1132,1199
288751,1132,1210
32907,1135,1223
358438,1136,1201
68279,1136,1206
164092,1136,1214
138380,1137,1180
408457,1139,1216
499,1142,1212
299872,1144,1244
339733,1145,1209
83796,1145,1215
334119,1146,1207
208683,1146,1212
131622,1148,1217
299871,1149,1264
318483,1150,1216
115545,1152,1213
267480,1154,1214
8907,1157,1220
384070,1162,1246
397542,1163,1244
61443,1166,1229
111472,1169,1218
161525,1172,1234
216603,1173,1220
195170,1177,1254
377922,1177,1263
299575,1178,1247
200452,1179,1243
35795,1181,1264
155623,1181,1267
367877,1183,1263
286112,1188,1290
66011,1191,1264
74520,1193,1262
233902,1197,1259
7832,1198,1261
339407,1199,1306
1145,1200,1264
172071,1202,1304
285144,1206,1272
169637,1206,1301
182864,1211,1286
131623,1216,1265
320008,1216,1301
355781,1216,1305
372049,1221,1301
65432,1289,1354
286113,1403,1500
117820,1406,1508
56335,1409,1459
346551,1410,1466
77763,1414,1522
229377,1419,1525
349016,1421,1521
116358,1448,1531
247,1452,1523
485,1476,1526
203600,1477,1530
