183317,117,183
169177,121,221
123155,124,223
144336,125,183
141549,125,186
38934,131,192
126995,131,226
147104,131,240
169178,135,246
228135,139,252
161739,141,225
396285,143,236
235407,144,218
205721,145,232
397855,150,209
179182,150,224
142789,152,272
235406,154,226
265589,156,249
297963,159,225
281955,160,231
385129,164,227
298683,165,240
49479,166,271
265590,175,238
205722,176,251
50858,182,247
155786,182,252
149705,185,249
122872,188,249
122388,190,268
264105,203,274
233840,209,268
300443,210,285
342017,215,271
248405,218,284
300711,218,287
15860,219,309
220554,219,332
145959,221,286
27586,221,308
227982,223,289
142787,223,316
80450,224,306
91975,225,289
80449,225,300
199292,225,342
256685,226,323
258167,227,296
15965,232,320
261404,233,289
256686,241,329
32669,241,332
112411,243,308
298432,246,308
336023,254,363
115308,256,310
71461,258,336
355085,265,339
231830,271,343
200296,277,360
131636,281,339
35095,312,364
371708,312,392
199291,312,420
241967,324,422
345865,334,422
197488,339,420
106390,343,423
142788,350,422
202456,464,541
333989,464,544
169179,466,535
277616,468,546
60634,472,543
8722,474,538
2097,475,544
199289,573,687
370987,592,649
112550,593,684
199290,596,679
236909,603,680
202702,608,657
231522,614,684
369285,619,681
284586,712,831
27587,726,790
131635,773,855
45961,800,862
6690,813,875
110509,815,883
338654,817,869
69817,820,890
327981,825,883
253614,837,899
156103,849,899
296365,849,904
199289,930,1028
132329,931,999
228000,933,1000
404051,936,1000
335409,938,1004
144925,941,1001
347981,951,1003
78728,954,1039
256007,969,1040
126810,988,1039
73412,1127,1190
288587,1129,1192
225381,1137,1191
181709,1148,1197
3509,1249,1298
132330,1276,1355
78728,1277,1357
199290,1279,1349
225125,1291,1353
159403,1296,1344
27588,1409,1478
253613,1411,1474
91976,1411,1477
93727,1758,1809
6023,1758,1829
167839,1759,1831
26777,1760,1817
264243,1760,1821
265605,1760,1823
126994,1761,1803
358446,1761,1827
12589,1763,1825
336341,1763,1829
65973,1772,1817
48698,1820,1889
297964,1833,1905
391626,1834,1915
268299,1840,1916
57775,1854,1917
133443,1873,1925
126771,1874,1917
327195,1874,1935
134386,1876,1933
220310,1884,1948
215756,1891,1961
337629,1893,1948
215757,1895,1941
191259,1898,1971
321626,1938,2019
72173,1948,2012
309962,1949,2007
142543,1953,2015
76749,1953,2018
231829,1954,2017
105385,1955,2016
331096,1955,2028
13570,1956,2017
341094,1956,2024
146131,1957,2020
307177,1959,2031
243298,1962,2027
277791,1963,2029
278376,1963,2043
281956,1984,2028
321706,1984,2047
362978,1985,2042
106043,1985,2048
305948,1986,2053
337628,1987,2059
123125,1993,2055
16673,2019,2068
146130,2306,2382
85196,2554,2608
84959,2554,2627
120312,2555,2641
85195,2557,2626
50262,2562,2624
39959,2628,2695
6193,2632,2695
207190,2636,2695
325681,2641,2687
301289,2787,2860
346991,2805,2857
38593,2921,2969
250208,2924,2981
145807,2935,2980
301913,2969,3034
110508,3233,3286
69818,3266,3319
370450,3702,3757
112212,3703,3756
175631,3704,3757
264661,3709,3765
57824,3710,3758
75011,3713,3757
16371,3723,3790
241969,3730,3810
386583,3759,3812
369426,3762,3813
190198,4019,4108
258546,4036,4109
343835,4183,4249
228136,4183,4261
242541,4183,4268
92253,4251,4316
386874,4255,4315
135065,4262,4325
260689,4264,4318
49447,4269,4321
33465,4271,4318
345701,4271,4324
307288,4272,4325
320,4907,4968
50262,5181,5246
293200,5181,5251
381976,5181,5258
137188,5181,5270
84960,5181,5274
143536,5182,5264
121062,5183,5244
266963,5183,5254
137190,5183,5272
159892,5207,5272
5453,5228,5272
41368,5314,5377
336024,5358,5429
41679,5425,5488
248347,5426,5472
340743,5427,5471
254918,5429,5488
65972,5431,5487
216184,5589,5645
284983,5846,5898
220555,5846,5915
318981,5847,5905
72353,5849,5905
199292,5849,5946
218387,5850,5908
307705,5851,5899
331357,5853,5915
163382,5853,5917
400827,5855,5924
219238,5873,5964
265591,5885,5993
112410,5888,5981
6067,5890,5953
327818,5892,5947
199291,5917,6011
23477,5919,5994
241968,5926,6011
70517,5930,5995
56791,5932,6011
89356,6092,6153
171049,6092,6158
297443,6092,6162
307594,6092,6224
297442,6093,6164
52086,6094,6159
396244,6099,6162
44348,6100,6215
11332,6102,6172
305764,6103,6184
137189,6116,6241
318082,6119,6180
396245,6124,6225
136720,6126,6184
161740,6132,6206
139504,6135,6192
284585,6135,6232
139503,6163,6231
109374,6232,6297
279851,6331,6383
57776,6331,6385
189992,6338,6399
215026,6503,6571
171345,6504,6578
275395,6504,6582
303240,6509,6572
