50530,1064,1112
59173,1064,1125
170030,1602,1666
7344,1603,1656
51123,1603,1659
153403,1604,1664
60533,1605,1660
288464,1605,1668
291064,1608,1655
377825,1609,1678
144485,1611,1659
405229,1721,1778
344455,1886,1940
159683,1891,1944
352798,1900,1961
186222,1917,1966
71811,1945,2001
377825,3088,3164
24491,3262,3323
39127,3274,3317
379391,3552,3597
320466,3552,3628
402627,3554,3627
402626,3555,3610
23849,3557,3622
114633,3559,3622
176094,3561,3628
35896,3564,3624
251882,3565,3626
207534,3567,3625
402625,3573,3662
281661,4504,4565
377824,5481,5604
201048,5770,5831
273917,5968,6021
78190,6474,6535
382702,6475,6533
377824,6477,6592
134152,6484,6541
71666,6996,7043
8645,7012,7058
