445,519,586
399940,650,707
283860,1126,1188
238773,1126,1191
75644,1527,1586
154881,1528,1593
138215,1531,1595
214126,2028,2120
27062,2028,2131
27064,2043,2142
27063,2046,2144
58685,2060,2145
393256,2076,2141
147085,2078,2127
387900,2079,2134
66791,2079,2145
358844,2084,2145
189220,2595,2654
328520,2608,2685
19694,2860,2939
294231,3107,3234
382096,3110,3193
291852,3116,3168
301899,3137,3205
90986,3144,3215
366927,3162,3234
25681,3184,3233
269152,3305,3413
277317,3339,3428
19694,3342,3407
19693,3346,3412
87717,3584,3661
340674,3591,3661
14146,3599,3661
303059,3600,3657
288484,3602,3661
346639,3750,3857
320162,3780,3843
35379,3784,3880
35137,3794,3869
328521,3797,3858
69548,3799,3865
120376,3923,3985
75645,3924,3991
28289,3944,4009
323980,4016,4103
328681,4025,4104
13025,4030,4104
95509,4076,4138
399971,4360,4441
55998,4368,4437
381421,4380,4447
320216,4381,4438
382095,4381,4451
272778,4534,4587
74469,4535,4591
218914,4535,4609
138334,4539,4625
384180,4561,4629
210076,4573,4648
40317,4931,4992
370026,4931,4996
293813,4931,5017
343658,4934,4993
111170,4936,4995
260190,4936,5017
19065,4938,4992
394689,4939,4993
251146,4943,5017
335591,5129,5201
84172,5136,5197
226208,5139,5201
352034,5342,5421
206135,5350,5422
64325,5479,5549
369830,6120,6182
370025,6483,6537
137968,6487,6585
15280,6488,6553
194929,6498,6570
28183,6529,6596
33278,6989,7050
241206,6990,7052
148945,7368,7432
143127,7677,7732
215376,7678,7774
198352,7680,7764
371108,7682,7728
176664,7682,7732
358255,7683,7734
198353,7685,7749
10930,7691,7752
325893,7695,7797
388054,7701,7773
16760,7719,7797
16762,7731,7796
296166,7738,7797
368158,7936,8004
252578,7961,8044
128418,8048,8110
43497,8054,8095
220109,8055,8107
39453,8058,8107
55613,8059,8105
182611,8209,8262
365267,8218,8262
121460,8691,8764
116853,8716,8791
399972,8716,8829
385066,8761,8824
50889,8783,8853
330708,8787,8849
317137,8886,8988
52747,8923,8984
6698,9128,9177
4824,9134,9201
249767,9506,9616
69252,9543,9660
260191,9582,9637
69253,9584,9705
320669,9622,9689
405409,9643,9707
114754,9670,9741
190348,9673,9730
204902,9673,9734
310299,9676,9745
104049,9698,9740
4617,9801,9882
195924,9846,9898
296165,10780,10832
204948,10892,10965
139809,10893,10949
142391,10893,10960
298330,10914,10976
262070,10917,10964
273490,10942,11002
343659,11154,11223
282783,11154,11237
263879,11155,11217
309538,11156,11236
103686,11157,11239
208177,11159,11224
156863,11164,11270
347086,11165,11240
101855,11167,11236
318653,11167,11265
106979,11168,11242
246203,11169,11234
56909,11170,11240
209424,11172,11239
124355,11172,11274
209662,11174,11238
204949,11175,11294
332095,11176,11255
318652,11176,11265
16363,11178,11266
233902,11181,11234
369831,11190,11272
190369,11192,11256
78760,11194,11272
12230,11196,11260
175172,11197,11263
196334,11199,11259
259450,11208,11263
230476,11210,11271
367133,11230,11296
258410,11235,11307
61918,11236,11293
154369,11236,11298
28290,11282,11342
74468,11283,11340
204202,11286,11343
111169,11459,11528
182154,11731,11782
101775,11972,12028
345800,12007,12106
113247,12019,12112
355755,12028,12111
6271,12032,12111
13475,12037,12110
121461,12039,12111
41262,12045,12110
174985,12050,12107
335592,12051,12112
54265,12153,12232
