186663,144,193
348866,146,192
47474,147,194
3543,238,301
427,239,304
234659,239,310
396341,242,304
1315,248,306
54715,250,302
138050,251,304
161903,353,424
86423,354,416
252005,354,419
18414,355,436
62023,360,442
46246,364,451
157311,365,444
52709,365,466
10098,366,442
164932,367,484
142947,367,494
284596,374,442
17789,390,452
212424,396,467
296538,399,472
340647,401,494
320476,407,467
350340,407,486
390042,408,458
151467,408,466
385161,409,470
140660,409,472
299835,410,474
252149,410,476
47523,410,481
54652,411,469
149191,411,471
92578,412,474
16427,415,470
202162,415,479
108607,417,495
58250,417,518
9699,418,500
184148,421,500
247619,423,511
59233,426,489
3931,428,515
295803,431,492
52711,431,494
252426,432,490
320957,433,511
212423,435,500
131076,436,496
124156,437,495
9929,439,494
355572,439,497
73697,439,507
33235,439,519
98245,440,510
403236,442,512
176873,443,496
249132,445,501
147977,448,510
371841,449,538
144248,453,520
148430,468,538
2513,472,538
64851,473,536
371842,477,538
80462,661,715
71964,661,736
327727,663,725
229950,723,795
359533,724,827
347697,727,814
272193,729,800
18921,729,817
161888,730,825
49116,731,802
274168,733,821
396647,735,815
281858,736,826
193044,737,803
105236,737,806
256885,737,818
19251,738,796
224505,738,835
310074,739,829
400625,742,830
368624,744,819
39951,745,832
336322,748,812
18041,748,832
290713,754,803
86425,754,822
313790,1096,1158
247617,1097,1203
18414,1127,1201
28638,1128,1205
256590,1129,1187
142948,1130,1212
46247,1131,1207
102262,1132,1213
95991,1132,1223
10098,1133,1202
104401,1134,1197
11340,1134,1205
52709,1134,1220
79276,1140,1203
22773,1151,1227
300862,1157,1207
91622,1158,1229
212425,1161,1222
194464,1173,1224
292504,1187,1248
79951,1203,1269
36562,1204,1286
325479,1222,1285
346995,1434,1494
380724,1552,1618
24060,1858,1921
43616,1866,1936
255166,1880,1940
8895,1880,1963
113567,1885,1943
224656,1886,1927
404402,1887,1936
379124,1905,1984
397935,1907,1982
293233,1911,1981
122619,1938,1983
36561,2334,2418
89387,2346,2426
57991,2479,2557
99454,2507,2587
136713,2523,2587
21247,2523,2589
76622,2638,2699
223600,2639,2712
288370,2651,2694
86666,2660,2732
316652,2681,2752
384705,2747,2839
70242,2764,2840
99124,2769,2834
51727,3065,3129
10001,3080,3130
223366,3345,3423
146229,3465,3535
161420,3470,3550
30865,3473,3548
328983,3474,3532
75495,3475,3539
368858,3903,3950
197784,4037,4107
155888,4040,4107
18725,4061,4116
383781,4179,4249
75144,4184,4252
11239,4192,4251
251572,4197,4245
93017,4206,4262
98627,4221,4274
170795,4225,4274
252004,4226,4273
79889,4227,4280
344402,4406,4495
4838,4406,4503
595,4421,4497
70564,5129,5188
4275,5130,5187
284598,5131,5200
284597,5135,5213
86424,5141,5213
167502,5147,5215
13,5147,5243
271275,5147,5252
296537,5152,5216
33842,5153,5218
2514,5154,5244
2515,5190,5253
8894,5244,5336
227811,5250,5336
370767,5272,5328
211613,5494,5550
127077,5500,5541
247618,5506,5580
39750,5532,5582
299488,5883,5973
47937,5893,5974
206457,5907,5983
121979,5909,5965
256255,6556,6615
236914,6559,6615
186914,6561,6617
63217,6568,6624
167035,6854,6919
356748,6874,6937
352654,6887,6949
246798,6899,6982
106193,7011,7091
133608,7017,7080
261056,7027,7086
255379,7028,7077
397920,7034,7085
229,7270,7325
363248,7274,7321
10882,7602,7670
394273,7616,7671
377800,7628,7672
72247,8024,8087
120945,8024,8090
161421,8151,8218
155889,8356,8419
397353,8382,8468
314008,8576,8661
24059,8643,8706
321723,8659,8721
387664,8660,8724
313884,8672,8735
219732,8681,8738
81577,8689,8737
57994,8860,8950
284599,9026,9080
185892,9036,9092
99600,9055,9121
186026,9199,9280
100627,9200,9278
140850,9207,9265
25281,9207,9295
228072,9212,9301
93804,9214,9268
400624,9215,9277
152029,9225,9277
77495,9502,9568
107041,9504,9569
234871,9506,9571
167594,9512,9578
228775,9516,9579
84359,9518,9568
124155,9518,9575
300951,9528,9579
86162,9650,9708
268875,9732,9845
221486,9733,9827
299186,9738,9852
24058,9740,9800
81578,9768,9831
109629,9966,10031
52710,10289,10359
339875,10361,10416
177281,10366,10452
188298,10372,10438
43617,10373,10442
82817,10380,10444
337725,10396,10484
223313,10397,10455
154808,10398,10460
154807,10398,10469
341730,10399,10478
175362,10400,10456
329386,10401,10459
397936,10401,10465
200157,10570,10621
310858,10572,10662
406181,10576,10641
254858,10588,10635
401032,11303,11355
184215,11305,11356
52710,11506,11575
322175,12568,12645
39000,12581,12645
234302,12596,12657
167595,12735,12781
371233,13106,13176
348864,13107,13155
218695,13108,13177
177097,13110,13181
321250,13113,13181
348863,13115,13175
69723,13116,13164
196045,13116,13176
264468,13121,13202
178744,13124,13181
8896,13125,13177
274912,13125,13184
348865,13126,13178
46839,13126,13180
153150,13187,13237
78877,13653,13715
405724,13784,13828
64244,13785,13861
299964,13786,13866
52711,13790,13845
299965,13792,13872
258762,13806,13865
321643,14012,14071
186915,14026,14088
286198,14029,14090
389333,14029,14093
254859,14038,14088
216746,14038,14090
380661,14079,14137
91623,14084,14146
113853,14595,14669
378097,15130,15190
390043,15132,15192
21532,15140,15214
227376,15431,15505
20919,15508,15577
324473,15528,15576
136242,15529,15574
313883,15642,15700
8529,15896,15946
57993,15957,16021
325046,15958,16023
57992,15958,16056
195880,15959,16030
138018,15965,16027
183316,15969,16058
399389,15980,16053
20655,16236,16300
402257,16237,16305
355802,16241,16301
46975,16613,16687
185599,16615,16676
376104,16633,16684
191408,16713,16773
115221,17519,17578
338799,17519,17585
38607,17520,17583
99125,17522,17578
299471,17805,17864
363932,17809,17869
281628,17838,17895
106194,17838,17899
331842,17843,17928
106195,17911,17984
82524,17921,17974
386895,17927,17981
35325,17927,17984
163237,17930,17984
137884,17935,17984
