217705,111,172
427,225,279
304036,225,288
354151,225,295
333463,225,315
156400,226,276
212490,227,285
234659,227,288
1315,228,284
338582,228,340
209720,229,325
95779,229,343
107368,231,328
61185,237,287
317417,246,332
375445,261,330
121021,266,323
243822,267,328
388403,267,340
82622,268,317
232487,268,332
366627,270,328
61016,470,524
318413,473,521
292600,688,779
70623,842,885
79276,946,1003
380417,998,1098
312478,1029,1097
186942,1042,1094
126100,1043,1098
333219,1231,1308
88768,1246,1363
400553,1295,1359
253672,1298,1369
270345,1540,1595
346630,1540,1601
43496,1540,1617
397054,1541,1622
329735,1542,1611
19293,1546,1627
99134,1547,1629
12204,1548,1634
171906,1551,1623
12561,1552,1618
110023,1558,1619
165999,1559,1620
185319,1562,1617
14890,1565,1626
304035,1742,1814
132896,1747,1828
119188,1787,1855
70624,1916,1983
167497,2081,2138
88769,2276,2356
88768,2286,2398
349124,2322,2371
400719,2322,2386
11427,2351,2418
366626,2360,2421
341565,2489,2560
303102,2585,2649
171829,2598,2650
77674,2749,2810
191445,2781,2838
196252,2781,2851
9280,2782,2875
253220,2784,2838
8016,2785,2905
110255,2788,2884
327880,2793,2844
218833,2799,2902
187670,2800,2887
6950,2803,2873
12143,2811,2889
92399,2813,2914
139263,2815,2881
64237,2816,2916
89232,2834,2887
278857,2837,2935
399840,2840,2926
233138,2841,2915
18041,2841,2923
408618,2843,2912
117005,2846,2904
359700,2851,2912
364492,2854,2912
92207,3124,3198
92398,3124,3202
66179,3124,3211
327415,3124,3231
171907,3148,3213
296709,3150,3207
311036,3460,3539
240298,3468,3526
191838,3706,3799
190719,3741,3799
88767,3919,3991
193636,4203,4270
321370,4205,4281
25078,4249,4308
9278,4266,4314
49852,4528,4596
82334,4650,4703
88769,4650,4717
88767,4700,4782
378413,5137,5215
167204,5291,5349
98804,5294,5350
9279,5711,5771
140617,5712,5776
308346,5714,5773
117004,5717,5773
287712,5722,5777
121067,5730,5775
90162,6063,6122
81699,6063,6123
