279147,291,350
68320,673,733
274501,673,739
5492,680,739
34022,685,739
130200,1011,1073
208077,1046,1162
208084,1077,1196
208087,1079,1189
208085,1093,1188
208098,1099,1193
208100,1108,1174
262866,1110,1194
408410,1113,1160
32361,1113,1189
5111,1114,1179
55659,1118,1181
144032,1118,1189
308666,1120,1181
255841,1120,1190
152763,1121,1180
94398,1122,1184
104812,1124,1207
301663,1136,1190
342596,1138,1194
240835,1142,1214
208091,1144,1210
94399,1148,1215
96525,1151,1212
43511,1360,1422
119151,1363,1434
83006,1364,1420
231868,1367,1419
342597,1488,1560
15151,1686,1745
229864,1694,1755
224386,1695,1750
306081,1695,1760
208077,1724,1826
208086,1753,1825
208078,1755,1829
208096,1757,1822
208082,1772,1836
158201,2086,2156
28863,2086,2163
201895,2087,2145
271544,2087,2158
28681,2087,2170
194546,2088,2184
194545,2090,2182
215985,2091,2205
203223,2092,2171
14976,2092,2183
371106,2093,2153
292022,2097,2152
83244,2100,2195
198288,2102,2189
189897,2105,2175
165963,2111,2184
390952,2145,2212
208081,2249,2318
208090,2319,2388
208074,2320,2392
106335,2333,2392
388469,2476,2525
208088,2476,2553
168549,2476,2561
40729,2492,2558
395250,2494,2557
288459,2495,2609
94397,2544,2608
208095,2583,2696
208079,2590,2728
208078,2598,2688
208084,2598,2709
208076,2609,2728
208094,2619,2705
93854,2635,2699
246067,2639,2701
278376,2639,2719
133894,2645,2698
208074,2657,2728
158125,2662,2729
401968,2872,2931
306082,2873,2935
408411,2874,2947
108987,2917,2983
268048,2922,2994
378192,2942,2995
208085,3090,3177
208075,3090,3198
208076,3091,3195
208082,3095,3170
208093,3095,3177
208074,3110,3195
85272,3114,3165
246218,3321,3400
389277,3325,3389
164537,3341,3429
279020,3345,3411
338572,3347,3408
369007,3355,3425
29632,3400,3483
177926,3415,3483
19345,3417,3481
173233,3419,3480
32205,3419,3489
314073,3420,3486
231594,3420,3497
12172,3421,3494
211621,3422,3483
40728,3424,3480
337645,3425,3488
208079,3460,3597
208081,3466,3551
208087,3474,3582
208089,3482,3584
208075,3491,3600
208092,3496,3597
942,3508,3576
393016,3514,3576
221859,3518,3577
163417,3521,3582
340741,3523,3577
204201,3527,3592
207645,3528,3591
16925,3532,3596
245577,3534,3599
26805,3537,3598
156362,3547,3596
151051,3549,3596
24323,3549,3600
116001,3780,3833
79762,3784,3843
319858,3794,3856
404257,3799,3847
268498,3811,3872
274502,3812,3875
335010,3812,3878
129329,3812,3882
19079,3815,3879
208086,4109,4170
264954,4142,4196
122442,4495,4577
178381,4941,5001
92649,5159,5229
179232,5164,5230
108986,5168,5229
190791,5168,5231
44526,5170,5231
227490,5173,5230
404570,5186,5255
163134,5188,5263
338182,5192,5262
338183,5193,5258
304856,5193,5265
155614,5204,5256
301970,5263,5337
207916,5264,5313
242094,5271,5339
337646,5274,5340
64995,5276,5338
76318,5452,5513
11788,5454,5516
128292,5455,5521
290957,5457,5548
96508,5471,5535
339617,5475,5545
55940,5494,5559
72989,5496,5548
94487,5496,5554
216758,5496,5559
25968,5497,5567
76258,5500,5555
284552,5510,5565
228891,5519,5573
94400,5708,5787
65354,5751,5801
299814,5753,5818
184080,5756,5814
38587,5765,5818
44292,5931,5985
232930,6138,6192
225705,6138,6199
184841,6138,6208
123678,6217,6280
76259,6219,6280
168550,6329,6444
36986,6333,6395
208099,6348,6419
80,6352,6430
208088,6353,6436
121433,6370,6446
133895,6371,6435
47771,6371,6441
244825,6382,6446
384900,6386,6450
400177,6611,6664
28608,6619,6679
109056,6620,6675
402773,6852,6920
53581,6856,6913
28639,6862,6924
197035,6866,6954
319576,6869,6952
245557,6875,6955
136481,6878,6962
184814,6904,6956
305513,6906,6958
283961,6912,6977
73554,6918,6970
127912,7236,7298
77496,7239,7302
3880,7458,7558
33004,7465,7552
363077,7670,7725
206049,7827,7906
268039,8048,8120
104343,8048,8123
401969,8050,8119
63414,8053,8116
57164,8059,8123
278419,8061,8127
1358,8062,8132
213562,8067,8131
207915,8068,8118
184203,8074,8131
116000,8076,8129
63196,8079,8138
322188,8825,8886
267750,8906,8982
135782,9066,9122
213563,9066,9124
77299,9084,9145
208091,9086,9144
367719,9130,9180
208090,9617,9682
90803,9759,9835
254911,9760,9866
333075,9762,9829
159015,9762,9842
122828,9788,9850
10443,9793,9853
32362,9794,9852
401724,9886,9938
213135,9951,10012
208089,9952,10036
265383,9953,10013
10444,9990,10062
399785,10174,10230
305514,10183,10260
161438,10192,10255
340742,10201,10252
362143,10479,10547
362144,10480,10542
136171,10480,10549
45834,10487,10548
337647,10548,10607
337286,10559,10607
408412,10725,10822
346713,10745,10834
212853,10824,10908
97122,10833,10878
168648,10833,10886
342517,10833,10906
11356,10835,10896
194547,11064,11133
139359,11064,11139
345884,11064,11163
72007,11065,11127
57370,11065,11136
305515,11065,11153
9057,11066,11148
292196,11066,11159
63815,11072,11134
177068,11088,11146
212147,11088,11151
208073,11088,11162
148594,11088,11168
373167,11099,11160
101147,11099,11170
184103,11310,11371
149551,11342,11432
208073,11369,11444
373167,11384,11445
348681,11386,11447
167400,11406,11470
373664,11414,11472
35560,11736,11818
68576,11756,11817
333076,11773,11836
208083,11773,11840
117267,11832,11894
208097,11842,11894
556,11931,12004
208096,12153,12207
93366,12253,12316
208095,12564,12657
208092,12585,12670
208094,12589,12663
208098,12590,12668
208093,12592,12664
370272,12593,12659
264222,12599,12660
32206,12600,12658
309684,12602,12656
68577,12605,12670
192212,12609,12667
83717,12617,12668
383000,12714,12780
175171,12897,13002
170042,12910,13042
211793,12926,13033
167742,12927,13040
373168,12929,13037
337287,12934,13042
268049,12935,13016
286668,12937,13037
60539,13156,13214
140450,13156,13227
284672,13156,13233
116004,13156,13238
391300,13171,13233
139360,13211,13261
305517,13232,13295
127974,13232,13311
208083,13233,13301
215528,13281,13358
27549,13287,13353
161437,13288,13355
9588,13290,13356
283811,13291,13352
305516,13293,13351
326459,13305,13378
339547,13737,13841
278372,13743,13861
242093,13766,13866
28638,13767,13829
253116,13767,13843
19299,13773,13828
27548,13777,13827
204762,13814,13863
122443,14178,14242
7009,14321,14365
116003,14364,14423
255406,14428,14504
92650,14439,14499
145317,14592,14645
181663,14885,14932
39415,15100,15163
208100,15111,15163
47211,15116,15168
145739,15117,15170
383001,15125,15186
13844,15127,15195
378830,15142,15201
352643,15187,15259
164538,15302,15396
214472,15316,15378
58773,15317,15376
209346,15669,15741
309685,15671,15762
87979,15680,15764
116002,15682,15747
177655,15688,15792
73608,15698,15746
31881,15705,15765
403998,15728,15795
31880,15737,15791
264293,15738,15794
369663,15751,15799
205026,15801,15870
316582,15816,15895
354219,15819,15897
236397,15821,15884
36987,15830,15898
203559,16242,16304
37049,16246,16307
216094,16247,16340
211622,16249,16326
367718,16249,16337
211623,16250,16318
247179,16255,16330
19347,16261,16345
182031,16266,16336
79457,16296,16343
21454,16721,16772
153946,16721,16787
394939,17368,17418
327042,17937,17984
213102,18125,18190
172512,18126,18189
39604,18126,18194
291952,18200,18268
298893,18226,18301
400178,18229,18302
208072,18356,18441
90816,18624,18684
104831,18624,18689
208072,18624,18716
113556,18631,18685
65781,18632,18684
22708,18632,18691
87225,18633,18685
164539,18633,18693
1765,18634,18683
140311,18634,18701
91276,18636,18697
50952,18637,18702
102422,18640,18692
208080,18707,18772
310661,18783,18853
337295,18801,18859
129329,18808,18880
256091,18810,18883
201051,18811,18872
270293,18812,18877
313836,18812,18899
329640,18814,18882
337648,18821,18899
386983,18823,18889
29751,18824,18895
94401,18825,18871
89021,18826,18872
151442,18828,18898
1359,18831,18893
112684,18831,18903
106336,18832,18898
337377,18833,18897
138956,18834,18898
333614,18835,18899
145003,18838,18899
274503,18838,18918
298320,18839,18900
50632,18840,18896
249642,18840,18904
34023,18843,18904
184859,19484,19553
244935,19512,19600
208080,19679,19734
169312,19977,20027
11713,20045,20098
267282,20046,20097
211791,20047,20104
337376,20058,20123
208099,20125,20185
171744,20129,20195
253645,20390,20472
125991,20496,20539
18566,21407,21469
108228,21665,21734
214533,21669,21754
193602,21685,21735
68236,21693,21747
112685,21693,21755
325521,21793,21850
275269,21888,21960
138493,21895,21960
262998,21896,21963
191711,22817,22882
87760,22817,22893
8969,22821,22890
400179,22823,22867
208064,22823,22908
208066,22839,22964
208071,22845,22953
208069,22845,22964
208068,22885,22967
371175,22890,22962
76260,22891,22953
394973,22892,22956
394974,22892,22963
95303,22892,22967
226631,22892,22976
87762,22894,22982
191712,22895,22978
309706,22897,22959
97918,22898,22971
371176,22899,22969
959,22903,22966
207974,22903,22968
87763,22904,22988
368893,22905,22967
28682,22905,22971
200197,22906,22992
208064,22907,22996
339302,22908,22973
87761,22909,22971
138892,22910,22980
189819,22911,22983
200196,22911,22992
960,22912,22976
200195,22913,22987
24710,22921,22984
309707,22921,22987
211792,22922,22983
259778,22924,22985
208066,22929,23061
208065,22931,23054
189767,22933,23000
208068,22981,23068
208067,22984,23067
191715,22989,23088
191713,22994,23072
343345,22995,23068
191714,22995,23090
4921,23001,23077
309708,23002,23066
208070,23002,23088
121452,23003,23068
241571,23003,23071
132256,23004,23067
6283,23004,23074
201486,23005,23072
237267,23006,23070
208069,23009,23134
369662,23010,23072
125482,23016,23080
132257,23016,23082
14620,23016,23086
208071,23016,23137
227193,23023,23086
117268,23025,23113
19818,23026,23091
208065,23026,23133
310714,23029,23094
215438,23031,23093
208097,23031,23098
19346,23033,23094
208071,23036,23129
323855,23043,23116
102175,23065,23135
95304,23065,23139
208067,23070,23153
371177,23071,23135
4921,23085,23153
4921,23181,23252
208070,23185,23253
356438,23188,23252
138098,23189,23251
356439,23191,23244
