94805,74,138
62021,74,257
323732,76,138
213645,80,220
309281,90,221
198550,92,219
60079,94,211
309282,95,220
101494,100,203
360207,103,191
225112,107,213
43411,110,226
15613,111,256
6831,113,224
144878,113,231
120938,119,208
164930,121,212
324530,122,199
44473,123,187
401527,123,224
266561,126,204
24276,127,230
41924,129,190
292384,129,195
92955,131,197
118198,132,207
40637,134,240
394028,135,215
213644,135,231
93700,139,206
150606,140,218
44574,141,213
255982,142,206
104865,145,212
340312,148,210
196036,149,224
278019,150,213
29007,150,221
12164,152,219
325219,154,208
276570,154,215
1492,155,200
244368,155,212
8181,156,208
39952,156,221
43410,156,224
28474,156,235
376226,157,230
258336,158,204
197319,161,266
20923,169,239
159360,171,293
4153,174,258
93701,176,321
230283,212,321
248066,216,274
213120,224,301
153956,249,306
96372,249,320
141038,388,470
84092,391,477
62023,392,471
173570,393,476
67486,393,486
143720,395,502
130945,396,475
10098,400,472
292419,402,485
65253,412,486
341391,494,554
62022,515,629
254777,519,585
280747,528,590
190471,529,591
208784,530,628
547,535,626
188689,536,593
88361,537,624
10369,538,628
548,542,628
93578,545,625
324775,547,605
213642,549,593
115040,551,628
369546,556,627
400344,557,624
13,561,629
245481,563,626
158227,577,628
203455,796,875
337042,802,863
175547,812,877
217383,813,876
314494,834,894
194800,1047,1101
104888,1062,1134
395701,1063,1146
36210,1065,1130
20378,1065,1136
66452,1065,1156
55853,1065,1159
312951,1067,1137
193714,1067,1147
3724,1068,1141
44656,1070,1138
311487,1070,1155
292381,1080,1142
372692,1358,1407
265518,1358,1425
95307,1358,1438
147958,1416,1483
309280,1420,1494
72950,1424,1481
69897,1425,1496
181705,1493,1584
274123,1524,1583
197315,1531,1617
95308,1634,1735
327130,1637,1707
95309,1646,1758
7282,1651,1741
14741,1663,1742
230213,1694,1755
40318,1712,1773
134222,1898,1960
67488,1900,1968
337523,1988,2075
45320,2107,2173
26702,2110,2162
213915,2120,2174
292501,2121,2199
379983,2140,2201
161242,2141,2196
80529,2141,2221
169306,2146,2210
55741,2146,2212
281243,2149,2212
197318,2150,2213
325496,2158,2212
287751,2324,2388
148199,2350,2400
215413,2464,2526
80206,2747,2800
279403,2781,2839
273900,2784,2837
29386,2799,2873
22052,2809,2906
22053,2818,2908
1017,2823,2908
266562,2825,2906
120643,2832,2906
43974,2849,2898
311759,2866,2907
386742,3017,3082
369337,3019,3086
226629,3029,3086
368649,3607,3666
82096,3607,3711
127544,3609,3665
197316,3615,3684
289367,3623,3730
193716,3630,3716
27774,3632,3683
244028,3632,3703
213936,3636,3704
44599,3637,3708
203380,3650,3711
335781,3654,3717
363069,3660,3722
380135,3670,3723
58862,3784,3849
360729,3844,3902
141204,3934,3992
183435,3970,4043
157157,3980,4047
8466,3989,4042
79574,3993,4074
190472,3998,4070
31860,4016,4075
31859,4017,4074
229392,4018,4069
161512,4163,4227
312244,4163,4229
161044,4163,4233
352020,4163,4236
405417,4164,4208
301298,4164,4249
397110,4165,4218
146481,4165,4230
298421,4166,4226
33803,4168,4237
286907,4171,4236
260625,4171,4243
24277,4173,4248
338150,4174,4238
154309,4174,4240
1666,4175,4236
78417,4175,4239
170141,4175,4252
2324,4176,4233
60648,4176,4238
63487,4176,4242
203019,4177,4247
303096,4179,4231
168413,4183,4237
238907,4184,4233
182668,4186,4233
104121,4187,4247
177801,4188,4255
191245,4189,4251
222575,4191,4241
262155,4191,4265
58606,4193,4237
11105,4193,4241
6308,4193,4249
221800,4193,4262
266598,4195,4254
8467,4198,4243
71374,4199,4264
86173,4201,4265
38597,4201,4268
401797,4204,4252
337524,4245,4336
146480,4278,4329
385628,4279,4342
205237,4281,4333
358572,4291,4343
310229,4383,4469
274242,4383,4489
354714,4391,4452
122569,4393,4459
30026,4397,4457
193715,4397,4470
251992,4397,4481
219501,4404,4468
57512,4418,4500
62020,4423,4506
394241,4428,4489
41325,4430,4485
372691,4436,4508
197317,4437,4505
80529,4438,4509
28333,4439,4490
55741,4440,4501
78061,4441,4502
400814,4441,4507
169305,4443,4506
17710,4446,4508
329650,4449,4501
137454,4604,4654
33718,4604,4686
20222,4607,4674
55740,4608,4688
92949,4609,4692
556,4611,4688
275805,4616,4688
232526,4629,4698
297471,4631,4688
203381,4674,4753
213643,4677,4753
358573,4694,4755
387695,4695,4762
254447,4701,4747
61899,4717,4779
325220,4754,4862
20581,4758,4816
79805,4761,4819
71380,4769,4884
189281,4776,4861
358387,4808,4869
33802,4940,5004
85236,4965,5046
336740,4998,5064
26900,5015,5067
251991,5134,5215
90493,5137,5213
107823,5154,5215
347339,5413,5468
317180,5436,5565
275052,5455,5574
77644,5457,5551
240244,5462,5567
396857,5470,5555
387212,5484,5564
170103,5505,5569
168414,5520,5573
71406,5604,5693
192497,5619,5725
234394,5624,5691
57257,5627,5743
77650,5636,5731
313293,5812,5874
35082,5812,5886
34285,5813,5875
67487,5813,5892
325793,5818,5886
27773,5821,5887
141037,5825,5886
