62021,65,247
282231,89,187
39704,90,212
279231,92,194
291413,92,219
101494,96,193
7616,97,190
73057,103,237
297,104,199
217744,106,226
381696,108,196
189116,110,171
377352,111,190
356091,112,183
230866,112,194
247805,114,177
387653,114,180
200216,115,196
330247,117,198
124658,117,209
344703,119,197
34028,123,185
194024,126,208
200217,128,189
353034,131,192
30168,150,202
381340,151,226
217989,151,232
281660,153,199
210456,153,252
370311,156,219
187554,156,225
265687,157,249
154446,158,252
167898,160,249
296923,161,226
54142,163,251
39714,163,277
126243,166,251
381697,171,252
389959,175,250
3543,180,248
42955,184,253
330713,194,281
233984,198,251
24144,202,292
32391,213,288
228395,214,277
201149,226,290
167872,407,530
367518,417,500
341348,530,655
402788,548,663
360466,553,632
282918,553,639
301505,554,651
347626,554,658
77681,555,617
39712,555,667
81699,593,655
12148,594,657
367519,594,676
62022,599,700
381339,604,675
350669,991,1041
366654,996,1080
367518,1424,1501
50397,1608,1654
7403,1765,1813
127055,1766,1853
11291,1767,1829
8596,1770,1846
171107,1793,1858
212449,1798,1847
212987,1894,1979
270211,1928,1982
348290,2007,2054
1967,2007,2058
293157,2008,2064
36413,2059,2114
274948,2062,2119
73224,2064,2139
8424,2067,2138
243559,2069,2139
182102,2084,2153
710,2086,2154
14837,2152,2238
154198,2155,2257
8975,2157,2237
375208,2161,2239
55189,2161,2243
301183,2168,2233
244598,2178,2253
387532,2178,2263
221417,2179,2244
261438,2185,2245
103414,2195,2259
61655,2197,2243
45915,2198,2249
201118,2202,2261
297900,2202,2271
176292,2203,2253
181334,2206,2261
211273,2207,2271
62020,2228,2303
24143,2509,2585
232235,2510,2571
318293,2567,2630
210228,2570,2642
248472,2632,2703
152566,2633,2713
191742,2635,2703
186793,2657,2721
196914,2657,2727
396564,2659,2713
196913,2659,2729
168919,2661,2717
124524,2663,2727
9608,2665,2712
105096,2665,2715
397952,2666,2727
106927,2825,2879
147137,2831,2893
21344,2832,2894
221560,2832,2898
167009,2840,2907
3341,2848,2909
66895,3035,3093
74323,3119,3180
91939,3120,3177
40211,3368,3428
371457,3368,3445
142032,3372,3434
121317,3557,3627
367519,3558,3648
393625,3641,3702
161347,3642,3704
221250,3644,3705
178608,3645,3702
303976,3650,3701
34835,3815,3881
367520,3815,3896
337447,3816,3880
206522,3816,3893
212985,3829,3917
21481,3853,3916
31540,3860,3918
351086,3873,3936
325786,4126,4177
78895,4126,4218
250642,4127,4198
305720,4127,4230
53683,4131,4207
171619,4132,4218
246598,4135,4204
93879,4135,4220
126161,4139,4194
64657,4140,4210
99990,4147,4218
6692,4151,4218
38494,4153,4219
15427,4153,4222
378813,4155,4215
302916,4157,4219
175291,4164,4226
141142,4165,4230
91938,4166,4255
195466,4169,4222
404317,4193,4264
68921,4423,4482
196912,4556,4623
389961,4725,4822
317823,4745,4828
63620,4877,4971
3822,4878,4967
273867,4883,4965
96864,4884,4992
77493,4888,4964
53579,4892,4972
141425,4894,4998
47636,4898,4965
207192,4930,5013
212988,4982,5044
124523,5081,5143
206523,5209,5312
389960,5223,5340
36460,5302,5362
59156,5580,5650
213940,5598,5649
212986,5805,5860
297401,5805,5869
20370,5805,5885
328403,5806,5865
44709,5815,5871
208954,5844,5904
40393,6202,6281
248387,6573,6635
74792,6770,6839
170796,6775,6863
199044,6781,6853
257195,6787,6863
96925,6788,6850
69591,6795,6858
201594,6798,6867
38478,6799,6855
206984,6799,6862
389315,6800,6857
210631,6801,6856
201593,6802,6863
127056,6808,6868
367520,6827,6902
358206,6897,6963
348291,6977,7030
51286,7023,7121
3598,7029,7120
13188,7031,7119
359122,7038,7120
30063,7041,7120
380449,7044,7120
36506,7048,7121
13187,7056,7119
285585,7065,7120
206633,7280,7351
39713,7291,7350
122279,7428,7512
167340,7434,7492
16310,7434,7497
42482,7437,7511
82106,7439,7500
127396,7443,7504
126244,7445,7511
213865,7637,7706
383990,7645,7707
389962,7650,7707
200227,7870,7926
380296,8117,8205
5620,8121,8258
15522,8127,8247
260407,8128,8256
106511,8131,8264
12695,8139,8257
12696,8176,8264
350217,8185,8264
296487,8198,8264
327489,8201,8264
401358,8217,8264
106512,8339,8460
82188,8340,8391
115881,8340,8401
16960,8340,8439
350216,8340,8446
226709,8340,8451
115701,8341,8404
380295,8341,8409
37031,8342,8398
19543,8343,8457
12694,8357,8476
226708,8363,8456
187486,8375,8443
327488,8377,8465
40212,8390,8452
300368,8392,8441
117204,8392,8464
350215,8392,8495
57815,8417,8482
179772,8418,8483
368048,8419,8481
257034,8420,8486
45317,8420,8495
327486,8420,8507
327487,8421,8499
154199,8424,8495
320972,8433,8501
317825,8437,8507
397053,8444,8494
97402,8444,8496
278742,8444,8498
12039,8445,8519
299929,8447,8511
142033,8450,8514
38495,8451,8513
317824,8454,8508
252783,8455,8497
18694,8456,8500
90012,8456,8512
333676,8462,8532
313533,8468,8541
207191,8473,8554
210455,8474,8552
236175,8558,8614
58550,8762,8875
58549,8765,8874
73217,8794,8892
389577,8807,8893
33591,8810,8872
377456,8817,8885
93602,8820,8893
163566,8824,8892
106111,8829,8893
69259,9135,9194
23097,9184,9250
369714,9192,9246
171106,9685,9765
24990,9686,9738
280414,9687,9760
61654,9688,9750
174464,9688,9753
14976,9688,9772
116661,9690,9741
402789,9690,9778
99303,9690,9782
210454,9692,9786
142768,9693,9746
303641,9693,9772
109525,9695,9741
194669,9695,9743
299442,9695,9773
257035,9695,9777
250198,9696,9786
99302,9697,9789
99301,9698,9776
367517,9871,9951
337129,10239,10330
367517,10547,10624
201150,10565,10652
377316,10589,10653
140611,10591,10652
83437,10599,10650
291379,10600,10652
57822,10614,10669
297901,10618,10672
332269,10770,10834
332716,10770,10838
337222,10770,10842
392172,10844,10953
226710,10868,10946
86541,10885,10951
356092,11646,11750
347550,11677,11770
227357,11682,11751
141426,11699,11778
224958,11977,12060
167899,12013,12061
62023,12121,12186
8971,12125,12204
149394,12184,12253
140222,12301,12360
39941,12302,12355
93259,12312,12378
102212,12477,12522
140420,12478,12527
366628,12612,12678
181413,12641,12698
242862,12650,12699
248388,12716,12811
56791,12725,12805
149838,12739,12809
167503,12931,12981
93847,12932,12984
331426,12940,12993
336953,13038,13092
24145,13040,13091
312861,13195,13252
27773,13195,13259
389963,13196,13259
