321080,144,199
360972,240,302
14701,284,348
336100,298,345
205242,301,373
164254,302,383
234307,305,372
41404,306,383
72766,332,398
270545,605,673
276174,752,848
393577,753,795
53807,758,840
373338,760,849
127118,763,842
183921,767,848
74752,769,851
361737,777,844
54636,1328,1390
319213,1337,1403
291262,1337,1424
270544,1368,1437
162356,1373,1435
10098,1580,1645
83235,1581,1636
102295,1581,1651
46246,1581,1655
369709,1583,1637
25195,1583,1676
137434,1584,1645
31545,1849,1949
233711,1886,1947
155060,1909,1970
182742,1937,1998
336156,1944,2007
28148,1945,2027
47679,1947,2009
261177,1951,2023
270544,1954,2027
162356,1962,2026
64852,2187,2252
316940,2201,2269
186738,2302,2383
245286,2331,2423
335409,2359,2417
179463,2898,2972
270545,3082,3162
102294,3113,3162
98555,3522,3571
130945,4058,4139
10098,4062,4134
237753,4137,4194
67449,4145,4203
205965,4258,4335
116587,4269,4327
70348,4269,4354
106218,4299,4363
126842,4320,4373
340983,4531,4587
90055,4534,4587
163060,4536,4587
327147,4639,4694
386116,4639,4711
131559,4877,4926
72767,5028,5141
143896,5071,5141
243009,5074,5137
341551,5130,5202
126840,5130,5205
26259,5134,5204
206703,5137,5204
368397,5249,5328
325091,5251,5343
321921,5254,5334
369644,5254,5347
332104,5272,5341
162357,5547,5611
40393,5548,5643
345458,5549,5612
195876,5551,5608
4263,5610,5678
202289,5615,5677
246621,6079,6151
90435,6101,6168
62578,6106,6168
216823,6359,6421
65836,6359,6445
3856,6363,6419
92184,6366,6427
46247,6516,6588
53836,6516,6599
365588,6588,6649
321709,6604,6665
49931,6656,6706
55082,6659,6718
34863,6898,6944
221949,7135,7204
321870,7135,7213
116485,7154,7229
107078,7156,7257
23465,7166,7227
137169,7176,7228
165943,7179,7241
53257,7183,7253
248335,7191,7256
51726,7192,7254
21135,7395,7462
80267,7410,7462
398356,7417,7478
75253,7433,7525
229885,7465,7552
243489,7480,7547
126841,7775,7836
179964,7775,7843
345149,7775,7869
16678,7775,7888
345150,7798,7879
345151,7804,7888
205880,7810,7873
69588,7811,7887
81250,7970,8033
340981,7983,8095
372056,7987,8038
352413,7999,8046
384084,8000,8114
381026,8001,8111
261562,8003,8061
86582,8003,8063
77758,8016,8061
7806,8017,8064
5221,8017,8094
340982,8018,8115
25640,8040,8139
23057,8041,8106
169082,8057,8159
168380,8064,8140
118179,8066,8162
64094,8075,8177
64093,8081,8181
184185,8085,8159
102296,8087,8154
383850,8087,8176
16913,8088,8171
88186,8089,8153
55007,8089,8158
181671,8092,8173
42927,8096,8158
157810,8097,8163
290655,8098,8169
239228,8099,8196
4588,8101,8170
52085,8109,8170
217186,8111,8186
87926,8112,8156
230564,8114,8175
55402,8116,8177
344238,8122,8195
351093,8124,8187
263402,8125,8198
230563,8126,8187
221660,8126,8211
179996,8127,8204
248130,8130,8192
142274,8134,8212
40636,8145,8241
75238,8146,8245
110842,8159,8223
