394543,126,170
58063,230,291
33959,230,298
33538,319,383
50716,321,386
318735,344,416
274967,354,414
49357,355,399
84259,357,413
225211,357,426
20690,357,433
15457,362,416
394533,363,410
33514,363,422
46572,364,417
385064,366,422
196909,367,420
394532,370,412
175523,562,629
243795,809,887
209201,810,879
8701,811,867
108987,814,885
173080,815,876
115023,817,867
339095,819,885
207923,820,883
332103,823,886
283108,823,888
271225,827,885
80236,833,888
313094,844,906
207924,854,933
137863,857,923
96022,857,933
84291,857,951
194705,868,932
28898,869,933
16652,870,932
199814,872,933
182727,882,935
280696,883,937
55081,889,953
363132,901,953
276812,905,951
213281,1004,1078
227635,1009,1062
338552,1014,1091
42358,1019,1116
35764,1020,1078
11807,1022,1110
218762,1037,1110
42359,1043,1105
356056,1229,1290
36105,1229,1293
61959,1229,1295
89139,1232,1295
57202,1392,1435
61959,1415,1485
135908,1426,1497
189230,1444,1497
61960,1544,1606
277267,1730,1793
250223,1730,1796
14581,1752,1804
71748,1781,1844
218438,1794,1868
45687,1806,1868
405987,1811,1874
199567,1811,1889
179220,1812,1899
141541,1814,1865
328290,1816,1876
251063,1816,1880
209,1818,1883
395060,1820,1889
50832,1824,1889
32100,1830,1918
65204,1834,1904
196666,1834,1910
264056,1837,1901
155112,1838,1900
300503,1838,1904
130941,1851,1916
93957,1853,1932
356505,1855,1919
367102,1857,1927
42972,1860,1929
132632,2042,2104
307043,2047,2121
73997,2049,2110
97253,2125,2201
44657,2135,2202
295626,2136,2205
347771,2185,2248
366369,2196,2249
188414,2196,2255
42012,2196,2267
108986,2197,2248
266550,2217,2287
90446,2232,2295
316568,2264,2321
162810,2710,2771
19815,2710,2773
227400,2711,2785
243796,2713,2778
90556,2726,2788
80090,2727,2796
338641,2728,2810
41207,2741,2809
383916,3224,3306
228096,3230,3308
271662,3237,3301
31806,3248,3308
19331,3252,3302
293989,3356,3409
61960,3395,3446
73998,3411,3472
222427,3896,3962
130881,3898,3973
18736,3900,3976
154158,3903,3966
228095,3907,3973
209384,3910,3966
35237,3914,3973
175769,3916,3973
274966,3916,3990
310788,3917,3980
40976,3918,3968
215181,3928,3989
95947,3971,4037
327918,3979,4031
67025,3983,4033
269035,3988,4048
267998,3989,4035
328998,3990,4058
51054,3991,4036
11808,4006,4058
62905,4008,4082
324308,4316,4375
328151,4341,4410
158991,4478,4538
67599,4532,4594
138012,4536,4614
120376,4555,4603
226812,5312,5379
392646,5331,5381
47203,5334,5380
91899,5634,5704
49852,5645,5712
407356,5655,5709
199568,5770,5823
115300,5775,5832
215118,6504,6576
77660,6604,6662
193410,6604,6667
343203,6606,6664
16653,6606,6664
