341329,299,395
289491,299,401
305932,300,355
339225,300,358
347136,300,361
201993,300,393
352981,387,499
377926,396,511
14399,405,514
122463,410,537
324277,411,549
247769,412,473
76423,412,532
52740,413,514
334263,416,482
353448,418,480
334264,419,491
331932,419,504
105863,422,486
215235,429,544
374465,433,488
169757,433,516
205519,435,478
335574,435,509
166735,437,510
352980,437,529
343416,438,518
5349,442,539
132253,444,526
128764,444,536
234709,445,510
337525,445,514
377674,446,505
33117,447,515
191739,447,545
288007,448,501
202901,449,516
132711,470,533
355604,480,545
169885,494,560
162304,494,568
345530,643,710
126439,646,709
176758,646,718
179368,646,731
82548,648,709
266761,649,711
15945,651,703
169700,651,715
240348,652,720
108180,653,708
107785,654,719
31308,655,730
124417,657,718
248917,658,709
250808,663,708
76641,663,734
90515,667,743
239949,670,736
380259,671,735
31752,673,748
181734,682,742
51007,682,755
345135,689,761
90629,690,756
263077,718,779
358047,720,784
392819,724,845
5348,737,845
352982,746,842
323831,747,846
64277,751,827
133081,756,824
347135,759,844
407234,766,827
377510,782,846
216129,783,844
60353,786,845
394605,789,844
300243,791,845
1442,792,842
277819,794,843
358048,798,841
10126,800,844
398559,802,844
257368,950,1050
375198,954,1017
135697,954,1033
211637,960,1046
264733,972,1045
76781,974,1049
114137,975,1039
138841,976,1036
50018,976,1040
171116,977,1038
94296,979,1046
94636,980,1044
34845,980,1063
308393,992,1043
264028,993,1037
372652,993,1065
141824,999,1077
255282,1002,1066
141823,1008,1077
9807,1013,1075
140619,1091,1195
215236,1105,1191
278289,1106,1167
37159,1106,1177
234109,1124,1174
140620,1264,1331
3025,1265,1320
156273,1269,1330
266095,1273,1345
358711,1284,1345
262600,1457,1533
362273,1484,1539
201869,1515,1586
306225,1524,1613
407236,1529,1589
92949,1530,1622
1128,1530,1628
175156,1597,1681
237666,1608,1683
55979,1610,1672
317408,1613,1683
210518,1615,1675
266760,1618,1676
402345,1618,1682
73295,1618,1686
243956,1626,1686
233858,2061,2111
126440,2061,2127
218356,2063,2144
315858,2065,2138
282362,2068,2140
291843,2097,2169
233734,2141,2207
156274,2141,2217
156275,2143,2246
92691,2145,2226
156277,2146,2216
39028,2165,2259
119894,2168,2228
671,2292,2365
124579,2299,2361
170032,2301,2357
106979,2302,2374
273578,2303,2366
168397,2303,2397
43585,2305,2376
127776,2306,2356
18830,2307,2375
241315,2311,2374
154036,2314,2376
223069,2314,2378
40764,2318,2367
7076,2319,2371
96325,2322,2379
329616,2325,2377
295339,2526,2591
191180,2528,2597
122646,2531,2578
319202,2532,2594
303633,2534,2586
98817,2536,2587
192377,2549,2622
203247,2563,2618
7627,2563,2622
375384,2575,2631
186530,2614,2680
88258,2631,2714
191179,2664,2744
287498,2671,2739
263769,2678,2752
283391,2679,2744
69442,2680,2759
249538,2691,2757
140621,2697,2758
171117,2711,2775
150696,2714,2773
281870,2719,2781
371000,2788,2852
301027,2891,2963
41320,2891,2977
47418,2892,2985
181987,2896,2969
26626,2897,2985
74535,2900,2981
35387,2907,2987
364431,2911,2979
194435,2913,2983
125831,2915,2982
381454,2917,2980
75120,2923,2998
171390,2926,2987
296152,2927,2998
134922,2931,2984
42088,2932,2978
50183,2932,2982
45970,2932,2998
82,2935,2979
368483,3052,3131
284649,3067,3130
407934,3135,3193
352652,3136,3203
224554,3136,3211
364442,3146,3208
325205,3147,3211
7628,3151,3208
187940,3154,3228
121272,3164,3231
144513,3171,3261
364493,3174,3232
189899,3193,3249
45971,3340,3437
75120,3348,3438
122056,3352,3425
171391,3363,3428
151377,3363,3433
133851,3375,3420
216503,3542,3603
42105,3555,3608
118523,3597,3661
107786,3600,3662
88373,3679,3746
70314,3810,3883
70315,3827,3889
160501,3832,3912
24497,3837,3900
140490,3863,3917
21183,4044,4098
155406,4067,4131
43586,4079,4147
283392,4110,4171
149302,4142,4199
193787,4150,4229
181733,4201,4247
283393,4221,4292
233452,4222,4283
232,4418,4475
75122,4442,4495
9172,4585,4645
201994,4593,4652
132254,4595,4648
99622,4595,4653
340630,4600,4641
171823,4604,4655
156276,4847,4923
63182,4855,4904
55422,4857,4904
326510,4882,4941
305064,5102,5147
18791,5116,5187
291842,5120,5220
291844,5127,5213
230293,5130,5223
232724,5146,5201
156912,5146,5203
369598,5152,5217
304757,5312,5376
291841,5315,5393
96326,5319,5380
103440,5364,5410
407235,5658,5722
75301,5658,5724
316936,5663,5724
18429,5665,5724
164574,5670,5725
140622,6056,6143
339876,6148,6211
249193,6156,6220
221210,6156,6229
408557,6408,6463
129736,6408,6483
12615,6408,6486
344237,6409,6475
292413,6409,6481
76418,6416,6476
34437,6426,6480
353101,6434,6485
233905,6558,6613
357168,6560,6634
346390,6567,6626
108720,6573,6614
75118,6591,6685
321862,6594,6699
198622,6607,6710
45999,6614,6698
28967,6615,6680
273451,6617,6701
33661,6618,6707
3026,6622,6707
280782,6623,6709
245155,6625,6703
185902,6642,6702
301541,6753,6817
71114,6760,6817
369093,6770,6835
192026,6781,6838
286215,6801,6864
335876,6807,6903
75118,6814,6918
198623,6815,6932
377927,6823,6885
88391,6824,6919
352978,6826,6917
352979,6829,6922
45995,6835,6903
229152,6835,6917
383843,6839,6911
324952,6839,6917
178436,6841,6922
3027,6844,6917
3838,6844,6923
75122,6864,6928
98301,6866,6934
75121,6889,6944
75119,7156,7238
215195,7176,7229
305718,7274,7333
199581,7288,7352
34846,7288,7358
243079,7291,7380
164677,7299,7355
238455,7304,7379
254342,7314,7392
296924,7320,7395
223930,7356,7419
185164,7470,7524
357837,7565,7626
181736,7567,7630
75119,7573,7657
75121,7593,7662
348807,7602,7659
156913,8025,8074
314865,8164,8249
287563,8166,8222
258475,8169,8223
397024,8225,8305
91384,8228,8301
53061,8256,8301
125657,8275,8341
132674,8279,8336
173731,8298,8353
361307,8317,8377
54868,8389,8469
316622,8403,8458
2941,8403,8468
59150,8514,8567
263387,8514,8575
240420,8783,8849
291840,8788,8865
310513,8788,8894
10,8795,8901
341330,8796,8867
98816,8913,8959
218882,9886,9947
362274,10325,10395
213273,10334,10441
162309,10339,10414
179328,10351,10420
366347,10355,10426
198706,10355,10431
20963,10356,10421
30894,10357,10414
381513,10358,10420
191741,10358,10424
124580,10358,10431
321861,10358,10439
170031,10359,10441
319203,10360,10423
13264,10361,10425
395776,10362,10435
18831,10362,10440
265171,10363,10432
85522,10366,10431
134275,10366,10434
364061,10374,10431
278290,10375,10438
317409,10378,10440
268587,10385,10436
259116,10537,10584
307828,10538,10601
190074,10540,10602
331625,10542,10603
281303,10564,10628
39029,10564,10632
297338,10577,10642
134559,10701,10755
313736,10773,10825
214451,10948,11023
276895,11092,11153
72502,11172,11234
72501,11175,11233
194644,11181,11233
256706,11199,11263
392066,11212,11273
33424,11214,11266
172467,11214,11294
82081,11384,11463
323830,11385,11434
122128,11386,11451
26711,11387,11437
376623,11390,11451
133082,11400,11464
201001,11401,11465
215830,11402,11472
11747,11404,11467
191740,11404,11479
29141,11405,11474
240656,12006,12067
323033,12006,12076
108914,12009,12081
240655,12013,12083
281296,12979,13032
223427,13163,13228
136767,13163,13277
76062,13166,13259
306226,13167,13280
181735,13168,13263
135665,13170,13225
110692,13174,13278
2940,13181,13283
114406,13183,13267
29118,13184,13245
398481,13189,13278
257273,13201,13269
1293,13203,13266
244022,13204,13267
298326,13205,13269
