175672,75,136
301497,76,126
266671,78,138
312887,78,147
98557,80,166
123129,87,144
99068,90,139
167421,92,145
236832,92,158
67327,95,166
244,98,171
304146,99,153
284217,100,160
343882,102,157
85299,103,159
396621,105,158
348734,105,171
50048,107,167
288836,111,189
244,115,171
55777,119,175
56864,127,172
304875,327,381
16953,409,509
222016,416,469
331471,417,516
133922,421,523
146764,422,496
147267,423,526
194216,424,482
83687,524,585
252473,527,584
394632,714,786
264754,730,791
130919,740,815
281151,740,827
337158,749,851
163178,756,834
27347,789,866
115928,791,883
93146,792,860
123575,813,867
65646,824,882
201947,852,940
7536,907,977
378355,908,975
97248,927,991
212692,932,988
226580,934,986
202225,934,992
41481,935,990
13844,1429,1500
26408,1430,1482
50727,1430,1489
288839,1430,1494
16197,1431,1478
300194,1431,1491
8379,1432,1483
220341,1434,1497
62139,1504,1565
10067,1554,1652
164962,1555,1647
87019,1594,1652
97029,1605,1670
331991,1636,1691
15000,1638,1707
106239,1730,1782
135367,1755,1830
15001,1761,1827
167420,1762,1826
15463,1763,1823
365648,1763,1828
340802,1763,1867
268738,1767,1872
205489,1769,1834
400937,1774,1857
157134,1782,1844
162511,1782,1874
302113,1783,1865
205620,1784,1856
116601,1784,1867
234082,1785,1872
174900,1786,1861
69440,1792,1875
338232,1797,1875
248118,1797,1892
214113,1854,1922
64703,1854,1943
299127,1905,1982
355341,2075,2153
126786,2076,2136
251909,2076,2140
61908,2076,2147
51962,2076,2150
135221,2079,2128
394631,2081,2145
374256,2095,2151
77635,2116,2171
141226,2127,2198
5741,2128,2202
38479,2138,2201
363813,2147,2206
287988,2156,2215
113837,2160,2223
221449,2172,2233
338394,2190,2272
19199,2215,2272
358707,2333,2388
346334,2457,2515
198453,2484,2547
159092,2486,2537
372067,2487,2548
62140,2488,2556
23104,2490,2557
358149,2491,2547
13366,2661,2748
285610,2664,2748
135633,2673,2747
31806,2684,2753
294036,2687,2753
133492,2817,2911
262567,2826,2911
311991,2850,2912
214115,2851,2918
9699,2851,2924
15512,2856,2921
15511,2863,2954
43561,2874,2959
231677,2875,2928
275412,2876,2932
150475,2910,2979
160603,2913,3010
107736,2919,3020
275216,2939,3037
363752,2942,3008
156108,2944,3012
325697,2959,3022
250744,2959,3028
78535,2966,3029
4405,2969,3043
4406,2969,3048
1987,2970,3039
44142,2971,3047
297286,2973,3045
161493,2989,3045
161492,2990,3047
217699,2990,3049
187723,2990,3071
44798,2991,3053
407854,2991,3063
393371,2996,3048
354441,3169,3237
288835,3169,3244
62141,3317,3369
186709,3376,3447
120560,3653,3724
110405,3658,3719
30159,3665,3723
65255,3670,3717
378179,3673,3727
11685,4230,4295
174902,4230,4304
94831,4230,4322
331472,4231,4300
313038,4231,4344
325966,4233,4305
161702,4235,4295
25635,4235,4330
56053,4236,4285
202224,4236,4298
202227,4236,4336
222632,4237,4305
406653,4237,4318
203999,4237,4349
338079,4243,4341
54684,4245,4349
6491,4248,4324
343097,4248,4338
82938,4252,4348
368367,4255,4349
228231,4260,4333
367728,4287,4348
83812,4754,4823
85427,4754,4827
61316,4755,4811
329136,4761,4827
25736,4785,4839
226209,4802,4868
7201,4876,4947
5341,4876,4952
379106,4908,4975
331484,4912,4973
138779,4915,4975
288831,4916,4982
66858,4917,4995
183542,4918,4974
131745,4919,4980
2833,4919,4991
18282,4922,4994
51961,4924,5016
355340,4930,4973
94549,4934,4999
384497,4940,4988
61317,4941,5011
263075,4942,4991
62414,4943,5009
211543,4948,4993
127192,4948,5014
343275,4949,5010
125687,4955,5000
206372,4955,5023
80887,4958,5012
244479,4959,5013
288831,5091,5152
179037,5207,5258
36499,5207,5268
288836,5207,5275
374350,5209,5270
367693,5217,5289
124614,5649,5733
212174,5722,5774
147583,5779,5843
89004,6087,6149
311358,6087,6152
347376,6087,6165
305742,6088,6141
312129,6088,6157
13844,6088,6163
26409,6091,6164
5741,6094,6153
147584,6095,6173
179036,6107,6153
133059,6120,6174
120169,6126,6186
402181,6261,6354
198150,6283,6369
100208,6296,6369
252963,6298,6362
120399,6599,6644
205490,6627,6696
166283,6692,6746
100593,6888,6942
16897,6892,6963
116849,6897,6964
373972,6899,6955
116848,6900,6968
96548,6981,7043
280863,7004,7054
268737,7056,7121
106761,7073,7136
400907,7076,7137
275797,7077,7136
377507,7190,7257
368369,7193,7257
120270,7195,7256
349648,7195,7260
359300,7381,7448
311357,7387,7469
46210,7393,7476
82964,7402,7474
281152,7537,7605
308485,7545,7611
334756,7570,7621
261776,7634,7704
326806,7648,7704
325068,7810,7877
49818,7813,7879
377789,7814,7895
38480,7818,7874
49819,7823,7895
57658,7826,7877
217502,7828,7869
54307,7835,7893
146112,7851,7922
132819,7986,8051
330336,8149,8199
389528,8153,8211
288835,8169,8252
383209,8174,8251
4519,8175,8225
237399,8176,8252
399975,8181,8252
310896,8413,8462
163718,8582,8659
366392,8780,8845
181983,8781,8864
403783,8783,8838
325698,8783,8869
40873,8784,8844
273076,8788,8844
389402,8789,8861
63472,8791,8860
77704,8797,8865
145747,8872,8935
46032,8887,8939
204818,8892,8939
338395,8983,9042
369550,9095,9162
84697,9314,9376
50167,9331,9396
9641,9334,9400
377508,9338,9405
82436,9340,9402
288419,9346,9409
148638,9355,9423
219356,9376,9437
279386,9378,9444
99304,9380,9445
28891,9382,9465
171762,9403,9465
85653,9407,9467
73698,9424,9488
295336,9426,9487
12711,9426,9493
143292,9427,9485
231271,9431,9494
13,9601,9691
288834,9602,9679
273075,9611,9680
150588,10239,10322
168569,10307,10373
256933,10319,10372
124616,10459,10518
355342,10491,10553
3358,10492,10570
94366,10500,10584
174901,10503,10578
57659,10506,10561
392559,10507,10568
152544,10508,10580
4407,10526,10578
4408,10531,10636
145317,10548,10610
55980,10549,10607
147268,10554,10628
7527,10554,10645
394916,10556,10633
87791,10566,10633
386930,10568,10642
276566,10571,10638
286610,10576,10637
379480,10578,10648
277123,10602,10649
161703,10643,10697
67914,10901,10953
91938,10981,11063
339719,10982,11043
87502,10982,11059
80889,10987,11054
188961,10988,11061
387390,10988,11066
91858,10989,11076
288839,11026,11105
377193,11234,11288
350827,11335,11402
357430,11895,11973
15116,11920,11974
91939,11921,11987
290188,11921,12001
292299,11924,11984
393422,11924,11995
345046,11925,11987
393421,11926,11993
350105,11928,11995
40872,11933,11996
277414,11934,11999
58596,11937,12002
48079,12249,12318
323246,12430,12493
137363,13391,13442
10068,13556,13623
224614,13559,13624
267660,13563,13624
100163,13566,13625
9430,13568,13624
333826,13872,13944
352747,13872,13947
291484,13881,13950
174899,13882,13969
288837,13885,13970
288838,13887,13966
288834,13898,13969
87540,13901,13970
13,13905,13969
244,14320,14386
244,14330,14392
337707,14683,14753
291663,14709,14754
109209,14720,14779
288172,14812,14868
390517,15039,15121
268736,15061,15124
207981,15084,15144
17108,15189,15247
73108,15190,15244
80888,15190,15253
383210,15195,15241
406775,15195,15254
4147,15205,15257
182955,15692,15759
81372,15730,15789
300983,15891,15952
351170,16104,16165
200939,16104,16213
334757,16105,16174
279127,16105,16202
53839,16107,16201
269562,16107,16214
97030,16108,16167
363753,16109,16187
120067,16109,16202
153717,16109,16220
118915,16111,16175
8383,16112,16174
368368,16112,16179
8384,16112,16183
268735,16112,16230
164330,16114,16181
251910,16117,16178
178418,16117,16209
20903,16118,16183
131626,16118,16188
222802,16118,16194
138326,16120,16182
275954,16122,16185
211219,16123,16208
123130,16124,16174
312130,16124,16177
382538,16124,16186
108680,16124,16224
71557,16125,16199
58402,16125,16210
211676,16126,16177
50216,16126,16179
285611,16126,16188
95407,16127,16194
345957,16129,16217
162161,16130,16180
392741,16132,16188
55305,16135,16198
90724,16136,16222
399272,16139,16197
161893,16140,16238
358873,16142,16247
288833,16151,16218
6398,16153,16225
298140,16153,16229
290439,16155,16215
94830,16157,16209
296485,16162,16215
214117,16424,16503
63412,16430,16499
287952,16433,16500
138549,16434,16508
167422,16439,16498
363754,16439,16505
76273,16441,16500
205621,16441,16513
359537,16442,16538
310305,16442,16547
44597,16444,16497
158002,16446,16498
86168,16447,16520
133060,16452,16503
228956,16475,16566
4283,16482,16561
354248,16484,16546
149360,16485,16558
399524,16489,16560
214116,16490,16570
345958,16494,16560
162172,16496,16558
116850,16610,16659
82568,16824,16874
346476,16824,16879
8253,16824,16905
19941,16873,16939
201494,16874,16949
381264,16875,16984
234083,16892,16957
58056,17084,17130
97031,17487,17549
118669,17493,17549
164963,17804,17865
99419,17804,17867
301174,17804,17880
350956,17804,17887
225135,17804,17895
65647,17806,17868
78536,17808,17870
22775,17811,17872
288833,17813,17897
17047,17814,17865
42682,17815,17881
296486,17816,17894
20904,17817,17912
374349,17838,17918
273041,17839,17896
204819,17839,17913
93894,17845,17894
267661,17846,17919
261317,17855,17916
295997,20028,20118
174898,20038,20137
288837,20045,20134
266672,20047,20132
76099,20051,20105
71822,20051,20143
203998,20058,20143
87540,20063,20135
13,20064,20144
173947,20075,20143
123576,20087,20143
100784,20270,20331
331184,20390,20443
161704,20414,20478
58055,20429,20500
48080,20441,20528
198519,20449,20513
258720,20476,20529
31154,20480,20529
339319,20535,20617
3359,20540,20601
25157,20544,20590
281153,20545,20607
407855,20558,20616
209361,20581,20646
187667,20647,20724
64419,20648,20730
123131,20649,20720
288832,20652,20753
106639,20653,20721
144960,20664,20724
132337,20665,20752
300982,20666,20727
209922,20689,20753
15002,20846,20895
78528,20862,20910
247529,20880,20934
59733,20894,20953
17552,20897,20948
267983,20907,20961
177995,20907,20972
288832,20925,21020
173988,20964,21030
94367,21526,21592
137,21527,21597
332046,21529,21592
168927,21532,21597
91072,21534,21598
384973,21866,21927
92860,21867,21936
358148,21868,21951
188547,21869,21934
250743,21895,21945
161894,22030,22095
214114,22305,22369
124615,22305,22371
85951,22309,22372
291662,22358,22419
384498,22493,22553
371123,22494,22552
85099,22496,22556
13,22549,22612
100783,22617,22677
389150,22618,22670
288838,22767,22843
124617,24322,24380
175673,24516,24565
277413,25402,25456
407934,25455,25519
178311,25599,25664
405368,26753,26800
191234,29517,29571
392839,29518,29575
269598,29520,29579
168114,29764,29817
