343179,88,200
73279,103,169
214378,181,248
278368,183,299
278370,184,242
403123,192,319
11849,197,307
9993,199,322
154584,207,334
99546,222,323
166419,240,333
292436,261,336
316057,268,341
221423,284,401
293824,290,395
52775,300,356
142168,323,383
350479,323,394
245173,323,398
196421,323,401
177208,325,447
87859,326,381
10754,326,394
242,326,409
190616,327,405
190617,330,445
390378,331,465
106315,335,459
837,337,452
224865,340,457
75363,340,462
207438,341,476
323154,342,467
139624,344,464
128038,344,474
110034,345,480
68519,348,494
1024,351,543
233589,352,475
184849,353,454
367147,353,466
80915,355,472
1378,357,480
87857,357,494
311003,357,547
24278,358,488
88949,361,467
106314,362,459
350478,365,512
139734,366,478
217788,369,515
257020,372,480
281304,372,491
185794,375,512
232988,376,508
332071,380,530
318966,382,533
153049,383,454
245172,383,498
76779,385,457
83695,385,482
87858,386,550
397460,388,511
388195,389,454
63076,400,548
185139,401,513
43267,413,561
139863,414,557
390377,418,512
9568,421,559
404421,422,503
28723,423,519
70933,426,547
19138,427,557
85973,428,552
59768,432,547
11955,433,559
319036,434,522
3188,443,545
84444,445,561
213395,450,551
404420,450,558
99558,451,555
14316,462,549
1072,465,549
18958,466,532
263389,472,549
171854,477,547
240972,478,552
28386,480,545
263388,483,560
20805,493,554
345083,601,708
245171,601,722
278369,602,698
149438,602,702
34480,602,734
72835,603,730
157455,604,726
342081,607,671
118841,612,707
27103,617,672
70128,618,717
273141,620,706
343681,620,738
146981,621,727
166579,624,707
6216,624,730
273142,626,720
84443,626,728
9683,627,738
87856,628,711
101882,629,729
211727,631,717
352408,632,735
42002,633,728
298336,634,719
186640,637,726
83261,638,721
76624,639,706
373030,642,725
221422,644,720
1437,651,718
11954,651,737
264031,654,720
36976,657,719
42535,657,732
139861,658,754
14353,664,739
139862,669,758
318965,670,740
298335,674,740
302595,675,738
396681,678,739
92386,678,749
135562,678,754
192847,697,759
47059,771,824
359011,830,906
389454,833,896
238025,865,931
95904,867,917
344665,907,969
273373,1204,1270
127830,1400,1456
276530,1400,1465
182403,1403,1449
67037,1405,1471
99033,1419,1470
180937,1431,1501
156745,1473,1546
72126,1783,1850
241671,1815,1909
318748,1819,1886
241671,1916,2009
395399,1917,1984
239468,1938,2000
332119,1945,2001
112714,2149,2208
124663,2156,2208
58457,2160,2223
267612,2162,2214
186452,2165,2220
25962,2166,2217
139684,2227,2291
239851,2365,2423
156960,2365,2425
358033,2369,2418
262266,2369,2425
91840,2369,2454
266092,2378,2463
350086,2383,2434
377184,2384,2445
97970,2388,2459
167518,2390,2453
377335,2392,2468
290362,2393,2456
65287,2394,2512
220651,2396,2484
220652,2396,2501
300562,2399,2453
75364,2399,2465
380495,2407,2461
85210,2407,2473
273915,2420,2482
3189,2421,2498
36308,2441,2513
127173,2470,2523
12005,2479,2539
170259,2483,2548
70700,2483,2567
345307,2485,2543
25247,2486,2545
322055,2487,2549
197064,2489,2554
360651,2491,2541
112089,2493,2549
343007,2509,2589
70021,2631,2692
407060,2636,2711
289559,2653,2714
142589,2655,2712
392840,2660,2712
33590,2661,2724
54291,2674,2739
44032,2695,2751
119079,2709,2802
300049,2711,2773
206378,2716,2792
160430,2741,2802
35833,2807,2884
288409,2821,2888
368924,2826,2917
313319,2827,2881
251598,2835,2898
234316,2837,2914
11016,2838,2901
77401,2838,2910
304856,2838,2922
276526,2842,2905
406531,2846,2911
289560,2846,2921
97572,2849,2913
347623,2856,2917
199662,2857,2918
1436,2859,2922
211866,3014,3095
235096,3039,3093
358965,3065,3132
34479,3078,3141
185795,3232,3283
319774,3251,3312
257573,3364,3434
95802,3373,3426
123069,3376,3430
181849,3386,3452
158665,3389,3449
318967,3691,3783
319037,3696,3780
395751,3699,3775
243108,3702,3764
304871,3807,3868
116249,3866,3937
198410,3993,4070
370133,4004,4067
110714,4134,4222
160431,4147,4261
98932,4148,4235
51428,4153,4277
197560,4155,4261
11966,4156,4264
250189,4157,4286
1438,4160,4290
160432,4169,4289
3018,4173,4271
160433,4175,4277
11918,4176,4271
21460,4181,4255
30063,4189,4270
197263,4191,4309
8707,4192,4266
169662,4193,4272
176447,4202,4271
148722,4220,4307
349948,4233,4295
408466,4237,4314
224499,4237,4317
382215,4237,4321
397782,4238,4302
278260,4243,4320
293239,4244,4316
184848,4246,4326
262265,4249,4335
263425,4258,4326
9650,4259,4341
394683,4264,4328
105743,4265,4339
295311,4267,4336
102492,4268,4340
95152,4269,4337
381950,4270,4341
139735,4271,4327
91008,4271,4333
25811,4272,4336
34803,4273,4320
256565,4375,4437
176771,4378,4440
375542,4383,4446
291474,4515,4566
206202,5125,5193
210648,5238,5298
148069,5241,5333
343178,5249,5334
311004,5253,5333
233590,5256,5320
6844,5258,5334
1994,5268,5334
264030,5483,5537
4578,5551,5616
338583,5553,5605
29037,5555,5627
182896,5576,5628
150060,5836,5913
244436,5867,5933
238821,5870,5937
213337,5879,5943
292591,5891,5941
