281516,83,146
406137,88,197
81282,122,182
94667,127,179
207108,127,196
99272,129,198
247918,137,198
198610,142,235
63707,145,199
367719,165,227
34819,170,260
75506,183,241
249289,192,279
176688,203,257
386261,219,280
81805,269,367
233387,271,368
162510,277,360
353141,287,366
233386,288,368
290865,550,633
128910,550,637
247478,551,607
171049,567,641
406291,578,642
18563,580,642
231793,582,647
232316,583,643
111968,584,647
49625,586,644
263942,590,645
298631,761,822
271493,761,827
207289,762,826
246864,763,827
397319,947,1031
71063,1077,1149
289834,1077,1154
194447,1083,1151
336798,1083,1167
93580,1085,1147
176646,1088,1156
228633,1089,1152
331029,1090,1153
341468,1092,1150
270543,1092,1152
171950,1092,1167
145279,1103,1174
35174,1119,1182
250729,1157,1224
279246,1351,1429
180782,1369,1436
118698,1375,1440
13067,1377,1440
90267,1379,1437
378064,1751,1814
28435,1752,1833
150722,1754,1813
186726,1756,1840
231792,1758,1826
53115,1760,1829
310981,1779,1829
395505,1929,1985
15819,2179,2254
259851,2179,2263
88098,2183,2247
244133,2183,2274
371044,2188,2250
407585,2192,2253
253543,2192,2284
399789,2194,2295
261446,2197,2277
211173,2199,2292
384724,2199,2303
23062,2200,2282
397246,2202,2252
54385,2203,2284
101394,2207,2281
135783,2212,2270
360890,2212,2273
129787,2212,2289
121014,2217,2303
32226,2224,2286
364830,2226,2297
88522,2228,2298
189126,2269,2375
202102,2278,2350
241110,2299,2350
101219,2616,2686
88171,2649,2712
304380,2850,2907
104518,2881,2956
33213,2890,2952
107308,2893,2966
198818,2896,2983
198819,2896,2996
1329,2899,2967
394899,2902,2970
1328,2903,2966
353685,2919,2963
150067,2941,3006
176258,3300,3358
298632,3334,3402
200350,3372,3442
181346,3378,3420
318247,3484,3582
27400,3513,3588
342248,3514,3590
81804,3514,3616
53669,3515,3581
176857,3517,3577
134385,3518,3587
178047,3519,3580
250728,3520,3590
304925,3521,3581
370107,3521,3583
324627,3521,3585
102307,3521,3592
24502,3525,3580
13291,3534,3588
127789,3548,3601
342249,3548,3610
32630,3784,3839
329659,3946,4023
188098,3955,4035
59683,3958,4036
213846,3959,4018
379001,3965,4037
401930,3970,4037
390254,3985,4037
38286,4410,4466
215228,4410,4471
103392,4410,4477
125889,4416,4481
180109,4419,4478
246293,4422,4483
204893,4505,4597
204892,4519,4628
144982,4548,4605
214474,4602,4678
169632,4607,4683
353819,4614,4682
327068,4617,4685
353686,4768,4822
95874,4769,4819
125890,5286,5347
305115,5289,5358
14230,5313,5379
367718,5323,5413
187476,5331,5407
171655,5337,5416
52605,5509,5567
284612,5510,5562
163250,5510,5574
362915,5516,5595
279223,5517,5584
109513,5538,5600
67691,5539,5612
21014,5540,5595
112503,5548,5613
5017,5551,5613
393139,5914,5998
165444,5918,5994
229527,5919,5983
63848,5929,5990
74919,5930,6000
40437,5934,5996
109512,5934,6008
257647,5935,5977
8048,5937,6014
29432,5937,6018
61773,5942,6014
4813,6171,6229
129927,6172,6214
236583,6172,6220
235216,6172,6250
170095,6182,6229
235215,6185,6251
4534,6185,6266
249362,6205,6268
211186,6207,6280
61014,6242,6299
38702,6245,6298
4812,6252,6298
356967,6252,6302
29940,6258,6312
389126,6693,6746
178348,6700,6794
77446,6704,6775
353799,6706,6779
39959,6707,6791
49410,6708,6782
406816,6721,6792
389061,6722,6788
36816,6723,6794
36438,6729,6790
15533,6733,6795
131279,6734,6784
204891,7138,7206
348624,7195,7269
94989,7664,7715
200349,8520,8622
200347,8631,8704
200348,8647,8745
118495,8747,8815
16811,8770,8839
364792,8967,9044
204891,8994,9051
252851,9099,9162
236701,9102,9163
315368,9647,9745
172987,9664,9742
89604,9672,9733
99576,9846,9952
87083,9861,9935
344017,10665,10727
39008,10665,10746
33454,10666,10730
191559,10918,10978
132815,10934,10995
306674,10952,11017
290866,10982,11066
99575,10986,11066
357868,11386,11440
277537,11529,11589
407025,11613,11680
199692,11949,11995
190880,12053,12118
196552,12054,12126
253544,12055,12129
71653,12235,12288
238306,12245,12310
131712,12250,12313
83012,12339,12442
204892,12646,12752
144982,12674,12729
388429,12687,12760
253214,12688,12749
323859,12700,12760
103666,12856,12912
325172,13204,13270
131713,13729,13807
190913,13743,13842
131804,13761,13834
379002,13771,13843
301154,13789,13836
204893,13929,14026
185183,13999,14056
267640,14058,14129
345353,14060,14119
50736,14130,14185
276082,14130,14192
232213,14151,14204
4816,14198,14258
402723,14199,14249
21478,14200,14256
103667,14210,14288
142301,14215,14281
237659,14234,14281
99574,14234,14290
81806,14373,14431
81807,14373,14443
305116,14373,14446
171656,14373,14454
71793,14373,14465
70664,14374,14433
71792,14374,14470
23584,14375,14426
42893,14375,14436
199087,14375,14456
75020,14376,14480
279247,14381,14455
106849,14389,14455
126213,14397,14505
138720,14410,14457
62362,14410,14467
135643,14424,14469
274944,14437,14520
300592,14440,14520
354213,14447,14517
114796,14451,14520
282602,14461,14520
390259,14552,14604
273222,14692,14745
259452,14692,14755
161215,14692,14770
208353,14694,14754
407024,14695,14757
275127,14695,14762
29693,14695,14767
97876,14695,14771
407625,14898,14948
275128,14918,15016
259453,14945,15056
259454,14970,15056
275129,14988,15055
393950,14993,15056
227443,15001,15056
108688,15155,15220
264444,15313,15394
99724,15320,15387
173349,15321,15379
68137,15332,15396
344016,15763,15847
271494,15806,15883
331872,15810,15879
407444,15965,16022
13025,16002,16084
1977,16012,16101
72102,16098,16165
38890,16100,16161
402724,16106,16173
126753,16109,16163
273223,16112,16188
101356,16112,16217
86885,16113,16177
83603,16113,16193
241111,16114,16168
279626,16114,16185
98838,16116,16184
26780,16117,16195
126214,16124,16194
199086,16126,16186
114295,16130,16190
306311,16130,16192
170096,16135,16185
395526,16137,16198
359728,16362,16449
284613,16430,16495
139232,16443,16512
225818,16476,16540
52272,16482,16535
53958,16497,16556
275883,16568,16640
264966,16576,16658
108719,16579,16660
228634,16589,16654
361176,16712,16795
399790,16713,16843
196553,16717,16845
101355,16718,16848
219466,16731,16817
105862,16740,16852
10753,16748,16851
108718,16754,16850
213102,16763,16843
300591,16772,16851
354214,16776,16851
3543,16795,16851
301599,17135,17195
36062,17302,17394
232102,17440,17524
355164,17442,17535
6077,17453,17524
926,17454,17541
351057,17468,17593
64409,17484,17571
351058,17485,17592
52120,17488,17576
402902,17489,17614
276676,17490,17564
17092,17490,17587
330639,17492,17604
5620,17493,17609
171050,17494,17553
28775,17494,17563
150672,17494,17584
109588,17495,17559
189125,17496,17565
273553,17496,17575
170097,17497,17597
128196,17497,17604
330898,17498,17582
406318,17500,17589
394619,17502,17594
338739,17503,17616
351059,17506,17620
64408,17511,17616
281405,17514,17635
350217,17546,17621
371407,17598,17692
209483,17598,17722
138212,17600,17702
384787,17602,17722
350216,17605,17710
235217,17608,17715
158574,17615,17710
170098,17615,17725
131803,17616,17678
289246,17616,17708
281406,17616,17746
57545,17619,17726
19543,17621,17728
343780,17625,17701
308603,17644,17707
57546,17644,17736
350215,17662,17745
147539,17690,17743
