169635,169,261
29925,219,285
371603,220,275
389352,226,300
191457,235,342
53986,245,324
133841,247,318
162117,253,315
127217,254,320
5002,254,370
324892,255,318
150319,256,344
167076,256,348
29340,258,323
399691,259,336
133926,259,343
75487,261,339
99995,262,326
407366,263,377
31652,266,386
49030,267,369
277741,273,336
89135,274,338
306872,275,369
73797,276,396
403849,278,364
67542,286,377
49029,286,383
66391,287,385
7366,288,350
115978,288,372
166712,288,379
251963,289,352
392718,289,355
380473,290,365
138875,293,364
183284,294,346
232294,295,385
174284,296,371
197397,297,362
320194,299,360
168197,301,391
222224,302,366
118106,302,368
47121,302,376
287950,303,381
11017,304,365
269256,304,371
27394,306,367
203565,307,370
111650,307,373
66727,307,389
35392,308,391
273714,310,372
180193,310,386
115966,310,389
109246,311,382
339582,315,395
77336,316,377
75818,319,381
379670,320,383
289592,342,403
326195,345,395
115979,362,464
115970,367,447
12038,528,604
17735,528,610
249913,531,608
250369,532,600
66933,535,610
374762,536,600
332036,538,606
328108,538,609
267543,547,608
135221,550,611
140025,554,611
159507,695,756
408016,698,762
330653,699,758
282452,699,773
243123,699,792
391062,700,779
76778,701,743
60044,701,757
172102,701,795
6341,702,769
233308,704,758
321150,713,785
288126,718,791
320303,720,772
170657,723,794
18622,737,799
376233,740,801
18321,752,832
328034,759,808
72918,769,855
73002,803,867
255426,807,872
306042,810,871
381361,895,979
340941,896,955
162118,896,957
155724,896,970
232293,901,972
22808,914,998
374986,917,982
18438,919,993
22807,921,997
150130,924,985
318946,926,997
72964,926,1004
358957,927,988
21512,928,1006
298238,928,1029
222223,932,1005
40142,934,1019
161634,935,999
255056,935,1012
270333,937,1016
407367,946,1033
142607,948,1013
5545,948,1016
162198,955,1016
131536,956,1038
15351,958,1022
131537,967,1055
384845,980,1041
318,989,1070
49120,991,1055
115975,1176,1283
115983,1176,1307
115967,1177,1298
75402,1178,1238
115977,1178,1271
115974,1181,1312
115950,1182,1239
36370,1183,1240
160558,1183,1246
306593,1183,1274
131540,1184,1270
84375,1185,1259
84149,1198,1278
221145,1202,1267
306065,1209,1270
115986,1218,1333
131539,1225,1270
318947,1225,1289
134191,1226,1288
115981,1227,1312
115973,1252,1324
115965,1281,1434
115982,1283,1403
115980,1348,1489
388641,1428,1498
278308,1595,1642
28805,1597,1648
396812,1600,1670
130768,1679,1757
168389,1702,1764
211023,1709,1779
296658,1743,1804
256839,1834,1901
337637,1836,1897
195520,2058,2119
8688,2075,2137
18274,2077,2141
2962,2080,2138
115946,2081,2150
124494,2085,2137
36271,2085,2161
2965,2086,2143
115411,2087,2141
124687,2088,2153
85901,2102,2179
14973,2110,2159
204858,2116,2192
329131,2117,2170
163945,2117,2178
163426,2117,2196
115950,2120,2186
375753,2121,2184
126079,2149,2207
115949,2192,2247
278987,2206,2292
385859,2211,2322
242388,2215,2311
376986,2216,2303
21278,2217,2301
250568,2222,2292
383479,2222,2295
326189,2222,2341
142808,2223,2290
198364,2225,2289
285259,2228,2291
326194,2228,2347
131538,2229,2343
24997,2234,2299
388642,2235,2310
82,2236,2302
33881,2238,2306
162119,2238,2315
15283,2244,2305
126547,2244,2316
220539,2244,2321
131543,2245,2352
82968,2247,2321
249311,2248,2329
162120,2249,2324
115969,2250,2354
324634,2254,2316
131542,2256,2354
131541,2262,2376
110622,2264,2357
27379,2265,2359
8419,2265,2374
387742,2267,2384
306041,2271,2363
380232,2276,2363
66394,2277,2378
155088,2282,2377
152310,2284,2375
199603,2286,2371
36371,2288,2385
380233,2289,2370
191458,2291,2383
71573,2294,2371
326196,2294,2392
264824,2298,2394
264825,2300,2401
305724,2301,2381
186727,2301,2387
59929,2303,2365
115946,2305,2391
216981,2306,2367
254500,2306,2386
201182,2307,2371
308560,2309,2371
211184,2310,2372
406767,2314,2377
107983,2317,2378
107984,2317,2390
162839,2319,2385
25511,2320,2381
247960,2322,2383
364735,2325,2390
115985,2533,2636
115972,2533,2652
115963,2536,2639
184964,2549,2612
115984,2655,2819
115964,2682,2811
115971,2693,2818
53103,2769,2819
61688,2967,3070
95802,2968,3036
407369,2968,3041
94446,2974,3046
174538,2977,3076
267896,2978,3067
407368,2981,3036
67018,2981,3076
41492,2982,3037
368706,2995,3061
67019,2998,3084
327342,3001,3071
171131,3005,3075
115966,3006,3066
387501,3006,3069
386434,3008,3069
115976,3009,3091
175722,3010,3065
161322,3011,3069
176493,3016,3085
287084,3019,3078
267946,3019,3085
176494,3021,3085
372611,3022,3083
318382,3023,3077
332407,3023,3091
163834,3024,3079
196934,3024,3096
53104,3025,3086
27604,3027,3089
221146,3028,3088
6739,3037,3093
4358,3101,3164
403885,3103,3164
57792,3106,3161
131545,3108,3197
408729,3119,3182
115949,3126,3195
142652,3128,3190
320195,3140,3205
7937,3147,3219
173704,3427,3491
337636,3432,3497
238163,3434,3499
16873,3435,3504
296659,3437,3493
104403,3450,3540
77673,3452,3532
262683,3453,3536
140135,3460,3529
196933,3461,3522
108980,3462,3523
216866,3462,3532
16369,3463,3537
131555,3471,3537
335700,3472,3542
158281,3474,3551
279326,3479,3547
364734,3548,3604
303854,3548,3611
7810,3548,3617
163102,3639,3705
81060,3640,3701
299197,3640,3722
188594,3644,3705
171184,3647,3710
248479,3651,3712
362438,3689,3752
115977,3866,3950
115967,3866,3974
115960,3866,4042
78181,3867,3948
84375,3868,3938
64197,3870,3933
165216,3875,3941
393871,3881,3950
374987,3882,3943
238016,3882,3948
115962,3892,4134
262778,3893,3952
118823,3894,3955
115970,3926,4005
115961,3951,4145
115965,3955,4100
295423,3970,4042
155086,3982,4071
138619,3986,4058
286916,3995,4085
115956,4002,4059
254499,4006,4057
384550,4012,4085
57793,4012,4088
118293,4013,4079
45850,4013,4101
232295,4014,4086
37327,4018,4085
115951,4020,4083
115955,4020,4087
262027,4032,4093
114514,4043,4088
84137,4043,4098
70607,4043,4102
126206,4045,4106
151338,4314,4387
144674,4319,4395
42487,4329,4403
262412,4332,4408
221147,4332,4412
50183,4334,4401
378001,4334,4411
405000,4338,4400
384246,4338,4405
138183,4341,4403
319920,4341,4411
20944,4342,4407
326198,4346,4411
136689,4347,4397
89160,4347,4410
136690,4349,4398
11063,4349,4413
221148,4349,4417
255904,4354,4422
215711,4354,4438
344916,4356,4418
33713,4356,4432
254413,4357,4410
215710,4362,4446
155087,4364,4426
200048,4370,4457
118961,4375,4443
115957,4391,4462
115948,4392,4442
126874,4403,4464
115953,4405,4530
115954,4405,4535
115959,4408,4542
59926,4419,4506
283518,4422,4501
75488,4424,4485
140761,4426,4488
115952,4428,4530
232481,4429,4501
139797,4435,4499
197358,4436,4510
73795,4437,4501
131548,4439,4530
152309,4442,4506
326190,4450,4520
115978,4450,4532
61333,4451,4528
326191,4452,4531
26523,4455,4538
298084,4456,4533
2964,4459,4526
407370,4459,4567
110620,4460,4542
254414,4464,4525
53106,4465,4539
97570,4468,4532
216980,4469,4531
169375,4472,4543
67541,4473,4536
115958,4478,4542
64027,4481,4559
233426,4499,4559
15513,4505,4566
365574,4885,4966
258319,4893,4958
321800,4895,4974
375216,4899,4960
262682,4904,4992
267947,4904,5004
399089,4906,4967
57819,4911,4994
127131,4915,4999
115947,4917,5004
281550,4923,4997
313634,4924,5004
402444,4936,4997
4359,4946,5012
389353,4949,5010
393872,5127,5194
115975,5127,5219
115974,5127,5240
131544,5128,5199
115963,5128,5231
169376,5129,5181
79607,5131,5199
2963,5137,5205
238016,5138,5202
262778,5139,5206
366013,5140,5209
156542,5146,5201
91183,5179,5250
115973,5182,5253
115979,5182,5272
115951,5184,5238
319965,5186,5249
123571,5189,5250
115964,5259,5383
369711,5273,5339
295040,5276,5337
115955,5278,5342
115948,5281,5345
266958,5286,5368
9796,5287,5340
369710,5287,5354
115947,5291,5358
198363,5294,5356
225052,5294,5360
175054,5299,5376
224342,5310,5371
275750,5540,5592
316603,5544,5609
28147,5548,5625
282387,5549,5611
100386,5549,5631
405001,5551,5617
139796,5552,5615
249006,5553,5617
23569,5553,5621
88025,5556,5618
137441,5556,5666
155723,5559,5633
64171,5561,5622
166130,5562,5628
209404,5563,5631
303417,5567,5629
249437,5567,5631
375912,5568,5639
142809,5569,5664
80739,5579,5670
281866,5583,5649
15284,5584,5662
131551,5587,5675
195521,5588,5654
368437,5588,5664
115953,5588,5725
115954,5588,5735
218221,5589,5666
42087,5589,5681
388643,5590,5674
6403,5596,5681
60043,5597,5661
273919,5598,5662
69179,5598,5673
82,5599,5663
397041,5599,5670
281937,5599,5682
130576,5602,5665
181807,5603,5664
281938,5603,5670
42088,5606,5672
59927,5607,5691
115969,5607,5699
271865,5608,5682
329884,5608,5688
82967,5609,5671
33873,5609,5676
85903,5609,5693
131543,5609,5730
115952,5611,5713
9276,5612,5688
19465,5621,5699
66393,5622,5727
319922,5626,5684
131547,5627,5714
131552,5627,5748
326199,5630,5741
115945,5633,5716
85902,5635,5696
326158,5637,5704
115968,5638,5714
12558,5639,5705
59930,5644,5719
115945,5644,5731
12559,5646,5715
326157,5647,5724
313065,5648,5710
198026,5649,5723
11017,5650,5711
326192,5651,5725
282189,5655,5716
59930,5657,5734
326193,5659,5735
28804,5660,5751
216384,5661,5722
11017,5661,5724
326775,5661,5732
374701,5664,5743
51906,5665,5727
97161,5667,5752
282188,5672,5738
267245,5674,5737
139827,5683,5744
7379,5687,5749
306676,5687,5751
326774,5687,5774
59931,5691,5751
326200,5692,5741
115956,5692,5759
219345,5693,5754
53088,5694,5763
133924,5697,5773
53105,5700,5775
298620,5700,5785
131549,5703,5774
53088,5707,5770
357439,5708,5781
213757,5710,5788
313067,5714,5784
366012,5727,5792
311262,5743,5805
10324,5754,5821
44371,5758,5821
387500,5758,5828
367436,5760,5824
112574,5765,5828
131553,5765,5853
329674,5767,5829
268022,5772,5838
105632,5773,5845
397533,5774,5840
131546,5780,5852
115945,5785,5853
66392,5786,5847
407371,5790,5861
326197,5790,5871
44756,6137,6248
245599,6151,6240
18004,6154,6228
308850,6162,6243
32691,6162,6264
405114,6178,6247
312047,6178,6252
132954,6182,6243
141212,6182,6246
130766,6183,6245
130742,6189,6253
369712,6191,6248
450,6192,6253
407373,6197,6251
399337,6202,6274
198365,6207,6271
69094,6207,6287
140136,6209,6277
234242,6210,6285
186115,6213,6277
279327,6214,6276
115972,6391,6500
115983,6391,6504
115960,6393,6560
84375,6396,6464
131550,6409,6469
393873,6413,6466
81766,6413,6473
225051,6416,6473
115962,6420,6649
115981,6431,6507
115961,6474,6667
115982,6480,6588
155085,6487,6577
155084,6490,6593
116135,6504,6570
71672,6505,6569
337638,6505,6572
57794,6524,6602
115971,6530,6655
20216,6535,6598
376232,6536,6600
163244,6537,6598
115980,6539,6675
115955,6541,6602
115957,6548,6619
398919,6560,6625
377302,6563,6622
15353,6598,6664
131554,6836,6938
359784,6837,6902
241440,6838,6921
254687,6845,6925
106229,6850,6913
115959,6853,6998
218220,6858,6933
287136,6859,6926
59928,6860,6946
195522,6861,6932
170418,6861,6940
303506,6873,6937
393834,6873,6939
400069,6876,6949
348212,6879,6948
44109,6883,6952
251962,6887,6951
313066,6887,6955
326201,6893,6948
216979,6893,6960
23834,6896,6962
232480,6897,6958
115958,6899,6951
26524,6900,6970
407372,6901,6989
12560,6904,6971
115945,6908,6990
61332,6911,6973
49028,6924,6998
100571,6942,7005
48185,6956,7017
337528,7046,7108
186480,7048,7130
115976,7050,7126
61334,7051,7108
101477,7051,7117
220227,7054,7116
231915,7056,7117
346425,7200,7248
137858,7275,7333
115410,7283,7344
212403,7283,7347
43002,7358,7439
308318,7386,7453
301944,7387,7456
175075,7405,7467
50155,7411,7476
218219,7412,7486
378558,7424,7490
399496,7425,7488
319921,7427,7494
200875,7431,7493
375911,7454,7515
133925,7583,7625
280269,7583,7651
382735,7584,7638
357955,7585,7653
183285,7586,7656
93318,7588,7654
287135,7595,7662
98935,7596,7653
9665,7618,7687
29609,7619,7689
313635,7620,7682
9122,7628,7674
18385,7629,7693
232470,7630,7688
66395,7635,7690
127671,7640,7702
30052,7642,7708
298619,7642,7716
82020,7643,7710
51879,7656,7729
1617,7662,7711
2569,7754,7811
277742,7774,7838
390571,7786,7874
4455,7788,7860
248478,7789,7876
267957,7792,7857
151156,7797,7879
396903,7803,7870
235757,7804,7864
168768,7806,7867
326776,7808,7869
250328,7821,7882
230633,7828,7894
115985,8016,8116
115977,8017,8095
262778,8033,8094
283517,8034,8101
183283,8041,8098
115986,8044,8155
21512,8054,8125
20217,8074,8138
115955,8075,8126
208840,8093,8147
115984,8128,8279
84138,8184,8236
339780,8193,8276
30153,8423,8472
199585,8425,8479
290478,8435,8518
343892,8441,8495
257957,8444,8505
339583,8444,8509
405418,8445,8515
100678,8447,8509
224518,8447,8511
129058,8447,8514
266762,8448,8510
208695,8449,8513
69637,8451,8510
397534,8451,8512
138620,8452,8515
388121,8455,8516
148143,8455,8522
163425,8457,8511
174205,8499,8570
250346,8543,8607
207421,8549,8629
398970,8554,8618
186969,8560,8623
187299,8568,8642
120762,8573,8677
51199,8578,8641
319390,8580,8644
66390,8583,8644
110621,8587,8665
326202,8587,8679
115968,8590,8649
23835,8590,8651
183282,8592,8644
264692,8598,8682
73796,8603,8672
5003,8607,8677
161633,8609,8685
239678,8614,8680
370217,8621,8688
341185,8626,8688
386352,8629,8698
269441,8634,8695
30084,8639,8700
69339,8807,8855
155089,8807,8868
57419,8807,8870
218222,8807,8876
84876,8807,8888
325696,8818,8866
77337,8818,8870
287134,8825,8902
27605,8832,8913
16564,8835,8900
162486,8917,8973
