75592,116,191
370494,116,198
379961,117,177
98462,119,242
222961,120,179
2779,122,184
379007,149,204
302954,159,232
174498,160,249
232958,161,242
192550,165,257
365672,166,260
155635,167,231
295969,167,283
153806,170,288
280019,180,232
39590,181,283
12366,184,277
145874,185,252
124025,185,264
190725,185,307
86660,187,285
89473,191,252
34875,191,264
2337,193,278
186768,194,258
189424,194,317
137976,195,262
2337,196,259
50727,196,264
13844,196,285
255113,196,301
362174,197,282
144093,200,287
341727,201,263
23522,201,268
5741,201,278
91705,201,300
124026,206,277
190885,215,284
303014,216,281
40628,220,276
60845,220,293
65213,227,280
153412,229,297
370942,232,303
192977,246,309
85248,262,326
343707,284,357
133359,320,396
86257,594,709
249796,602,716
151976,606,696
3951,607,723
108665,610,731
276341,627,730
358447,645,740
14896,647,731
286226,648,709
343708,654,715
172782,656,715
243275,661,738
214883,665,740
295986,667,728
18041,667,739
45036,668,731
374011,668,733
224247,669,730
13768,672,731
96358,678,741
157582,778,834
365709,778,839
19927,778,846
15969,780,847
201776,790,845
286225,792,852
286829,1721,1777
300939,1722,1787
295970,1723,1792
25249,1726,1788
150304,1728,1780
89004,1728,1790
75794,1729,1786
2337,1729,1792
5741,1731,1790
23522,1734,1790
6037,1735,1787
58406,1987,2045
400342,2150,2208
131878,2154,2212
157688,2288,2356
47287,2291,2355
42790,2293,2355
4462,2296,2355
21887,2301,2354
105776,2616,2683
149334,3134,3249
345538,3198,3256
4463,3415,3480
168501,3555,3620
280236,3557,3615
191776,3781,3838
145275,3788,3839
194399,4015,4080
194398,4068,4123
158919,4071,4145
22895,4075,4140
47286,4348,4424
407876,4355,4430
47289,4371,4428
47288,4372,4424
360524,4459,4533
294997,4714,4827
184469,4719,4823
295971,4721,4810
295972,4729,4813
326917,4729,4818
123559,4764,4824
360339,4764,4829
139989,4769,4827
367572,4912,4994
181798,4916,5004
42629,4925,5003
25618,4928,4996
154911,4931,5004
20297,4932,4994
358720,4935,4994
168420,4949,4990
80135,4949,5004
374625,4953,5001
37805,5096,5189
221139,5267,5320
37804,5269,5319
258738,5269,5330
276845,5820,5881
295848,5833,5903
197931,5863,5969
146373,5902,5978
42791,6127,6182
234668,6127,6191
279297,6127,6207
247547,6129,6205
5124,6140,6195
51630,6144,6195
64883,6144,6213
284911,6147,6200
277196,6199,6261
44390,6216,6263
300352,6800,6863
50349,7063,7138
40659,7065,7140
178597,7071,7128
11101,7215,7284
107650,7215,7291
37857,7216,7278
20637,7217,7281
273880,7218,7284
101722,7219,7283
249674,7222,7284
401474,7225,7310
401475,7227,7304
139490,7228,7280
244909,7228,7297
304529,7232,7281
112213,7232,7311
163952,7233,7315
147049,7234,7299
67714,7236,7287
15751,7286,7338
142299,7287,7348
119964,7300,7354
42241,7303,7354
13180,7305,7355
383727,7746,7817
360429,7747,7822
202716,7752,7861
34876,7753,7824
150820,7760,7864
98464,7765,7875
96784,7766,7870
44955,7768,7852
34877,7772,7888
194841,7775,7850
38322,7777,7891
297495,7783,7890
34878,7786,7894
60930,7786,7908
227,7800,7907
142272,7810,7905
98463,7813,7910
6158,7818,7909
214428,7826,7898
237853,7830,7895
214429,7834,7911
30855,8179,8245
