72024,92,154
328894,92,248
110108,93,145
288954,93,150
112423,94,158
311466,95,190
324089,96,144
272234,122,199
102765,131,231
384428,131,243
68068,135,262
194679,147,278
40375,152,295
2251,154,255
9439,171,276
207288,172,271
5229,180,262
234866,180,301
378150,182,286
314256,188,283
251111,202,283
334116,204,265
485,205,270
46419,222,303
36556,226,302
94781,343,441
1190,346,433
118867,346,449
292943,348,444
170073,348,456
314258,351,459
359,352,453
31631,355,433
123326,355,478
121224,355,501
360,356,482
217205,357,453
313510,358,480
29172,361,424
1334,361,447
270699,361,454
58366,361,466
233717,361,475
73387,361,498
110109,363,524
217721,368,452
189616,368,459
8506,368,495
252574,368,516
180443,368,524
72025,369,468
89809,369,507
8888,371,438
225779,372,493
170074,375,516
140645,376,505
368066,376,525
169545,379,493
320175,382,503
35558,384,501
61500,385,494
158167,386,454
301751,386,468
129777,389,532
44982,391,449
233753,392,465
317665,392,475
42443,393,454
223115,393,493
217204,395,512
278388,397,494
301752,397,532
313509,399,537
17708,401,473
30464,409,532
291263,418,536
91223,426,543
272233,429,532
190563,431,494
169997,437,536
244473,439,544
48113,441,538
38393,445,531
47113,445,552
10877,447,524
314257,448,536
196034,450,554
69595,455,534
18802,455,543
242829,492,556
199717,501,568
37407,509,571
18309,570,628
315934,600,664
217203,611,673
82085,725,772
372307,728,836
309612,734,813
98327,739,823
334117,739,840
370117,740,849
282228,779,844
289927,779,856
158219,887,962
142303,1142,1194
180637,1146,1210
353697,1276,1336
338997,1322,1396
301750,1348,1455
299073,1391,1456
169834,1393,1454
183126,1393,1458
45833,1403,1460
126258,1488,1541
4035,1488,1543
102588,1572,1666
80704,1579,1692
213938,1602,1668
151984,1606,1711
64081,1609,1690
355378,1611,1696
194872,1612,1670
6271,1612,1691
17981,1612,1701
141696,1613,1693
151983,1613,1699
351813,1615,1683
21378,1618,1694
45336,1618,1698
13475,1619,1690
173607,1621,1725
240980,1628,1690
377629,1640,1691
293647,1646,1708
115159,1652,1727
59405,1653,1722
335490,1657,1726
343361,1698,1757
225780,1842,1930
312048,1846,1953
292942,1851,1924
97331,1852,1937
237593,1852,1956
3841,1854,1922
138433,1854,1938
203646,1854,1948
12090,1855,1918
210017,1855,1930
377951,1857,1925
87700,1861,1925
268565,1861,1929
381634,1862,1926
204520,1872,1942
356065,1876,1942
156461,1877,1953
296306,1885,1956
372196,1892,1957
283163,2091,2165
