258821,242,326
761,242,346
33064,361,430
262767,362,448
248474,364,467
58389,367,431
363001,371,447
115132,380,442
150532,383,471
4547,387,472
32429,391,474
336019,391,479
95579,395,450
270543,395,474
369336,395,491
75501,397,471
97090,402,463
405495,402,470
137449,406,468
405496,409,470
40865,410,482
167602,1155,1224
55051,2534,2584
379165,3217,3326
354082,3225,3330
308453,3225,3346
362920,3226,3335
88313,3227,3324
173586,3232,3332
108470,3233,3353
19011,3239,3343
5645,3243,3324
408328,3243,3327
10616,4047,4124
