145407,1157,1204
326465,1158,1236
329562,1158,1239
57049,1159,1233
282912,1162,1231
16024,1164,1244
23499,1171,1241
270086,1175,1252
322283,1554,1597
202935,2030,2091
347387,4235,4282
17202,4825,4916
157394,4839,4924
1925,4842,4908
224926,5548,5618
324342,5568,5630
252923,5581,5638
316764,5740,5794
64329,6524,6587
4219,6524,6607
34842,6524,6618
181257,6525,6615
3831,6530,6607
352212,6538,6619
46170,7155,7206
31387,7155,7230
175737,7156,7234
280675,7315,7431
152103,7318,7453
153202,7321,7420
280674,7325,7433
294366,7327,7385
329160,7327,7441
63640,7334,7447
234071,7343,7443
22341,7399,7465
68703,7404,7466
178559,8362,8439
367890,8387,8433
273553,9691,9775
389330,9691,9807
96729,9694,9754
133148,9694,9802
85755,9695,9814
7569,9698,9798
216148,10022,10076
164312,10231,10289
175736,10449,10511
143463,10653,10716
14616,10658,10720
36907,10669,10785
88596,10683,10804
18204,11271,11337
44522,11585,11673
173997,11586,11662
181627,11591,11660
286447,11591,11668
246089,11593,11658
141274,11593,11676
118277,11594,11670
51078,11598,11668
173996,11670,11738
92468,12256,12312
247661,12318,12408
7570,14116,14239
175735,14514,14624
6076,14516,14611
7483,14716,14779
175735,14773,14882
302690,14786,14894
18205,14787,14853
328942,14789,14846
107445,15983,16071
107443,15983,16078
107444,15984,16084
59181,16704,16783
70829,17830,17893
5173,17850,17908
351640,18431,18515
18206,18601,18713
371942,18852,18909
172669,19238,19298
197910,19665,19749
268375,19861,19923
173372,19993,20055
354849,20367,20448
365636,20930,20988
245116,21180,21236
88468,21182,21227
392352,21190,21234
319936,22312,22374
118972,22313,22369
203449,22315,22385
63410,22315,22392
271261,22315,22398
94499,22316,22387
325757,22317,22436
16024,22354,22439
160684,22354,22459
206827,22355,22432
358988,22357,22437
5645,22360,22437
47116,22361,22462
201360,22363,22481
325524,22365,22437
56532,22373,22484
367572,22392,22490
129174,22393,22447
297097,22399,22475
297098,22399,22483
246220,22403,22501
13241,22413,22497
166736,22418,22506
119922,22420,22500
388929,22424,22492
40428,22424,22505
4472,22429,22495
97992,22430,22501
112292,22441,22499
203373,22448,22500
69176,22805,22869
238375,23740,23802
277064,23743,23832
211696,23744,23822
95298,23986,24056
36906,23989,24055
524,23989,24064
129191,24540,24606
66908,24544,24605
178560,24868,24933
218506,25833,25908
84207,25834,25883
202547,25834,25912
342227,25834,25917
6271,25834,25929
255034,25835,25942
17981,25837,25945
13475,25846,25928
175737,25847,25923
25105,25848,25948
272959,25849,25939
164627,25849,25944
112293,25887,25946
153891,25895,25960
259312,25897,25956
259311,25898,25958
57897,26013,26075
65700,26064,26169
73428,26128,26197
241187,26131,26201
156326,26134,26199
169414,26136,26201
266048,26251,26319
175736,26454,26505
237934,26670,26765
219933,26692,26768
380464,26695,26768
129175,26904,26989
7484,26904,27050
313106,26935,27063
30050,26978,27055
172647,27201,27249
360488,27202,27252
47036,27315,27384
86725,27329,27385
