338650,97,162
399508,121,183
330590,208,290
32807,215,280
127843,218,279
48919,228,345
1121,238,347
214107,240,375
369989,241,369
97344,242,344
297884,249,338
345587,254,365
394560,261,380
45927,263,385
124214,280,381
154416,290,352
337732,293,390
288407,294,388
187527,296,371
85920,297,373
296708,306,383
256195,317,394
87741,346,393
139791,595,661
20456,598,662
12800,600,661
348685,860,921
77888,878,939
3175,880,1022
105826,888,985
273221,888,1018
378801,890,961
205813,890,998
89736,891,982
29499,892,1023
34583,896,1004
67890,900,971
4539,901,1019
347999,908,1017
302215,910,1032
270487,918,1027
8174,919,981
63408,935,1029
276448,939,1010
332075,941,1038
157837,942,1013
382450,962,1023
177976,966,1029
341074,979,1037
11562,1079,1136
218370,1084,1157
186647,1088,1156
273313,1197,1264
371142,1204,1268
347102,1338,1407
372507,1580,1685
110864,1771,1863
59551,1771,1874
140159,1776,1840
374838,1777,1841
60707,1779,1875
60708,1782,1871
403324,1903,1992
206784,1922,2027
53273,1927,1996
5645,1935,1996
31447,1935,2043
2410,1937,2029
3982,1938,2037
132917,1945,2010
4600,2113,2159
137560,2114,2160
77053,2116,2170
311282,2122,2169
252405,2287,2371
198776,2554,2649
320871,2622,2694
307103,2627,2700
64018,2628,2695
215983,2629,2701
17704,2633,2706
48669,2634,2693
282044,2647,2704
280696,2650,2711
306053,2650,2714
52785,2652,2721
198887,2658,2722
206158,3226,3289
300096,3242,3292
