302309,103,168
59122,104,184
227629,106,169
252530,124,185
39160,127,201
49326,147,198
165494,257,314
407206,257,374
190006,285,389
315463,287,370
64033,291,337
136674,291,375
244501,295,379
34084,295,398
269121,296,372
136673,299,389
292942,300,379
373398,305,373
224913,305,416
384450,307,386
259266,307,392
288480,312,409
240879,314,374
310573,326,416
93578,328,403
84465,328,407
256239,328,410
50728,329,419
203998,330,416
35120,335,422
107605,336,420
13,343,415
369543,346,408
129999,346,415
173947,354,416
306303,358,417
36412,359,418
338792,506,579
91606,508,563
122212,517,605
161598,518,578
345132,520,578
216495,629,711
393074,661,750
311583,663,767
3235,675,797
210368,678,788
110431,699,779
398215,699,799
119569,699,821
315146,703,783
306483,703,821
3,704,772
339317,704,825
394443,705,857
240536,707,782
136901,708,788
225453,709,825
298601,716,828
292943,718,810
406489,721,838
222713,724,861
346419,726,867
301470,731,808
160985,732,827
219035,735,807
172240,735,848
396041,738,862
8888,739,801
8174,739,811
145920,742,862
36797,742,867
302932,755,846
41615,755,855
234642,761,854
3291,764,844
91972,766,858
316067,777,867
23484,779,850
148443,799,858
177526,803,862
146196,806,859
343618,810,866
401668,1008,1058
347887,1009,1095
224843,1010,1065
343003,1014,1093
131768,1018,1069
300394,1018,1092
137832,1020,1069
121906,1020,1105
331293,1021,1083
41613,1023,1111
219686,1024,1105
28003,1030,1092
389282,1032,1095
131769,1033,1104
108775,1036,1083
406488,1036,1097
280162,1037,1085
149400,1037,1089
3166,1037,1096
114965,1039,1105
340756,1041,1105
284723,1071,1133
369780,1080,1163
210885,1081,1132
218373,1105,1170
321600,1110,1171
231662,1354,1456
55788,1363,1428
380832,1367,1427
377895,1369,1428
191321,1370,1456
359593,1371,1432
171626,1371,1466
196187,1373,1452
46211,1373,1456
49328,1373,1463
49327,1375,1482
405130,1376,1464
30302,1378,1452
13025,1378,1457
67099,1383,1442
79090,1383,1463
88985,1383,1469
180146,1383,1473
3847,1384,1453
210974,1384,1481
219219,1390,1456
178370,1392,1477
184378,1396,1453
121623,1419,1473
314650,1419,1539
16483,1424,1486
239903,1446,1501
380872,1448,1499
282293,1450,1554
259231,1502,1553
347888,1537,1612
94944,1557,1605
364777,1560,1608
1878,1628,1682
62452,1638,1701
145200,1638,1703
242019,1639,1705
189350,1643,1696
219962,1644,1702
312681,1645,1715
117871,1652,1713
369495,1657,1777
254903,1681,1777
217758,1682,1754
331294,1685,1796
114964,1705,1795
106025,1723,1800
184940,1726,1789
115313,1730,1799
151377,1731,1804
384449,1735,1808
275326,1752,1818
400532,1780,1832
142580,1803,1881
212933,1823,1883
405402,1845,1904
225587,2021,2085
337327,2034,2095
248880,2036,2103
298962,2037,2108
236929,2038,2121
89628,2040,2119
165917,2176,2246
3165,2176,2263
115147,2181,2253
37826,2184,2249
28004,2187,2253
83900,2189,2248
207485,2190,2243
74576,2190,2246
308974,2190,2251
99067,2190,2253
107705,2190,2257
345685,2190,2288
157872,2192,2253
375697,2192,2261
115336,2194,2253
79402,2207,2300
57382,2216,2300
41614,2225,2297
282292,2225,2304
301118,2229,2295
345328,2235,2304
405129,2239,2305
125875,2240,2294
387591,2241,2295
71309,2252,2302
399979,2252,2307
171620,2253,2299
112190,2302,2392
36446,2303,2364
117256,2303,2381
48613,2305,2390
393361,2305,2409
160471,2306,2360
132927,2306,2388
115148,2308,2364
302127,2308,2371
321326,2311,2375
98068,2312,2363
284722,2312,2370
165918,2315,2386
159077,2321,2386
76414,2323,2373
382969,2323,2392
281571,2324,2366
243392,2331,2384
219896,2337,2410
306917,2360,2409
157589,2361,2410
382968,2367,2412
347013,2368,2429
3236,2418,2506
4033,2423,2490
194555,2600,2658
266789,2603,2674
401669,2604,2666
68255,2606,2671
247778,2606,2682
194554,2606,2689
173040,2607,2672
274488,2607,2676
238829,2609,2699
264848,2611,2697
173018,2612,2673
34443,2612,2688
115146,2620,2691
65386,2620,2709
57382,2682,2751
298600,2694,2746
59628,2846,2907
36798,2846,2912
198172,2848,2912
160470,2916,2995
276332,2921,2995
227643,2922,3032
325838,2932,3005
99536,2937,3014
62722,2937,3024
324715,2938,2990
288538,2938,2994
136747,2938,3049
325218,2946,3016
308001,2947,3033
265383,3149,3213
136675,3283,3340
5672,3284,3341
348117,3318,3420
47653,3319,3407
47654,3330,3429
186146,3333,3402
239652,3469,3574
371468,3476,3542
369747,3494,3541
369748,3494,3551
4034,3501,3545
177004,3501,3577
163035,3502,3562
203999,3511,3619
39159,3514,3617
174675,3515,3596
257328,3516,3573
307023,3517,3560
293800,3517,3607
136747,3517,3637
387623,3518,3561
56998,3519,3605
54684,3519,3615
144570,3563,3630
26036,3582,3640
145201,3763,3837
254405,3788,3849
5250,3788,3859
130677,3791,3853
166680,3799,3859
385281,3922,4004
213045,3943,4048
186147,3951,4047
55839,3970,4046
94097,3970,4060
345131,3978,4043
153134,3979,4048
137413,3979,4063
213049,4087,4149
151112,4298,4362
356484,4313,4414
300563,4333,4403
117872,4348,4421
353971,4352,4427
41051,4353,4413
188475,4355,4423
314651,4360,4415
362252,4364,4423
230194,4365,4426
