41727,233,309
43556,233,347
98863,238,316
157642,238,382
278546,265,399
2251,276,386
24229,278,382
17722,280,395
353004,300,409
58833,304,399
41726,307,422
54047,326,409
280901,334,439
41023,340,447
307607,378,441
42624,854,943
164319,859,932
2073,860,919
285064,869,931
50709,890,948
244397,1315,1377
114955,1333,1378
295934,1334,1377
276285,1336,1377
374346,1519,1581
39942,1779,1845
155115,1857,1923
3029,1860,1923
108948,1864,1921
219096,1865,1941
355207,1883,1943
309256,2096,2158
181304,2110,2185
169336,2260,2321
11910,2270,2327
165676,2272,2324
278547,2279,2327
272713,2348,2446
239445,2363,2430
196980,2394,2455
361375,2398,2455
114114,2694,2756
390789,2950,3021
147058,3700,3762
363392,3742,3819
19999,3978,4039
232998,4103,4173
278545,4106,4201
181305,4127,4194
270721,4268,4319
98862,4566,4628
268187,4671,4737
250333,4671,4757
350745,4672,4751
135768,4677,4758
157641,4686,4765
85512,4691,4752
268186,4691,4770
82712,4693,4765
98862,5598,5652
233000,5620,5736
283800,5627,5731
405865,5648,5734
276625,5660,5729
8224,5663,5735
37013,5669,5730
188297,5669,5739
216819,6312,6397
57609,6327,6409
232999,6434,6520
105848,6482,6531
93605,6708,6760
226894,6850,6905
42625,6934,6999
398103,7126,7209
17050,7172,7226
80017,7407,7509
80018,7412,7512
126097,7433,7511
394634,7702,7763
126099,7887,7995
126098,7895,7999
41729,7906,8014
250334,7923,8018
163375,7933,8007
1306,8098,8153
261135,8098,8158
149234,8098,8174
41728,8099,8149
299493,8100,8160
49353,8107,8157
98863,8401,8467
157639,8402,8504
157640,8499,8609
16351,8502,8562
367918,8519,8630
83254,8539,8603
275846,8543,8629
90281,8547,8608
55132,8558,8623
290141,8558,8640
330849,8559,8619
226217,8570,8647
302383,8637,8711
226720,8637,8722
127460,8660,8738
323626,8661,8728
