197061,96,215
10972,100,153
177814,100,216
28361,101,226
181370,109,223
198641,110,173
330458,110,187
283943,113,213
224782,113,253
386970,115,179
398534,115,231
294820,116,237
358454,121,197
385570,122,240
73371,127,252
46788,128,227
342498,135,226
8247,138,225
273678,139,256
167749,140,209
297601,141,251
286233,143,225
141155,145,257
54207,146,267
361767,148,259
360241,155,218
1007,158,270
265792,161,261
221053,161,273
4343,163,241
50562,171,260
50561,172,265
287293,172,304
336025,173,242
113317,173,308
151449,177,240
111136,177,283
171025,178,269
276105,179,275
121308,180,301
72485,181,248
69039,181,309
202471,183,237
130036,183,293
317479,184,247
256945,184,249
224469,188,265
390854,189,295
229973,190,283
77603,192,328
186422,193,259
376207,207,379
4766,212,306
168151,213,358
376482,214,354
24005,218,324
113318,218,336
117559,228,369
203703,229,321
111137,229,337
49491,234,362
41411,243,362
264120,244,339
218874,245,337
9154,246,310
387358,248,309
266783,249,338
72649,249,356
224468,249,390
276106,253,360
114227,254,368
237344,255,356
41410,255,362
226961,258,382
213133,261,353
67251,262,324
197111,267,382
48005,267,392
143713,269,390
142482,273,385
20619,273,399
170443,278,392
358544,280,367
6243,281,402
139622,283,362
386222,283,390
282672,284,359
341722,284,364
6242,284,430
224467,290,399
70931,291,358
243582,291,383
367772,292,391
78276,303,423
143706,306,390
170444,306,404
316098,310,418
146057,313,421
383967,313,425
78725,313,434
106252,315,371
194983,315,391
218851,317,374
194344,319,385
164773,319,391
66045,321,405
373278,323,385
387602,324,390
18270,325,407
282193,326,454
6244,326,470
161115,327,392
20440,329,383
9017,330,379
335150,330,387
162423,330,392
340423,332,394
279790,334,390
223180,337,456
81029,342,461
248685,347,409
81030,347,459
20620,348,463
81031,350,470
126152,358,406
111138,358,426
309916,359,447
25587,370,419
135407,373,470
60005,386,470
71464,400,469
13284,408,461
202098,668,752
193701,670,733
39172,670,757
46404,671,753
3644,672,738
274172,672,743
187032,676,757
166142,679,740
155326,681,744
194345,683,757
252317,689,753
186944,694,749
92877,696,757
301069,698,757
123134,709,754
37373,1122,1184
42567,1122,1206
89330,1123,1186
88339,1123,1199
271830,1124,1185
103205,1125,1190
84200,1128,1191
27870,1129,1198
289935,1130,1204
388949,1130,1213
189668,1131,1192
120485,1135,1194
388948,1138,1213
73745,1147,1192
181960,1153,1214
173674,1154,1198
116023,1163,1231
302484,1165,1227
171026,1166,1228
25320,1167,1232
336558,1190,1252
373279,1192,1269
388950,1203,1314
310779,1207,1331
301695,1208,1339
350326,1214,1289
360794,1215,1279
161114,1219,1328
178207,1220,1277
386221,1220,1298
246877,1226,1298
5399,1226,1327
288549,1227,1341
305444,1228,1323
311996,1232,1303
140973,1232,1336
227616,1233,1321
385297,1233,1328
197110,1236,1338
196520,1246,1310
114050,1250,1328
407291,1268,1328
340124,1268,1356
314399,1273,1332
2889,1282,1335
123135,1289,1352
317478,1291,1347
350652,1299,1363
36526,1468,1525
100783,1468,1532
210136,1468,1540
73959,1468,1552
194982,1468,1557
190004,1468,1561
80644,1468,1575
381175,1468,1580
158931,1469,1522
193073,1470,1588
164081,1473,1529
7836,1473,1569
239102,1473,1573
316904,1474,1541
258009,1474,1559
262015,1477,1541
55300,1480,1566
49572,1486,1580
128954,1496,1559
131762,1500,1574
193074,1501,1590
127062,1502,1581
391688,1509,1572
76271,1509,1584
348070,1512,1609
76726,1513,1591
389217,1516,1581
167246,1517,1580
325817,1517,1613
117402,1520,1581
403606,1521,1627
337061,1524,1618
36525,1529,1594
115597,1529,1629
28713,1533,1613
56952,1534,1607
211983,1535,1603
2107,1535,1611
219148,1538,1614
67025,1539,1605
267613,1544,1607
337060,1545,1637
301068,1546,1611
90940,1546,1619
206267,1546,1627
17828,1548,1629
170787,1550,1602
227615,1550,1617
1133,1569,1621
40288,1588,1674
103169,1681,1748
169993,1689,1744
261424,1721,1788
401176,1724,1775
4379,1728,1787
129666,1732,1792
193085,1735,1816
275883,1742,1819
316826,1743,1787
356363,1745,1819
373277,1750,1818
291837,2183,2237
359788,2184,2264
282204,2191,2261
120486,2212,2288
107146,2231,2296
72650,2240,2310
398561,2242,2301
227617,2320,2382
406595,2543,2606
389103,2603,2675
300701,2736,2804
50508,2737,2795
158240,2859,2924
286843,2869,2963
385610,2874,2963
26857,2882,2960
56291,2891,2962
89767,2905,2963
342582,2915,2959
107077,3103,3153
50181,3156,3216
297869,3482,3543
197268,3482,3595
277303,3490,3534
50509,3490,3551
401908,3490,3577
56951,3494,3544
170347,3498,3558
341723,3498,3583
275303,3499,3554
266198,3499,3559
290953,3504,3628
61972,3505,3569
222234,3509,3576
376481,3515,3602
31190,3519,3577
93142,3520,3562
136239,3520,3584
40148,3521,3567
234225,3535,3588
111189,3536,3608
186421,3538,3601
98296,3538,3620
311395,3540,3596
279774,3741,3798
21168,3759,3825
142391,3759,3831
11254,3952,4020
204847,3952,4043
211251,3959,4032
161290,3971,4049
182057,4165,4266
249101,4167,4236
330627,4169,4229
46668,4171,4258
249100,4172,4229
130851,4172,4239
387359,4172,4273
259372,4174,4244
200102,4174,4265
388578,4184,4234
343509,4186,4258
350653,4190,4257
364425,4192,4291
114049,4196,4246
73793,4197,4267
113319,4197,4276
12358,4199,4269
388577,4200,4287
200908,4204,4253
20602,4207,4274
203704,4210,4271
40824,4212,4276
19703,4213,4296
356364,4217,4268
40380,4219,4312
304869,4224,4288
167849,4227,4289
79582,4230,4292
395618,4230,4296
122376,4231,4285
152250,4231,4288
395369,4232,4287
145286,4530,4579
250466,4626,4679
380410,4668,4741
238999,4729,4807
100784,4751,4812
167013,4991,5061
39927,4999,5073
63654,4999,5109
190005,5009,5094
336557,5010,5076
55301,5013,5073
301070,5013,5075
84570,5038,5096
275427,5074,5152
63228,5167,5236
76454,5322,5397
403369,5327,5396
69332,5327,5399
114226,5334,5397
161399,5337,5399
67518,5476,5533
391516,5898,5965
40621,5934,6022
127063,5970,6051
79331,6491,6554
206863,6494,6557
131625,6496,6565
156336,6499,6553
103813,6520,6603
309273,6521,6594
221286,6521,6600
243300,6522,6584
289107,6526,6607
162520,6531,6625
73135,6579,6643
56308,6602,6700
27276,6615,6702
106405,6616,6686
57050,6616,6697
5672,6626,6698
223474,6914,6977
170216,6917,6973
131814,6923,6976
215944,6927,6976
106405,7377,7437
146642,7497,7547
30193,7497,7550
363849,7498,7553
258852,7921,7969
346130,7921,7988
39606,7921,7994
338895,7922,7985
54729,7929,7977
63660,7931,7995
