139398,179,242
15931,243,304
311376,257,371
377430,423,486
399752,424,480
145669,424,500
311376,424,540
145668,426,493
226319,434,502
287869,444,501
392743,446,503
226703,596,651
181898,596,666
63416,596,677
317291,597,650
291981,599,646
46200,811,886
287870,811,908
287871,811,938
36220,812,896
59264,817,907
338593,818,937
56286,820,940
6255,822,947
266305,824,940
21176,824,952
238921,825,889
24055,825,944
392742,826,949
223962,827,958
401494,830,936
67250,833,938
81254,850,942
270549,860,925
257744,860,931
247498,864,961
378165,869,961
57255,880,962
191848,900,968
29128,906,968
15737,1137,1198
230913,1254,1315
389788,1257,1329
247497,1258,1325
209387,1261,1318
92593,1262,1328
103578,1267,1321
38061,1267,1323
313355,1271,1360
92440,1272,1364
167003,1276,1348
362106,1276,1358
262621,1280,1381
248426,1288,1372
176118,1290,1400
146881,1332,1421
349383,1335,1405
260046,1337,1435
391713,1345,1414
396769,1347,1420
250535,1349,1441
34465,1351,1414
189448,1364,1437
218698,1368,1442
127200,1376,1436
145667,1381,1454
65395,1390,1447
242981,1477,1550
228890,1829,1891
150600,1832,1898
9177,1833,1902
59265,1863,1940
311378,1864,1950
356940,1888,1943
323966,1889,1966
323965,1897,1967
200497,1899,1964
331894,1910,1965
258705,2140,2202
311378,2170,2244
131896,2254,2350
50215,2265,2356
197508,2266,2344
265928,2276,2356
124242,2290,2356
149827,2618,2715
228110,2650,2719
282544,2670,2738
341988,2680,2731
74573,2687,2741
81362,2699,2788
35915,2725,2789
3760,2902,2962
125081,2928,2991
187248,3113,3166
326382,3119,3164
308060,3305,3355
178267,3568,3631
270551,3569,3615
178634,3570,3634
174423,3576,3634
304476,3577,3669
338139,3587,3662
45838,3594,3652
179505,3708,3777
229199,3793,3852
294138,3904,3957
267059,3907,3983
302689,3908,3979
323028,3912,3980
244174,3922,4055
396022,3924,4036
302688,3925,4033
276948,3934,4013
338592,3934,4031
380170,3947,4017
380171,3952,4017
220632,3952,4026
107593,3952,4045
65324,3953,4032
311377,3958,4035
229228,3959,4048
222225,3963,4031
332904,3965,4019
118612,3965,4033
228150,3968,4061
335585,3969,4018
122493,3969,4051
258706,3971,4038
257527,3985,4053
81253,3988,4068
123219,3994,4055
259624,3995,4068
176117,4030,4084
121262,4032,4083
230912,4097,4159
285365,4162,4247
65324,4164,4248
150794,4166,4233
176061,4167,4245
218386,4168,4230
311377,4169,4249
164850,4181,4245
322231,4185,4244
102113,4381,4426
145389,4802,4869
215449,4811,4884
301580,4838,4888
36218,5014,5110
176119,5015,5101
63173,5015,5131
155454,5016,5111
145671,5018,5082
134983,5018,5123
37786,5019,5115
194872,5021,5093
6271,5021,5112
3951,5024,5124
13475,5027,5115
219404,5027,5131
142468,5029,5109
5499,5034,5131
155455,5037,5121
12593,5039,5113
392744,5039,5127
346385,5039,5131
142469,5044,5131
115533,5051,5126
238473,5054,5126
26254,5054,5130
138132,5058,5130
401811,5060,5120
256185,5062,5131
53696,5063,5126
41255,5068,5129
20451,5073,5131
173368,5074,5129
139399,5081,5131
359390,5208,5282
67532,5217,5279
361678,5231,5302
334574,5232,5299
276675,5233,5304
179308,5569,5645
351391,5577,5649
252263,5581,5643
232738,5609,5687
142467,5611,5705
256186,5615,5677
401495,5615,5693
76474,5617,5688
149801,5619,5704
363620,5622,5683
228442,5622,5690
350552,5622,5696
337416,5622,5718
359789,5623,5686
302687,5626,5719
115994,5627,5695
226704,5627,5712
213499,5628,5749
149802,5629,5715
113378,5630,5693
301174,5632,5723
125059,5633,5696
191539,5633,5718
174422,5636,5720
5247,5637,5701
229198,5637,5714
373144,5637,5724
244176,5638,5764
331293,5639,5711
266307,5641,5708
238998,5642,5718
262518,5647,5708
138790,5649,5760
74881,5650,5691
407045,5650,5723
22554,5651,5715
100737,5652,5716
351392,5654,5702
101451,5654,5734
402980,5656,5711
77943,5656,5720
142768,5656,5722
308059,5658,5712
281721,5660,5722
266052,5661,5725
220633,5674,5756
244175,5702,5813
212111,5764,5828
77957,5764,5830
343931,6068,6143
56239,6076,6143
320585,6079,6143
41256,6226,6294
165533,6232,6286
3761,6233,6288
36219,6233,6292
4263,6235,6293
142776,6386,6451
282744,6387,6454
327763,6388,6452
194155,6467,6537
26059,6473,6538
4263,6474,6537
229227,6682,6759
362108,6796,6855
326914,6797,6851
320586,7204,7289
113594,7208,7285
362107,7209,7281
35176,7214,7285
155456,7232,7288
194319,7456,7532
169252,7458,7529
219921,7459,7523
270454,7461,7530
244569,7473,7532
18141,7476,7529
273968,7477,7535
275719,7478,7556
227390,7479,7530
45291,7480,7541
105798,7482,7531
104966,7485,7527
375218,7494,7563
317772,7511,7605
145670,7524,7598
239357,7528,7593
82654,7530,7597
90824,7531,7593
231807,7539,7592
239720,7539,7595
373337,7540,7596
65569,7540,7598
238474,7960,8018
101450,8036,8096
380635,8041,8103
77369,8041,8115
295022,8068,8164
311379,8073,8162
107498,8076,8165
196760,8091,8164
5552,8097,8159
407046,8099,8159
55305,8104,8160
239721,8279,8339
248425,8282,8353
150991,8284,8349
319674,8288,8362
358379,8295,8355
358378,8297,8376
198336,8305,8360
149187,8306,8378
237325,8307,8371
109508,8307,8374
270550,8310,8353
212350,8490,8542
182175,8603,8675
54806,8604,8665
79375,8671,8736
294139,8674,8751
157834,8688,8738
261324,8692,8734
34467,8692,8753
34466,8695,8753
15749,8821,8882
185962,8821,8921
327158,8850,8914
323273,8864,8934
100320,8872,8929
51611,8885,8946
404805,8898,8957
201087,8902,8961
45980,8989,9044
4720,9117,9199
154170,9118,9202
326780,9118,9217
212109,9122,9204
212110,9122,9217
131534,9126,9201
105208,9127,9219
43557,9128,9199
152535,9128,9203
249769,9130,9221
102722,9132,9219
281722,9132,9222
46873,9133,9204
43558,9133,9211
147176,9134,9185
12619,9134,9202
281723,9153,9222
406163,9203,9265
79375,9327,9392
53735,9327,9408
124202,9333,9391
380971,9333,9413
40878,9345,9415
253249,9347,9408
152410,9348,9434
57017,9354,9411
140129,9354,9419
7093,9355,9441
63417,9356,9419
405296,9369,9436
35119,9457,9523
8425,9462,9516
291257,9466,9522
98223,9470,9521
219139,9475,9526
20652,9476,9538
361200,9631,9699
301581,9631,9711
86060,9634,9707
58699,9636,9712
124115,9637,9699
4973,9639,9699
142821,9642,9712
197890,9647,9711
319675,9649,9693
154171,9649,9712
74540,9650,9707
387547,9652,9702
362176,9881,9977
408666,9913,9977
90037,9914,9974
186265,9914,9976
10392,9914,9978
2759,9914,9980
33009,9914,9990
33008,9914,9999
374131,9914,10020
400512,9918,9978
400511,9921,9998
396609,10096,10154
370184,10117,10208
304475,10118,10231
290828,10126,10254
128165,10131,10247
92652,10131,10260
221486,10143,10240
262906,10157,10240
331294,10157,10261
326781,10158,10257
56285,10195,10265
362888,10216,10266
285364,10278,10350
218613,10287,10346
3762,10291,10357
29327,10292,10380
239391,10310,10367
253452,10323,10367
44516,10460,10520
154172,10464,10535
189984,10517,10589
25723,10521,10589
253451,10541,10607
105209,10541,10617
13350,10559,10628
275222,10561,10621
226883,10730,10833
274459,10746,10801
116730,10750,10825
327761,10754,10830
396020,10782,10898
360304,10783,10889
102931,10802,10913
300741,10804,10903
226884,10807,10913
118727,10996,11054
294619,11134,11185
311379,11191,11268
260183,11205,11269
67251,11210,11268
166250,11216,11268
36221,11220,11268
247499,11223,11268
219405,11752,11821
