360140,177,239
261507,215,278
296487,257,324
261516,449,506
261519,570,657
261517,584,657
271958,598,657
261514,1125,1180
100223,1290,1425
261495,1304,1422
338028,1328,1412
261513,1331,1412
338030,1335,1397
338040,1785,1911
261495,1799,1917
338035,1831,1892
100231,3412,3515
261503,3427,3513
261496,3435,3524
338034,3701,3755
261501,3701,3758
372274,3747,3806
157181,3778,3846
187138,3923,3979
194765,3933,4002
338026,3942,4044
261518,3948,4038
100244,3950,4040
338025,3952,4007
261515,3952,4009
36383,3956,4017
261505,3960,4022
100228,3965,4090
100234,3965,4108
338042,3969,4057
261496,3969,4061
338048,3993,4075
261500,4087,4206
100229,4094,4195
100237,4283,4343
338033,4284,4352
261507,4297,4362
137127,5272,5347
5078,5297,5363
120286,5617,5683
7613,5626,5685
7612,5632,5685
140062,5634,5684
100231,5752,5866
261497,5771,5895
338037,5777,5893
261510,5781,5858
36384,5783,5851
100228,5783,5908
261500,5937,6039
261501,6156,6221
261497,6351,6469
261503,6357,6449
338047,6361,6449
338044,6361,6469
338031,6368,6442
100234,6368,6491
329532,6518,6581
338027,6678,6733
249074,6922,6984
298816,6924,6985
264178,7185,7262
212095,7189,7258
261513,7193,7274
47858,7339,7421
294635,7361,7422
261504,7363,7436
313264,7365,7435
129838,7368,7434
86851,7374,7438
192598,7374,7440
171263,7375,7437
342931,7376,7440
66857,7377,7434
370694,7377,7438
171264,7377,7444
203675,7381,7453
313257,7382,7455
28669,7390,7437
192597,7390,7457
408429,7391,7455
44178,7393,7437
46421,7398,7468
154605,7402,7468
261514,7411,7486
338051,7412,7483
100237,7418,7484
358500,7613,7671
261505,7863,7926
338049,7863,7929
261511,7867,7933
261516,7868,7931
297149,8149,8205
338024,8156,8207
249754,8328,8401
55191,8330,8396
313258,8332,8397
368307,8335,8438
60546,8346,8403
151457,8349,8408
100232,8363,8424
171120,8555,8611
72676,8556,8631
187938,8710,8764
338024,8785,8840
261517,9334,9417
338053,9788,9862
261498,9846,9928
338036,10089,10174
261499,10093,10173
261512,10097,10168
338029,10101,10168
100224,10242,10318
22181,10311,10376
303947,10676,10742
338052,10723,10801
261506,10729,10803
261510,10735,10823
313260,10834,10898
286372,10836,10897
50746,10839,10904
6856,10839,10908
125676,10845,10907
182337,10845,10921
100219,10845,10936
322633,10848,10910
224493,10851,10929
42296,10854,10915
44179,10855,10902
201120,10857,10909
223131,10857,10918
2432,10857,10930
303946,10857,10937
265813,10869,10934
261515,10869,10940
261498,10897,10974
261504,10983,11065
313263,10983,11074
261508,10991,11092
185245,10994,11069
155669,10995,11057
221646,10997,11077
129839,10998,11061
100219,11002,11087
370009,11003,11066
392939,11003,11068
105111,11005,11077
109458,11006,11090
296266,11009,11074
261509,11014,11073
180444,11014,11087
368309,11016,11096
328423,11021,11085
261502,11027,11087
313259,11031,11107
261499,11204,11277
261516,11403,11469
294636,11574,11626
180008,11900,11971
64733,11901,11969
338032,11905,11968
329531,11908,11969
28670,11909,11971
338039,12548,12643
338050,12976,13060
261511,12994,13063
297309,13005,13103
133233,13013,13101
118746,13013,13113
342330,13016,13080
356497,13019,13097
351524,13020,13070
319612,13020,13084
281718,13021,13104
34284,13025,13121
362604,13028,13104
289244,13029,13097
382312,13029,13110
300077,13030,13114
282526,13030,13121
40581,13032,13108
340162,13033,13120
105112,13038,13127
214770,13042,13099
37334,13047,13121
13191,13049,13120
232848,13050,13115
44180,13062,13118
146730,13064,13127
368308,13695,13765
338041,13859,13947
338043,13868,13945
129840,13880,13952
6856,13904,13957
261502,13910,13973
329530,13913,13973
338046,13917,13985
110392,14636,14698
125675,14636,14716
284930,14639,14719
338038,14649,14717
98391,14666,14718
109457,14667,14736
313262,14667,14745
377486,14669,14717
261518,14674,14767
292923,14676,14741
261506,14682,14767
36384,14693,14766
313265,14979,15056
338045,15029,15071
69125,15216,15297
261508,15220,15324
303948,15229,15290
2169,15233,15301
100219,15237,15322
313261,15238,15310
313266,15239,15295
17980,15241,15306
60545,15243,15306
1175,15247,15301
261509,15250,15315
338054,15265,15338
329529,15302,15388
109731,15446,15498
261512,15501,15564
261519,15513,15596
