291102,576,659
187915,704,765
368307,704,804
222513,708,773
190665,711,769
190664,715,775
16843,736,796
273286,745,812
144196,3048,3116
73166,3051,3119
61697,3053,3120
345148,3055,3119
146162,3057,3120
144197,3068,3122
176319,3069,3116
188898,3394,3454
139752,3511,3578
351171,5143,5219
47212,5144,5217
198607,5283,5344
361639,5547,5607
102160,6189,6241
264774,7161,7217
187916,7259,7335
264772,7555,7624
341647,7585,7631
78541,7589,7642
313261,7589,7645
368309,7593,7653
251699,7598,7665
124491,7602,7677
264773,7720,7789
118978,7722,7794
81249,7850,7910
288975,7852,7911
368308,7928,7988
131731,8385,8448
269438,8912,8976
