375610,154,236
90506,171,234
259696,181,234
100563,511,573
217039,979,1034
354147,1228,1279
280161,2444,2511
41712,2871,2937
27997,2874,2925
50968,2925,2996
117603,2931,2996
405284,3374,3443
80928,3387,3457
289253,3546,3608
254435,3547,3619
202253,3548,3614
11132,3550,3623
340459,3555,3608
264569,3718,3810
103737,4131,4185
196048,4390,4464
406181,4397,4463
238667,4629,4728
34509,4745,4807
334613,4761,4835
115063,5154,5237
323007,5508,5590
296523,5814,5881
358790,5848,5902
384578,5852,5919
258881,5857,5918
367204,5860,5922
162056,5863,5931
25355,7271,7321
174187,7273,7326
332740,7275,7323
295547,9801,9845
148098,10087,10183
148098,10994,11077
69369,11441,11492
172669,11467,11536
77612,12179,12269
77613,12195,12270
251033,12673,12745
104276,12675,12772
