236279,90,148
306394,119,184
67037,215,272
317458,217,279
275737,218,278
242429,240,311
376544,302,368
395114,302,392
349053,416,481
59159,425,490
74822,425,498
355227,433,496
157108,433,500
248625,613,677
21327,739,816
342873,743,786
290032,778,865
320667,788,877
233715,895,944
11615,1121,1188
374814,1161,1220
339369,1180,1246
32271,1180,1258
259622,1180,1270
104384,1181,1254
218475,1185,1246
3712,1185,1248
31410,1186,1269
95157,1207,1263
247688,1222,1275
178860,1277,1336
186808,1316,1374
301757,1318,1379
399962,1344,1405
148471,1345,1407
384274,1349,1399
167035,1365,1442
185930,1540,1613
153398,1546,1613
187938,1557,1619
129101,1557,1627
353922,1557,1662
180169,1558,1605
163072,1560,1613
306488,1561,1617
96271,1563,1634
3713,1567,1655
265603,1567,1664
299616,1571,1613
218377,1574,1636
345025,1583,1665
346404,1585,1664
181565,1669,1738
88607,1947,1995
183926,2189,2272
331499,2189,2305
329215,2201,2258
296518,2208,2291
324876,2233,2294
234632,2262,2317
150423,2846,2894
116195,3053,3102
159108,3145,3213
353492,3152,3204
23084,3183,3243
255226,3195,3244
258205,3200,3274
158425,3203,3247
20535,3204,3269
311335,3300,3363
136784,3313,3372
136783,3315,3377
66557,3321,3369
179976,3321,3381
204968,3322,3392
102344,3326,3378
293037,3335,3402
148447,3485,3547
250665,4244,4296
8058,4295,4349
24866,4301,4343
266366,4301,4347
329674,4302,4349
15659,4440,4495
216615,4596,4661
250226,4596,4665
80199,4611,4668
263432,4613,4664
385627,4614,4665
228262,4615,4661
93259,4817,4867
356879,4818,4864
381431,4955,5024
264581,5195,5240
81294,5398,5465
188834,5607,5679
181997,5611,5679
41916,5713,5774
395687,5717,5806
268150,5720,5819
161824,5720,5835
38595,5721,5804
136785,5722,5821
41765,5722,5831
213050,5726,5798
383162,5731,5792
68255,5732,5808
173040,5736,5806
355228,5745,5806
115771,5745,5809
289855,5746,5808
210194,5746,5825
161823,5747,5844
352647,5750,5806
39925,5752,5816
151748,5755,5825
298987,5895,5968
115108,5925,5998
408048,5936,6003
322683,6077,6133
3634,6077,6147
250225,6077,6150
84833,6077,6160
191085,6078,6175
377955,6079,6142
90229,6079,6154
248879,6082,6150
191672,6083,6144
93061,6087,6151
191086,6087,6181
145525,6088,6174
93815,6100,6178
84285,6119,6183
307417,6121,6189
128174,6122,6178
50030,6124,6190
191570,6133,6180
395115,6183,6283
210095,6184,6275
95156,6187,6239
3634,6200,6275
311795,6220,6288
12352,6224,6285
258206,6404,6466
173887,6414,6513
264645,6429,6507
273566,6430,6485
32465,6437,6498
311334,6451,6517
273178,6452,6561
20853,6454,6517
399270,6457,6521
133955,6458,6542
323357,6459,6516
141780,6461,6534
157107,6474,6558
379183,6475,6571
379184,6476,6556
167969,6480,6554
220586,6490,6556
144983,6518,6580
359569,6522,6575
61204,6753,6810
123488,6754,6798
45623,6754,6808
109652,6755,6797
151193,6755,6806
261454,6755,6810
53753,6756,6800
31857,6756,6819
350681,6756,6822
174405,6757,6798
111913,6757,6806
137967,6757,6817
123487,6758,6808
240588,6758,6812
305044,6759,6825
151864,6760,6806
314499,6760,6814
243652,7010,7076
