40758,97,156
165308,346,389
119847,530,586
326408,530,589
194672,530,593
268632,533,584
146640,533,595
218836,534,591
229094,536,593
155514,537,596
385429,540,592
393832,644,707
303510,645,698
25603,660,708
65991,668,746
293966,680,743
169198,688,738
247436,689,744
275252,697,749
248218,885,930
1925,1145,1198
50952,1145,1205
371799,1145,1207
335075,1145,1211
163147,1146,1194
218609,1146,1200
290612,1147,1217
73218,1147,1244
278698,1174,1241
368875,1181,1245
194671,1192,1246
186077,1194,1244
40091,1212,1271
394705,1251,1348
60671,1260,1329
117004,1264,1328
144578,1264,1343
94029,1268,1334
394704,1271,1351
248266,1272,1334
170463,1273,1339
74682,1277,1335
117005,1289,1352
2084,1290,1350
95931,1631,1697
233966,1631,1711
66830,1631,1716
381735,1633,1690
115231,1633,1694
285837,1633,1707
258514,1634,1695
96334,1634,1697
205774,1637,1711
207867,1641,1703
96494,1643,1704
68918,1643,1706
29186,1643,1709
89982,1646,1729
341035,1648,1710
283430,1649,1709
298791,1649,1725
77341,1650,1728
328779,1650,1731
164724,1651,1726
245892,1654,1726
191994,1656,1712
33196,1660,1716
355431,1668,1736
303631,1672,1739
337476,1674,1738
313109,1680,1740
372560,1681,1731
58993,1728,1824
326290,1758,1859
88493,1761,1827
326291,1765,1860
329798,1825,1885
172477,1983,2043
85122,2012,2070
100598,2013,2068
328869,2277,2328
208683,2277,2334
100443,2277,2341
337635,2278,2335
172477,2279,2347
90801,2285,2347
351301,2788,2871
263876,2788,2877
106248,2834,2887
269223,3136,3202
89981,3146,3207
60505,3149,3196
56528,3149,3210
3360,3150,3200
9659,3150,3203
338800,3151,3214
62943,3160,3212
345855,3391,3451
140249,3830,3891
385465,3831,3894
349084,3833,3894
77340,4027,4145
362559,4071,4149
123567,4080,4144
202485,4084,4144
29505,4085,4169
185704,4086,4148
282522,4086,4157
291170,4100,4160
17704,4101,4171
155515,4102,4147
13393,4102,4152
25,4171,4222
290613,4359,4417
214618,4359,4423
254353,4364,4410
187859,4365,4413
402319,4415,4490
382634,4420,4494
192555,4422,4486
161190,4423,4513
21333,4429,4487
210072,4429,4494
312283,4429,4511
70683,4432,4496
402130,4436,4519
398122,4437,4503
368440,4438,4507
186129,4438,4525
164723,4442,4492
312282,4445,4515
284494,4462,4523
144763,4464,4526
132474,4473,4514
271975,4474,4523
326053,4546,4612
80462,4566,4622
124897,4783,4850
368077,5004,5072
157492,5095,5154
214377,5100,5182
39292,5116,5172
364156,5339,5401
268672,5349,5406
235368,5360,5429
218865,5373,5421
344965,5503,5581
3641,5824,5947
362662,6324,6386
341777,6342,6390
242953,6346,6390
148366,6348,6408
210071,6761,6817
307925,6898,6960
101054,7497,7553
330734,7501,7562
367484,7537,7616
303138,7543,7604
291169,7574,7642
81240,7588,7671
39407,7620,7672
253387,7710,7781
2109,7717,7781
199951,7720,7789
336044,7722,7787
367483,7794,7859
263826,7971,8029
132654,7973,8025
127984,7977,8043
83055,8378,8441
310881,8379,8444
211724,8379,8447
8128,8381,8441
4994,8381,8443
186078,8381,8446
104939,8385,8448
139067,8577,8632
218068,8605,8649
159380,8605,8657
5076,8605,8667
238195,8641,8717
47031,8655,8730
68919,8679,8731
361349,8936,8980
169197,8952,9009
384796,8962,9028
357335,8975,9042
348199,8979,9027
73308,8993,9075
371978,8999,9058
319183,9000,9068
49169,9002,9055
223897,9009,9076
205355,9147,9204
150083,9150,9206
218054,9173,9229
149528,9174,9227
8813,9176,9230
172480,9181,9232
217628,9295,9348
88553,9295,9357
141556,9411,9468
105146,9471,9524
219410,9472,9537
317593,9472,9544
165261,9490,9549
336617,9514,9587
403953,9515,9583
159421,9516,9589
172681,9549,9608
281949,9550,9602
66293,9586,9637
142143,9724,9792
91276,9870,9931
224846,10016,10080
148368,10030,10083
326054,10030,10095
133805,10036,10091
233455,10237,10305
52265,10727,10779
8128,10804,10866
111579,10808,10866
53734,10855,10922
331261,10858,10920
132653,10936,11010
132652,10979,11043
332522,10983,11045
95552,11005,11049
195743,11111,11166
148373,11111,11172
139892,11243,11309
141557,11245,11307
396566,11245,11318
209403,11247,11308
5075,11248,11312
105079,11248,11326
213549,11250,11315
341064,11252,11314
138731,11252,11333
381733,11253,11318
5755,11254,11315
331289,11254,11319
375973,11281,11345
223164,11284,11327
70294,11332,11379
280883,11415,11459
3361,11582,11634
229653,11611,11682
177291,11717,11800
395008,11756,11818
21039,11767,11831
306977,11768,11825
314506,11771,11849
269431,11773,11836
499,11774,11840
136852,11780,11835
210195,11783,11849
399412,11787,11849
252277,11792,11837
349085,11795,11849
228858,11911,11971
328780,11920,11978
263928,12049,12120
330087,12055,12119
46881,12062,12127
138732,12062,12146
263875,12063,12119
186193,12067,12131
324910,12073,12141
324909,12074,12146
180903,12237,12302
219409,12240,12319
13236,12316,12382
84066,12318,12382
248217,12320,12382
399411,12338,12419
393049,12345,12408
91826,12347,12419
60605,12350,12415
5078,12352,12413
237611,12352,12416
366851,12373,12441
281033,12385,12447
85145,12386,12453
21202,12389,12463
36720,12393,12468
128201,12395,12464
139820,12397,12459
354351,12401,12460
43118,12404,12464
159926,12405,12465
169196,12415,12460
366852,12422,12472
133321,12768,12831
186130,12768,12845
341036,12768,12859
166666,12768,12867
306542,12770,12848
132178,12781,12825
383453,12853,12948
156581,12878,12949
91900,13099,13150
156970,13135,13212
209361,13167,13237
396018,13190,13251
172479,13321,13378
184413,13480,13550
339516,13485,13571
201372,13488,13573
292229,13504,13575
327282,13504,13581
205356,13508,13579
297468,13510,13572
75540,13525,13595
58994,13535,13595
132766,13604,13661
162162,13604,13675
100518,13663,13735
303707,13699,13795
197085,13972,14058
163280,14017,14078
68463,14018,14075
56997,14127,14182
111398,14376,14451
172476,14449,14551
197143,14452,14524
172475,14464,14553
251095,14479,14569
286602,14519,14581
172476,14633,14736
172475,14657,14736
299215,14660,14738
13030,14665,14718
388657,14665,14732
101486,14872,14929
265759,14889,14961
272375,14909,14962
387299,15010,15068
173764,15010,15087
402317,15024,15086
171526,15027,15084
172478,15089,15169
386586,15367,15441
142035,15450,15520
303511,15466,15528
238217,15468,15525
374424,15472,15535
86914,15472,15572
88741,15474,15540
223697,15478,15523
1925,15481,15549
1765,15488,15549
349086,15489,15548
148370,15490,15553
212837,15490,15555
72365,15495,15548
131138,15526,15593
311614,15534,15605
172479,15537,15603
271191,15551,15605
108828,15556,15617
28896,15565,15628
370346,15567,15628
121571,15685,15749
385571,15687,15745
239625,15688,15748
57824,15724,15766
149445,15831,15882
85789,15831,15911
85697,15832,15887
362375,15832,15916
252572,15834,15890
163148,15846,15894
42540,15848,15920
327285,15861,15919
327284,15863,15915
155516,15863,15924
186125,15875,15924
242198,15952,16025
122235,15960,16036
31468,15962,16035
25931,15964,16027
160181,15964,16050
371979,15964,16053
11100,15968,16023
314574,15968,16053
41314,15974,16035
200838,15978,16043
144997,15978,16072
331290,15979,16050
52037,15979,16063
181585,15982,16045
13394,15983,16053
49965,15984,16050
5073,15984,16061
84818,15987,16041
135092,15988,16039
150263,15992,16061
236104,15999,16085
298017,16001,16086
190408,16002,16066
313709,16004,16087
119351,16008,16090
3642,16018,16104
369799,16021,16126
136850,16026,16085
136851,16026,16112
345114,16030,16102
156775,16040,16102
349087,16052,16109
5074,16054,16109
148365,16056,16104
57364,16071,16121
55524,16134,16183
212417,16202,16245
288681,16207,16264
103608,16579,16643
175137,16591,16649
219408,16596,16680
101352,16597,16661
344509,16597,16665
256732,16601,16649
330735,16602,16680
169966,16603,16659
229095,16603,16676
258515,16604,16679
373841,16607,16679
39144,16609,16678
278699,16610,16659
168382,16768,16822
229052,16789,16845
271134,16795,16871
18751,16813,16896
323013,16821,16868
42537,16852,16936
172478,16963,17030
137581,16990,17031
130367,16992,17033
101220,17427,17480
102720,17435,17492
348580,17437,17485
88669,17443,17502
364564,17444,17503
387298,17882,17949
52266,17896,17957
47804,18140,18215
68462,18163,18216
266113,18170,18216
218864,18402,18469
96711,18451,18506
162670,18625,18678
192556,18930,18981
41401,19178,19240
72821,19179,19261
26685,19181,19233
63913,19195,19265
108438,19199,19252
284341,19200,19263
402296,19202,19260
293220,19316,19372
216292,19316,19380
303706,19382,19449
148367,19424,19510
162404,19524,19586
368079,19574,19642
369190,19674,19742
112499,19677,19739
254352,19691,19752
368080,19691,19775
368078,19708,19776
369710,19717,19764
327283,19725,19789
172480,19756,19817
139147,20196,20258
74632,20204,20259
402295,20204,20286
137377,20222,20284
224002,20222,20288
148372,20223,20285
323124,20230,20311
349663,20253,20309
390411,20379,20440
147991,20668,20722
382635,20947,21009
338254,21009,21083
368081,21023,21123
184414,21102,21159
148369,21345,21398
148371,21350,21407
279490,22022,22119
369711,22030,22097
176679,22046,22113
123470,22048,22117
247177,22051,22118
362663,22058,22129
314507,22119,22160
326409,22294,22356
36738,22306,22357
202966,22610,22661
90802,22751,22803
166667,23109,23171
338255,23111,23173
105145,23374,23438
356901,23402,23473
194404,23403,23465
15260,23404,23467
327767,23410,23473
90343,23447,23515
242954,23455,23517
132270,23506,23578
333663,23514,23581
388922,23516,23582
281032,23523,23571
206051,23523,23584
329799,23524,23567
338256,23525,23579
5645,24943,25022
10686,24954,25030
391569,24980,25031
232252,25239,25296
296771,25240,25299
348200,25614,25670
123223,25614,25672
205357,25618,25669
291567,25630,25682
109354,25631,25684
18523,25972,26046
328868,25978,26040
230112,25978,26049
29199,25990,26052
162671,25992,26058
323077,25995,26072
205790,25996,26060
286357,25997,26061
369712,25999,26061
382328,26006,26085
31469,26008,26073
349080,26010,26058
200287,26010,26063
298766,26012,26083
290614,26016,26078
200758,26017,26085
228859,26023,26095
228860,26027,26095
179320,26069,26137
7150,26077,26140
123293,26091,26157
142071,26515,26561
389841,26777,26838
278277,26777,26843
170156,26777,26847
10925,26779,26838
146641,26790,26873
306541,26791,26837
21201,26791,26855
221775,26791,26865
102243,26793,26849
70295,26794,26855
378443,26796,26861
180887,26806,26887
257118,26810,26862
141607,26810,26865
400489,26811,26874
336618,26863,26935
265017,26871,26935
88554,26874,26935
13237,27196,27260
373842,27279,27354
128200,27326,27377
210808,27383,27443
77856,27561,27622
177902,27616,27668
303264,27616,27674
229345,27616,27687
229346,27972,28065
107503,27976,28063
303263,27979,28046
28803,27982,28045
13472,27985,28055
5042,27986,28050
396342,27986,28082
247148,27987,28045
186131,27991,28045
375704,27992,28048
85012,28003,28082
23565,28005,28081
172898,28222,28296
338135,28383,28436
387352,28383,28441
202484,28383,28457
234791,28464,28517
155785,28613,28666
92015,28880,28940
13818,28887,28940
5077,28953,29030
88443,28958,29027
136517,28971,29034
223898,28976,29034
59241,28982,29031
3081,29221,29292
253982,29829,29893
273012,29833,29924
278912,29837,29919
49142,29841,29918
34601,29842,29893
15854,29842,29929
22793,29844,29920
263774,29846,29918
73382,29846,29923
49143,29847,29929
43800,29849,29922
98400,29850,29926
13031,29851,29917
95986,29851,29938
225361,29854,29926
186029,29855,29917
317704,29856,29952
18976,29857,29920
292230,29861,29922
369716,29866,29933
209404,29869,29928
196849,29869,29958
109221,29871,29929
205772,29872,29969
42538,29873,29928
205773,29874,29964
74683,29876,29927
209236,29877,29928
88740,29877,29931
330880,29884,29946
407148,29893,29948
56529,29894,29960
