155802,126,171
87299,130,202
239851,131,199
318025,147,213
112054,148,206
163295,157,223
274217,159,227
16439,177,223
100927,185,300
29988,188,292
99218,189,288
332956,191,279
100926,193,272
164944,194,283
328774,194,328
337238,195,252
182768,197,309
187596,197,320
228028,198,324
63258,204,275
39427,205,273
71328,206,262
75947,207,291
152143,209,333
35423,213,276
331690,215,278
179942,219,346
75948,223,337
332436,223,341
355416,227,352
4872,229,348
85318,233,320
329293,233,343
287517,236,341
205105,236,358
262094,240,317
16411,242,346
44899,244,333
275577,246,360
72798,252,314
85808,260,329
234803,263,336
262767,265,343
93501,267,339
387090,269,331
45876,271,345
167093,273,344
354164,276,339
235552,280,359
92562,282,324
408212,283,343
22828,283,348
272020,287,366
203044,291,365
378004,294,366
209429,296,345
35925,298,374
105107,298,378
374664,299,360
246547,300,361
21347,300,382
162086,328,383
17597,637,688
108138,666,718
149865,835,896
75123,1081,1162
135813,1084,1150
195301,1103,1166
129437,1106,1165
115300,1107,1171
111393,1147,1220
395837,1151,1221
36661,1730,1819
97342,1811,1867
262621,1826,1929
248788,1827,1908
208316,1827,1925
377541,1829,1893
335252,1830,1907
139622,1831,1930
69504,1834,1895
123974,1850,1938
287517,1851,1945
208317,1854,1930
74948,1855,1937
401138,1871,1927
89058,1986,2060
4337,2002,2087
209102,2006,2100
58193,2049,2114
123949,2050,2112
13704,2201,2283
42243,2206,2270
149863,2207,2271
122571,2210,2270
138654,2224,2296
289680,2272,2328
269688,2272,2335
366423,2277,2370
101118,2283,2361
68272,2292,2380
111860,2293,2362
45752,2302,2372
104797,2304,2360
44625,2519,2581
38353,2520,2583
287001,2642,2702
364229,2896,2983
29270,2913,2998
367634,2927,3010
377601,2931,2975
98849,2931,3009
367635,2933,3024
46423,2941,3010
381305,2942,3075
26644,2947,3023
124024,2947,3066
117308,2948,3009
378005,2950,3129
270053,2956,3021
38475,2961,3022
70189,2962,3061
9388,2962,3068
202191,2963,3079
68168,2964,3015
267521,2964,3046
275578,2965,3027
71403,2966,3032
320252,2966,3054
396774,2966,3076
212393,2967,3045
105386,2968,3037
182758,2968,3090
247205,2969,3026
38553,2969,3043
99536,2972,3078
87266,2976,3047
338079,2976,3085
222426,2977,3076
74949,2979,3073
54684,2979,3095
122974,2980,3076
56998,2983,3072
89059,2985,3045
149864,2985,3050
94194,2986,3097
390947,2986,3101
216454,2990,3067
12902,3222,3284
373497,3593,3669
373496,3593,3674
403833,3656,3751
104860,3676,3748
209660,3717,3774
344465,3717,3776
287275,3723,3792
209661,3729,3774
329003,3873,3925
194493,3994,4092
209582,3999,4099
374490,4000,4082
288428,4003,4092
63608,4012,4094
101119,4016,4076
164175,4017,4090
158054,4022,4072
1796,4047,4099
28156,4169,4230
139810,4169,4247
155803,4182,4247
89087,4185,4247
361845,4190,4266
293730,4499,4567
48368,4499,4574
101694,4578,4624
200796,4662,4705
164176,4662,4725
290997,4836,4893
373690,4838,4891
262814,5008,5097
314864,5051,5119
88704,5056,5117
227548,5090,5160
318679,5092,5155
