157783,122,169
210827,139,193
164427,511,581
228857,624,669
80567,624,687
233639,625,700
68429,625,708
114545,626,683
98497,626,685
234265,632,708
302916,645,701
405800,645,776
59463,649,711
39172,649,744
41060,651,713
210432,652,791
175682,659,765
137237,666,791
377333,667,765
86535,670,751
54379,672,780
198967,674,732
127048,675,790
174569,678,772
80365,679,784
60132,681,768
82550,684,773
347423,684,779
276980,686,769
78563,687,753
385234,693,783
171258,696,775
26139,696,780
96621,697,761
35909,704,768
185332,712,772
323334,712,774
329714,713,783
78763,717,791
278344,720,790
265440,723,789
19501,1095,1157
244739,1096,1178
146361,1113,1175
34828,1120,1213
143142,1121,1202
316134,1122,1186
279130,1123,1219
216091,1125,1190
390437,1127,1191
285007,1130,1214
2376,1131,1184
297881,1131,1194
365596,1135,1197
401320,1142,1218
27546,1145,1224
228072,1145,1241
361343,1149,1239
329003,1150,1212
170803,1151,1222
85483,1153,1225
104248,1155,1221
19500,1156,1231
304173,1161,1272
328630,1234,1285
183066,1387,1464
237022,1387,1494
285303,1388,1471
69163,1388,1477
2052,1398,1465
25714,1401,1479
235491,1403,1475
41256,1404,1484
380521,1405,1479
279512,1406,1485
20581,1407,1474
65119,1407,1488
4263,1408,1483
256197,1409,1491
116284,1410,1479
143644,1410,1489
212674,1410,1504
70036,1413,1483
10761,1418,1481
406583,1418,1485
67065,1718,1790
67066,1746,1852
102931,1776,1879
210433,1776,1899
122405,1786,1895
327996,1788,1909
317268,1994,2051
322909,2282,2346
34150,2283,2373
34149,2283,2383
153094,2315,2376
256863,2404,2458
178249,2406,2468
102080,2410,2462
360922,2547,2619
186728,2548,2617
393123,2548,2621
88193,2548,2628
208151,2548,2638
54108,2549,2630
224587,2562,2632
26842,2566,2627
262368,2652,2717
153374,2654,2722
34148,2668,2764
51611,2675,2729
139019,2677,2731
235492,2783,2844
244739,3004,3073
237451,3018,3084
8304,3049,3114
23509,3059,3110
276442,3190,3251
94282,3190,3260
175264,3191,3273
285492,3193,3255
37238,3194,3266
327484,3203,3279
349502,3207,3297
161718,3209,3271
244738,3219,3275
161717,3223,3275
66592,3224,3284
310267,3226,3271
243676,3235,3292
82552,3239,3292
96623,3244,3309
79649,3245,3302
123987,3245,3314
80364,3246,3316
301497,3248,3314
129104,3249,3332
229099,3278,3325
332902,3280,3343
391726,3286,3334
34147,3415,3479
34150,3415,3490
224586,3430,3534
151144,3431,3514
406584,3435,3534
186698,3445,3533
174570,3746,3810
297114,3746,3841
193745,3747,3830
328631,3748,3824
494,3749,3796
313858,3750,3800
26642,4044,4149
41059,4059,4181
224946,4068,4161
41038,4080,4225
73986,4083,4181
11563,4091,4174
27547,4094,4152
49232,4094,4173
390512,4095,4160
49233,4097,4223
327485,4104,4182
224589,4110,4225
405675,4117,4225
49234,4122,4219
224588,4128,4225
43947,4165,4219
76398,4168,4225
140992,4270,4314
358251,4597,4682
57005,4599,4655
244738,4599,4665
77899,4599,4669
245401,4600,4703
151145,4602,4705
24195,4605,4667
21232,4609,4678
134910,4611,4667
216739,4611,4701
227347,4612,4683
384218,4612,4705
75511,4614,4686
403515,4616,4680
327995,4616,4682
244238,4616,4695
403514,4617,4679
9880,4617,4725
1531,4624,4703
22163,4625,4683
159175,4625,4705
94795,4626,4686
24031,4626,4691
37657,4627,4685
281101,4627,4689
9882,4627,4696
114313,4629,4680
57656,4629,4691
37716,4629,4705
253983,4630,4695
391108,4630,4716
56298,4631,4688
356939,4632,4684
9881,4633,4703
107102,4639,4704
151146,4644,4729
159374,4645,4706
230941,4645,4710
60878,4648,4705
37484,4649,4701
78562,4649,4707
391082,4649,4717
224590,4649,4753
46429,4650,4710
327994,4650,4731
214338,4651,4714
322358,4652,4703
334951,4653,4724
74742,4677,4746
157340,4688,4754
34146,4691,4753
94281,4715,4776
401360,4815,4879
49235,4852,4915
186699,4901,4969
406585,4906,4972
7883,5306,5383
387959,5306,5396
167293,5306,5400
176692,5307,5377
170804,5308,5369
13175,5309,5372
190158,5344,5428
26380,5347,5417
267974,5350,5440
328921,5374,5461
182671,5378,5462
237987,5389,5460
260951,5396,5473
162735,5402,5498
186025,5411,5481
82551,5411,5502
31383,5417,5502
155326,5419,5481
396630,5428,5483
216740,5537,5601
