6434,105,169
107214,232,297
294415,238,301
227420,322,407
166288,326,407
367374,329,408
353408,330,379
179500,335,381
127196,336,377
156863,336,427
61633,339,408
25925,339,438
16384,341,428
288736,341,441
191899,343,405
166287,345,429
322297,349,411
343413,353,438
374349,366,445
8692,368,437
21003,373,438
117636,388,430
63587,389,472
117625,399,481
18277,403,458
267998,403,467
2107,404,473
301173,404,480
326836,408,460
248552,408,464
88665,410,480
201679,413,478
247782,415,477
22984,416,480
8834,432,482
164998,539,652
401796,586,650
47226,694,754
228307,735,782
145617,797,883
307612,810,915
251197,812,906
134473,814,880
217620,816,920
326833,817,881
101804,832,921
192122,836,899
81626,836,919
129010,836,928
122855,837,900
136758,840,903
28492,840,914
296854,849,918
22555,852,916
296578,855,919
144762,859,943
236926,860,922
361015,861,934
236798,865,913
392671,865,922
98949,865,945
8695,868,934
154965,874,951
148501,882,943
19924,883,948
43135,884,934
176196,885,929
50793,885,931
351093,885,942
216074,885,945
19923,885,948
272922,892,958
59024,1076,1139
206562,1076,1146
272772,1300,1367
41362,1300,1380
106313,1306,1382
68431,1310,1362
185869,1317,1380
227421,1348,1394
381767,1348,1397
385333,1355,1407
212617,1449,1519
86247,1453,1514
277176,1461,1525
335741,1463,1518
28942,1464,1533
242552,1471,1536
132643,1475,1530
37766,1529,1605
367169,1529,1613
349414,1540,1641
261241,1575,1641
127399,1593,1654
322930,1596,1659
28352,1604,1654
124685,1765,1860
124686,1776,1862
165899,1845,1925
59820,1859,1921
23973,1883,1959
297344,1885,1946
6625,1886,1959
273406,1887,1949
169246,1899,1952
29405,1899,1960
287778,1944,2012
8694,1949,2009
156245,2174,2223
327574,2294,2384
349414,2300,2381
394179,2451,2531
114226,2465,2535
30466,2472,2547
167586,2485,2556
402010,2500,2560
235616,2503,2569
292364,2531,2593
347374,2570,2650
82302,2577,2634
22363,2597,2661
246216,2597,2671
237356,2598,2657
278590,2600,2673
312839,2600,2680
37207,2601,2678
177717,2603,2683
127113,2605,2669
34765,2607,2670
132967,2608,2691
275554,2613,2662
135505,2613,2671
121890,2613,2674
8693,2629,2695
132966,2632,2693
114959,2634,2687
328709,2660,2717
211053,2661,2722
385762,2706,2760
74003,2793,2849
72259,2801,2907
28943,2821,2872
115278,2823,2917
292952,2931,3038
317146,2935,3070
397864,2936,3048
367992,2936,3059
200512,2938,3079
234998,2941,3063
30994,2941,3069
69772,2941,3076
179388,2945,3082
242590,2946,3069
197065,2947,3073
125263,2954,3077
12405,2959,3091
37767,2963,3052
167534,2965,3032
200370,2966,3048
78961,2971,3053
100560,2979,3031
368985,2979,3081
211054,2987,3075
192137,2988,3078
62227,2989,3041
370226,2997,3074
4957,3009,3091
229681,3171,3236
133393,3171,3249
1672,3171,3254
200372,3171,3257
192136,3171,3272
349417,3172,3265
181321,3180,3254
86276,3193,3258
250207,3197,3257
166072,3207,3259
328029,3208,3257
292991,3208,3296
17956,3210,3253
282948,3210,3273
245399,3216,3258
23823,3231,3313
200371,3255,3339
1673,3262,3345
349415,3266,3338
356928,3266,3372
349416,3268,3347
356930,3269,3396
123482,3277,3390
406785,3287,3362
356929,3287,3396
24077,3288,3347
104549,3294,3365
41361,3294,3397
41359,3300,3394
99064,3368,3423
65049,3378,3425
305100,3378,3442
249779,3382,3469
145678,3402,3480
3695,3692,3749
346493,3696,3767
137533,3697,3788
261378,3705,3794
380066,3711,3790
23825,3737,3805
39376,3752,3814
361014,4023,4155
399916,4035,4129
22068,4043,4088
134522,4053,4127
47580,4056,4127
399917,4063,4179
124010,4071,4159
300508,4084,4148
386700,4121,4191
41360,4216,4268
98461,4558,4622
166142,4569,4621
95538,4572,4624
92455,4572,4633
283904,4575,4632
275173,4576,4622
117637,4577,4639
8696,4578,4636
110118,4729,4781
16204,4730,4777
31609,4763,4857
53969,4784,4849
62615,4785,4858
254295,4787,4857
126421,4791,4857
92454,4799,4849
372278,4804,4857
374350,4989,5054
236224,4993,5048
300507,5008,5072
277177,5152,5250
15949,5155,5218
147756,5156,5214
168846,5157,5217
349413,5364,5429
1878,5369,5419
10057,5369,5430
369495,5397,5508
225321,5583,5625
212744,5710,5772
41363,5763,5860
189505,5765,5847
244199,5789,5866
86275,6010,6068
18566,6050,6113
349413,6051,6114
147640,6061,6126
294303,6068,6129
20738,6072,6129
39377,6252,6315
272771,6377,6443
80595,6386,6448
12545,6389,6455
64322,6556,6616
125310,6556,6634
368022,6556,6643
7115,6556,6649
160170,6561,6618
326834,6561,6635
255150,6567,6644
58742,6569,6637
134473,6570,6633
326835,6572,6643
206559,6598,6673
110112,6600,6672
143079,6606,6733
200374,6608,6721
29522,6609,6671
311044,6609,6741
123483,6610,6734
325240,6613,6671
308408,6618,6730
143078,6618,6747
218184,6621,6674
349438,6622,6672
336398,6626,6753
147488,6630,6722
192139,6631,6688
37768,6634,6728
200373,6634,6782
94922,6638,6713
37769,6640,6731
225311,6642,6761
94404,6645,6725
398590,6659,6752
349415,6702,6782
349416,6702,6789
192138,6707,6815
145637,6743,6807
117683,6744,6819
398589,6744,6838
144519,6745,6797
349417,6771,6866
356928,6847,6952
123484,6876,6959
41364,6882,6958
106073,6913,6979
157180,7039,7089
140596,7133,7194
282949,7138,7192
358010,7139,7202
137167,7175,7224
177797,7175,7243
63322,7176,7228
342654,7178,7228
154831,7229,7300
58555,7233,7329
72258,7239,7305
105693,7243,7304
