119688,209,391
119697,279,345
119689,346,457
119690,425,562
119688,728,900
119689,865,961
119690,931,1069
119691,1500,1635
119692,1706,1849
119696,1715,1842
119698,1745,1801
119691,2274,2400
119694,2290,2408
119695,2456,2559
119692,2468,2605
119693,2484,2598
119686,2658,2744
375497,2815,2888
119687,2818,2970
119686,3154,3244
315038,3291,3353
119687,3315,3460
119697,3316,3376
119694,4028,4147
119695,4199,4287
119693,4209,4329
119696,4215,4338
100777,4329,4386
162992,4963,5037
144212,4965,5030
233879,4965,5034
304207,4968,5032
185526,4970,5031
102204,4971,5038
83549,4976,5049
119150,4979,5040
179527,4981,5042
167561,4982,5046
135997,4983,5044
169012,4984,5045
119698,4985,5061
402274,4987,5048
272289,4988,5049
375178,4988,5051
381318,4991,5054
158596,5011,5082
274024,5067,5131
1170,5075,5162
313639,5084,5146
170339,5090,5155
195282,5091,5152
