402686,94,223
45200,102,167
389285,115,193
181547,201,292
163944,202,279
14556,207,283
229874,210,284
153581,214,295
394071,215,288
40227,215,305
164347,216,284
154659,217,280
159652,218,292
121981,219,282
146903,224,293
427,226,291
345807,226,297
112869,226,301
334473,228,300
336694,238,312
130602,611,669
74797,722,830
6680,749,837
99648,753,807
14275,1143,1254
37970,1194,1262
397408,1196,1257
338894,1229,1279
384304,1254,1333
207527,1256,1323
384303,1257,1333
82518,1260,1332
202974,1267,1309
41493,1267,1333
117336,1268,1331
307704,1273,1348
265294,1281,1342
125892,1284,1348
45327,1284,1352
234366,1286,1341
404647,1406,1476
251516,1437,1496
402678,1444,1515
371051,1490,1545
