8287,191,251
148026,283,346
309101,1172,1259
24117,1363,1424
63679,1363,1427
255652,1386,1446
102453,1409,1461
326373,1411,1480
135505,1416,1468
67062,1417,1464
131325,1437,1494
309101,1549,1633
309102,1570,1633
8288,1790,1851
309101,1910,2001
307978,1940,2003
309101,2279,2373
146784,2487,2558
351440,2488,2552
307979,2488,2555
7129,2490,2557
143019,2510,2555
360586,2531,2582
274227,2531,2604
35454,2540,2602
127394,2585,2637
308078,2600,2659
309102,2665,2727
87585,3126,3188
347179,3128,3207
277049,3151,3207
46881,3151,3215
298572,3152,3203
107590,3152,3230
92706,3153,3207
373216,3156,3202
79303,3158,3215
358254,3162,3220
72353,3163,3226
342849,3165,3249
321153,3167,3208
166886,3167,3231
381308,3168,3212
144811,3369,3417
164174,3370,3428
193730,3371,3434
304412,3532,3597
39360,3569,3628
226584,3599,3647
210782,3600,3670
97242,3601,3659
375574,3617,3674
73558,3724,3780
64848,4085,4199
45961,4088,4142
191426,4092,4204
187139,4096,4161
226131,4102,4174
345452,4106,4160
32542,4112,4206
315111,4667,4737
6727,4691,4776
51246,4692,4772
105742,4706,4773
84375,4709,4763
187186,4716,4763
97812,4897,4943
126367,4900,4966
339909,4903,5019
202113,5229,5282
176845,5296,5349
73729,6019,6075
161173,6024,6099
315113,6101,6198
127643,6110,6179
157414,6119,6196
286296,6132,6197
65604,6133,6189
356237,6135,6196
159304,6136,6199
255474,6139,6191
320432,6140,6196
67061,6250,6324
280118,6251,6319
100520,6254,6300
65303,6254,6319
13099,6254,6327
24122,6257,6302
338945,6257,6318
97666,6271,6329
13295,6271,6332
104607,6271,6345
156252,6272,6348
31965,6273,6338
76377,6275,6343
237671,6541,6604
198656,7184,7274
226586,7210,7271
48007,7424,7491
211015,7424,7500
97667,7424,7504
315112,7424,7532
262984,7424,7536
362473,7425,7468
156251,7439,7503
370829,7461,7538
290404,7472,7548
307734,7482,7582
67448,7487,7576
254033,7495,7582
245472,7506,7576
75414,7511,7601
323317,7512,7597
351328,7523,7593
177533,7526,7591
31965,7527,7599
182649,7529,7591
84015,7791,7864
407092,7800,7863
303472,7806,7864
38648,8160,8225
139272,8160,8231
60943,8161,8223
280119,8161,8226
201358,8165,8227
268976,8230,8297
158557,8233,8292
201938,8462,8535
250700,8474,8543
133135,8484,8541
309098,8486,8561
174616,8611,8679
352212,8642,8724
304148,8663,8732
309098,8683,8772
262983,8697,8784
191004,8703,8751
216665,8703,8757
385943,8703,8777
393015,8711,8774
377566,8712,8775
200104,8712,8781
181707,8712,8785
88688,8713,8779
31530,8721,8778
361456,8722,8789
368171,8723,8798
339541,8725,8796
38042,8728,8777
230000,8728,8787
319816,8734,8791
79493,8735,8799
327158,8738,8811
179183,8742,8807
13316,8743,8800
109223,8743,8806
258087,8747,8808
385690,8756,8810
75138,8757,8820
243192,8760,8811
315114,8938,8999
21200,8952,9012
321211,8966,9012
334818,8969,9016
109224,8982,9048
98018,9221,9306
210783,9221,9317
18053,9225,9317
205573,9234,9322
407093,9239,9332
147232,9245,9337
266392,9252,9318
12810,9272,9332
48761,9273,9334
327733,9277,9340
18321,9279,9332
174748,9279,9348
324296,9300,9365
228836,9302,9377
60944,9319,9399
334988,9386,9457
109612,9388,9450
149388,9389,9452
105743,9401,9479
344937,9403,9483
373000,9406,9458
376542,9406,9477
47890,9411,9500
376543,9415,9477
92705,9427,9499
239506,9843,9908
121997,9853,9909
329723,9862,9906
153960,10000,10083
276042,10002,10088
398982,10005,10075
65034,10008,10103
276041,10010,10106
154093,10012,10083
361171,10014,10095
134692,10016,10077
209092,10023,10087
139329,10026,10089
381341,10037,10106
124736,10072,10153
344947,10083,10139
124735,10092,10153
284537,10100,10152
257494,10103,10164
126032,10104,10156
361195,10401,10464
347154,10403,10483
55108,10427,10488
60312,10708,10771
147910,10709,10774
315115,10716,10812
315116,10877,10947
201090,11234,11292
97665,11460,11518
333702,11460,11521
93205,11619,11680
39436,11620,11682
330175,11625,11684
257482,11636,11683
123369,11783,11845
87324,11823,11888
90296,12104,12171
387538,12105,12168
309099,12135,12223
385144,12236,12291
382627,12239,12332
107807,12242,12298
201089,12249,12342
338500,12259,12342
317072,12282,12339
60944,12409,12479
309099,12409,12496
151585,12536,12602
105744,12849,12899
128180,12849,12920
176844,12851,12926
246211,12867,12930
246172,12951,13012
21107,13062,13159
309105,13086,13155
12245,13086,13159
248598,13230,13300
364637,13379,13437
49714,13391,13433
208929,13507,13568
293611,13508,13572
279645,13508,13580
29253,13510,13572
405365,13517,13571
230024,13522,13583
204787,13528,13569
71264,13955,14007
99252,14105,14167
309104,14105,14171
97662,14112,14169
113928,14112,14180
297578,14306,14375
24118,14330,14386
5223,14333,14389
147233,14482,14552
64007,14484,14531
5105,14488,14544
199171,15283,15329
401636,15289,15345
315268,15300,15341
266393,15301,15348
163261,15725,15796
285146,15727,15779
267539,15739,15798
228600,15750,15795
141058,15755,15818
65605,15770,15823
224882,15770,15838
368603,15795,15874
97680,15817,15879
328002,16401,16449
97661,16737,16858
378515,16750,16861
315119,16752,16825
161171,16773,16862
315118,16778,16849
185441,16783,16853
340524,16812,16866
97660,16986,17061
315125,16987,17045
279148,17018,17102
161170,17028,17144
161172,17047,17167
315124,17077,17146
97659,17394,17458
309103,17607,17683
133112,17831,17883
338946,17831,17920
133111,17832,17891
309100,18291,18368
222850,18349,18428
309104,18404,18464
333176,18412,18473
182650,18437,18497
309100,18621,18691
309103,18759,18847
402465,19218,19279
201439,19322,19416
285152,19347,19416
309105,19357,19416
60313,19534,19623
261796,19542,19603
110890,19548,19627
310147,19557,19623
33411,19557,19627
313910,19560,19612
401576,19570,19634
28617,19571,19633
315120,20233,20304
315121,20233,20311
97664,20233,20347
97663,20233,20356
315122,20416,20478
315117,20417,20479
303471,20419,20493
200874,20422,20512
226353,20432,20510
298500,20433,20499
209028,20433,20518
350225,20437,20519
303100,20439,20505
294993,20439,20510
45587,20452,20521
343848,20455,20519
139273,20457,20518
274928,20459,20523
107059,20462,20520
246859,20463,20535
315123,20489,20622
77206,20537,20614
238308,20540,20622
246858,20554,20622
374317,20842,20902
156802,20902,20977
28442,20909,20971
376189,20910,20988
376188,20923,20988
303470,20982,21086
244243,21038,21082
348118,21986,22049
226585,21986,22059
