295988,458,534
245366,458,541
301305,467,541
266510,472,540
192540,479,535
136713,480,537
258354,484,537
239584,484,541
316338,595,640
222924,845,1002
100438,875,937
224421,875,963
346793,877,959
138693,877,974
12779,878,945
237637,880,955
293743,881,949
165384,885,934
311005,888,962
65210,890,952
386168,891,943
391156,891,962
47174,895,959
188518,896,961
245618,898,962
146737,901,979
242521,914,992
17659,926,994
2738,932,985
21723,937,980
196314,939,1004
383396,945,1006
222928,1139,1203
386176,1153,1211
222925,1153,1271
222924,1404,1557
281663,1425,1494
154339,1433,1487
9654,1444,1512
405260,1486,1562
2738,1488,1538
29522,1501,1562
134106,1516,1576
236874,1716,1790
222925,1718,1831
160083,1722,1794
307735,2007,2072
191434,2012,2073
404031,2017,2069
103559,2560,2618
215926,2560,2622
222923,2560,2731
90626,2561,2628
62047,2576,2635
179335,2576,2637
138695,2579,2656
8151,2590,2634
126418,2592,2668
242431,2616,2669
222922,2766,2835
213887,2872,2941
378992,2902,2964
19571,2903,2954
60737,2904,2963
191553,2906,2970
380158,2909,2999
293474,2912,2953
14713,2913,2963
222923,2965,3135
138694,2992,3060
281866,3016,3062
103697,3020,3089
242432,3021,3071
222922,3126,3192
222926,3185,3258
222917,3538,3626
222917,3809,3897
222926,3830,3897
222927,3838,3898
222921,3938,4059
222920,4109,4225
390348,4131,4192
77732,4136,4195
91818,4137,4205
172336,4137,4220
80874,4145,4214
124512,4153,4216
222921,4283,4395
222920,4424,4548
390348,4445,4510
77732,4452,4513
261565,4657,4728
369273,4661,4718
287724,4667,4725
270934,4668,4731
42651,4669,4724
143450,4669,4727
150025,4669,4732
312057,4676,4737
294502,4677,4718
289585,4678,4732
222927,4733,4795
269122,4790,4847
166240,5446,5491
360209,6595,6648
279148,7813,7893
356185,8553,8621
91041,8650,8707
222928,8654,8712
25162,8826,8897
254401,8827,8895
404032,9358,9418
185912,9360,9436
274475,9372,9435
310761,9804,9868
356178,9804,9895
11583,9805,9889
222918,9807,9875
222919,9807,9883
305666,9808,9871
234497,9811,9872
356179,9923,10021
77206,9939,10006
1878,9971,10022
74283,9971,10031
26102,9971,10035
58361,9975,10020
235818,9976,10035
158470,9982,10035
356181,10078,10140
222918,10079,10158
222919,10079,10168
356180,10084,10169
356182,10089,10190
156459,10091,10152
203696,10099,10146
356183,10106,10185
305668,10121,10208
167679,10167,10233
305667,10204,10271
356184,10209,10292
293275,10216,10288
74854,10216,10292
203114,10217,10285
188386,10221,10288
216925,10549,10616
134549,10554,10611
77207,10561,10623
205013,10568,10633
228117,10728,10778
81323,10728,10789
147745,10728,10791
88307,10728,10825
36254,10729,10786
138253,10729,10790
240306,10730,10793
321390,10731,10824
64760,10734,10780
169615,10734,10822
11584,10734,10858
320236,10735,10813
81322,10736,10834
267205,10738,10808
2739,10742,10820
34597,10743,10817
12180,10745,10834
387276,10747,10814
209839,10747,10829
128981,10748,10807
8152,10748,10827
7785,10749,10850
391155,10752,10816
78304,10757,10834
169616,10761,10851
403828,10764,10832
226594,10780,10835
281080,10785,10835
318546,10785,10850
114525,10785,10889
192608,10789,10832
67518,10791,10887
169617,10792,10853
47036,10795,10882
51965,10803,10889
245459,10815,10889
84949,10831,10889
285983,10842,10889
