224661,135,190
126713,165,214
297266,171,218
294125,282,343
242,282,347
837,282,413
271798,283,382
242,283,397
242,284,375
33988,292,389
231143,296,407
247485,306,394
4018,306,412
82371,307,419
36517,315,413
297167,329,461
172967,335,413
189823,338,471
310378,344,450
150414,345,414
302059,347,508
306503,348,415
174345,353,484
52606,357,484
279027,358,507
154018,360,514
331618,366,447
223404,366,505
147704,367,490
47861,369,502
185703,374,497
321007,375,504
119218,377,491
48804,384,508
240074,387,484
72111,395,508
54288,412,478
151834,412,483
306504,442,503
37371,517,637
31708,527,642
404604,528,651
9993,529,627
201070,529,646
86081,530,663
164198,538,663
382311,544,667
10373,549,646
41559,550,671
194196,553,632
377265,558,645
293046,568,655
194830,568,670
124796,569,682
371885,572,659
74783,575,629
71716,582,673
404603,582,694
340475,585,682
70758,589,677
266737,595,646
309777,595,653
111518,595,675
65576,595,678
270335,597,655
337253,597,687
371928,598,668
290172,604,675
71715,604,687
398419,605,682
340689,606,678
223560,607,717
340474,608,677
54980,609,692
360005,612,677
91743,613,678
354017,615,719
277200,621,678
358110,625,679
401075,630,706
195286,630,717
343378,632,714
206609,632,720
306172,633,716
340785,635,736
75931,696,772
289065,697,764
129041,717,783
136858,720,784
358110,722,787
277201,725,781
312516,726,779
140429,737,846
405676,741,820
79502,753,865
38887,757,862
16974,791,863
287807,792,873
29502,797,843
154017,878,939
395739,1026,1084
198403,1050,1102
275835,1126,1188
41232,1131,1198
363587,1175,1264
172221,1178,1239
362361,1181,1250
129520,1196,1263
320739,1215,1297
245616,1217,1262
154016,1217,1295
160646,1246,1325
407014,1248,1354
366396,1256,1331
184195,1258,1346
117865,1263,1347
152808,1264,1318
95483,1265,1337
251940,1265,1367
207963,1268,1358
253478,1268,1372
138913,1269,1334
117866,1269,1347
346415,1273,1335
20522,1274,1341
131054,1275,1325
80292,1278,1327
82636,1278,1340
160666,1278,1361
27012,1279,1381
59287,1280,1342
4585,1280,1363
61331,1283,1346
43407,1289,1369
274308,1292,1368
10732,1294,1354
4510,1295,1369
348889,1298,1371
48944,1300,1347
31546,1372,1434
2679,1412,1483
71596,1569,1640
54852,1571,1652
24076,1600,1679
204988,1603,1658
294124,1603,1678
100745,1603,1698
331392,1604,1681
197226,1619,1672
57796,1619,1686
331449,1619,1692
371778,1620,1682
29105,1620,1690
25956,1622,1683
80293,1622,1685
91948,1624,1686
310661,1626,1689
66968,1628,1690
118994,1630,1690
199833,1642,1709
358111,1653,1718
316943,1655,1739
365605,1658,1752
36472,1665,1748
142000,1666,1754
261960,1674,1740
4283,1674,1746
302060,1677,1749
189825,1690,1816
169712,1691,1760
11077,1698,1749
271738,1781,1832
82373,1898,1963
189821,1898,1968
201069,1898,1976
151728,1898,1983
189822,1909,1982
220233,1914,1988
397506,1915,1973
404535,1917,1978
148212,1917,1990
142527,1919,1991
277927,1919,1998
66758,1919,2017
247228,1920,1983
142528,1920,1995
362220,1920,2010
201068,1923,1994
297863,1926,1980
367826,1928,2033
149161,1932,2014
321781,1932,2070
369511,1933,1994
245576,1933,1997
154857,1933,1999
48506,1933,2009
487,1935,2007
109098,1936,2024
39264,1938,2025
323234,1940,2001
162774,1945,2001
109096,1947,2019
67377,1948,1999
356867,1953,2042
317211,1954,2022
321780,1954,2052
333031,1956,2019
388607,1956,2023
351819,1957,2014
109097,1957,2052
180953,1959,2020
3610,1960,2024
75218,1961,2016
320738,1962,2053
325264,1963,2042
25957,1964,2025
243610,1976,2055
246496,1981,2024
342995,1981,2040
310880,1981,2076
175087,1982,2036
199608,1992,2059
352646,1993,2073
374253,1994,2085
404871,1996,2055
374254,2001,2089
43759,2003,2051
123700,2005,2070
256770,2016,2076
66896,2022,2094
112012,2022,2109
189824,2034,2190
310396,2074,2150
362219,2075,2141
22241,2077,2168
67036,2078,2142
283424,2078,2175
78784,2080,2141
85948,2105,2170
25955,2114,2184
349311,2119,2186
378002,2121,2214
48531,2127,2217
306367,2128,2191
13965,2128,2207
130632,2129,2223
108156,2130,2193
260976,2131,2229
171049,2132,2193
234037,2133,2200
351968,2135,2228
217062,2137,2219
239880,2137,2225
48769,2138,2236
191258,2139,2191
165488,2142,2228
234038,2143,2199
324587,2144,2197
103988,2147,2246
401898,2150,2208
288899,2150,2214
245575,2155,2216
234031,2157,2221
86626,2157,2228
399398,2160,2229
214010,2160,2235
67653,2161,2227
206111,2161,2246
128885,2164,2225
16966,2164,2248
98257,2165,2242
217063,2173,2239
82724,2173,2255
184651,2173,2269
217064,2177,2237
376283,2177,2244
312584,2190,2251
171327,2193,2256
124295,2195,2255
51523,2199,2249
375033,2206,2275
27013,2233,2294
89274,2306,2378
358111,2307,2388
140307,2320,2404
155344,2325,2384
20925,2328,2395
81372,2341,2404
82372,2342,2410
229796,2345,2420
375034,2346,2407
9376,2362,2410
264760,2363,2407
396427,2364,2440
380355,2368,2430
304461,2370,2445
348890,2371,2429
36339,2412,2462
313183,2575,2636
216767,2588,2687
24148,2595,2639
374255,2598,2662
205404,2599,2663
21619,2605,2666
123657,2610,2672
243515,2614,2671
84242,2657,2721
2742,2659,2724
277697,2661,2720
47545,2661,2722
405730,2663,2724
128884,2668,2738
397531,2677,2719
364762,2677,2736
287880,2679,2738
228163,2687,2745
277926,2696,2744
