34511,102,176
369924,103,144
34512,103,186
402914,150,254
228157,152,218
302968,154,215
75563,185,273
177063,388,455
54989,409,457
27745,567,627
122533,573,632
339615,589,703
37786,620,705
178699,622,686
6271,622,704
282158,629,704
121548,630,695
13475,631,705
132399,635,706
12593,637,705
81927,640,703
327042,866,929
266112,1160,1205
352064,1262,1322
257224,1265,1326
194528,1266,1328
194360,1269,1327
74103,1269,1330
57472,1365,1435
76127,1366,1428
253849,1366,1432
385051,1370,1434
155353,1373,1420
105139,1684,1742
205776,1684,1753
205777,1685,1744
230579,1685,1755
103005,1691,1753
41679,1921,1987
225588,1943,1999
20361,2001,2046
117839,2063,2152
35649,2250,2313
121611,2281,2345
20159,2362,2427
141153,2362,2430
73871,2374,2441
236425,2375,2454
253359,2380,2443
239718,2382,2444
57297,2384,2447
179063,2390,2452
393547,2632,2695
91319,2667,2752
160227,2866,2923
237969,2867,2921
237968,2867,2928
124436,2868,2926
403617,2868,2941
321286,3090,3141
5341,3642,3721
354989,3643,3714
38408,3643,3719
7201,3645,3720
356350,3651,3752
408554,3652,3738
300171,3686,3765
226212,3689,3741
374519,3690,3747
311740,3699,3764
196121,3847,3914
331712,4018,4080
275589,4018,4084
343773,4019,4069
246213,4019,4083
13844,4019,4096
180454,4020,4075
21537,4020,4084
5741,4020,4090
199986,4021,4111
23522,4022,4089
387506,4023,4093
323883,4023,4104
179693,4025,4090
79532,4028,4096
224671,4033,4107
292100,4254,4317
64760,4337,4382
386430,4563,4629
185579,4965,5042
237534,5213,5280
74362,5265,5327
362187,5287,5348
283554,5295,5366
223535,5489,5559
3841,5507,5579
370836,5518,5577
194022,5528,5577
202102,5609,5681
158229,5627,5684
361845,5634,5696
77817,6186,6265
10008,6186,6292
227399,6187,6267
239296,6187,6274
320649,6187,6278
110213,6368,6466
248896,6397,6455
113888,6453,6525
287779,7791,7865
387967,7950,8011
245984,7950,8037
271518,7991,8048
245962,8083,8125
378660,8543,8633
172689,8543,8658
133231,8544,8655
321464,8603,8659
102696,8834,8883
267277,8926,8982
163603,8928,8998
396071,9055,9106
216393,9214,9278
114020,9361,9420
31979,9555,9619
269654,9556,9616
145428,9586,9668
55924,9598,9693
334978,9619,9669
189449,9632,9699
56719,9642,9694
42369,9710,9761
72266,9712,9781
227398,9984,10044
35166,10334,10398
214126,10353,10439
145928,10448,10556
408307,10450,10517
28694,10450,10526
10,10451,10548
104401,10452,10506
56936,10452,10556
51800,10463,10555
339626,10496,10556
180378,10711,10757
209870,11051,11117
94934,11051,11139
40845,11053,11153
86638,11070,11133
311117,11071,11147
198592,11071,11152
60424,11073,11136
54422,11078,11145
401026,11080,11150
401025,11087,11150
205778,11091,11152
