8053,113,260
237672,116,247
157316,123,274
348454,125,218
196091,126,243
31263,126,252
352813,126,261
246805,127,247
174157,128,265
293728,131,262
161609,132,189
336060,136,272
148021,143,226
381404,145,297
213161,147,284
121729,148,268
37415,148,295
406673,149,247
37901,150,218
141849,150,240
28838,151,265
114942,154,297
310774,155,277
140209,157,286
20693,158,224
354440,160,229
70248,161,231
337996,163,240
140783,164,236
31261,168,276
264234,169,234
121730,170,256
286522,171,277
90192,175,237
8054,175,307
96899,177,289
94762,177,294
93816,185,301
50317,190,293
369787,191,296
28880,193,255
93817,195,291
369786,196,272
293729,198,294
242,198,301
49146,199,292
57098,202,268
10754,202,280
217792,202,288
311711,203,297
4951,204,286
391331,206,300
242,207,268
303416,208,294
4565,211,318
242,214,296
9948,216,300
48923,216,322
196200,219,331
198129,221,294
837,221,322
114940,221,334
139795,227,295
39805,228,293
259176,281,400
83178,293,417
281404,295,374
130807,298,411
31262,299,428
121728,301,408
240074,302,411
393682,303,414
226596,305,419
127157,310,434
127128,313,414
56755,339,457
114941,377,434
43776,713,769
370996,923,964
176570,1056,1145
289112,1060,1123
147571,1061,1148
40369,1068,1149
176571,1071,1148
4486,1076,1150
273715,1080,1144
144156,1083,1147
75784,1084,1148
218060,1163,1229
252427,1445,1507
299468,1483,1544
157317,1514,1563
112781,1555,1623
255827,1664,1728
161613,1666,1738
339123,1682,1779
76273,1683,1749
218061,1688,1775
112783,1689,1768
407706,1690,1756
100157,1691,1747
238251,1692,1746
61739,1698,1749
372855,1709,1775
219009,1798,1857
122548,1798,1865
43408,1818,1862
138910,1880,1927
259887,1996,2052
355461,2011,2084
49238,2054,2116
74877,2067,2127
276596,2105,2184
29164,2122,2179
68208,2291,2370
145591,2291,2377
161610,2345,2421
161611,2356,2437
294943,2438,2506
17392,2456,2556
161608,2462,2556
161614,2471,2552
112782,2484,2581
112780,2507,2585
218062,2596,2664
352812,2598,2684
215538,2599,2686
189107,2600,2663
352811,2602,2670
215540,2602,2682
86432,2602,2689
132972,2603,2665
96398,2608,2707
288885,2609,2720
96400,2610,2689
78935,2616,2681
84877,2616,2686
288451,2620,2689
215539,2622,2682
138086,2624,2680
72947,2625,2691
407705,2626,2689
19499,2626,2693
242863,2627,2704
112779,2628,2701
143820,2629,2681
86274,2632,2705
310760,2634,2692
352810,2636,2683
206751,2636,2692
147349,2636,2715
37198,2637,2713
290541,2638,2687
238250,2638,2708
341081,2644,2710
180317,2646,2717
300548,2648,2720
4487,2649,2726
241560,2652,2717
335049,2653,2720
104082,2654,2738
161612,2663,2739
112778,2666,2786
271956,2668,2726
84878,2668,2738
236636,2673,2738
112777,2837,2927
80289,2892,2941
