33006,124,219
39525,125,190
33405,130,289
220835,150,264
40822,151,294
291304,157,273
135921,157,282
135920,158,259
251184,161,242
296414,164,286
400615,166,296
275043,171,288
401507,180,289
350600,181,250
90066,183,246
31378,183,255
347133,183,288
187249,184,309
232242,185,304
271299,185,327
275044,186,289
259171,187,248
259172,187,253
250179,188,261
362535,189,250
331122,189,320
324671,190,257
372138,191,297
32711,195,256
384280,196,298
117034,198,248
285830,198,309
376331,199,262
367318,199,304
107960,199,356
368316,200,264
368317,200,268
351083,201,262
214899,202,277
401816,202,315
368315,205,266
197535,205,271
271300,206,304
97066,210,277
176735,211,302
379039,211,306
401815,212,298
242,218,303
5573,223,287
106272,223,300
153713,225,298
242,228,339
242,232,316
63332,250,335
372137,360,475
223740,364,472
37018,403,472
26521,480,586
199034,496,582
163853,497,596
9993,497,603
18401,498,580
247564,501,595
154584,505,617
331123,506,612
170695,508,614
9993,512,612
94719,521,614
5878,538,614
148489,555,614
238942,615,677
161026,616,683
16197,618,677
91662,622,701
153714,783,897
121499,791,861
192540,793,859
350052,793,898
92675,795,879
134069,815,898
293410,833,898
24319,930,986
139919,930,992
369919,930,1003
1196,930,1006
12682,933,995
65808,941,991
270089,948,1038
96225,1063,1116
317086,1064,1126
127513,1252,1308
349944,1884,1947
243818,1978,2069
243817,1981,2071
54406,1983,2049
171519,1985,2049
407502,1986,2053
168951,1988,2061
362534,1991,2064
18402,1997,2058
259572,1999,2053
395621,2000,2072
119313,2002,2080
103673,2003,2083
35849,2013,2070
197535,2022,2070
22694,2159,2229
234216,2432,2496
234215,2435,2496
99122,2438,2516
201748,2536,2598
