267339,103,171
140922,104,164
123169,111,177
273085,112,160
325855,120,178
254764,131,190
79531,160,212
9649,170,244
381581,225,332
339110,264,329
16972,353,426
208151,358,456
13738,362,452
129812,368,469
101623,370,433
19986,372,441
172362,372,450
26387,378,448
282524,399,470
114457,406,465
231493,418,470
19987,587,633
228487,609,706
352321,620,702
228486,634,706
74131,637,735
62711,637,767
372453,639,698
133407,640,707
32376,640,733
10009,640,744
11966,642,754
32374,643,771
54058,644,707
11908,646,772
148718,649,730
73278,653,768
111529,654,745
111873,666,746
121958,666,764
235012,668,743
68038,668,768
104076,670,755
105108,682,735
8707,684,761
66524,809,881
215518,810,891
68039,811,895
79532,814,889
16634,815,882
104273,815,885
13982,823,890
205124,825,891
353753,840,882
380785,1101,1167
112883,1102,1159
183326,1102,1186
330520,1103,1157
113352,1104,1176
51698,1104,1183
110432,1129,1190
252263,1370,1433
129751,1370,1448
184669,1397,1458
23136,1400,1446
49875,1400,1454
196794,1402,1473
10127,1403,1466
327291,1404,1447
276335,1405,1475
223154,1408,1494
31630,1410,1474
280494,1410,1485
50419,1411,1493
152456,1415,1484
223155,1416,1495
81837,1417,1493
188081,1419,1489
82479,1420,1474
37155,1420,1509
24064,1421,1485
24339,1421,1493
19989,1425,1496
145113,1425,1509
189774,1428,1524
168369,1429,1477
158495,1429,1490
303508,1429,1516
105636,1430,1493
387273,1431,1498
237180,1433,1511
187673,1436,1501
45874,1441,1532
20958,1442,1498
164992,1442,1512
365990,1444,1507
233597,1444,1524
56893,1448,1502
236531,1449,1510
38583,1450,1522
135902,1451,1515
140987,1452,1510
104887,1454,1522
169931,1456,1523
136167,1464,1530
212755,1505,1575
22390,1508,1576
79530,1631,1701
153960,1631,1712
303144,1646,1715
234030,1647,1720
195892,1648,1700
302741,1651,1728
303145,1653,1714
43102,1654,1722
69386,1656,1719
74584,1656,1721
342510,1656,1725
293009,1657,1705
45634,1657,1738
74585,1658,1741
339843,1660,1730
158789,1661,1713
224904,1669,1742
63779,1670,1731
154593,1680,1751
76331,1682,1741
52198,1690,1755
19988,1690,1766
210236,1813,1877
205125,2484,2554
10793,2484,2561
35914,2504,2564
69402,2852,2926
143470,2860,2926
244348,3178,3238
249331,3231,3299
140493,3235,3294
226266,3237,3294
163889,3237,3299
334207,3238,3297
390551,3306,3350
39126,3686,3750
149099,3912,3965
166078,3914,3970
87349,3914,3976
233598,4487,4560
24065,4488,4549
151871,4491,4559
206101,4511,4564
218311,4707,4785
327271,4708,4769
187330,5328,5381
329267,5328,5403
12358,5328,5410
234415,5329,5391
191412,5333,5390
206240,5334,5407
39427,5337,5402
80892,5339,5382
257144,5340,5383
211219,5340,5417
183327,5343,5391
129439,5344,5397
139353,5344,5402
32188,5493,5539
56387,5493,5546
228488,5493,5576
228489,5493,5582
378206,5494,5541
74230,5500,5580
182636,5508,5592
22894,5514,5593
134321,5573,5643
281353,5575,5638
217581,5576,5636
73483,5578,5644
53386,5579,5640
239472,5579,5643
154783,5582,5643
397195,5584,5635
162732,5590,5643
300832,5735,5797
346457,5736,5814
404887,5961,6017
10793,5961,6031
277019,6403,6459
203363,6586,6647
117289,6586,6658
306298,6587,6648
42867,6588,6656
230876,6593,6655
352134,6595,6662
375631,6596,6657
236665,6598,6662
66655,6608,6669
