217617,183,233
1416,183,237
9078,183,244
262166,183,311
319822,183,319
278096,184,259
228760,184,270
135800,184,274
135451,184,301
214957,189,305
168151,189,318
340961,193,322
3951,194,304
135799,199,310
41411,214,323
261659,216,330
299521,223,342
41410,224,321
117225,237,330
235628,238,301
308450,241,366
84905,245,330
77213,248,335
162381,249,339
370761,252,347
308451,278,369
343473,289,370
163176,292,369
252107,296,368
65457,298,361
68905,305,369
249086,319,370
77212,445,514
138629,447,506
51211,452,513
69965,453,512
292877,454,513
43642,1441,1502
62093,1442,1504
94445,1445,1507
245742,1447,1506
107691,1451,1504
243436,1451,1507
14221,1451,1509
286767,1451,1515
371999,1453,1507
42867,1454,1514
192549,1455,1513
265609,1456,1510
305876,1747,1801
105484,1747,1808
169195,1748,1799
49025,1749,1803
126600,1749,1812
23936,1752,1808
263208,1906,1967
258801,1907,2006
255916,1912,2004
118857,1917,1995
255917,1917,2007
212418,2310,2381
292621,2590,2654
43480,2590,2658
213759,2592,2655
345118,2600,2647
405627,2692,2751
143059,2700,2751
157423,2702,2762
211565,2910,2973
268804,2953,3019
391864,2954,3022
15579,2957,3023
35740,2958,3022
126602,2977,3027
371872,3390,3457
345549,3435,3528
91579,3448,3504
56083,3448,3517
248128,3454,3514
101450,3473,3540
105609,4026,4072
4525,4276,4350
342593,4338,4389
169096,4588,4639
339163,4749,4810
171531,4751,4828
371521,4878,4941
91578,4887,4947
113501,4889,4945
106154,4894,4949
243706,5034,5095
13555,5045,5095
97024,5615,5691
249088,5625,5691
385099,5642,5691
1678,5645,5691
110786,6300,6347
283364,6449,6507
319350,6450,6513
297925,6547,6610
126550,6549,6629
228747,6771,6841
236570,6777,6840
244108,6778,6841
43560,6780,6843
63626,6788,6846
223770,7159,7223
174190,7159,7231
107787,7159,7239
207633,7161,7222
95171,7161,7249
355071,7986,8048
402402,8109,8167
115437,8126,8178
287274,8257,8320
169930,8663,8713
238969,8679,8732
19081,8686,8748
169095,8687,8753
292622,8687,8756
343303,8689,8752
187139,8691,8747
90204,8691,8753
343302,8693,8752
126600,8700,8760
101451,8702,8766
176846,9100,9171
400440,9103,9174
265601,9111,9174
267434,10006,10077
172216,10016,10075
328468,10573,10631
211566,10574,10635
268805,10577,10634
116676,10585,10639
259943,10607,10669
8628,10611,10670
97627,10780,10847
41992,10797,10866
1065,10826,10884
229691,10830,10892
4761,11210,11256
343962,11226,11268
249087,11226,11293
381120,11304,11364
355072,11715,11811
90433,11728,11783
159269,11730,11817
126601,11735,11834
69799,11736,11825
14058,11748,11827
10241,11749,11841
133342,11751,11844
217618,11752,11814
53672,11755,11842
241319,11759,11834
78230,11761,11822
307509,11761,11824
233559,11761,11840
341535,11762,11825
37998,11845,11917
403815,11860,11922
191145,11860,11925
20614,11870,11937
164851,11887,11947
45675,12278,12353
236569,12313,12375
162440,12319,12375
11562,12320,12389
392678,12321,12420
2176,12324,12375
316563,12329,12413
274288,12330,12420
154754,12345,12415
328692,12347,12427
34051,12349,12410
165232,12355,12419
289283,12359,12423
287837,12384,12451
174936,12510,12562
336843,12580,12641
44493,12592,12658
76617,12864,12910
209027,13170,13262
385100,13172,13239
264244,13174,13242
129515,13175,13250
8448,13176,13244
277679,13178,13239
149647,13178,13253
345282,13178,13256
215684,13181,13236
8449,13181,13239
133372,13186,13252
132670,13186,13260
401153,13190,13253
27005,13406,13460
186769,13889,13984
120362,14105,14174
88054,14113,14175
348674,14130,14182
28092,14131,14187
355073,14180,14237
97025,14197,14282
334043,14220,14280
335567,14488,14552
128824,14489,14562
553,14495,14572
80651,14499,14570
556,14501,14563
248598,15085,15151
97026,15099,15151
181367,15987,16047
333620,16012,16086
65393,16350,16397
268317,16355,16409
20615,16355,16417
60081,17140,17204
404074,17161,17227
116677,17169,17247
317834,17175,17248
35741,17546,17614
20616,17547,17606
56650,17547,17633
56651,17547,17642
38420,17547,17652
108442,17549,17645
149440,17557,17656
37154,17558,17643
263801,17596,17711
369250,18062,18147
163998,18071,18133
232684,18083,18136
305871,18090,18146
41690,18091,18147
278689,18514,18560
211393,18514,18563
92526,18514,18585
187422,18621,18685
60082,18702,18774
166547,18711,18780
364198,18722,18780
67065,19531,19604
254504,19664,19727
172215,19743,19831
160200,19763,19835
126602,19765,19831
99312,19775,19849
220587,19777,19831
332354,19800,19854
57176,19863,19921
203740,19864,19923
67066,19879,19991
356435,19906,19995
107568,19913,19998
301146,19918,19992
144020,20047,20107
370762,20413,20494
389905,20415,20482
15381,20415,20493
356252,20548,20601
270443,20788,20839
307765,20887,20977
187123,21138,21202
284337,21139,21209
277958,21149,21210
235630,21150,21223
81504,21150,21227
234069,21151,21215
242354,21155,21220
60083,21158,21241
259961,21159,21223
395179,21160,21212
182568,21160,21215
85452,21160,21217
305889,21160,21236
92525,21162,21218
284587,21169,21238
232079,21171,21245
220032,21172,21228
335832,21172,21236
242042,21172,21239
89902,21173,21227
293782,21176,21225
284588,21176,21238
242470,21176,21240
119212,21182,21247
44048,21186,21241
5792,21186,21248
302364,21189,21245
225091,21191,21239
166357,21195,21273
79225,21279,21342
27502,21360,21425
126599,21611,21711
56837,21616,21677
109085,21618,21695
269717,21621,21693
219544,21720,21769
246726,22004,22064
318418,22004,22066
276720,22004,22072
314300,22005,22087
126599,22005,22092
353335,22006,22062
403523,22007,22067
378755,22010,22072
123514,22011,22074
386064,22079,22146
382122,22123,22186
46992,22143,22224
289284,22445,22501
139043,22446,22500
39547,22449,22504
177804,22453,22505
199668,22456,22501
138365,22456,22513
283062,22465,22537
193791,22469,22554
95172,22471,22533
242041,22476,22544
325045,22476,22562
262501,22485,22551
28501,22514,22571
325827,22515,22577
182479,22515,22601
404075,22518,22576
358321,22518,22596
408608,22519,22584
18553,22520,22587
315664,22522,22578
126601,22522,22604
384156,22523,22575
2992,22530,22576
265607,22534,22590
44567,22534,22592
180595,22535,22591
180594,22539,22590
265608,22540,22591
119213,22540,22602
246948,22547,22610
305923,22911,22979
152135,22912,22973
124814,22923,22990
39021,22925,22988
169929,22929,22990
159131,22933,22991
335881,22942,23011
886,22945,23033
301548,22947,23010
343090,22951,23034
210463,22954,23029
229158,22955,23038
287622,22956,23061
154652,22959,23062
78231,22963,23041
193792,22963,23060
37622,22967,23061
72709,22970,23095
18143,22972,23036
112533,22998,23064
328693,23002,23085
237066,23044,23095
36031,23047,23105
401934,23102,23202
322483,23111,23228
246728,23116,23181
110746,23123,23201
336533,23127,23238
21590,23132,23206
98513,23137,23204
232212,23142,23219
95813,23143,23204
2004,23146,23219
22175,23147,23229
35879,23148,23235
313769,23153,23235
9614,23159,23220
139543,23174,23261
307764,23214,23287
116678,23224,23300
329857,23391,23444
283061,23427,23529
60777,23441,23502
184770,23452,23532
110762,23455,23510
18458,23455,23532
246727,23456,23542
91580,23456,23548
44433,23458,23522
169097,23458,23537
3838,23458,23543
46383,23459,23527
244109,23462,23533
174189,23463,23526
80306,23465,23550
15244,23476,23527
135785,23478,23533
313768,23478,23591
167022,23479,23544
105855,23481,23535
287776,23481,23539
162587,23481,23548
206272,23503,23573
97027,23504,23603
260452,23519,23598
305127,23520,23588
78203,23523,23591
283060,23536,23601
71783,23540,23592
137868,23753,23801
356436,23891,23949
209947,23891,23952
355242,23964,24040
56667,23987,24038
8776,24159,24216
146464,24159,24222
143818,24255,24318
335568,24666,24725
33047,25128,25190
215063,25147,25201
229616,25353,25419
161464,25366,25419
121967,25685,25746
187058,25890,25933
273207,25891,25942
404076,25891,25959
235710,26010,26072
79226,26019,26060
138123,26023,26099
72676,26030,26105
353933,26032,26091
172536,26153,26216
30671,26538,26593
102974,26750,26813
406617,26751,26806
235629,26754,26825
353934,26783,26836
403816,26975,27030
23937,26985,27050
299680,27010,27070
152604,27016,27063
154653,27035,27077
169098,27044,27098
244110,27065,27149
223566,27079,27160
4526,27080,27183
55586,27084,27169
305890,27085,27174
196370,27108,27167
31100,27119,27190
235711,27555,27621
308452,27564,27615
78613,27566,27622
180463,27566,27665
53819,27588,27652
23935,27601,27666
31553,27624,27666
210062,27710,27769
328694,27732,27808
262500,27804,27871
115384,27808,27872
312987,27847,27945
228762,27860,27926
211263,27921,27980
263802,28476,28540
889,28481,28552
123515,28484,28551
209465,28489,28551
322484,28497,28552
35742,28501,28552
41691,28991,29048
243707,28991,29073
355243,29016,29084
155790,29288,29351
158072,29289,29354
273490,29632,29696
370508,29667,29732
160199,29737,29815
45247,29817,29876
130521,29837,29894
117693,29851,29903
