301892,100,197
386084,101,167
168210,113,209
332275,121,166
26791,122,167
108063,130,195
280181,137,194
104493,359,405
162077,486,539
197986,702,766
315797,767,829
249882,773,834
1078,1199,1262
69664,1978,2021
213345,2078,2138
336452,2119,2183
376785,2396,2491
269544,2403,2484
100325,2404,2474
106840,2406,2485
182413,2439,2491
356028,2661,2731
171641,2661,2734
263364,2663,2716
122547,2663,2729
46132,2663,2751
146293,2674,2769
290746,2675,2744
342568,2676,2728
348598,2677,2718
61851,2677,2734
318219,2677,2743
117666,2679,2730
10456,2682,2729
144324,2683,2751
404654,2683,2760
35122,2686,2784
39860,2689,2750
206984,2691,2758
4859,2696,2769
80846,2696,2773
43017,2698,2761
298411,2698,2766
57125,2702,2770
193298,2850,2902
349312,3947,4019
1092,3953,4033
80685,3953,4036
40312,3954,4018
16562,4416,4472
313267,4498,4586
159122,4521,4594
145269,4522,4580
139280,4558,4621
312794,4676,4750
73261,4714,4785
152539,4721,4811
344577,4726,4799
394668,4731,4851
390061,4732,4817
390062,4755,4880
407584,4757,4889
314826,4758,4876
252906,4763,4865
156951,4766,4827
381641,4771,4861
255145,4776,4856
122553,4794,4869
280419,4796,4859
297799,4800,4864
173137,4816,4887
261210,4823,4872
151486,4833,4887
