232444,414,523
1153,451,555
46009,469,556
131413,482,554
83825,493,556
194553,501,554
155000,674,741
45140,685,761
330064,1258,1322
165010,1331,1406
271615,1745,1818
210097,1763,1841
248654,1834,1893
75536,1834,1895
269287,3281,3344
368477,3282,3343
32563,3400,3453
221338,3752,3838
302862,4009,4065
154238,4009,4070
76925,4207,4262
11330,4237,4315
322760,4243,4305
293536,4280,4330
319783,4280,4337
293537,4282,4329
376266,4285,4343
203956,4310,4356
49980,4603,4675
268999,4747,4838
71906,4788,4854
334035,4891,4944
83796,4898,4944
108843,4925,5011
5299,4940,5010
8189,4967,5061
49340,4968,5034
303358,4968,5048
181894,4979,5036
14508,4983,5043
214539,4998,5071
319410,5008,5069
184461,5009,5073
148554,5013,5093
192743,5014,5078
151917,5016,5062
48207,5032,5094
214540,5036,5086
230162,5039,5096
109150,5481,5563
280571,5485,5546
268193,5511,5594
233380,5552,5598
190938,5617,5671
268998,5752,5814
170163,6698,6749
146160,6793,6875
277199,7587,7652
277182,7825,7889
104862,8444,8505
25750,8601,8665
407237,9518,9582
37002,9524,9578
230502,9965,10012
171683,9965,10080
91802,9981,10069
45460,10019,10075
120890,10024,10069
200042,10246,10321
184460,10248,10326
197876,10414,10519
275647,10420,10516
808,10424,10519
23533,10425,10496
294221,10429,10519
142767,10437,10520
10371,10440,10519
174992,10576,10648
268425,10576,10664
124531,10696,10760
120914,10716,10777
