39287,246,295
171968,247,309
242503,726,791
115700,730,791
359512,953,1008
91119,973,1035
365588,1047,1109
160273,1062,1145
321516,1077,1144
292275,1504,1557
183969,1521,1631
247488,1523,1606
221461,1553,1631
274513,1555,1628
395840,1561,1631
166777,1564,1623
207915,1564,1628
296028,1565,1638
196065,1566,1623
52858,1566,1631
15720,1570,1640
10792,1571,1627
23214,1572,1636
14505,1572,1639
183968,1572,1662
58525,1573,1637
103011,1574,1635
191181,1574,1648
288463,1578,1639
368010,1579,1640
297956,1586,1648
173117,1589,1659
90893,1595,1648
23987,1595,1660
226699,1598,1650
240182,1603,1660
306837,1604,1663
73639,1958,2022
141666,1961,2026
132338,1965,2026
203456,1968,2029
120740,1980,2030
201099,2437,2554
388229,2461,2567
25991,2473,2578
96001,2478,2575
227526,2539,2597
271963,2627,2694
227901,2629,2707
227900,2630,2701
40703,2649,2708
159295,3587,3651
265333,3587,3655
121179,3587,3664
127219,3587,3674
109599,3596,3658
356411,3601,3665
186681,3604,3680
303808,3619,3691
347163,3620,3688
285674,3622,3689
90350,3623,3693
339914,4006,4059
70143,4007,4061
70142,4017,4061
331713,4123,4184
390332,4126,4190
292978,4127,4197
105202,4128,4189
230986,4131,4200
198829,4136,4196
245377,4137,4197
284992,4147,4193
173616,4149,4193
289438,4551,4607
284991,4571,4634
121318,4573,4633
279065,4578,4641
108522,4581,4642
339027,4585,4637
154338,4893,4955
53920,4925,5005
283364,4931,4992
36152,5034,5108
365796,5038,5106
349209,5038,5113
224106,5039,5111
53920,5039,5122
96870,5049,5110
53921,5051,5122
28730,5057,5120
261972,5061,5122
176152,5171,5228
76395,5261,5316
44007,5261,5325
21986,5261,5337
167840,5261,5348
33462,5264,5331
301873,5264,5336
207787,5265,5327
139210,5272,5324
53922,5272,5349
53921,5854,5919
186935,5855,5907
349374,5962,6020
83976,6057,6113
203698,6058,6110
61927,6059,6128
342761,6067,6139
117538,6088,6159
237676,6093,6156
373914,6101,6160
325719,6102,6158
9012,6114,6159
369792,6140,6205
9998,6416,6471
232109,6531,6582
55056,6531,6609
53922,6532,6606
312521,6558,6622
67015,6630,6697
226698,6722,6775
258535,6723,6807
112948,6725,6779
44646,6725,6792
341641,6726,6808
86131,6728,6806
121180,6728,6810
160486,6739,6792
102637,6739,6798
2151,6742,6809
81816,6849,6904
199306,6849,6909
101598,6849,6922
213554,6850,6913
345036,6851,6904
199305,6851,6918
324582,6870,6955
150737,6873,6955
47627,6887,6946
20867,6888,6944
276109,6893,6950
91640,6901,6947
48823,6906,6955
182356,7513,7634
68315,7973,8030
126455,7985,8049
289390,7987,8049
317656,8017,8069
371184,8695,8738
209665,8901,8944
372707,9447,9528
12692,9450,9522
231715,9455,9536
284576,9465,9533
29675,9475,9534
232561,9475,9543
162795,9495,9555
171385,9497,9574
141957,9504,9567
13050,9506,9584
59181,9528,9598
407468,9537,9600
924,9695,9756
315085,9725,9787
44008,10183,10250
80110,10236,10296
337848,10241,10304
167839,10601,10687
350743,11146,11208
56136,11318,11380
181878,11583,11667
181877,11584,11662
309609,11629,11691
279964,12011,12070
235588,12016,12069
104864,12016,12103
262297,12055,12119
135581,12291,12351
160189,12292,12352
21107,12433,12522
69907,12435,12524
208312,12984,13080
224918,13232,13296
77957,13515,13577
77956,13617,13676
262341,13617,13695
166049,13618,13668
105203,13618,13674
4720,13619,13673
191182,13624,13684
91816,13626,13691
407801,13793,13854
3841,13968,14036
261973,13982,14036
271962,14874,14956
377164,14876,14991
271961,14898,14991
183925,14901,14991
23533,14925,14991
130243,15225,15280
368011,15238,15304
366116,15254,15328
330970,15257,15372
407469,15259,15313
364297,15307,15367
404124,15486,15544
334916,15568,15635
349210,15710,15784
242356,15711,15798
113747,15722,15791
207916,15727,15789
190012,15733,15795
44785,15734,15797
254459,15736,15799
298513,15736,15816
186682,15739,15785
64075,15740,15801
37373,15744,15800
5458,15751,15813
321517,16189,16251
101599,16236,16293
372206,16268,16334
156628,16481,16542
285950,16585,16656
68316,16592,16662
73310,16593,16659
94087,16602,16665
386335,16603,16664
185993,16604,16659
30231,16608,16666
309726,16609,16671
286004,16637,16688
204692,16637,16704
328890,16661,16723
115830,16782,16884
127218,16784,16868
262141,16786,16858
206130,16790,16861
5630,16793,16867
76929,16794,16895
50073,16795,16865
26765,16798,16867
294226,16799,16890
160397,16819,16896
134545,16835,16902
