16356,79,150
36364,79,173
96535,79,193
311512,85,166
187832,91,160
30525,92,157
113727,93,154
260845,97,158
58777,97,160
63170,98,162
71905,100,194
381355,101,165
246247,105,200
171068,110,211
209345,113,197
340745,116,205
244969,119,180
61108,119,203
393840,119,208
188996,126,187
13453,129,196
208054,130,191
58776,131,193
208055,134,202
403945,134,221
258897,136,197
340744,136,210
174825,141,212
177465,142,216
235286,193,282
115107,249,320
317273,257,336
206051,259,327
6444,263,327
393674,268,315
26069,276,337
179615,285,346
69696,418,490
212806,426,488
222634,427,481
1925,427,485
41883,427,492
283540,427,496
324567,428,480
342204,429,506
67450,432,495
30931,476,525
246607,481,554
294500,521,616
294499,528,620
153682,539,621
107499,555,607
145591,569,654
2835,573,663
60614,573,680
136828,585,662
331684,585,682
326897,601,642
110365,601,683
14988,602,681
53895,606,678
145108,606,681
197814,610,678
397398,611,680
350605,619,681
276161,632,678
93402,640,706
374663,645,709
281792,927,974
392440,929,986
391196,931,980
60826,932,986
362948,934,991
270741,948,992
347989,1187,1243
98943,1260,1338
217139,1319,1373
402042,1907,1977
174092,1952,1994
364978,2027,2089
395191,2028,2080
204594,2029,2086
4720,2029,2096
108668,2032,2087
222683,2071,2132
37980,2072,2138
212805,2331,2396
25266,2358,2419
65892,2362,2436
101254,2379,2441
276160,2381,2441
108062,2390,2477
54330,2391,2441
167935,2394,2446
92771,2397,2454
271494,2411,2479
263204,2425,2477
135316,2486,2548
116451,2487,2569
54316,2491,2551
166662,2505,2567
320489,2507,2565
205800,2508,2590
406876,2510,2560
279214,2595,2667
293100,2638,2715
222784,2640,2707
276159,2672,2734
82368,2676,2739
26707,2682,2748
317670,2682,2759
282667,2683,2734
36635,2683,2754
114736,2688,2751
20022,2688,2754
220717,2690,2754
6922,2695,2739
173377,2695,2753
16355,2696,2758
303265,2696,2761
406526,2698,2760
244346,2699,2761
34775,2699,2766
256080,2889,2941
144320,2891,2942
83615,2897,2964
371110,2908,2964
63171,3288,3360
304410,3293,3361
50077,3301,3376
65365,3323,3377
199128,3331,3380
110124,3344,3403
138622,3394,3449
2620,3617,3678
359698,3618,3679
142556,3620,3688
10700,3741,3801
332407,3790,3846
191441,3842,3897
43049,3854,3926
263829,3856,3934
153212,3915,3972
398285,4031,4095
334091,4218,4288
355311,4221,4297
40539,4227,4289
113550,4228,4298
329641,4242,4300
10700,4310,4372
253338,4479,4537
76550,4479,4543
267751,4480,4541
226921,4482,4544
32883,4601,4662
74833,4602,4658
197983,4729,4770
87341,4729,4811
323205,4759,4820
177466,5315,5367
249642,5315,5374
259119,5315,5377
116201,5315,5410
66645,5586,5641
51842,5895,5975
270968,5898,5974
364851,5901,5971
287331,5915,5977
125083,5917,5980
31775,5918,5982
268930,5921,5986
234565,5926,5975
144636,5937,6003
37592,5941,6004
260846,5948,6020
283110,6299,6375
106098,6299,6406
205324,6303,6415
364441,6317,6391
321927,6333,6406
182976,6341,6415
157982,6659,6728
86446,6667,6728
57631,6675,6728
114750,6770,6826
64569,6776,6842
255557,7004,7067
103593,7004,7069
279866,7005,7061
253172,7005,7066
91407,7005,7070
31419,7006,7054
392441,7006,7060
297102,7006,7068
188469,7021,7081
178041,7026,7081
355310,7289,7364
407657,7290,7344
269024,7292,7361
69416,7294,7356
132611,7476,7521
364227,7510,7594
205043,7531,7593
319384,7538,7602
6240,7540,7599
205598,7542,7603
207507,7542,7611
67451,7542,7620
34906,7544,7603
163514,7551,7602
87831,7552,7603
198653,7564,7621
209524,8016,8078
359699,8037,8104
259285,8677,8731
91406,8715,8783
337077,8720,8796
377214,8750,8797
192331,8755,8797
380059,8893,8945
401369,8944,9024
330833,8953,9039
362343,8955,8997
270742,9024,9083
43050,9032,9113
300786,9372,9421
135524,9427,9483
24879,9449,9499
224641,9879,9942
86337,9882,9932
275541,9890,9943
100621,9968,10030
98654,9971,10047
373152,9976,10046
32884,9994,10046
75724,9997,10058
211081,10002,10058
116202,10015,10087
404434,10088,10160
208249,10164,10231
217321,10234,10317
161056,10349,10421
346682,10499,10593
129007,10527,10590
327778,10531,10588
360685,10533,10593
1128,10684,10771
285448,10708,10771
271570,10750,10854
361155,10760,10845
26833,10763,10849
374507,10770,10839
311454,10780,10847
