48687,191,307
209091,198,276
194593,212,270
64840,212,293
234409,214,290
188569,225,293
210456,274,373
182408,286,376
3543,297,367
285278,297,371
76561,304,370
182542,308,431
23264,318,382
11849,319,430
180523,322,428
162257,325,438
184835,334,421
206779,367,432
111143,374,432
27731,545,606
151763,553,625
359233,561,626
318475,657,746
218666,673,755
179628,673,763
197675,943,1008
222765,943,1017
151847,945,1029
204985,949,1030
128730,950,1051
252672,950,1058
204050,951,1027
246898,957,1008
296265,960,1027
151848,961,1063
21398,965,1032
130562,966,1067
182992,966,1098
119365,970,1061
218829,972,1053
41414,973,1062
102586,974,1054
82642,975,1048
234787,979,1050
56657,979,1060
278983,980,1106
75141,981,1051
137638,983,1083
14013,984,1103
241769,989,1087
24990,990,1047
121067,990,1052
6275,990,1111
249504,992,1053
176146,995,1049
98026,997,1092
106125,998,1071
261654,999,1078
28486,999,1088
221735,999,1094
210454,999,1101
270559,1002,1078
241701,1002,1103
367574,1006,1087
161225,1006,1121
182993,1008,1136
161226,1010,1091
127176,1010,1105
98027,1010,1116
347051,1011,1101
43040,1014,1095
182991,1050,1140
215291,1076,1139
44936,1095,1140
259635,1289,1367
136634,1457,1505
210455,1616,1688
55618,1618,1699
242226,1619,1719
366570,1622,1693
43256,1651,1713
225854,1675,1739
279576,1737,1835
5741,1741,1817
221120,1742,1803
339548,1744,1817
222428,1744,1835
5741,1744,1846
206780,1745,1831
238871,1751,1845
279574,1753,1814
279575,1766,1837
353139,1767,1845
180494,1771,1842
400486,1927,1977
339891,2130,2181
227546,2130,2185
373463,2132,2232
406630,2134,2198
251228,2281,2345
390022,2282,2352
161913,2284,2348
318476,2284,2361
13343,2287,2348
188571,2353,2415
220928,2358,2416
8348,2885,2998
8348,3070,3174
408500,3388,3486
196744,3406,3487
395131,3413,3481
213491,3416,3470
258285,3416,3484
299307,3424,3485
240118,3428,3499
169967,3676,3756
99919,3688,3764
5804,3691,3759
145208,3692,3754
57083,3693,3766
265193,3694,3764
142820,3696,3757
69563,3705,3798
165454,3706,3756
324598,3706,3759
210390,3706,3764
352083,3707,3815
127985,3709,3755
188570,3710,3845
350922,3711,3838
333213,3715,3844
57889,3730,3839
219952,3735,3845
89444,3745,3858
249505,3756,3876
167624,3757,3835
253397,3790,3855
207168,3795,3860
48688,3795,3871
367575,3811,3872
238918,3817,3872
248331,3935,4007
285271,3936,3983
213759,3936,3999
120101,3938,3997
257398,3946,4000
367573,3949,3998
140123,3978,4034
102670,3994,4089
229058,4008,4070
358703,4016,4083
287880,4021,4082
127175,4153,4253
330359,4158,4214
138765,4159,4253
339329,4161,4252
366817,4163,4253
138493,4174,4245
5630,4177,4245
111144,4186,4253
361795,4189,4246
16904,4189,4254
41815,4192,4253
