212577,131,196
234292,140,215
391477,164,247
64850,183,240
188569,184,246
382288,192,263
93754,227,329
114833,245,341
3097,255,315
266618,261,328
226864,265,327
45404,269,336
30968,402,475
132896,404,480
345525,424,494
101751,467,527
94197,786,853
297997,796,859
94198,797,867
118206,799,852
62877,799,866
71239,801,853
91308,812,883
206560,819,882
252523,868,933
25718,874,934
343340,899,958
377364,951,1004
168896,1162,1229
131791,1172,1252
98748,1173,1248
304442,1176,1246
272970,1183,1247
148347,1185,1246
6937,1399,1464
48890,1409,1483
59036,1412,1474
199951,1414,1473
74282,1421,1482
92249,1427,1479
225393,1427,1482
368777,1600,1660
17710,1603,1666
383760,1868,1957
340818,1872,1954
194970,1884,1947
201725,1893,1945
296040,1893,1947
198537,1893,1959
203659,1893,1962
283448,1894,1957
353009,1895,1960
63765,1897,1966
304112,1905,1966
72298,1905,1969
100943,2131,2192
15078,2134,2208
35264,2135,2211
277788,2135,2223
286389,2136,2209
194347,2137,2213
143973,2140,2203
74374,2144,2208
141787,2145,2209
141333,2147,2220
229202,2148,2212
236645,2148,2216
348806,2150,2220
163785,2181,2248
79755,2399,2461
395409,2399,2463
137185,2405,2458
291611,2408,2464
216845,2415,2473
109275,2668,2735
43635,2851,2929
178550,2855,2941
218630,2997,3057
249760,3033,3076
288715,3451,3528
19357,3452,3517
260660,3452,3525
249250,3457,3518
249745,3457,3525
407776,3461,3522
192363,3468,3524
318418,3501,3554
144509,3521,3598
93753,3526,3622
255907,3533,3613
269717,3536,3597
212578,3547,3623
389866,3551,3600
297996,3551,3609
316129,3551,3625
204953,3553,3618
292742,3557,3609
263413,3557,3621
283747,3565,3637
78122,3589,3653
277417,3651,3715
18875,3805,3859
213402,3805,3866
407777,3805,3873
105688,3805,3884
383838,3806,3880
281108,3831,3892
86425,3835,3903
84851,3935,4002
344950,3967,4050
25717,3997,4060
396252,4001,4070
42482,4001,4077
37606,4002,4074
310662,4012,4076
106844,4025,4076
102153,4107,4181
336465,4107,4189
188570,4107,4240
30441,4129,4251
366447,4182,4250
193993,4194,4255
298833,4201,4262
209575,4206,4261
56072,4493,4574
16310,4494,4559
149786,4495,4581
37606,4497,4575
162932,4525,4580
214687,4545,4592
201727,4577,4658
86275,4583,4654
251853,4596,4651
305670,4610,4661
332035,4616,4692
214657,4625,4681
340117,4625,4686
84961,4625,4694
231403,4626,4692
303324,4632,4694
353674,4635,4685
393528,4643,4725
249442,4648,4733
73638,4717,4790
77601,4717,4796
370579,4724,4791
105144,4726,4788
59075,4732,4786
246330,4732,4793
277789,4733,4792
74645,4742,4809
296259,4823,4886
231404,4827,4886
249441,5085,5179
21166,5119,5181
239085,5124,5168
194586,5124,5181
369698,5294,5363
280325,5297,5369
400502,5310,5378
283145,5314,5385
178551,5321,5391
368514,5465,5521
378588,5595,5657
397686,5599,5663
68357,5779,5835
48697,5907,5972
37239,5908,5954
212295,5916,5969
46061,5922,5982
22393,6332,6396
50727,6956,7021
376411,6956,7054
81723,6959,7034
122158,6959,7048
332034,6961,7035
147960,6969,7040
53012,6971,7056
20246,6973,7033
13443,6975,7042
179409,6976,7059
63221,6984,7050
52483,6986,7076
245524,6987,7056
266617,6993,7053
30528,7210,7284
123081,7232,7317
44656,7261,7326
27583,7262,7324
338901,7263,7328
348910,7266,7333
309146,7277,7372
251852,7296,7372
45846,7307,7372
340323,7416,7472
864,7417,7482
37031,7420,7493
278372,7452,7570
109277,7457,7534
365622,7473,7535
19299,7475,7534
333663,7504,7562
151830,7525,7589
114834,7529,7587
86276,7575,7622
249443,7638,7701
18874,7639,7733
57990,7958,8042
136237,7959,8025
147188,7962,8046
352451,7989,8044
377479,7990,8052
236462,8005,8079
213116,8011,8073
18874,8252,8349
60715,8274,8337
365574,8337,8399
369936,8349,8396
230219,8364,8408
146664,8371,8451
42163,8665,8728
129927,8913,8975
309147,8913,8986
299721,8917,8979
188571,9103,9167
217259,9180,9266
306227,9197,9256
155840,9216,9278
368778,9255,9300
143974,9402,9492
143975,9402,9504
342097,9416,9503
245915,9417,9473
42162,9417,9512
149899,9425,9504
139927,9566,9654
310663,9583,9657
205487,9618,9666
240350,9830,9900
245165,10249,10301
286022,10261,10319
20054,10264,10313
145708,10266,10314
36409,10302,10382
151044,10306,10372
397687,10311,10380
255020,10337,10397
260661,10371,10447
172660,10375,10439
296295,10379,10445
85915,10380,10449
270324,10388,10457
220092,10388,10478
179575,10390,10450
253648,10391,10438
229361,10391,10473
345274,10392,10441
288716,10393,10467
229362,10395,10473
54073,10396,10439
340740,10397,10448
278175,10398,10472
325844,10401,10461
30756,10401,10471
310039,10404,10462
131792,10404,10471
6888,10405,10475
73869,10406,10477
15352,10410,10478
292743,10414,10476
323285,10417,10475
356336,10418,10474
118028,10419,10476
6887,10420,10471
267272,10567,10623
251677,10569,10631
162915,10569,10634
120480,10570,10659
807,10571,10633
180853,10574,10638
218318,10574,10640
151869,10576,10654
173393,10578,10646
112211,10580,10641
251840,10580,10647
257352,10588,10650
57388,10592,10655
158544,10594,10651
183032,10595,10652
60488,10719,10807
195380,10733,10816
257717,10741,10806
195011,10743,10806
41814,10757,10807
98934,11012,11074
363899,11360,11410
71728,11652,11763
216216,11654,11737
83049,11657,11733
119125,11660,11785
16437,11661,11745
74,11664,11727
136677,11666,11737
141788,11666,11765
97572,11667,11732
381393,11668,11776
51397,11669,11730
210842,11671,11740
54694,11683,11744
177706,11685,11748
142623,11685,11773
43102,11687,11795
34674,11688,11750
135370,11690,11753
245582,11691,11804
31469,11693,11739
344949,11693,11754
35265,11708,11798
105064,11712,11801
357392,11717,11810
262110,11717,11819
407497,11718,11823
109738,11721,11785
326688,11723,11788
57389,11723,11804
224098,11726,11790
14266,11728,11836
118205,11729,11798
25673,11732,11794
128126,11733,11796
36942,11733,11802
228397,11733,11806
302034,11733,11823
262216,11735,11796
334785,11735,11801
298835,11735,11809
162933,11736,11806
249440,11740,11801
158467,11743,11805
89541,11744,11828
28502,11745,11815
15079,11746,11809
92994,11746,11812
355748,11749,11818
82423,11750,11842
301200,11762,11835
62905,11764,11841
18875,11769,11842
131492,11774,11851
347984,11793,11854
356337,11796,11858
254017,11797,11875
96085,11801,11854
160578,11823,11887
376412,11824,11880
330082,11824,11886
54209,11831,11905
142192,11860,11914
251851,11908,11977
109276,12150,12204
32836,12150,12210
341551,12520,12584
124901,12521,12607
55548,12522,12585
134135,12522,12597
226865,12522,12605
198974,12523,12609
70919,12525,12593
27450,12525,12596
7512,12528,12598
396561,12532,12598
302122,12540,12597
150933,12915,12978
356335,12924,12980
389867,12934,12989
310664,12941,12987
110836,12966,13015
396888,12998,13044
30782,13177,13225
126534,13201,13266
83236,13203,13266
298834,13231,13291
348871,13231,13323
319505,13238,13291
55709,13238,13301
318570,13244,13300
82422,13247,13291
212579,13277,13340
120751,13287,13343
238829,13304,13394
131954,13370,13433
201726,13536,13613
97877,13537,13616
