14556,101,164
3543,101,167
296251,102,166
199202,102,174
64502,126,241
107752,126,256
313926,133,209
1592,152,251
355095,172,253
266918,212,281
1293,229,296
114570,265,351
189003,273,416
213937,275,380
304332,282,393
157639,286,392
157642,286,425
120355,287,402
41098,298,413
16421,302,439
84633,304,444
200670,306,375
359034,306,412
14766,307,426
196177,312,418
144457,313,431
396633,316,432
2251,317,427
169784,320,438
86929,320,471
13513,321,417
76492,348,478
390099,353,475
344802,354,464
333269,357,450
347290,366,486
169292,374,470
233565,380,471
256938,382,486
216559,387,456
360924,391,454
169291,394,484
263913,397,478
47493,406,490
30773,410,478
86930,496,661
9532,498,597
104352,498,603
36504,499,559
1190,499,570
359033,501,615
130522,502,597
246302,504,610
14924,506,637
399452,508,624
233564,508,629
169290,509,665
13911,512,660
147454,516,664
89812,517,629
8506,518,645
328270,518,660
8174,521,598
56135,522,615
333412,525,657
54693,531,632
35165,533,638
196782,534,648
135545,536,643
261018,552,653
268808,553,649
323158,555,654
44543,558,644
167331,558,651
258199,559,657
169783,560,652
35633,561,659
181340,569,653
1295,606,671
114573,620,686
114567,623,676
9015,755,824
114566,761,827
308006,788,860
202051,794,855
102946,895,954
65713,895,959
114566,896,955
40728,896,957
114567,916,978
77630,1051,1158
114096,1097,1182
205245,1434,1485
32508,1438,1498
248627,1451,1515
291668,1459,1515
263912,1785,1856
254688,1956,2019
120354,1987,2075
8999,1996,2075
1294,2001,2078
381192,2008,2075
360741,2032,2104
123194,2036,2107
270301,2037,2097
123900,2044,2114
250107,2045,2106
189004,2050,2126
98816,2055,2121
189005,2061,2132
335690,2067,2132
120353,2218,2311
114572,2221,2290
1296,2227,2319
114571,2231,2303
232800,2776,2846
36634,2781,2843
315333,2814,2916
25376,2820,2916
103177,2821,2918
231025,2823,2911
15420,2826,2892
232851,2829,2897
13213,2834,2908
719,2838,2897
213202,2846,2915
360740,2863,2922
200669,2865,2914
45977,2980,3048
101572,2980,3076
186526,2980,3081
119357,3116,3203
182326,3119,3168
120092,3119,3175
275870,3119,3191
31837,3119,3203
329133,3120,3172
28038,3125,3200
157641,3130,3199
77802,3130,3203
336950,3137,3205
144458,3143,3219
2291,3150,3199
119356,3152,3219
123806,3153,3215
105294,3155,3219
123805,3159,3214
112176,3168,3220
228302,3427,3525
173697,3545,3641
102145,3551,3650
114569,3721,3820
86927,3722,3842
400430,3728,3790
86928,3764,3886
19707,3799,3885
368835,3800,3882
263759,3803,3880
235005,3810,3885
22037,3811,3880
58408,3812,3886
232852,3818,3879
52967,3819,3883
381954,3821,3882
115099,3827,3886
114570,3958,4026
353308,3979,4100
228303,3986,4105
92136,3996,4105
130523,4009,4132
169785,4033,4118
393104,4036,4117
27690,4038,4105
157640,4051,4170
387681,4098,4182
40729,4099,4162
238748,4100,4183
69129,4103,4182
81408,4103,4201
72243,4104,4196
173696,4110,4184
15807,4117,4182
57315,4118,4184
4283,4119,4186
3175,4169,4298
251635,4180,4281
278633,4180,4293
281241,4181,4289
13645,4183,4284
370030,4186,4307
39205,4189,4283
128977,4189,4286
270202,4189,4301
372800,4191,4291
35164,4194,4288
360309,4200,4315
247714,4203,4307
344337,4204,4281
10519,4205,4258
344801,4206,4290
20123,4227,4282
19264,4228,4301
304329,4370,4431
200668,4380,4436
123605,4439,4543
304331,4440,4557
330586,4444,4545
123604,4461,4566
57289,4472,4544
146428,4476,4538
170337,4482,4572
253723,4497,4549
253457,5093,5157
1593,5100,5158
36821,5244,5305
23129,5244,5316
48191,5247,5300
245109,5247,5314
365221,5247,5326
146006,5249,5316
359032,5259,5328
225861,5264,5333
114568,5768,5821
309722,5795,5864
204481,5796,5881
123269,5804,5870
106126,5804,5902
106127,5809,5901
182936,5816,5877
87779,5816,5885
31838,5818,5879
144734,5821,5885
98837,5822,5882
30026,5824,5881
295097,5825,5880
104997,5825,5885
203084,5841,5894
68656,5849,5920
36313,5864,5927
357867,5943,6006
70953,5968,6045
404532,5985,6080
174052,5994,6062
137550,6007,6079
159428,6021,6080
42664,6023,6081
396166,6024,6082
221732,6024,6084
84688,6028,6085
174641,6158,6214
330585,6159,6213
378952,6275,6330
50192,6358,6411
313470,6358,6421
114572,6379,6436
114573,6386,6448
114571,6390,6443
164299,6435,6494
12644,6440,6496
2093,6442,6512
323524,6445,6517
114076,6447,6520
241537,6463,6525
241538,6463,6543
114077,6478,6576
313568,6493,6562
392334,6500,6570
317872,6668,6733
114568,6831,6894
199130,6832,6887
144459,6832,6917
177261,6837,6893
57771,6847,6910
10486,6999,7062
4263,7016,7075
186524,7127,7247
263328,7131,7194
186525,7137,7262
376537,7145,7213
270201,7154,7239
18103,7163,7213
300395,7163,7222
304330,7166,7242
24376,7180,7253
74822,7180,7258
182327,7185,7269
114569,7209,7289
1594,7381,7434
7288,7386,7483
187415,7387,7435
313928,7389,7456
283872,7392,7440
368836,7393,7456
108833,7572,7706
108834,7599,7759
153931,7606,7666
13015,7624,7687
165671,7627,7669
261869,7637,7733
170539,7649,7755
359439,7652,7721
89914,7652,7745
313927,7654,7735
31835,7654,7748
174640,7656,7734
395103,7662,7758
66735,7667,7737
395104,7692,7782
407537,7706,7797
380337,7709,7841
170540,7710,7826
41099,7713,7805
108835,7732,7853
357866,7741,7805
183925,7785,7886
170542,7793,7915
135546,7802,7905
31836,7808,7915
3128,7810,7905
212358,7812,7915
294076,7815,7899
170336,7815,7903
808,7818,7915
248659,7828,7890
102945,7829,7908
265449,7834,7905
312896,7835,7908
170541,7839,7915
10392,7840,7908
372441,7842,7916
15430,7844,7907
18784,7850,7901
86931,7865,7916
241566,8058,8116
