347836,135,213
64799,146,208
243418,250,338
43556,251,369
400414,256,371
10408,265,391
56777,269,359
89716,270,380
122239,271,390
173103,275,396
225849,277,394
213420,277,402
57969,281,417
193265,284,345
14766,284,403
66106,284,410
370037,285,399
144939,288,405
330531,293,414
352507,294,379
405423,323,431
326643,362,462
6900,398,474
207799,400,471
33141,402,470
286083,405,467
7092,405,484
212285,406,470
231769,407,474
143024,408,478
201188,411,472
244676,411,476
404388,412,487
63901,420,501
397170,445,550
357140,457,527
226378,467,558
1190,469,530
32270,469,570
355460,470,556
94085,470,578
301470,473,555
25533,473,610
66292,474,622
181132,475,586
213098,478,595
64188,478,606
369851,480,589
343338,483,640
372480,484,593
8174,485,564
228796,485,602
352892,486,596
8506,486,610
309933,487,607
344180,488,554
139152,489,628
130738,491,623
390273,493,612
94201,493,616
326632,497,607
352714,498,632
177920,500,614
308952,503,633
9873,504,598
394658,507,643
269298,512,628
191051,518,621
53437,528,647
175088,529,643
326642,539,649
222273,540,652
48113,556,652
195254,560,676
64189,569,647
179957,570,663
84806,581,647
182797,584,630
277356,585,647
197745,587,647
100299,587,660
94609,594,647
5462,595,645
22179,609,668
241772,1018,1104
241771,1171,1244
407731,1355,1405
8283,1367,1410
210792,1436,1524
210791,1437,1533
7918,1446,1536
241773,1455,1575
230762,1456,1523
245249,1456,1536
57159,1457,1534
196079,1466,1536
151352,1467,1522
263264,1468,1533
332124,1487,1554
75816,1505,1555
224623,1540,1590
369853,1695,1830
351471,1721,1785
289391,1722,1793
14139,1723,1774
94608,1724,1786
42911,1728,1787
36295,1728,1791
328335,1850,1937
190731,1884,1942
375468,1885,1954
79126,1916,1975
400542,2307,2371
210792,2358,2436
210791,2358,2447
1094,2360,2431
229881,2496,2577
146448,2662,2733
265461,2662,2752
57160,2663,2755
400541,2678,2747
253800,2692,2752
369854,2850,2948
79987,2857,2941
386116,3124,3191
320805,3126,3241
399083,3130,3197
137894,3137,3251
56130,3140,3249
400415,3143,3221
400412,3145,3238
323236,3146,3210
180610,3154,3232
320804,3156,3249
132278,3158,3255
276344,3173,3227
300730,3173,3231
369850,3173,3236
315063,3179,3252
292413,3187,3253
375469,3313,3404
278401,3313,3416
3598,3323,3422
35049,3331,3421
124223,3336,3418
137833,3339,3422
286842,3343,3415
8707,3344,3413
118902,3365,3418
386353,3542,3604
400540,3574,3637
136693,3582,3658
90172,3587,3638
214687,3587,3650
202482,3588,3649
18111,3589,3639
273319,3606,3662
370038,3615,3671
114864,3707,3770
33576,3726,3782
339316,3759,3819
151386,3760,3844
314001,3798,3865
214023,3919,3986
539,3921,3979
128465,3921,3984
215769,3923,3969
193114,3924,3987
18057,3927,3988
400267,4132,4187
43240,4145,4203
180747,4165,4212
250629,4270,4347
129979,4577,4646
10087,4582,4647
30114,4583,4633
42912,4585,4670
126171,4586,4648
12777,4592,4661
395911,4592,4677
84177,4593,4649
10925,4596,4669
15280,4597,4664
293451,4600,4663
55513,4603,4663
62843,4605,4660
61465,4605,4680
195203,4607,4679
305476,4610,4671
266142,4610,4680
400413,4617,4677
305858,4617,4680
382259,4813,4926
75760,4824,4913
104362,4837,4895
334938,4839,4902
367125,4843,4924
14561,4847,4917
202360,4850,4907
14560,4850,4917
232681,4851,4915
3841,4853,4916
170578,4853,4919
10409,4853,4925
27602,4855,4909
121077,5016,5061
51725,5016,5076
369852,5016,5096
