367918,352,462
367499,375,478
396691,378,472
63218,402,502
82784,454,541
14342,454,561
270202,463,585
32419,464,577
350030,478,562
77644,484,577
225322,502,570
332075,510,595
173299,773,848
50924,1447,1552
252299,1470,1564
144458,1482,1563
173300,1501,1563
379460,1513,1563
246317,1655,1724
113354,1662,1717
311513,1665,1728
356882,1677,1757
379509,1681,1738
348326,1682,1745
225323,1684,1740
60877,1685,1733
301281,1687,1735
104517,1695,1776
176036,1706,1777
174561,1709,1776
222829,1715,1776
304986,1974,2034
99241,1995,2036
88669,2098,2147
270201,2154,2229
20795,2184,2251
403028,2303,2403
135747,2340,2403
289338,2344,2410
38431,2461,2594
252148,2466,2523
124657,2471,2542
39027,2471,2545
2700,2473,2566
15829,2477,2539
47797,2478,2616
84314,2482,2543
113152,2482,2564
356114,2485,2549
137584,2486,2565
252299,2486,2582
333728,2488,2586
124656,2491,2566
360188,2493,2587
337272,2503,2587
91147,2505,2578
1062,2505,2584
341,2505,2588
123070,2513,2578
84313,2515,2586
201758,2515,2591
335814,2520,2604
290707,2521,2593
392817,2527,2601
386004,2528,2619
120414,2530,2599
38432,2531,2647
399507,2533,2584
52481,2533,2586
233058,2534,2588
186722,2536,2588
396491,2542,2596
316621,2552,2619
47798,2557,2665
278314,2558,2618
333727,2558,2639
278315,2560,2617
256566,2567,2647
132409,2569,2664
262853,2588,2665
38429,2756,2840
38428,2772,2861
206363,2945,3001
38430,2962,3055
22799,3009,3075
15748,3050,3101
94420,3065,3108
382994,3077,3180
25520,3083,3172
137894,3098,3201
123071,3104,3159
25521,3109,3188
20796,3109,3194
48013,3111,3173
25519,3135,3228
344237,3140,3198
206362,3165,3223
145750,3165,3226
403027,3419,3470
