310300,129,244
332449,135,197
236558,136,296
182510,140,210
24917,140,259
378615,140,274
227146,146,293
68872,151,228
32259,152,281
40855,157,281
322252,162,273
175456,162,281
102375,178,321
355377,182,279
175457,191,259
82322,192,253
32260,195,296
104870,195,312
32721,205,295
197123,206,268
260220,210,275
91376,211,316
218678,213,311
134885,214,305
302959,215,276
125159,220,295
337326,222,314
378936,225,300
196499,226,284
34047,226,290
2601,226,319
340969,226,363
282676,228,289
372047,230,287
397486,230,291
233952,231,354
19528,233,336
228733,235,296
299393,243,367
9435,246,321
62170,249,322
24790,249,329
56674,256,324
221340,256,381
390782,258,342
101616,258,385
101260,260,343
9078,262,326
180227,266,381
215012,266,387
92430,267,327
294864,268,377
5833,271,386
102374,271,392
211123,274,437
276387,283,399
40410,283,421
385867,284,345
360375,291,414
175462,298,349
2251,301,423
237916,304,385
225948,304,433
112178,310,487
113367,322,383
9622,323,427
91001,324,459
64255,326,471
325174,328,429
91983,333,461
5229,334,429
261051,334,452
277601,341,452
19878,347,418
143689,365,454
367665,367,509
260460,368,457
378937,374,501
307795,377,506
270284,380,511
64820,381,497
280299,386,509
35348,391,459
236557,394,509
126011,398,553
277820,403,495
98948,404,504
148568,407,510
30773,411,507
107992,411,510
262091,413,491
16901,415,465
161806,418,481
117898,418,500
75175,419,493
37021,420,506
134333,426,517
233953,426,523
31232,431,515
346723,431,531
344949,434,484
252087,436,524
390238,439,520
229288,440,493
165560,440,501
40563,441,515
279429,443,523
91002,444,529
62171,444,561
217436,445,577
134211,447,508
32859,447,529
102376,447,580
225947,448,512
165169,448,517
32894,448,546
165762,449,510
28185,449,525
390948,449,588
277838,451,512
239530,462,569
56404,468,540
310301,476,566
149225,496,548
319268,507,609
33629,520,612
107491,520,617
8506,539,656
35165,541,648
50083,542,604
307117,543,621
32275,543,643
28186,558,674
123176,605,665
356719,606,664
292918,709,770
25,799,866
359005,879,954
237589,912,1002
385101,928,1004
237588,1066,1128
368866,1073,1133
118846,1089,1133
208348,1188,1259
93385,1206,1298
93386,1209,1298
278061,1210,1293
333472,1214,1290
249303,1218,1303
45175,1226,1302
278442,1244,1333
353564,1266,1343
405895,1266,1374
183636,1280,1345
185655,1280,1348
5763,1282,1343
316309,1287,1343
109783,1305,1361
230250,1338,1415
91842,1338,1423
91843,1344,1418
145080,1350,1421
28184,1350,1427
135482,1359,1414
164921,1390,1437
67028,1490,1547
2941,1490,1554
40854,1491,1560
327888,1494,1555
199173,1576,1667
84827,1583,1677
22224,1591,1645
64819,1595,1681
218677,1604,1680
317883,1611,1673
52796,1620,1681
113573,1817,1883
227708,1817,1889
92428,1817,1907
30029,1817,1916
68871,1818,1899
46883,1823,1870
208347,1824,1945
162217,1826,1874
109784,1827,1870
172913,1828,1906
19875,1831,1900
377955,1831,1907
211122,1833,1908
61553,1834,1900
104833,1837,1905
174012,1859,1932
256200,1912,2010
267525,1914,1975
291328,1917,1999
116262,1917,2012
32418,1920,2008
402210,1925,1975
400575,1929,2003
6851,1929,2006
353263,1938,2000
46393,1947,2012
176465,1959,2010
16355,1962,2012
405294,2062,2124
368613,2063,2125
19876,2063,2127
155254,2064,2123
142717,2352,2409
361798,2352,2413
96461,2352,2426
305510,2352,2430
79287,2352,2434
177610,2353,2443
249444,2353,2451
155253,2361,2457
169998,2365,2429
407292,2367,2432
353562,2368,2443
49512,2369,2434
96462,2371,2433
164921,2371,2440
211103,2372,2451
210536,2372,2458
11115,2374,2435
19763,2374,2444
218676,2375,2438
44554,2375,2459
129267,2376,2441
365829,2380,2439
83806,2381,2438
402441,2381,2442
253811,2387,2474
378935,2389,2462
372477,2399,2464
6976,2400,2457
253810,2400,2473
106201,2401,2455
230135,2402,2471
301,2405,2471
405557,2407,2467
83804,2409,2458
73198,2410,2456
288182,2411,2452
153557,2419,2474
89417,2420,2473
91424,2543,2604
101626,2543,2618
338073,2545,2606
263635,2545,2628
89936,2545,2644
298600,2547,2610
135318,2549,2610
23053,2549,2628
313903,2549,2632
113634,2551,2617
131468,2551,2633
231833,2552,2616
306835,2553,2617
273869,2561,2629
220216,2565,2633
224059,2566,2631
300708,2567,2637
46394,2567,2643
106197,2567,2648
19877,2568,2632
131469,2570,2640
297632,2577,2630
319523,2585,2636
121033,2586,2685
220214,2587,2648
176032,2587,2652
355376,2588,2654
359006,2589,2640
18844,2605,2668
198151,2607,2666
137945,2608,2674
91989,2609,2673
174187,2610,2674
121034,2610,2705
105847,2612,2673
369634,2614,2688
347274,2624,2680
174014,2653,2724
116111,2655,2722
324734,2661,2735
4633,2663,2724
182655,2675,2725
172909,2683,2745
202035,2686,2752
297633,2692,2755
212669,2697,2770
300707,2699,2761
243012,2701,2763
150257,2703,2767
334470,2703,2773
211104,2781,2859
405241,2790,2862
177944,2833,2898
169988,2843,2914
290841,2858,2920
266396,2858,2923
360077,2860,2947
125160,2863,2927
152854,2886,2960
193596,2886,2968
164829,2898,2942
401608,2898,2979
313181,2901,2959
376315,2904,2978
161980,2905,2969
89945,2910,2978
244132,2912,2979
29977,2917,2974
20054,2918,2972
28187,3060,3127
141926,3061,3202
321143,3062,3124
298601,3062,3168
34583,3062,3173
50084,3064,3182
4539,3067,3196
35164,3070,3178
29978,3075,3182
149226,3075,3189
56899,3081,3191
198846,3084,3177
188022,3087,3173
392893,3089,3200
154618,3092,3210
8174,3093,3151
2261,3107,3196
366312,3108,3191
124330,3110,3194
76929,3111,3217
64704,3115,3191
396326,3115,3201
115206,3118,3192
70635,3118,3214
29979,3125,3200
311011,3136,3191
368614,3153,3215
47614,3161,3208
183637,3170,3223
92311,3205,3281
168100,3208,3274
111216,3211,3264
138728,3266,3343
369823,3275,3349
60600,3292,3361
198996,3395,3487
47816,3396,3461
8175,3396,3472
220351,3396,3475
343287,3396,3498
92429,3396,3514
287787,3397,3460
206968,3399,3472
271525,3399,3477
70776,3400,3460
161014,3400,3462
339082,3400,3464
53267,3400,3493
167871,3401,3512
40856,3402,3506
272113,3404,3493
101259,3406,3470
64256,3407,3467
194345,3407,3478
182636,3407,3511
8650,3408,3469
171801,3408,3498
388552,3409,3506
65303,3412,3486
177942,3413,3503
72749,3414,3472
175463,3414,3483
179318,3414,3525
2938,3415,3470
206967,3415,3477
210007,3415,3480
184573,3416,3473
24965,3418,3488
91990,3419,3512
406653,3422,3512
150256,3426,3517
130245,3429,3492
349946,3429,3532
222356,3432,3498
167870,3433,3512
79681,3433,3533
183635,3436,3512
55069,3437,3498
73480,3440,3504
19758,3443,3514
336856,3521,3610
388551,3522,3614
19762,3526,3586
44928,3532,3589
263634,3536,3607
158399,3556,3624
23783,3572,3640
113758,3584,3660
251083,3591,3660
282990,3893,3948
353179,3896,3986
64999,3925,3984
279640,4081,4140
117507,4107,4175
162218,4108,4167
353264,4108,4186
360078,4127,4183
44400,4144,4212
337686,4194,4244
377144,4205,4309
362042,4231,4314
98445,4244,4321
20944,4247,4307
189332,4249,4316
60742,4250,4297
327144,4251,4315
106463,4252,4309
275018,4253,4312
71280,4253,4317
135481,4257,4320
169476,4258,4314
6975,4258,4328
10910,4259,4316
45176,4267,4331
52760,4271,4317
138056,4271,4353
105257,4272,4318
358098,4286,4348
70046,4564,4632
279640,4569,4637
142299,4608,4665
279886,4614,4711
237590,4624,4686
37505,4634,4698
105661,4638,4711
73479,4657,4711
141925,4868,4942
61555,4882,4988
207817,4886,4991
292916,4889,4970
139456,4902,4957
350050,4904,5014
121963,4959,5026
405240,4961,5027
271524,4965,5025
28169,4967,5026
126026,5065,5121
26380,5066,5126
8238,5070,5127
251084,5104,5174
282989,5114,5175
220215,5124,5174
171847,5134,5195
362597,5166,5232
344950,5179,5255
359004,5196,5261
295110,5198,5263
210020,5199,5255
292917,5209,5257
59604,5209,5265
9130,5213,5294
277839,5218,5286
210173,5251,5376
117899,5254,5327
125389,5254,5349
333473,5256,5317
117722,5256,5328
277841,5264,5347
145315,5265,5363
109741,5265,5375
117900,5266,5360
405239,5269,5381
107993,5272,5363
277840,5277,5385
95766,5307,5373
269620,5307,5376
98947,5319,5377
160965,5330,5376
227556,5335,5406
400914,5337,5395
206201,5355,5427
211007,5378,5427
250118,5378,5454
313904,5378,5457
11528,5380,5462
8878,5382,5436
225397,5383,5451
8374,5384,5464
176972,5385,5442
203374,5385,5477
258945,5386,5430
311819,5386,5447
372440,5388,5485
149755,5389,5453
101615,5394,5458
64323,5408,5482
32274,5412,5520
197049,5416,5480
224103,5416,5524
73416,5417,5487
387341,5417,5494
187181,5418,5503
364052,5427,5504
135294,5430,5538
85837,5431,5492
299772,5432,5517
30030,5449,5542
9131,5450,5548
109140,5459,5547
117897,5471,5549
307118,5621,5703
64476,5621,5712
156661,5622,5720
206200,5623,5704
393745,5624,5750
317882,5624,5761
101355,5625,5754
154617,5626,5723
276468,5627,5735
109077,5627,5768
41387,5628,5746
32273,5628,5782
22379,5629,5692
58857,5630,5761
177943,5631,5683
212773,5631,5710
219466,5635,5720
331107,5636,5716
193595,5637,5779
378542,5640,5701
294224,5648,5774
61554,5654,5794
113750,5657,5757
202507,5658,5792
323725,5658,5807
213102,5665,5742
1642,5667,5733
51887,5668,5732
405894,5675,5800
141115,5677,5787
32417,5680,5799
83805,5683,5808
27931,5691,5779
401723,5698,5805
45460,5700,5755
7701,5700,5808
359003,5704,5816
73171,5707,5808
204793,5709,5755
220217,5709,5819
101617,5711,5788
1315,5712,5778
34705,5715,5794
402211,5721,5779
2940,5721,5816
114406,5722,5804
64254,5722,5810
290786,5727,5802
257673,5730,5819
193594,5732,5808
353565,5740,5791
248114,5744,5785
31491,5744,5805
180593,5748,5810
188611,5759,5814
175458,5763,5819
