21110,101,220
352813,109,247
52896,129,210
77693,129,249
324530,131,203
292856,134,250
60038,139,210
294403,150,213
166580,151,250
289679,156,217
4053,163,248
46760,164,228
31053,165,287
352810,166,227
318590,169,231
302774,172,251
123579,173,249
302773,176,237
124783,188,249
242,194,272
14009,234,342
243742,248,358
124782,254,351
153049,255,317
75327,272,389
21506,275,392
257376,277,361
185703,281,398
321007,281,405
41890,282,387
169713,282,391
374028,290,412
226596,293,394
81320,294,404
72111,299,415
122262,561,642
226660,586,648
153103,586,653
60531,601,661
158873,722,818
352812,723,824
270083,726,795
352811,728,798
351359,730,794
224403,733,795
185460,737,798
185459,737,814
46359,738,800
158874,741,803
218917,741,832
261941,743,815
396821,754,818
372786,754,824
394908,760,828
154258,761,825
98549,762,832
351562,763,834
60530,769,831
23925,771,835
155753,787,856
292855,1390,1508
14008,1399,1523
402613,1414,1560
209812,1439,1564
168511,1441,1536
79876,1446,1579
41891,1462,1579
174937,1466,1584
226001,1466,1597
97733,1469,1591
19269,1471,1599
354279,1475,1636
120523,1477,1561
72909,1478,1537
159719,1484,1540
119454,1484,1542
2078,1484,1588
15316,1485,1582
104702,1486,1600
257375,1489,1585
149163,1490,1538
14010,1490,1564
89913,1492,1559
263476,1492,1588
77075,1498,1560
109206,1499,1581
14279,1500,1588
347319,1501,1568
399856,1501,1621
106021,1502,1578
22806,1503,1564
35778,1503,1576
368683,1503,1589
44135,1504,1569
145485,1510,1614
43025,1514,1602
59075,1515,1581
65329,1516,1592
115262,1516,1600
58210,1516,1608
302287,1519,1592
115261,1519,1600
98550,1520,1565
115263,1521,1599
139081,1522,1584
281791,1522,1590
201284,1524,1618
241744,1527,1596
11309,1527,1617
382243,1529,1628
382242,1529,1633
185033,1530,1596
161987,1530,1614
36763,1531,1637
21973,1534,1625
292854,1534,1641
237385,1535,1598
97734,1535,1604
61652,1544,1606
123578,1546,1622
315216,1547,1625
335405,1551,1617
354280,1555,1693
109991,1556,1613
325973,1556,1648
143443,1559,1613
180596,1563,1626
377323,1564,1648
58738,1566,1654
58739,1570,1634
285751,1576,1680
20788,1579,1645
339760,1581,1653
59379,1585,1644
237070,1586,1628
43360,1591,1678
23979,1623,1673
