298883,108,178
165974,110,199
21719,111,197
189343,237,344
206535,237,365
387683,238,304
30008,239,307
125346,240,339
252747,242,315
349713,242,366
832,243,373
56475,247,375
97910,248,386
338209,251,331
198009,251,354
40651,252,318
6623,252,325
392376,252,367
303700,252,375
305261,252,382
194985,252,404
27869,253,349
52512,254,361
29021,254,373
61812,258,358
357512,259,324
166950,259,352
89342,259,365
170083,260,376
122239,266,388
75632,267,397
388790,270,398
283271,272,332
154964,275,346
31788,275,376
31787,279,409
373369,287,359
111800,289,411
199029,290,381
19583,291,360
89997,292,380
381759,292,385
283272,293,372
232737,293,393
123112,293,407
218819,293,412
201351,293,419
309318,294,356
293005,295,367
2251,295,404
20378,296,361
72855,296,372
356408,296,396
3277,296,425
13409,297,362
278671,298,410
329338,299,360
282906,301,419
226404,302,416
370163,307,431
22770,308,441
395570,314,398
297740,314,431
5229,316,410
106439,317,457
387783,319,418
391865,319,439
306614,320,406
406614,320,409
75633,320,432
347598,323,414
12376,327,447
205059,328,401
128068,329,410
27868,331,411
36622,331,428
123113,331,457
281737,334,447
155607,336,403
485,336,414
341938,336,419
224940,348,473
292576,349,410
217033,349,433
72358,349,445
273069,353,460
21306,357,462
303903,357,495
57625,358,412
262150,362,460
298193,363,451
357936,367,457
91850,372,453
97365,372,479
296217,376,505
97364,378,469
22330,381,436
273597,395,461
195607,395,473
125861,401,459
336543,401,462
359711,402,471
1306,403,459
155178,404,483
252784,405,479
357038,406,463
114359,410,457
117494,413,499
120975,414,463
314226,414,501
228437,414,530
329474,415,462
85513,415,509
74338,416,471
276027,416,477
287042,416,516
79800,417,460
374761,417,480
159378,417,487
147902,418,472
265841,419,466
308875,420,483
345478,421,484
10423,431,511
329115,433,500
49367,437,517
106190,438,505
374760,438,511
45525,439,514
110849,441,531
215049,464,527
226229,466,544
379677,472,542
379676,484,639
298192,485,560
50934,490,566
231880,498,569
356409,503,630
222137,504,582
34249,513,632
377856,520,581
395811,533,670
221197,563,657
355549,569,622
276222,578,639
102837,582,664
407113,583,672
20113,586,656
246526,588,649
87631,591,670
34375,592,649
200235,593,667
252785,594,659
280853,596,669
153441,601,672
81089,607,667
404324,719,817
210850,720,820
33792,720,824
135525,721,799
23188,728,821
58692,734,801
252749,735,826
249968,739,801
403535,744,824
10864,745,813
29615,745,820
334325,750,837
128652,751,821
201657,752,824
257502,753,801
132989,754,818
188271,758,830
331683,760,821
339574,761,852
44868,763,825
69194,767,859
103470,768,857
143131,771,852
119379,772,839
289630,774,835
83738,775,839
287041,775,841
89588,775,854
23399,775,858
224941,776,838
403536,777,841
360432,777,843
138074,779,840
23398,780,851
308525,781,844
82085,783,848
120840,786,847
228435,788,854
111234,788,857
16832,792,858
190938,793,856
232180,804,854
339668,894,956
259502,894,968
81088,894,975
329473,898,994
212717,911,987
56460,922,988
134481,924,987
979,924,991
149543,924,994
233731,929,987
346780,929,1001
143132,931,990
329472,932,994
186122,935,991
126460,937,998
13105,942,989
92237,942,998
19051,945,989
126772,1055,1129
213987,1056,1139
149542,1063,1139
321821,1066,1129
166949,1076,1189
361095,1077,1138
379617,1081,1140
305259,1083,1185
228519,1084,1131
95852,1084,1138
169441,1085,1157
181284,1086,1163
310451,1086,1167
131985,1088,1135
225954,1115,1198
284224,1117,1212
86465,1118,1214
20594,1119,1241
287010,1120,1188
156220,1122,1237
4714,1161,1223
156221,1168,1247
162836,1209,1284
356913,1219,1317
100830,1245,1306
81093,1245,1327
357514,1246,1308
34146,1258,1319
355548,1259,1317
81092,1262,1347
386177,1273,1331
190086,1276,1334
190085,1279,1331
380896,1279,1351
157876,1291,1334
61666,1299,1372
124296,1306,1354
401724,1307,1373
66757,1312,1361
379678,1404,1514
330154,1414,1484
190319,1423,1473
292292,1439,1511
255286,1441,1513
171933,1443,1509
296286,1633,1679
166553,1774,1845
33793,1896,1957
49924,1967,2044
57738,1997,2065
96546,1997,2097
47980,1998,2057
122402,1999,2094
228436,2000,2055
3978,2000,2066
103584,2001,2096
296755,2005,2066
202824,2006,2087
269053,2017,2102
238506,2036,2104
251853,2150,2216
390575,2176,2249
28761,2180,2279
393559,2181,2275
107938,2187,2273
43341,2193,2254
376334,2193,2281
407135,2195,2256
360201,2197,2249
190366,2221,2282
81090,2223,2273
278724,2225,2281
190030,2225,2296
125938,2263,2335
120372,2594,2666
358148,2613,2686
123132,2757,2852
43522,2760,2821
166107,2764,2853
90004,2765,2855
195498,2770,2840
30989,2773,2861
195499,2779,2866
106667,2781,2832
219933,2782,2854
84712,2789,2866
51887,2792,2857
121450,2804,2865
141063,2931,2985
148,2932,3020
156753,2947,3013
301527,2948,3039
57739,2969,3014
292281,2970,3024
47120,2970,3032
386178,3056,3113
374759,3057,3111
310562,3082,3134
379674,3101,3155
368545,3105,3194
13852,3124,3188
362394,3132,3224
251852,3154,3233
106437,3170,3232
325848,3181,3234
321155,3183,3233
44510,3184,3232
391047,3268,3337
139569,3297,3407
125939,3299,3363
332624,3343,3405
27444,3371,3433
388092,3403,3525
223714,3413,3500
134852,3414,3540
180652,3418,3478
253455,3438,3491
36406,3438,3541
65506,3443,3546
97235,3444,3507
123114,3446,3542
363725,3449,3542
162964,3450,3537
306610,3450,3548
2425,3451,3541
236373,3455,3501
56358,3458,3541
319005,3465,3541
298113,3477,3541
28509,3483,3546
221833,3640,3722
116551,3640,3734
18356,3656,3719
239221,3656,3735
397281,3661,3739
340670,3661,3748
273484,3669,3734
388093,3670,3749
95121,3671,3725
30306,3671,3727
351748,3673,3736
60973,3674,3747
17179,3676,3738
291091,3677,3727
259571,3679,3733
117495,3681,3788
111734,3683,3734
66758,3687,3789
362393,3703,3772
119131,3705,3752
351598,3705,3788
122479,3708,3781
61667,3713,3807
91851,3715,3781
359743,3715,3788
215220,3716,3792
61668,3716,3836
24709,3718,3783
25802,3718,3789
369760,3721,3785
339669,3725,3787
306615,3727,3795
328683,3733,3796
69529,3737,3808
305510,3738,3834
69454,3741,3818
124883,3745,3833
206536,3747,3844
232361,3752,3824
135395,3759,3874
18336,3761,3847
57740,3764,3825
235114,3768,3831
2177,3769,3830
402441,3773,3847
355547,3774,3862
201097,3777,3842
183315,3794,3860
187262,3795,3862
52057,3798,3874
45383,3799,3861
316517,3799,3863
4255,3801,3860
242,3801,3870
229273,3802,3874
355993,3803,3867
27954,3803,3903
407899,3806,3859
282089,3806,3871
49146,3806,3883
305260,3806,3900
197495,3807,3874
73911,3808,3852
327474,3808,3859
242,3808,3885
235115,3809,3878
212357,3829,3916
105541,3923,4059
105542,4021,4114
105543,4025,4163
344267,4040,4118
226230,4040,4154
257503,4042,4096
68299,4043,4165
245801,4044,4121
36406,4045,4156
170084,4046,4148
380352,4047,4120
346177,4051,4120
387130,4054,4120
22543,4054,4155
76904,4055,4098
226857,4055,4139
286683,4055,4172
134853,4055,4183
11937,4057,4124
218425,4057,4143
19328,4057,4152
81091,4058,4177
307089,4059,4125
374757,4059,4131
104091,4059,4197
404287,4059,4214
88313,4060,4172
47029,4060,4182
36407,4061,4185
65507,4063,4163
37752,4064,4175
271245,4065,4170
68300,4066,4166
915,4067,4199
47116,4068,4185
39033,4071,4129
61114,4071,4163
189270,4071,4170
47030,4071,4176
363727,4071,4207
3686,4072,4148
35308,4072,4156
72359,4073,4159
181685,4073,4216
363726,4074,4155
97234,4074,4185
50968,4075,4147
102058,4075,4162
123115,4075,4167
56359,4077,4177
286684,4078,4151
76311,4078,4216
77532,4079,4170
75634,4079,4198
139568,4081,4152
5645,4081,4162
159379,4081,4204
20019,4082,4156
354141,4083,4187
915,4084,4212
167910,4086,4172
2410,4086,4196
90624,4089,4188
231215,4090,4181
395569,4091,4155
357513,4094,4179
14619,4096,4199
12375,4097,4159
28509,4100,4155
179796,4101,4207
407136,4104,4202
259061,4104,4223
231208,4115,4210
92764,4115,4218
316693,4115,4223
1994,4116,4207
403485,4117,4198
6808,4123,4225
34248,4130,4212
188729,4131,4216
252971,4133,4218
43582,4140,4225
143997,4144,4222
176168,4160,4223
207024,4161,4224
241423,4163,4224
10424,4268,4343
189342,4268,4363
93956,4271,4327
88685,4271,4358
42020,4272,4325
50169,4272,4328
247748,4272,4338
156036,4273,4320
310595,4273,4334
221198,4279,4384
359071,4281,4389
272477,4285,4334
85028,4285,4339
405682,4285,4368
244,4293,4383
77534,4298,4355
268494,4298,4368
352950,4298,4373
2178,4298,4388
84002,4301,4384
357526,4304,4378
103191,4307,4368
244,4307,4371
71305,4310,4378
106440,4312,4377
244,4312,4384
29618,4321,4384
33794,4323,4387
305262,4331,4398
72854,4347,4453
174743,4372,4462
392256,4377,4445
358472,4378,4477
239647,4380,4449
128817,4385,4439
200296,4387,4472
292933,4391,4452
45132,4393,4468
24708,4399,4480
213986,4401,4468
108852,4406,4462
93957,4406,4481
190750,4442,4524
374758,4482,4583
82347,4502,4580
379675,4509,4579
108587,4701,4798
321759,4726,4790
103469,4729,4800
298251,4730,4796
157995,4730,4806
184600,4740,4811
228428,4745,4807
141183,4757,4818
213985,4758,4823
2173,4766,4827
120841,4877,4940
251851,4879,4949
190751,4970,5030
282907,5085,5162
293947,5146,5198
361096,5169,5214
251757,5169,5231
5268,5171,5218
169442,5171,5223
65508,5172,5233
252748,5283,5345
334578,5289,5339
73651,5300,5354
198039,5347,5426
371446,5350,5418
174744,5352,5413
320286,5359,5426
407487,5386,5455
340669,5414,5483
191381,5430,5504
245384,5433,5483
316348,5433,5486
276532,5433,5493
374760,5433,5506
244013,5477,5530
31900,5485,5563
239649,5487,5535
32898,5504,5631
135741,5516,5601
312696,5542,5607
365994,5557,5607
377857,5603,5673
167365,5617,5724
99212,5632,5700
321645,5636,5722
34446,5659,5725
239648,5687,5750
176474,5840,5902
167366,5873,5993
167365,5891,5996
276221,5892,5953
114392,5899,5964
159353,5900,5974
182870,5902,5986
255153,5903,5975
205933,5904,5966
287814,5905,5967
20277,5913,5976
342241,5919,5967
337857,5923,5974
154508,5940,6011
250151,5942,6031
274134,5948,6026
374757,5961,6027
122067,5976,6033
251758,6052,6118
137660,6101,6174
95358,6104,6169
121451,6107,6175
380751,6113,6175
317364,6117,6171
65017,6118,6169
276028,6125,6176
309316,6126,6225
309319,6131,6217
211252,6131,6230
263380,6132,6236
309317,6132,6242
368544,6133,6247
290526,6137,6206
26378,6137,6221
26377,6137,6247
352974,6138,6218
256592,6138,6239
263381,6142,6248
102926,6146,6248
408551,6166,6248
72856,6293,6388
4738,6294,6366
406088,6294,6390
406087,6296,6369
46036,6298,6348
16137,6298,6364
122481,6299,6387
69530,6300,6363
335887,6302,6367
304754,6308,6384
95769,6309,6397
107179,6310,6364
190421,6310,6380
168113,6311,6373
173945,6311,6375
347568,6312,6376
29940,6313,6388
406089,6314,6391
358149,6315,6376
285896,6315,6387
241391,6316,6380
52058,6317,6373
98941,6317,6386
171934,6318,6360
334345,6323,6390
374761,6327,6392
359070,6355,6452
207193,6357,6410
83728,6357,6427
404264,6389,6446
352951,6399,6457
215048,6399,6478
172138,6403,6463
20427,6404,6457
267702,6405,6466
298252,6405,6480
261936,6406,6469
268984,6417,6478
145299,6430,6496
304445,6430,6520
273958,6434,6518
81094,6443,6511
271675,6462,6531
173083,6475,6518
43955,6479,6521
391866,6494,6585
311261,6518,6585
292934,6554,6617
360410,6554,6624
169308,6560,6626
356347,6588,6650
154507,6617,6669
393560,6825,6896
30819,6845,6901
167367,6871,6983
159354,6879,6998
182871,6891,6998
184601,6927,6989
358473,6927,7015
74354,6928,7005
327863,7008,7098
292577,7012,7093
39035,7014,7071
247385,7016,7091
67020,7017,7124
298194,7020,7102
232362,7024,7070
184602,7032,7102
222205,7034,7111
81156,7042,7127
132549,7050,7116
77202,7051,7123
223846,7051,7127
106441,7053,7124
132030,7065,7131
258254,7086,7146
357937,7088,7151
51645,7214,7269
135742,7233,7322
310845,7300,7367
291463,7420,7484
165136,7432,7553
388149,7452,7554
122238,7455,7557
238131,7457,7535
157688,7469,7549
21887,7484,7552
169386,7485,7563
258253,7512,7586
105544,7516,7587
119337,7526,7589
166,7545,7658
374758,7556,7669
294516,7568,7621
386179,7573,7700
379672,7583,7668
305263,7611,7685
374759,7614,7687
31734,7619,7693
132514,7638,7688
23136,7649,7700
355550,7652,7711
355994,7654,7707
347645,7686,7733
135743,7702,7767
368302,7713,7774
298253,7850,7954
217846,7853,7948
32900,7854,7970
27368,7863,7950
259062,7864,7958
190044,7876,7966
61669,7883,7949
39623,7883,7967
8197,7883,7970
81155,7885,7951
308526,7886,7955
8396,7886,7971
226411,7888,7952
91852,7889,7950
206537,7889,7955
161133,7901,7970
117896,7902,7967
245039,7907,7970
67035,8030,8110
122480,8030,8120
113766,8031,8101
315406,8036,8116
284225,8050,8141
338879,8063,8127
323207,8068,8157
318250,8087,8150
315557,8087,8179
103578,8088,8154
81927,8089,8151
32899,8090,8157
82083,8091,8153
315404,8091,8179
345931,8092,8165
10233,8092,8175
67061,8095,8179
360411,8098,8175
285502,8105,8163
218829,8105,8175
289631,8108,8175
224576,8114,8177
224575,8115,8176
280149,8115,8189
317974,8116,8175
73650,8117,8179
349125,8118,8192
57,8119,8190
49025,8120,8181
106438,8120,8187
269100,8122,8212
342623,8123,8193
407486,8123,8205
177931,8126,8191
12379,8126,8195
379673,8127,8210
12377,8128,8197
53461,8128,8216
51249,8131,8200
238507,8135,8217
216136,8137,8226
330155,8138,8205
246152,8140,8234
106192,8145,8200
82084,8148,8212
165392,8149,8222
281738,8159,8219
192068,8160,8256
38840,8162,8215
43956,8164,8227
129111,8164,8230
162965,8165,8249
90013,8166,8216
53958,8168,8237
147356,8169,8222
156037,8169,8231
246577,8171,8235
98942,8172,8230
39034,8172,8242
339575,8179,8240
71048,8180,8265
283020,8181,8250
184400,8183,8244
238132,8183,8247
127942,8187,8264
111263,8188,8251
10305,8188,8259
77396,8190,8254
292810,8193,8258
281890,8193,8261
89343,8194,8269
216856,8196,8260
25603,8197,8263
76089,8199,8262
281891,8224,8315
80168,8236,8310
76312,8249,8315
300952,8265,8339
209069,8265,8353
359017,8304,8362
135744,8304,8381
105545,8304,8387
105546,8304,8392
264907,8305,8384
265312,8312,8381
93955,8317,8390
138935,8323,8372
230722,8323,8381
1640,8323,8388
390274,8325,8376
77531,8337,8382
294499,8339,8435
294500,8340,8429
79873,8341,8404
378065,8346,8433
77536,8373,8447
31901,8374,8437
366540,8388,8455
315405,8418,8476
73652,8418,8512
50181,8441,8516
338763,8479,8556
329476,8480,8567
250767,8488,8565
224000,8493,8567
381217,8497,8563
22664,8502,8564
304002,8508,8567
274135,8510,8555
338529,8517,8572
346444,8519,8582
338528,8520,8572
310452,8521,8570
362571,8733,8805
106440,8734,8790
244,8735,8801
29618,8741,8795
3551,8743,8794
341247,8745,8803
151154,8787,8889
82346,8789,8882
77533,8791,8857
392257,8918,8978
354142,8927,8993
186049,8928,8985
182872,8929,8982
329339,8929,8987
12771,8929,8991
270229,8929,9004
198551,8930,9019
46392,8932,8983
191422,8933,8982
210786,8933,9000
46391,8933,9012
200238,8934,8977
305511,8936,8999
90014,8936,9020
179797,8937,8994
67021,8937,9000
79734,8938,9006
4284,8938,9010
132990,8939,8982
346176,8939,8986
39036,8939,9012
139811,8940,8985
16204,8940,9003
37283,8940,9019
7561,8952,9018
221834,8954,9015
176974,8956,9018
318460,8957,9019
193325,8957,9041
139605,8959,9018
127288,8960,9021
79733,8960,9042
143018,8961,9011
334787,8961,9014
346175,8961,9020
52201,8963,9004
327864,8972,9070
189271,8980,9034
187263,8980,9048
247396,8983,9057
392377,8984,9045
75818,9054,9099
60266,9208,9268
49925,9208,9276
117363,9209,9266
104254,9209,9271
54108,9214,9298
347646,9216,9283
126668,9222,9318
229274,9227,9340
101623,9228,9291
10425,9231,9324
74824,9234,9335
134225,9236,9308
26290,9240,9322
381336,9244,9322
276220,9258,9330
120798,9259,9320
172139,9265,9319
10234,9265,9371
103045,9266,9327
120977,9266,9331
194643,9266,9356
117496,9267,9358
226412,9269,9328
345781,9270,9322
125940,9275,9380
54254,9276,9341
70930,9276,9360
364425,9276,9387
234841,9280,9388
149121,9281,9379
302013,9283,9335
120976,9283,9376
10890,9286,9351
92373,9286,9355
154825,9287,9360
40726,9288,9339
162022,9288,9351
117895,9289,9370
86438,9290,9351
142936,9296,9358
58486,9298,9402
137869,9299,9372
331976,9299,9406
149544,9303,9384
77535,9304,9382
106191,9308,9398
340672,9309,9351
46545,9309,9368
251051,9310,9359
170131,9310,9405
392740,9311,9396
385226,9311,9436
27078,9313,9410
347045,9314,9447
25635,9315,9411
43523,9318,9461
175584,9320,9412
6311,9324,9449
53460,9325,9384
49951,9325,9424
39624,9325,9480
54684,9326,9438
380897,9328,9408
111325,9328,9448
112558,9329,9400
278464,9329,9411
104300,9329,9441
72857,9331,9433
308001,9334,9440
320287,9338,9439
45329,9343,9475
12378,9365,9490
104255,9367,9485
331977,9369,9464
76774,9369,9470
249967,9370,9480
104256,9375,9485
404288,9375,9505
278670,9388,9480
124507,9396,9464
380898,9396,9491
273070,9406,9511
16457,9407,9471
183578,9416,9491
282083,9417,9494
340671,9426,9512
132311,9429,9514
55268,9429,9517
213988,9431,9492
156038,9435,9513
400788,9435,9548
51470,9443,9503
218314,9448,9513
156039,9455,9554
156040,9460,9555
223792,9471,9522
69235,9472,9517
131729,9518,9577
154457,9553,9624
269128,9553,9631
365091,9563,9623
404289,9564,9624
181285,9572,9625
251582,9573,9630
191031,9576,9678
385184,9609,9686
272476,9613,9687
51887,9618,9686
