9338,117,189
178210,117,198
3584,118,222
65883,123,198
188714,208,274
355969,211,283
194567,247,302
243724,309,435
136253,327,449
365214,329,390
163316,335,398
131892,335,459
43274,338,453
48349,339,457
228001,341,464
8132,343,412
194165,343,433
126520,343,461
23579,344,456
24005,356,449
64341,356,466
140101,359,428
50741,359,454
186259,360,441
317607,364,485
207800,368,422
346,372,433
32760,372,456
34154,373,442
8950,373,450
73793,374,444
145315,374,472
337099,375,466
232100,377,433
232099,377,435
118185,377,471
51667,378,458
178208,378,485
142936,381,442
51666,381,458
134421,381,469
45220,387,486
223149,392,440
160852,392,448
37090,392,496
178152,393,450
279742,393,493
204283,397,461
88290,398,467
161147,401,456
23445,401,496
92434,402,468
316897,402,471
20007,403,457
23444,403,507
319325,404,456
275771,404,474
99992,405,480
162834,418,471
22243,472,551
202600,594,655
357379,594,665
77187,608,687
96234,609,682
208445,764,820
60150,764,881
230739,765,835
293885,766,822
378395,766,853
178209,768,835
395101,770,850
274189,786,840
15416,787,830
202702,791,859
124881,793,857
136135,824,887
155941,995,1086
48664,999,1067
321702,1000,1063
381474,1003,1065
133824,1010,1079
131490,1017,1081
198249,1090,1150
48350,1095,1180
185841,1096,1165
197626,1097,1152
48351,1097,1168
77879,1097,1197
26508,1098,1188
556,1102,1188
198248,1103,1163
309712,1103,1191
19195,1103,1199
135003,1105,1182
27583,1133,1188
3676,1154,1253
128175,1174,1275
144223,1196,1277
355105,1450,1501
371211,1669,1739
52116,1673,1753
79736,1675,1729
176459,1713,1770
3085,1983,2044
259985,2000,2054
197625,2035,2112
305524,2049,2118
197600,2057,2170
107898,2088,2183
52115,2096,2157
51905,2117,2199
86399,2120,2237
73987,2123,2180
130694,2128,2203
128048,2136,2206
374513,2139,2209
203316,2143,2203
254408,2154,2221
155979,2160,2214
129092,2289,2346
194566,2294,2351
226467,2301,2374
234485,2305,2355
129588,2307,2348
208026,2309,2380
226468,2320,2381
63565,2320,2402
171174,2322,2384
353973,2349,2413
402830,2352,2398
321156,2354,2400
369129,2355,2420
123956,2369,2427
1254,2374,2466
249689,2376,2430
253088,2376,2438
243371,2376,2463
60752,2391,2435
108880,2391,2467
156120,2404,2462
271957,2406,2470
212536,2407,2484
136254,2552,2604
361008,2554,2637
79907,2567,2636
190883,2570,2637
33872,2793,2854
37416,2859,2923
224818,2875,2936
65629,2890,2936
394245,2890,2942
128396,2890,2951
37732,2893,2963
192102,2902,2959
194362,3027,3132
270101,3027,3136
293634,3027,3142
41281,3036,3129
85035,3039,3115
184190,3039,3138
1155,3043,3138
293635,3055,3139
18492,3059,3139
325146,3072,3145
265157,3254,3309
