277031,134,217
42501,134,225
15476,134,230
27485,139,218
185356,163,227
34421,177,225
281308,268,335
266653,274,350
285871,371,441
285872,371,457
138150,395,466
372278,397,462
185343,409,473
404883,414,473
220408,414,477
182675,417,487
332442,418,491
238840,428,497
332441,435,497
147567,435,499
26106,451,498
389238,529,622
389237,529,626
382360,537,613
46983,558,629
179573,681,746
1461,690,747
6697,692,745
97022,694,746
175836,699,746
200967,884,960
311113,924,977
69943,944,1004
277682,966,1038
393143,1008,1094
281782,1031,1091
293777,1037,1094
405286,1217,1279
49935,1247,1348
286396,1265,1327
327581,1268,1366
11361,1273,1347
15003,1274,1328
71758,1274,1383
395673,1295,1379
372043,1549,1658
109698,1558,1633
57581,1558,1637
202290,1565,1640
268453,1581,1647
286813,1582,1643
44011,1582,1659
23052,1819,1867
139186,1819,1873
100029,1819,1895
232699,1820,1875
372388,1820,1881
408370,1821,1889
368376,1825,1882
185297,1837,1898
303174,2231,2283
280044,2232,2281
250266,2232,2331
88264,2233,2319
308660,2234,2307
79365,2238,2305
1878,2242,2312
88265,2242,2325
311083,2244,2326
381972,2246,2317
370453,2252,2313
210180,2253,2314
264161,2254,2336
82496,2255,2326
90603,2256,2317
234818,2256,2337
71372,2257,2311
87323,2257,2353
21896,2258,2312
236253,2264,2357
278640,2272,2337
407586,2284,2337
189688,2286,2363
167,2286,2366
210634,2286,2393
350140,2288,2349
93955,2288,2374
23577,2289,2357
43076,2292,2373
296084,2296,2361
129643,2308,2376
71191,2316,2357
282350,2316,2385
86410,2319,2365
226152,2320,2378
93956,2320,2385
337644,2321,2362
224778,2321,2387
262194,2327,2396
126363,2339,2401
129642,2345,2434
305716,2352,2435
92579,2356,2423
367107,2371,2428
58687,2371,2430
353454,2380,2431
371880,2381,2430
64374,2381,2434
44616,2383,2434
231999,2387,2431
60840,2388,2430
259208,2388,2432
119579,2389,2431
314705,2612,2693
121080,2652,2727
268454,2745,2807
338066,2938,3004
338067,2941,3004
75144,2941,3009
203257,2947,3008
258543,2954,3046
10933,2955,3039
194166,2971,3043
89376,2974,3049
309971,2975,3041
129336,2977,3034
64469,2977,3054
139097,2978,3041
352934,2981,3055
196468,2985,3049
240681,2995,3041
177554,2995,3065
87549,2996,3055
104711,3030,3105
15087,3056,3111
402154,3061,3123
137588,3065,3156
333386,3069,3115
340871,3069,3132
262089,3070,3125
181055,3112,3167
100632,3117,3197
240769,3147,3231
60625,3179,3241
234490,3195,3299
38704,3196,3240
224884,3203,3303
87717,3213,3294
383519,3217,3290
101833,3221,3299
260497,3225,3305
120927,3228,3302
300079,3231,3287
340674,3232,3294
68223,3234,3305
116,3237,3303
176243,3243,3303
44563,3249,3302
320269,3251,3302
394879,3393,3458
157955,3404,3473
100529,3411,3473
306984,3417,3499
275283,3429,3496
326551,3437,3498
264080,3437,3500
49361,3439,3502
87339,3441,3504
374579,3454,3501
232698,3461,3505
105485,3603,3657
220925,3681,3735
380857,3686,3730
110345,3686,3757
174692,3818,3909
174615,3820,3873
307091,3825,3886
101948,3830,3894
328815,3833,3894
93957,3834,3907
117459,3840,3909
217032,3849,3910
260100,4006,4061
174691,4048,4187
101475,4054,4115
270721,4075,4143
260090,4076,4138
203854,4076,4162
159253,4078,4140
34420,4083,4148
203853,4088,4205
398665,4104,4146
203854,4295,4369
174693,4298,4405
203853,4299,4398
260498,4454,4514
389754,4455,4526
185344,4460,4517
15843,4676,4764
15844,4678,4755
167265,4832,4893
1684,4835,4898
143457,4839,4899
289063,4843,4899
348463,5057,5122
62644,5058,5121
311263,5278,5374
213108,5279,5370
223954,5282,5370
322201,5282,5373
396286,5283,5337
152381,5290,5373
255712,5296,5373
61125,5299,5373
261583,5302,5373
15842,5313,5373
140912,5500,5580
203931,5687,5760
130566,5688,5755
261366,5691,5765
23099,5691,5773
141544,5692,5760
24584,5694,5772
218871,5695,5754
42661,5695,5756
130025,5697,5754
66907,5697,5756
41033,5698,5760
1765,5699,5756
24585,5700,5762
219125,5700,5772
1925,5700,5778
394913,5702,5749
1925,5702,5758
403896,5702,5769
283149,5703,5772
339869,5710,5778
54017,5720,5779
396465,5838,5901
203207,5840,5914
231955,5857,5918
11962,5860,5914
126857,6012,6067
140093,6016,6069
189986,6165,6223
336393,6194,6321
297130,6208,6264
268451,6208,6273
151487,6222,6296
331657,6248,6311
293303,6248,6333
323707,6280,6342
339561,6333,6401
142043,6372,6446
44012,6454,6512
241724,6650,6699
101834,6650,6707
15844,6650,6719
97893,6651,6708
71655,6652,6722
126857,6655,6707
218194,6655,6723
223345,6655,6733
200718,6656,6708
261382,6656,6736
152382,6662,6722
259044,6947,7022
132255,6952,7022
49464,6952,7025
154100,6959,7044
360117,6981,7041
123147,6982,7038
359374,6983,7048
111498,6987,7048
331521,7188,7249
55441,7188,7252
113191,7188,7257
180887,7188,7269
299258,7197,7263
19815,7216,7273
23686,7235,7302
225531,7235,7308
31584,7236,7311
148421,7242,7308
362723,7257,7308
268455,7422,7528
268456,7427,7508
284353,7464,7526
315486,7475,7535
46547,7500,7556
296085,7669,7730
368375,7670,7745
1685,7670,7758
258544,7672,7738
223956,7683,7758
127903,7684,7754
293302,7685,7752
21193,7687,7737
135781,7689,7758
5869,7689,7763
163765,7689,7805
147470,7691,7754
392266,7715,7805
66658,7748,7791
69539,7755,7800
169402,7907,7970
35843,7935,7984
326417,7935,7989
187662,7954,8013
304694,7992,8038
64666,8019,8078
209285,8040,8111
127622,8047,8107
350452,8049,8112
113310,8051,8112
203503,8130,8193
213550,8286,8341
323993,8327,8398
188620,8331,8382
88878,8336,8382
221900,8445,8511
302854,8536,8602
62643,8538,8603
136336,8583,8647
174501,8686,8729
131793,9335,9403
157957,9335,9413
223955,9338,9403
131794,9351,9418
395005,9354,9415
157956,9356,9425
20859,9376,9441
92580,9390,9463
282109,9437,9510
167850,9440,9511
231956,9445,9511
164441,9450,9507
200493,9457,9512
103209,9684,9740
272323,9814,9881
57582,10052,10115
396399,10322,10387
279167,10577,10626
393144,10581,10627
228486,10585,10639
224885,10788,10868
192082,10849,10936
296086,11105,11173
117868,11112,11181
26831,11128,11183
125924,11131,11201
117321,11133,11197
