195310,124,174
16393,261,325
162096,775,830
185479,776,828
149188,840,903
162097,846,923
321674,855,936
391949,864,919
60630,870,927
54945,871,941
392139,873,936
3634,881,954
319151,893,953
263582,897,973
687,898,979
334416,1289,1336
244564,1386,1442
56803,1395,1461
113654,1656,1724
11073,1901,1994
232012,1903,1969
370864,1905,1976
357408,1927,1988
108606,1927,1992
27130,1934,1989
1981,1934,1992
135781,1934,1995
406382,1938,2012
333050,1941,1987
69246,2127,2191
78272,2136,2187
20609,2138,2216
49755,2140,2202
58390,2142,2205
92666,2144,2205
225664,2148,2219
337832,2149,2212
130686,2197,2261
264556,2207,2295
150593,2208,2269
36880,2210,2261
3216,2212,2263
324936,2349,2401
116399,2481,2588
151619,2504,2643
279665,2568,2609
371678,2584,2661
151620,2607,2757
161766,2662,2748
282367,2678,2734
116399,2801,2917
151619,2831,2978
91956,2892,2951
16328,2897,2957
116400,2901,3026
122469,2903,2952
279770,2916,2991
151620,2936,3096
90470,2938,3019
116401,2955,3079
359274,2964,3032
116402,2966,3086
214775,2967,3072
36691,3001,3074
161766,3002,3089
1344,3007,3095
21953,3011,3076
344263,3012,3094
40011,3015,3078
12704,3024,3085
132718,3026,3091
346352,3032,3094
57655,3478,3543
61761,3871,3920
193554,4074,4127
297000,4074,4146
404868,4075,4138
133006,4075,4141
292078,4093,4155
354116,4103,4156
378443,4254,4312
17990,5299,5365
318379,5299,5377
336501,5410,5477
38587,5453,5517
217198,5463,5529
276208,6539,6601
100735,6541,6605
8910,6547,6612
310533,7102,7160
229400,7109,7162
345602,8028,8078
361375,8052,8121
212524,8188,8285
242486,8189,8247
207755,8189,8263
76484,8190,8248
39830,8203,8269
53255,8208,8276
173328,8213,8293
239123,8675,8746
49620,8686,8757
401715,8687,8736
239511,8690,8733
267342,8690,8746
42218,8690,8749
88859,8690,8751
158959,8691,8757
30912,8695,8757
164106,8695,8769
313368,8696,8759
323153,8698,8751
287266,8703,8752
118555,8703,8757
244565,8703,8781
42263,8715,8778
326743,8718,8780
133293,8719,8795
349389,8783,8835
331252,8896,8964
352238,8908,8969
397406,9117,9177
399696,9204,9286
91415,9248,9309
17991,9293,9354
153712,9474,9524
