100962,147,195
25879,153,232
49385,156,235
150549,156,245
352536,164,223
281253,303,394
330872,306,414
2379,308,358
332623,308,388
362359,308,417
369804,309,392
232607,309,397
341824,309,406
375615,310,425
166421,313,442
167336,315,416
220609,316,458
237816,317,449
138080,321,453
385775,324,444
96098,324,452
284449,331,449
330873,333,440
62128,338,471
1899,360,453
131352,389,465
1305,389,472
349177,392,455
385496,398,472
138081,401,473
137,411,473
297004,412,472
16522,419,473
379404,514,555
265815,514,575
1903,787,849
154169,854,921
381821,860,934
237817,861,927
238820,867,931
172010,868,929
194537,868,938
60843,873,934
213030,873,946
1901,876,973
58487,879,940
222763,881,979
322890,882,943
129919,896,945
166420,896,971
369871,898,962
274639,899,972
357639,1094,1169
306966,1114,1191
330380,1129,1190
59183,1270,1336
194539,1271,1319
1902,1274,1319
115846,1275,1337
257247,1294,1344
41246,1430,1478
194540,1520,1636
178265,1531,1593
178266,1531,1620
369873,1537,1598
6891,1538,1610
124085,1542,1618
1900,1545,1613
115847,1547,1621
135396,1548,1595
268127,1550,1627
394979,1555,1621
392915,1556,1634
181909,1557,1642
85295,1558,1624
1647,1560,1613
220610,1563,1651
110518,1565,1630
43495,1566,1634
72235,1568,1640
115802,1573,1631
64588,1584,1650
29145,1605,1659
298965,1619,1680
93521,1997,2056
354038,1997,2059
67582,1998,2045
369805,1998,2054
274697,1998,2060
274696,1998,2065
19860,1999,2068
127317,2002,2079
372824,2004,2067
146937,2005,2066
292367,2006,2072
213092,2094,2153
124684,2143,2202
239709,2162,2219
239708,2166,2218
312375,2172,2238
345537,2547,2619
252620,2556,2636
158591,2563,2627
197510,2568,2649
25878,2574,2637
222762,2574,2662
298966,2580,2663
54912,2580,2673
115845,2582,2662
286672,2582,2681
124684,2583,2645
54914,2585,2654
62129,2585,2667
399074,2585,2678
290086,2586,2647
194538,2586,2662
341182,2587,2674
202245,2587,2679
11194,2589,2677
220575,2591,2685
389512,2598,2659
284450,2598,2675
125282,2603,2669
115803,2610,2681
50793,2611,2675
54913,2611,2677
274020,2616,2681
381820,2619,2680
162566,2622,2683
265814,2761,2813
287795,2828,2894
369872,2983,3043
341181,2984,3044
181908,2985,3043
161925,2995,3044
