285080,141,198
390486,200,262
291796,220,287
227674,233,297
314050,412,516
253043,413,470
82595,415,472
33044,426,473
162738,443,520
2379,445,502
380767,445,538
247883,445,556
2599,446,540
200624,447,529
106688,448,531
85029,449,543
113123,449,602
259481,450,536
33976,455,557
110721,460,602
10269,461,577
184871,475,571
386594,478,580
402748,479,594
247884,482,604
33977,485,602
162787,489,575
59932,492,613
13018,495,614
202378,500,613
402181,501,593
653,502,606
396182,506,583
341931,509,608
341930,513,607
50355,514,616
33660,517,606
10104,524,596
1305,531,615
137,547,615
61511,668,718
234189,668,736
149340,674,731
93913,675,736
52633,676,735
222618,764,818
39442,765,819
212101,766,825
33978,775,872
388540,777,819
128065,778,821
282809,806,870
70303,820,872
38609,879,937
176416,882,979
195715,888,968
7085,889,974
204629,889,979
267502,890,961
83932,900,984
236421,902,965
179604,910,976
33042,910,999
267503,911,1006
33979,912,989
391023,916,979
7086,916,991
33041,917,999
172111,920,982
33673,921,990
2083,929,993
80804,929,998
171540,937,998
267430,943,999
262770,946,1006
296288,947,1023
322056,1032,1114
338809,1092,1155
214395,1156,1220
167702,1158,1219
401607,1167,1229
296290,1236,1302
359510,1256,1345
28174,1261,1330
175679,1285,1389
168767,1287,1354
220165,1294,1355
89489,1295,1356
59933,1295,1358
37368,1295,1370
162788,1298,1370
1454,1304,1369
143316,1307,1359
265532,1307,1366
111027,1307,1370
373830,1307,1377
3068,1307,1401
359011,1309,1393
369446,1318,1382
303871,1325,1409
288821,1326,1388
103438,1334,1412
196742,1335,1416
78014,1336,1398
143315,1337,1405
243749,1339,1402
240003,1340,1406
110722,1341,1423
377239,1358,1424
404409,1364,1423
328812,1367,1430
217022,1372,1443
307179,1376,1442
98417,1377,1444
385484,1377,1449
80527,1382,1444
132612,1490,1555
387440,1628,1722
115366,1659,1725
33726,1660,1764
254645,1665,1724
357737,1670,1726
47273,1672,1736
222415,1673,1735
338198,1675,1756
212869,1677,1757
175544,1681,1745
5995,1682,1773
168787,1683,1745
259510,1683,1761
86181,1685,1737
7084,1685,1741
386595,1686,1753
91943,1687,1757
221748,1688,1755
75174,1688,1759
272654,1688,1773
349412,1689,1782
27367,1691,1741
399185,1692,1757
119654,1693,1753
115920,1694,1755
183492,1694,1769
733,1696,1757
45586,1701,1764
182411,1702,1765
195534,1703,1772
353159,1706,1779
312945,1707,1754
33043,1707,1758
295730,1712,1773
339846,1715,1787
54506,1757,1821
222414,1781,1850
91074,1786,1850
74019,1789,1853
80803,1789,1895
10268,1790,1898
167217,1791,1852
279063,1792,1851
137375,1795,1871
6743,1795,1880
296289,1796,1859
219690,1796,1862
255396,1796,1893
211732,1797,1858
59098,1802,1863
56820,1803,1901
161805,1805,1893
172829,1808,1870
217940,1810,1879
201394,1811,1876
73126,1813,1876
56819,1815,1915
225644,1819,1885
83978,1824,1887
157663,1825,1906
260586,1825,1914
371738,1828,1890
394529,1828,1895
175027,1832,1900
322142,1848,1911
277671,1853,1915
245636,1964,2025
176446,1968,2034
281254,2039,2088
322056,2103,2184
46675,2361,2431
161539,2370,2423
155768,2406,2491
374156,2408,2492
10267,2413,2482
392193,2420,2486
112340,2421,2492
207870,2441,2508
152415,2544,2596
202883,2546,2601
234753,2547,2640
59097,2549,2602
386123,2552,2655
403771,2566,2640
157664,2570,2632
333385,2575,2639
266195,2818,2908
3624,2822,2882
71980,2823,2876
186024,2825,2895
27906,2826,2890
94897,2828,2892
173367,2829,2891
385382,2829,2895
385383,2834,2899
241465,2837,2892
110921,2839,2895
350213,2839,2898
207863,2849,2905
333424,2850,2898
383247,3052,3114
281165,3157,3221
397796,3227,3278
297437,3309,3401
143020,3319,3385
33727,3319,3401
3941,3326,3396
102727,3331,3403
131094,3332,3410
49664,3334,3391
93455,3334,3403
401791,3334,3418
342594,3335,3396
142087,3338,3399
86344,3340,3405
59099,3340,3416
35032,3341,3400
59100,3341,3407
207869,3341,3427
189362,3342,3404
7344,3342,3406
172246,3343,3409
123668,3347,3413
170272,3348,3409
296359,3351,3413
70122,3354,3415
38608,3356,3413
285239,3356,3428
95618,3357,3418
14880,3361,3420
3942,3363,3434
102838,3516,3587
404764,3674,3729
