121323,199,260
43972,221,289
214276,230,330
168963,231,334
50785,232,317
237796,234,321
345442,234,339
164070,234,345
128394,235,303
316679,235,308
8720,247,355
5186,253,397
374959,277,349
168964,277,399
164071,281,399
653,290,396
99861,294,401
367692,302,399
298686,305,396
83538,305,400
1305,309,399
231386,310,396
10104,314,387
137,328,396
206676,345,400
120815,349,395
45632,1102,1159
281929,1103,1165
91089,1196,1260
302680,1202,1269
73600,1211,1268
40282,1215,1266
269604,1217,1272
7564,1220,1272
179971,1231,1292
128951,1233,1296
318190,1281,1344
332679,1282,1343
66512,1282,1368
208843,1282,1384
275833,1284,1354
179969,1285,1367
6470,1287,1366
183003,1288,1352
10084,1288,1375
146256,1290,1354
10083,1290,1376
191169,1290,1385
51159,1291,1359
11342,1291,1364
378568,1291,1367
78887,1292,1369
368069,1293,1380
406707,1294,1376
231585,1295,1360
179968,1296,1364
11444,1298,1369
381669,1300,1370
396131,1303,1385
326257,1304,1387
3674,1308,1369
357142,1318,1401
111268,1336,1405
78886,1338,1399
161098,2182,2238
263589,3066,3120
335208,3067,3135
221736,3070,3119
290937,3070,3135
193297,3075,3136
95110,3141,3199
213096,3172,3236
190877,3478,3552
86771,3498,3562
290606,3627,3688
131051,3628,3718
154437,3634,3720
137070,3648,3714
110989,3655,3730
9442,3658,3713
52185,3660,3727
60253,3664,3727
190718,3665,3726
357825,3666,3742
368070,3712,3790
276074,3743,3797
304838,3748,3796
207566,3758,3824
362443,3760,3829
276075,3764,3833
363391,4317,4428
147097,4338,4425
39050,4340,4426
92687,4343,4428
127397,4541,4613
130637,4541,4623
93566,4542,4611
105258,4561,4630
19661,4566,4633
220378,4573,4636
109051,4574,4637
86754,4583,4639
92752,4584,4645
367691,4601,4675
179970,4726,4792
289592,4727,4769
127848,4727,4796
227568,4727,4800
166425,4727,4826
99860,4728,4805
51415,4728,4812
186901,4728,4837
214660,4730,4801
109123,4731,4784
151134,4732,4787
262471,4735,4822
246520,4738,4818
312682,4739,4780
99240,4742,4838
360253,4743,4842
198799,4751,4824
323696,4752,4821
389187,4755,4828
105042,4755,4835
105041,4758,4841
243071,4762,4829
109122,4765,4843
180498,4770,4835
108721,4773,4834
219859,4786,4840
214661,4798,4843
70345,4993,5055
179916,4993,5060
303203,5000,5052
347121,5000,5069
258121,5005,5059
23872,5155,5213
291667,5162,5231
54092,5253,5308
250989,5344,5390
387271,5433,5494
279595,5562,5611
40110,5799,5884
193292,5809,5879
91183,5810,5886
40111,5811,5895
5608,5812,5898
161411,5821,5907
197307,5824,5888
367890,5827,5893
324510,5830,5910
58527,5838,5910
86770,5839,5900
259049,5841,5920
82035,5842,5925
235069,5844,5908
144950,5846,5908
146628,5848,5909
332025,5923,6028
250988,5924,5985
256722,5924,5998
150136,5931,5989
274955,5937,6020
230549,5948,6028
207567,5952,6029
55334,5965,6026
200603,5968,6027
167974,5969,6033
205283,5983,6047
17604,5988,6050
98518,5992,6054
231387,6251,6302
1657,6258,6351
108652,6282,6327
22675,6398,6450
271219,6431,6488
47906,6435,6507
179225,6477,6545
39002,6497,6577
374194,6534,6637
342363,6555,6645
151993,6556,6648
44800,6557,6620
59469,6557,6630
262921,6557,6639
374193,6557,6660
285381,6558,6627
14487,6560,6641
84855,6565,6629
222081,6566,6628
166074,6567,6636
255395,6568,6631
397709,6569,6638
400150,6569,6662
291666,6570,6646
43973,6575,6637
344936,6576,6633
279999,6577,6638
92751,6577,6650
130636,6578,6640
378763,6578,6647
246272,6578,6658
279685,6583,6650
179967,6589,6650
85101,6592,6653
371937,6760,6802
156999,6760,6816
113639,6761,6814
68621,6761,6820
55773,6761,6824
110988,6778,6844
153963,6901,6950
253807,6944,7011
298957,7023,7101
298958,7023,7106
399891,7250,7304
375774,7250,7316
39053,7251,7315
247016,7253,7317
377008,7258,7313
39052,7587,7660
395597,7588,7644
51414,7838,7893
234835,7838,7899
279594,7838,7908
168859,7838,7927
109121,7839,7888
99883,7839,7900
242881,7846,7934
95130,7860,7934
43719,7868,7933
30072,7870,7926
9232,7876,7929
153964,7876,7935
14127,7878,7935
95188,7880,7935
260845,7883,7924
17784,7979,8048
76754,7979,8063
214939,7982,8032
179917,7982,8055
6469,7986,8031
98519,7988,8043
210197,8270,8338
305656,8285,8335
403120,8285,8339
16886,8469,8550
383135,8496,8563
333930,8501,8579
149805,8703,8766
204659,8731,8779
105082,8765,8822
258957,8769,8847
128393,8780,8838
320197,8783,8852
258958,8793,8851
221504,9342,9411
110990,9344,9400
93671,9352,9449
140685,9355,9411
257632,9384,9450
1658,9670,9731
39051,10044,10117
39633,10048,10115
78963,10050,10111
93670,10053,10117
106613,10562,10622
85274,10884,10978
217106,10887,10943
225782,10887,10963
184988,10942,11005
401935,10948,11039
155108,10954,11055
86769,10957,11019
385947,10967,11019
151665,10972,11034
17783,10974,11035
277629,10975,11047
3675,10979,11040
101237,10979,11047
326735,10985,11046
333558,10998,11044
59335,11162,11237
162615,11359,11407
259659,11368,11449
341735,11378,11468
1053,11380,11429
93565,11394,11460
68876,11399,11478
355955,11400,11463
203683,11408,11473
282679,11410,11485
51402,11411,11463
205864,11411,11487
271221,11412,11476
346547,11414,11470
271220,11416,11476
218233,11457,11536
352681,11462,11528
352682,11465,11527
263003,11480,11548
165298,11840,11892
97741,11879,11942
109124,12019,12115
39049,12184,12242
39046,12184,12246
232297,12209,12275
356932,12504,12565
92750,12637,12745
97779,12660,12713
391145,12660,12729
140684,12673,12737
59334,12674,12741
26339,13220,13293
39043,13226,13325
39044,13416,13516
39043,13421,13522
111269,13456,13536
15416,13461,13503
194656,13461,13527
652,13471,13535
377715,13474,13522
400151,13476,13543
135310,14562,14620
399892,14577,14675
50645,14581,14647
39044,14581,14679
51413,14583,14645
39047,14602,14678
39046,14713,14780
5607,14735,14819
39050,14737,14814
363390,14742,14812
307093,14745,14811
218056,14778,14855
130635,14810,14890
324827,16053,16109
138756,16210,16269
111914,16368,16445
296827,16370,16440
39045,16588,16681
231158,16614,16669
364804,16656,16716
141942,16657,16721
238709,16685,16745
93564,16704,16760
138279,16818,16876
3673,16823,16877
39632,16917,16985
341621,16918,16968
3672,16918,16990
318372,16919,17004
198418,16953,17018
237229,16955,17018
120466,17178,17241
128398,17389,17435
277910,17393,17452
39047,17946,18035
276073,17983,18036
96194,18146,18196
140683,18146,18203
39045,18182,18278
405111,18256,18327
218232,18715,18792
231157,19053,19110
9441,19087,19139
179965,19172,19256
136831,19174,19253
253806,19178,19243
185512,19193,19241
34121,19207,19255
396130,19261,19321
166068,19378,19466
356756,19393,19477
254941,19397,19458
403119,19410,19464
91610,19411,19466
159908,19414,19475
231584,19418,19531
374958,19420,19480
39048,19449,19545
218231,19769,19843
283348,19782,19851
39049,19898,19960
39046,19898,19964
318371,20371,20453
259441,20389,20440
305657,20510,20571
391049,20511,20573
110473,20521,20568
271430,20525,20576
136830,21333,21405
179966,21646,21707
99859,22206,22267
39048,23122,23219
83522,23483,23538
59860,23513,23594
39051,23517,23591
296279,23523,23627
93669,23529,23616
39052,23555,23631
225193,23558,23616
16885,23562,23626
313075,23768,23832
185862,23768,23834
249091,23771,23834
249092,23784,23834
15608,23807,23881
79804,23850,23916
385946,23854,23916
49423,24269,24328
231159,24274,24358
207565,24281,24340
318180,24281,24360
263002,24283,24340
61302,24460,24531
171351,24781,24837
39053,24782,24852
214659,24795,24855
