310918,90,167
241503,91,156
338430,99,181
180482,114,178
67257,119,190
131119,134,197
241305,137,208
74863,139,189
74864,139,200
266015,386,450
355881,429,495
210155,746,807
67664,747,827
174868,755,817
316997,835,907
407090,836,905
78135,847,906
19291,950,1007
110499,1145,1220
110498,1382,1446
283827,1399,1484
76373,1400,1462
92917,1402,1463
162235,1402,1466
283826,1408,1484
365659,1410,1485
149386,1413,1475
196096,1415,1485
109760,1421,1482
69834,1421,1484
206400,1436,1484
369103,1440,1484
149385,2041,2112
303772,2058,2121
210156,2060,2134
53262,2061,2125
182716,2069,2135
116359,2072,2133
306031,2105,2168
219501,2210,2268
307630,2820,2882
366520,3020,3077
318569,3096,3160
223059,3813,3877
118629,3814,3870
195337,3832,3895
143048,3992,4075
227913,3994,4046
240075,3994,4057
63336,4015,4105
109759,4115,4211
110501,4125,4198
382908,4131,4213
161336,4136,4199
155467,4146,4205
78149,4146,4209
316996,4147,4210
241978,4148,4219
268308,4148,4228
305966,4151,4212
18103,4154,4207
69123,4154,4215
110498,4201,4263
206656,4215,4312
174767,4219,4295
371410,4220,4285
266016,4227,4299
76374,4229,4282
41801,4241,4297
196308,4241,4312
180584,4249,4316
123142,4253,4316
190137,4253,4318
256888,4266,4311
278498,4272,4316
263141,4363,4443
394719,4389,4452
2625,4390,4450
29922,4483,4552
378727,4489,4552
150993,4512,4562
189230,4800,4862
65003,4801,4863
154691,4921,4991
161794,4923,4980
319707,4941,5006
56416,4960,5017
109758,5177,5240
184949,5297,5355
1513,5446,5513
176949,5505,5586
313947,5509,5579
229417,5518,5589
121583,5533,5592
83014,5534,5608
403856,5536,5630
149384,5537,5601
155715,5540,5606
13436,5541,5592
140841,5541,5622
280640,5543,5604
171414,5544,5638
3330,5552,5652
90500,5555,5618
406209,5558,5620
378062,5558,5622
188708,5559,5621
192607,5563,5627
203373,5566,5637
169798,5569,5633
349211,5570,5631
3767,5571,5634
59737,5572,5636
217267,5572,5641
174660,5585,5646
124725,5592,5643
63337,5886,5953
340274,5887,5948
323151,5904,5972
330072,5912,5975
176829,5913,5972
293415,6091,6149
103539,6166,6229
84365,6280,6341
110499,6960,7042
35454,7444,7499
57835,7609,7656
148702,7635,7705
325839,7672,7727
370643,7678,7727
340547,7757,7827
153934,7758,7817
327561,7775,7834
97271,7992,8050
331126,8035,8089
331898,9238,9303
310628,9244,9297
47854,9254,9340
303771,9284,9346
233651,9350,9422
103457,9357,9432
11618,9360,9443
113210,9360,9466
65002,9361,9425
365658,9362,9426
91284,9365,9435
21366,9367,9465
108526,9368,9427
113793,9369,9434
161791,9370,9427
161793,9372,9466
161792,9373,9493
11837,9375,9438
70160,9375,9442
113794,9380,9470
342122,9381,9438
53963,9381,9472
346203,9383,9438
109883,9393,9451
84930,9394,9470
29349,9397,9458
260702,9409,9470
11617,9412,9468
274292,9418,9483
298532,9434,9497
93789,9437,9503
408030,9438,9499
311830,9439,9484
316982,9439,9497
285517,9440,9499
56415,9442,9504
134354,9447,9504
59476,9555,9612
46374,9556,9617
307203,9556,9621
77379,9556,9635
285518,9556,9667
127297,9558,9620
318661,9561,9659
14159,9563,9632
306131,9563,9655
352074,9567,9633
235668,9570,9669
2727,9570,9681
52555,9571,9648
216368,9573,9665
331127,9575,9654
384596,9581,9656
126208,9582,9649
225958,9583,9651
385431,9583,9670
80223,9584,9688
320476,9585,9660
1514,9587,9659
376744,9589,9673
85710,9590,9668
48605,9590,9683
161679,9594,9669
246842,9594,9691
33254,9599,9665
261755,9599,9684
330749,9599,9689
128952,9600,9669
71493,9601,9665
248474,9614,9734
300900,9618,9722
161440,9624,9746
168814,9631,9692
318568,9638,9749
219248,9641,9735
254426,9646,9739
85567,9647,9735
275257,9652,9746
293978,9664,9750
6548,9670,9731
158615,9674,9758
52911,9675,9749
7181,9676,9727
300926,9677,9738
71343,9677,9744
65001,9694,9761
224039,9696,9741
341982,9698,9754
224800,9860,9907
133836,9864,9915
237057,9864,9937
275255,9871,9938
273886,9938,10008
266055,9953,10014
340199,10394,10456
2697,10396,10473
161439,10405,10462
178177,10468,10535
367927,10475,10538
43853,10479,10532
216369,10480,10542
302513,10485,10539
98227,10486,10537
136631,10495,10559
296782,10562,10637
291114,10574,10635
104599,10727,10800
26323,10815,10874
248475,10835,10891
366903,10840,10927
258243,10841,10911
167747,10901,10962
110500,10973,11037
60459,11114,11182
147348,11127,11179
401646,11127,11189
229579,11128,11195
105050,11129,11188
10153,11129,11191
199032,11216,11275
87384,11928,11998
80532,11935,12020
123618,11936,12008
18563,11940,12006
225960,11941,12044
203621,11942,12006
246843,11945,12049
379911,11947,12065
177029,11948,12013
174766,11950,12013
272291,11950,12027
313120,11951,12004
302514,11951,12062
203620,11953,12024
346631,11955,12016
177368,11956,12017
278845,11957,12019
220093,11958,12050
89864,11958,12053
394591,11960,12021
394299,11968,12061
391655,11971,12088
370142,11974,12049
14971,11983,12055
329079,11984,12045
206306,11987,12075
133725,11991,12077
368698,11997,12076
180067,12010,12074
139960,12011,12081
26822,12014,12075
60241,12015,12066
263904,12015,12077
2627,12016,12082
344740,12017,12069
347162,12024,12087
337999,12025,12088
117309,12361,12412
69122,12483,12555
163470,12492,12554
291684,12502,12563
362630,12691,12757
44554,12726,12801
2626,12744,12805
206369,12779,12829
208644,12860,12922
15171,12860,12925
369104,12862,12939
340275,12865,12942
124576,12866,12917
67381,12868,12942
185550,12868,12945
265321,12868,12948
110501,12870,12947
18103,12873,12944
372501,12874,12925
391280,12875,12919
171335,12878,12948
37701,12879,12942
211036,12891,12942
15372,12892,12946
298216,13103,13183
162983,13118,13180
311280,13128,13179
123807,13129,13202
133540,13130,13178
214874,13135,13189
262594,13136,13199
181858,13140,13202
259808,13141,13203
234947,13142,13199
262593,13322,13377
97875,13324,13389
283825,13329,13393
382017,13330,13390
212181,13330,13411
369105,13332,13420
291453,13334,13402
158519,13334,13413
97209,13337,13395
372502,13338,13392
43625,13339,13408
408031,13339,13422
162981,13343,13415
229578,13347,13412
237056,13349,13411
62006,13350,13418
370642,13351,13413
188737,13352,13410
246846,13356,13408
359924,13358,13416
379820,13359,13414
179337,13362,13405
394,13362,13421
371409,13506,13562
256010,13517,13576
246845,13545,13660
364971,14020,14115
71344,14034,14114
71343,14041,14103
99630,14049,14105
335975,14050,14116
221885,14053,14114
178296,14054,14108
390756,14056,14113
16867,14076,14127
296218,14953,15018
80222,15382,15472
224801,15392,15454
384595,15397,15460
10832,15399,15472
80531,15406,15467
53478,15439,15497
228349,15569,15626
171931,17329,17395
200023,17341,17395
132515,17754,17817
197214,17757,17818
330597,17757,17823
78438,17759,17822
259663,17764,17822
118834,17782,17870
308538,17783,17861
61130,17786,17859
118833,17791,17872
308539,17795,17861
283764,17795,17868
4807,17825,17906
400549,18076,18132
53261,18139,18187
300955,18243,18318
126207,18252,18307
87133,18293,18344
266018,18307,18357
110500,18308,18373
146004,18421,18476
118827,18421,18482
262592,18422,18498
279115,18423,18486
325030,18424,18475
66466,18425,18477
291685,18426,18495
201871,18426,18501
365657,18436,18497
246844,18439,18498
319181,18442,18506
245193,18447,18498
80221,18447,18511
278073,18566,18629
87134,18972,19036
352735,18973,19048
158197,19012,19069
111750,19034,19100
340198,19073,19137
366013,19209,19262
217074,19259,19332
21628,19405,19467
222677,19413,19468
103456,19426,19467
37738,19828,19893
285774,19850,19914
37000,19850,19921
296783,19852,19926
333555,19873,19935
291113,19875,19942
308537,19879,19935
401602,20046,20107
110497,20048,20139
110497,20428,20512
21365,20720,20798
369808,20733,20797
383738,20979,21040
123617,21088,21166
242905,21273,21336
35077,21325,21404
122171,21547,21619
13258,21547,21623
237055,21547,21636
135374,21591,21667
223058,21612,21663
330748,21885,21932
150423,21890,21935
372324,21891,21945
391654,21952,22003
40470,21963,22045
295447,22022,22092
404480,22367,22418
380508,22674,22723
108862,22674,22732
370748,22676,22730
362959,22686,22750
225959,22689,22750
176770,22691,22758
285516,22695,22750
111542,22728,22795
100106,23096,23151
406265,23139,23191
59342,23143,23194
74493,23167,23233
266017,23393,23448
199618,23603,23661
36350,23728,23793
105426,23729,23786
26087,23738,23792
229580,23744,23791
2624,23744,23804
401180,24069,24158
331889,24077,24145
221754,24081,24129
100049,24081,24131
244555,24083,24149
32310,24083,24154
9973,24088,24162
343683,24093,24159
245377,24097,24161
162563,24098,24157
134353,24098,24164
362175,24101,24165
177899,24103,24172
59736,24104,24165
339254,24105,24169
87385,24106,24166
126165,24106,24172
77940,24108,24172
162234,24110,24172
249573,24113,24166
300046,24240,24300
353996,24243,24300
158520,24248,24305
142682,24249,24317
301768,24253,24301
172746,24253,24306
328515,24253,24313
13560,24256,24308
195338,24257,24301
297044,24260,24317
271201,24260,24325
217092,24262,24310
340197,24262,24328
297043,24264,24317
153933,24264,24331
69833,24268,24341
165940,24269,24331
77380,24270,24334
385006,24273,24314
105663,24275,24335
6422,24279,24338
24992,24625,24676
385977,24625,24703
31933,24626,24678
113711,24626,24681
256599,24626,24691
366784,24626,24701
50424,24629,24694
37687,24630,24683
14866,24631,24706
171262,24632,24686
208643,25005,25074
351064,25015,25082
346712,25019,25080
351063,25020,25082
328674,25022,25081
353476,25022,25089
159123,25025,25089
127791,25026,25069
404043,25026,25091
106610,25028,25091
364700,25032,25075
150808,25228,25286
382544,25229,25292
10831,25383,25448
54658,25398,25455
87135,25398,25461
170635,25400,25471
146289,25400,25477
29350,25403,25467
20835,25403,25471
42852,25405,25487
306130,25406,25467
55808,25406,25477
3511,25407,25470
93603,25407,25474
233650,25409,25471
180481,25411,25474
146302,25416,25482
64442,25416,25486
132897,25420,25471
126164,25422,25500
246750,25431,25526
487,25432,25499
230323,25441,25499
70209,25442,25503
174867,25443,25519
24786,25444,25486
283043,26139,26191
300578,26139,26198
23536,26140,26192
111543,26143,26198
229022,26144,26195
185816,26316,26376
151939,26327,26376
197816,26327,26388
108460,26327,26407
59341,26332,26396
162982,26348,26412
154741,26762,26811
401400,26763,26815
2623,26904,26982
313203,26917,26982
337800,26922,26974
78387,26928,26972
171413,27087,27146
131627,27089,27160
168815,27092,27162
401831,27093,27157
355264,27097,27158
78136,27101,27161
54531,27103,27171
314399,27105,27176
27191,27223,27286
174659,27225,27295
124724,27235,27296
56708,27872,27941
120246,27890,27962
85639,27895,27971
62400,28110,28194
19290,28112,28190
353351,28113,28182
80179,28115,28176
36185,28116,28172
304145,28117,28193
109338,28119,28176
263812,28141,28203
24772,28151,28205
373796,28153,28216
354176,28157,28233
325031,28594,28663
180903,28600,28667
91257,28611,28667
158196,28671,28743
225957,28682,28744
330899,28690,28777
2726,28709,28759
240349,28712,28779
45368,28750,28798
256739,29101,29200
43102,29103,29193
201928,29113,29180
190583,29122,29203
20836,29123,29198
28036,29124,29167
154644,29125,29188
5261,29126,29199
11616,29127,29206
202192,29128,29181
104136,29128,29202
353352,29134,29201
6329,29135,29226
352572,29136,29203
50080,29136,29216
330745,29138,29202
55847,29138,29215
132898,29171,29213
109761,29172,29232
76372,29651,29741
111837,29680,29742
359620,29680,29747
61131,29684,29753
311281,29700,29762
96862,29701,29775
362217,29704,29762
350845,29705,29756
48532,29710,29771
40203,29719,29786
237054,29763,29846
284620,29774,29855
6878,29775,29838
99944,29775,29857
49525,29776,29846
332598,29778,29856
45282,29784,29849
332597,29784,29853
55174,29788,29856
217837,29793,29861
341360,29794,29843
276807,29794,29855
349732,29802,29860
65766,29813,29861
