134923,220,281
242652,239,327
220472,240,300
49254,270,318
344304,270,324
45016,362,448
204781,373,466
204782,377,474
187309,378,441
211509,390,454
393347,398,457
124683,664,737
378608,669,742
265757,839,890
363102,940,985
164297,941,1002
65666,943,1002
124194,946,999
280406,952,1000
320937,952,1002
198104,955,1001
299020,1033,1081
299019,1033,1083
36678,1033,1097
399736,1034,1077
91637,1035,1093
48164,1035,1098
50051,1035,1113
305309,1038,1140
169917,1040,1087
59092,1040,1091
75521,1040,1122
69177,1041,1115
23921,1337,1418
328379,1362,1424
105920,1367,1430
200682,1370,1431
353967,1559,1632
100170,1711,1780
384732,1738,1800
298624,2003,2054
176462,2038,2102
134087,2047,2133
21809,2060,2124
254611,2089,2164
174653,2130,2193
241774,2130,2196
295731,2134,2194
7815,2135,2197
19342,2255,2304
298720,2256,2300
224084,2393,2461
137997,2544,2614
37634,2759,2815
333196,3450,3514
63570,3451,3512
157531,3451,3517
216328,3454,3526
150242,3457,3515
313848,3469,3554
173005,3471,3535
7816,3475,3556
77801,3481,3552
332002,3518,3584
36690,3841,3908
151545,3883,3937
86574,4735,4801
222254,4738,4805
49192,4962,5028
210150,4976,5037
153907,4988,5045
211543,5004,5069
142496,5261,5323
87788,6086,6168
355926,6086,6177
10494,6087,6161
186692,6095,6165
351056,6103,6168
328502,6104,6170
364302,6106,6172
227095,6106,6212
227999,6107,6169
7079,6124,6177
31528,6363,6408
77843,6835,6892
308957,6980,7038
353117,8029,8079
353116,8031,8080
306420,8040,8116
42211,8047,8116
144832,8139,8196
263481,8435,8494
60463,8476,8527
392770,8478,8532
8551,8482,8532
326767,8579,8640
49255,8589,8636
363592,8589,8647
50050,8678,8732
115390,9047,9095
316552,9062,9128
177067,9093,9163
15538,9113,9169
63347,9121,9189
325454,9126,9200
183920,9130,9198
145071,9130,9203
368360,9132,9193
134967,9134,9197
48353,9134,9199
145070,9134,9203
203973,9228,9274
22027,9482,9555
327627,9486,9564
174308,9489,9564
95081,9493,9560
14505,9499,9568
25415,9499,9571
63348,9499,9581
137431,9502,9574
23706,9505,9575
328421,9505,9586
143325,9505,9592
205014,9506,9569
1226,9509,9577
350078,9515,9567
263480,9516,9597
36690,10590,10650
33852,10591,10661
340621,10600,10659
214397,10610,10673
355927,10711,10780
325160,10770,10824
117201,11206,11259
363101,11206,11263
251737,11206,11272
132324,11229,11291
35204,11273,11338
84632,11290,11356
58586,12003,12065
36687,12312,12379
402804,12313,12381
100169,12557,12636
137998,12559,12626
36687,12982,13058
83552,13022,13085
212327,13025,13086
66211,13052,13114
231536,13113,13166
33852,13342,13405
36689,13411,13477
151544,13623,13677
172614,13628,13684
112464,13885,13937
177066,14117,14194
124127,14264,14345
258819,14284,14344
203972,14451,14511
36689,14451,14516
70038,14467,14525
394982,14484,14533
116421,14695,14788
151772,14720,14781
47956,15421,15481
186691,15422,15500
363100,15425,15480
344473,15436,15487
17224,15674,15737
108322,15937,15996
99682,16447,16518
128444,16463,16518
122164,16465,16512
229759,17001,17061
35334,17563,17612
42853,17575,17643
200174,18503,18585
362455,19091,19156
376585,19094,19155
49618,19330,19379
86042,19506,19572
102607,19703,19750
220924,19703,19762
72418,19704,19745
220358,19706,19767
375892,20191,20253
96474,20288,20350
48352,20460,20519
187164,20460,20524
68048,20461,20545
180754,20474,20529
116203,20480,20541
187310,20484,20547
36688,20533,20600
258820,21091,21164
325453,21098,21158
36688,21418,21490
280570,21597,21654
92201,21602,21663
368990,21602,21693
3884,21604,21669
203971,21604,21680
350627,21613,21688
134968,21616,21681
172615,21617,21690
62747,21618,21681
80607,21618,21686
153906,21618,21693
389858,21630,21679
106918,21636,21714
327064,21638,21700
265266,21653,21725
399085,21666,21754
322382,21696,21755
23267,22235,22287
222946,22238,22308
172616,22239,22299
185137,22241,22305
359552,22245,22309
308877,22253,22314
353301,22258,22317
169787,22367,22424
46893,22474,22540
177431,22478,22532
36463,22479,22538
189011,22661,22744
42628,22676,22744
35726,23257,23321
24714,23262,23331
52648,23787,23838
13592,26065,26132
138179,26539,26604
303833,26686,26759
334718,26731,26793
351597,27097,27155
334884,27099,27169
163372,27102,27156
155884,27116,27211
206506,28349,28400
188052,28547,28612
397489,29015,29097
9479,29027,29096
311652,29444,29502
33790,29444,29517
