371648,186,256
193556,187,231
333892,195,281
197381,203,270
180109,204,265
396907,419,473
223198,786,847
95869,821,882
367071,827,885
375106,829,870
309923,831,873
351886,848,912
363679,852,954
19977,853,917
23509,855,903
392605,857,957
218376,857,968
28062,858,927
85305,864,927
395086,871,961
50426,891,960
330617,892,954
192037,892,957
267256,893,955
125045,893,969
202861,895,956
58736,897,962
206453,901,964
116072,901,967
346206,902,959
204729,904,955
82329,909,963
119225,912,975
390189,915,975
196921,916,976
370159,1035,1083
292968,1040,1101
100191,1045,1139
222987,1062,1137
42691,1066,1132
164164,1067,1130
78382,1067,1137
121856,1069,1130
109245,1078,1166
151452,1082,1171
99769,1084,1167
8796,1103,1172
297616,1103,1181
339331,1104,1168
230395,1104,1175
100601,1107,1171
58716,1107,1179
339330,1109,1190
186054,1110,1179
365078,1117,1200
359738,1120,1188
75271,1137,1211
100190,1173,1261
147070,1210,1260
94473,1215,1292
85305,1216,1270
75505,1218,1272
202859,1218,1280
242628,1238,1298
325880,1251,1307
86547,1252,1322
323222,1252,1327
389540,1258,1321
27490,1295,1350
155271,1385,1449
348766,1613,1688
64525,2203,2267
7696,2542,2611
408024,2542,2624
47834,2550,2634
370716,2550,2642
143989,2551,2613
89535,2556,2628
125046,2558,2623
47833,2560,2635
262921,2561,2630
33652,2565,2626
151453,2566,2632
83809,2567,2629
7265,2574,2635
2346,2574,2639
44234,2575,2632
347126,2576,2645
34431,2581,2646
112348,2582,2640
219214,2583,2643
30574,2585,2643
66392,2589,2630
125858,3435,3513
136322,3446,3521
280360,3689,3738
206904,3692,3755
113916,3704,3759
217048,3707,3757
202714,3707,3759
130105,3804,3853
119227,4542,4604
251747,4546,4601
292191,4555,4601
41858,4572,4635
141619,4582,4633
105491,4593,4646
43129,4594,4643
206903,5129,5215
130663,5145,5216
397890,5152,5215
159640,5365,5437
254417,5373,5437
10279,5373,5448
158374,5373,5460
317847,5377,5458
119224,5379,5449
128632,5385,5446
391471,5385,5449
116022,5388,5440
240494,5389,5444
355104,5389,5450
8078,5563,5673
92495,5565,5671
254215,5566,5681
105490,5567,5661
196311,5607,5672
50696,5617,5701
195729,5622,5691
92492,5867,5945
397258,5893,5956
90032,5901,5993
14523,5930,5982
335118,5931,5980
141295,5937,6001
196922,5967,6036
396478,5986,6043
92494,6075,6138
251807,6463,6526
113917,6788,6846
175355,6980,7032
76158,6981,7037
112347,6988,7037
36744,7052,7107
92243,7172,7237
20044,7391,7465
163543,7409,7466
182052,7412,7460
333555,7428,7478
85306,7514,7583
112349,7544,7609
334108,7544,7617
55115,7611,7683
363091,7612,7698
87706,7616,7682
404765,7617,7680
369408,7621,7698
10600,7645,7698
5347,8151,8213
334980,8154,8216
198548,8154,8219
37783,8155,8212
53990,8190,8232
53991,8192,8254
89189,8991,9063
210427,9020,9095
10152,9024,9102
268177,9029,9082
371649,9036,9102
148917,9038,9105
151451,9171,9229
105215,9277,9333
378531,9277,9341
377799,9702,9761
202860,9709,9784
100335,9710,9788
303379,9718,9784
138113,9789,9847
113807,9789,9851
182222,9791,9853
124036,9791,9855
136361,9793,9854
359603,9800,9850
86793,9802,9848
365086,9973,10031
372427,10133,10223
4996,10161,10223
247224,10171,10228
311330,10180,10237
203596,10923,10974
368180,11240,11311
183052,11264,11328
251806,11278,11327
80927,11590,11651
135548,11602,11672
179824,11606,11658
251805,11618,11689
304434,11618,11703
44214,11619,11674
60078,11620,11690
27624,11658,11724
136685,11766,11816
179825,11889,11948
198817,11891,11990
350890,11894,11966
304337,11895,11961
133811,11896,11964
384103,11940,11993
355510,12416,12477
94586,12416,12487
24264,12429,12499
1830,12439,12547
50697,12446,12523
30722,12453,12534
341163,12454,12575
50425,12456,12520
4752,12458,12551
109302,12462,12521
259684,12464,12552
75270,12465,12562
341164,12471,12595
4752,12476,12552
174667,12477,12540
221425,12499,12547
281300,12508,12559
377798,12827,12889
175494,12841,12928
2582,12852,12918
272571,12852,12928
368759,12863,12933
113052,12864,12931
197380,12870,12934
59719,13170,13246
408023,13172,13237
333994,13175,13231
245913,13744,13798
386368,13751,13812
88597,13757,13802
379697,13758,13808
392498,13758,13816
177872,13759,13807
25861,13803,13916
78865,13806,13962
96324,13835,13960
78864,13837,13972
389257,13843,13921
143927,13843,13948
1831,13845,13933
132116,13847,13967
132115,13850,13940
343653,13892,13953
380830,13896,13979
33989,13901,13973
57133,13907,13980
238809,13926,13978
305484,13929,13977
97133,14423,14482
180649,14429,14483
86106,14847,14911
360620,14910,14973
360991,14937,15003
143988,15538,15611
403,15546,15607
296566,15823,15871
152069,16089,16143
300432,16121,16195
23122,16294,16382
139755,16315,16390
268023,16322,16388
221819,16322,16400
133683,16324,16390
333993,16326,16395
115818,16330,16400
42910,16331,16409
288214,16336,16431
308270,16339,16404
135892,16340,16414
341325,16340,16417
356587,16341,16406
1829,16341,16421
389541,16343,16413
176411,16344,16400
159639,16345,16402
47831,16347,16434
365077,16349,16430
333790,16350,16422
371647,16351,16439
356856,16352,16394
221820,16353,16431
33651,16357,16464
337542,16358,16425
156791,16362,16403
7695,16362,16434
379696,16367,16442
141620,16369,16432
131104,16369,16434
195728,16371,16435
332762,16375,16439
136323,16749,16803
131556,16927,16970
217046,17120,17196
383763,17123,17200
290021,17133,17201
68700,17137,17200
99235,17139,17209
162929,17226,17331
92493,17369,17452
217047,17380,17441
85306,17417,17480
177871,17422,17484
184012,17606,17679
383764,17619,17682
360990,17947,17994
322365,18078,18137
165990,18087,18136
369407,19168,19231
406562,19169,19249
278046,19170,19231
86736,19172,19234
93482,19181,19251
89188,19685,19771
96324,19709,19812
78864,19709,19828
143925,19713,19800
207084,19713,19810
370001,19722,19790
280634,19767,19834
146027,19768,19832
308671,20054,20104
62958,20054,20140
97540,20054,20143
238810,20061,20133
113051,20062,20140
389256,20064,20154
397257,20065,20141
97541,20066,20152
316131,20068,20143
285666,20069,20147
3681,20071,20134
206902,20078,20140
47830,20084,20140
246849,20085,20147
399930,20086,20154
334979,20088,20153
19394,20097,20146
10968,20104,20155
360971,20106,20158
98363,20451,20509
323647,20454,20506
146552,20454,20511
365083,20458,20512
91675,20459,20511
365082,20460,20507
44215,20461,20506
156760,20468,20509
97536,20556,20619
315825,20571,20636
135708,20811,20853
159691,20812,20854
41778,20812,20880
359093,20820,20886
141294,21196,21266
67735,21201,21268
2581,21223,21265
145574,21320,21367
266781,21320,21379
96321,21320,21389
96322,21324,21376
266782,21326,21379
23752,21392,21449
251909,21490,21546
255357,21939,22000
145767,21945,22000
379227,22330,22405
50698,22331,22403
74276,22337,22412
365084,22340,22413
109060,22344,22417
232152,22347,22415
365085,22351,22418
175354,22352,22415
370715,22618,22689
247209,22625,22685
133506,22628,22689
65337,22632,22712
379319,22638,22708
186055,22647,22710
57190,22652,22726
148508,22656,22724
347338,22662,22730
130827,22667,22728
396985,22672,22750
204730,22678,22745
116333,22686,22767
396984,22690,22760
85954,22709,22773
244932,23005,23072
119228,23038,23120
92242,23058,23115
202715,23058,23118
273680,23059,23117
348819,23448,23499
396918,23448,23510
61539,23448,23515
175270,23452,23495
317171,23461,23527
249733,23561,23607
45070,23954,24015
74023,23955,24027
369405,23958,24017
369406,23958,24023
196310,23961,24027
50550,23969,24032
397461,24938,24996
892,24938,25025
368758,24942,25003
178658,24943,25004
355103,24945,25008
71027,24952,25003
245345,24960,25022
317342,24960,25027
129570,24988,25049
205181,25006,25067
222614,25096,25150
349400,25152,25213
266367,25164,25219
110112,25170,25236
75269,25366,25453
334824,25433,25484
96323,25852,25936
119223,25856,25915
78863,25856,25936
306248,26052,26126
255358,26065,26152
3571,26069,26130
239206,26069,26139
375147,26070,26123
7264,26125,26193
62959,26333,26403
113806,26333,26419
379640,26533,26612
244931,26534,26585
58714,26534,26591
58715,26534,26594
47832,26534,26617
386367,26536,26609
193653,26546,26616
80159,26550,26619
81698,26554,26620
156792,26560,26639
292452,26571,26637
116943,26839,26893
20600,26839,26895
389539,26839,26899
50424,26839,26917
93361,26841,26906
188633,26841,26916
262345,26844,26896
406641,26846,26908
371646,26876,26937
183731,26911,26963
193135,27883,27945
341162,27889,27966
296348,27915,27996
281299,27915,28004
317341,27943,28004
368179,28070,28129
18786,28391,28447
2580,28392,28457
165503,28393,28454
382194,28394,28456
366314,28394,28463
118244,28395,28457
295632,28404,28451
143926,28983,29034
20281,29001,29051
365081,29840,29890
86105,29865,29923
64524,29869,29923
