408710,133,191
102516,133,196
389274,133,212
134392,133,215
105896,134,210
68298,134,217
104087,137,198
91390,137,215
392888,143,204
316912,156,216
239235,231,294
132617,237,341
313762,238,322
9310,238,372
32378,242,325
291811,242,346
125001,242,355
47554,243,313
189476,243,340
24395,247,366
8049,247,377
9862,249,371
70711,250,364
10903,252,339
129542,252,357
397,255,321
2254,260,376
118925,270,372
285324,272,376
283488,279,340
269114,294,376
142035,305,373
46909,307,371
333708,310,374
133598,323,364
129111,323,375
184541,325,376
51076,428,493
401315,429,490
108744,623,686
404139,633,699
146109,737,811
50488,738,800
56708,739,809
239234,739,812
59261,755,826
84486,756,816
394243,759,820
148168,761,844
188902,770,837
262716,779,889
356715,780,844
125737,794,856
374436,794,864
342429,795,857
200611,795,871
401350,796,854
386445,797,862
298369,797,879
142455,797,888
63707,798,861
358467,799,856
237939,801,853
97574,802,864
1391,803,888
206814,804,868
339624,804,900
39189,804,916
151729,820,889
372383,825,886
303517,826,888
249229,826,895
15240,827,898
330252,828,886
120583,829,902
162024,831,882
116326,832,888
315832,838,897
286964,838,905
198418,840,898
202415,840,903
112658,841,897
282903,1070,1179
282904,1098,1222
188901,1140,1235
254883,1182,1226
172772,1477,1568
233989,1688,1744
39259,1690,1733
306287,1767,1833
332743,1781,1849
398828,1793,1850
11818,1798,1887
17468,1800,1871
247990,1803,1905
346252,1807,1869
194012,1811,1882
327797,1815,1887
350028,1822,1889
325232,1830,1917
57658,1845,1911
385412,1846,1903
373930,1846,1908
63672,1848,1906
126121,2006,2088
262714,2389,2453
301711,2679,2731
105813,2679,2733
216009,2681,2727
375502,2683,2731
225142,2809,2865
126008,2809,2870
130786,2809,2873
7845,2810,2858
2328,2811,2868
136548,2813,2855
54348,2813,2858
94600,2813,2862
317799,2816,2862
314051,2822,2883
282903,2847,2960
36720,2888,2944
246959,2895,2959
135772,2899,2966
112659,2922,2983
112656,2922,3004
90297,2923,2985
124638,2926,2991
9560,2950,3012
374853,2951,3008
188899,3439,3497
348209,3441,3506
376239,3449,3539
239553,3454,3516
246309,3455,3507
176851,3474,3538
50487,3505,3574
158412,3637,3700
197490,3817,3867
253574,4010,4072
283487,4027,4109
166560,4072,4134
373473,4083,4134
368883,4086,4138
306432,4110,4164
277361,4119,4183
339979,4262,4321
376240,4264,4319
392889,4385,4473
272484,4386,4463
280408,4390,4453
368471,4394,4455
340424,4400,4508
246307,4406,4460
45674,4408,4497
257678,4412,4492
347392,4417,4487
236361,4457,4512
204544,4525,4587
171662,4988,5050
345694,5145,5206
21078,5164,5240
175152,5167,5228
273104,5169,5225
139418,5169,5254
98531,5176,5252
148881,5178,5242
374852,5185,5263
70512,5219,5295
327798,5241,5302
279543,5243,5298
24951,5264,5325
254884,5267,5328
262715,5267,5345
57476,5270,5322
80207,5275,5346
15434,5277,5351
372384,5277,5357
103068,5292,5354
247401,5293,5351
349054,5294,5347
210812,5298,5350
80401,5306,5355
171133,5971,6014
188903,5971,6032
89479,5974,6044
24992,5975,6036
101819,5975,6038
158193,5985,6044
97991,6320,6372
201026,6330,6384
364186,6545,6614
89481,6556,6613
189760,6949,6994
393008,6949,6996
35383,6951,7005
52047,6952,7032
391750,6953,7023
366400,6955,7052
366401,6956,7049
377067,6959,7033
108745,6961,7022
253302,6961,7031
9861,6961,7038
72931,6963,7046
169183,6965,7025
208342,6965,7030
205396,6968,7025
63911,6968,7031
72932,6969,7046
62851,6970,7032
379366,6971,7045
132618,6985,7046
53960,7001,7049
51036,7096,7186
290876,7118,7182
173078,7119,7176
380678,7125,7178
22024,7126,7175
189291,7253,7315
117114,7253,7323
194110,7256,7317
86812,7259,7320
126007,7261,7323
236406,7267,7322
406560,7294,7376
294730,7299,7381
187071,7313,7376
272908,7327,7386
101198,7329,7393
330251,7446,7508
189292,7726,7792
60095,7727,7788
91455,7842,7898
332752,7842,7922
185493,7844,7891
397087,8092,8157
226909,8092,8161
257679,8093,8141
39190,8093,8144
136547,8093,8167
160812,8094,8147
212036,8095,8164
142217,8096,8169
190002,8099,8168
80332,8100,8162
24992,8101,8171
253678,8105,8168
59262,8381,8441
108246,8382,8443
171915,8382,8446
107685,8382,8459
89480,8382,8462
53959,8382,8471
241799,8384,8431
138697,8384,8453
329099,8386,8460
91013,8387,8440
150262,8387,8442
328679,8396,8475
347926,8400,8476
356505,8401,8471
321598,8403,8470
191343,8717,8768
5910,8767,8845
56393,9137,9194
175153,9145,9213
165659,9150,9221
104978,9170,9248
155136,9170,9255
334440,9171,9244
213444,9176,9255
105213,9179,9242
56949,9181,9256
182566,9196,9255
47553,9381,9469
377066,9396,9484
91126,9408,9487
151545,9411,9473
46558,9411,9490
335221,9412,9513
148882,9413,9508
90056,9414,9487
296249,9416,9488
358701,9424,9500
134243,9426,9482
151750,9428,9509
2973,9430,9496
349732,9466,9530
72832,9467,9516
105814,9468,9533
1678,9469,9531
319456,9469,9534
137497,9472,9534
56950,9472,9536
353287,9473,9535
151544,9474,9537
139419,9479,9544
140226,9480,9543
218815,9481,9544
368470,9761,9822
6443,9765,9831
376037,9817,9887
90057,9820,9901
38709,9820,9915
131532,9831,9922
382735,9832,9906
4006,9832,9920
134244,9834,9897
131533,9836,9921
341878,9838,9919
341879,9842,9903
73862,9842,9922
130984,9845,9913
256429,9848,9909
26791,9851,9922
126006,9854,9921
362316,9857,9921
21079,9858,9926
84487,9860,9922
105895,9868,9931
341877,9868,9938
105818,9869,9936
342428,9872,9945
246308,9879,9929
188900,9891,9962
46557,9896,9958
376506,9896,9965
370466,9898,9962
261233,9901,9968
263697,10061,10118
70465,10072,10115
144448,10351,10416
148276,10356,10417
209276,11454,11503
19853,11460,11508
105488,12333,12402
384717,12409,12480
229512,12425,12490
166285,12428,12506
82204,12430,12505
323434,12430,12522
50128,12431,12499
39202,12431,12512
345862,12433,12498
39188,12435,12498
204545,12439,12516
371853,12441,12502
385002,12441,12509
57659,12441,12513
91456,12442,12517
298885,12443,12504
353445,12443,12512
162311,12445,12506
73280,12445,12508
29720,12446,12513
189293,12449,12527
190437,12475,12529
274567,12476,12531
73863,12481,12529
50486,12493,12553
250283,12502,12561
171635,12503,12578
276773,12510,12606
240437,12519,12578
262718,12520,12602
262717,12523,12598
312649,12526,12593
403038,12531,12593
292232,12555,12630
173079,12889,12950
66341,12889,12952
154682,12896,12975
236745,12898,12961
256245,12905,12974
131104,12907,12953
64000,12907,12968
163595,12907,12971
163596,12908,12974
242117,13205,13256
257677,13417,13506
401567,13418,13497
350751,13420,13521
180766,13424,13505
42685,13426,13486
70001,13427,13487
123412,13428,13501
233725,13429,13523
222222,13430,13506
383797,13431,13493
137498,13431,13512
355049,13432,13524
47552,13433,13494
75930,13433,13504
340310,13434,13484
21080,13434,13502
62576,13436,13489
42251,13436,13499
358096,13436,13511
33221,13437,13492
310599,13437,13519
6442,13438,13502
403176,13441,13514
214268,13441,13518
17653,13441,13525
163543,13443,13504
353400,13443,13520
191665,13443,13523
1713,13444,13505
145183,13445,13506
377912,13445,13516
18103,13446,13507
139417,13446,13513
213880,13446,13524
253679,13447,13509
4981,13448,13533
295365,13450,13512
58393,13455,13524
97632,13458,13524
193695,13462,13524
84485,13474,13524
214500,13584,13667
224880,13591,13664
224881,13591,13677
408772,13595,13656
347776,13596,13665
196890,13596,13668
404061,13601,13682
404060,13604,13682
278445,13606,13677
278446,13609,13684
101759,13611,13665
163205,13611,13681
378358,13611,13697
238804,13614,13682
390382,13618,13679
356714,13619,13671
36465,13620,13678
35631,13621,13695
159495,13623,13687
159494,13626,13694
341421,13662,13730
282902,13662,13757
146107,13672,13795
385905,13676,13772
97576,13680,13777
300745,13680,13785
85024,13683,13763
112657,13683,13775
91403,13683,13781
1677,13693,13769
194108,13697,13782
178718,13699,13763
194107,13703,13785
194109,13717,13783
399823,13733,13808
72749,13744,13803
148880,13744,13829
282903,13776,13887
282904,13806,13919
400130,13813,13883
104979,13819,13885
285323,13838,13926
39844,13878,13941
365044,13888,13953
289580,13890,13945
163597,13890,13951
207670,13892,13943
172365,13900,13950
27032,13902,13946
282902,14212,14293
81275,14347,14411
334354,14692,14744
350018,14692,14748
21852,14706,14781
89477,15032,15097
60819,15032,15126
240018,15033,15104
341792,15033,15115
244111,15034,15109
101512,15036,15098
248826,15037,15103
115450,15038,15101
325530,15039,15103
84244,15039,15113
162479,15042,15103
77523,15042,15111
225141,15043,15116
187013,15044,15105
341793,15044,15107
136546,15045,15113
32827,15046,15099
87055,15050,15111
219898,15050,15114
196907,15050,15125
303612,15059,15124
146108,15060,15130
89478,15061,15127
192172,15062,15125
353399,15075,15137
112655,15219,15289
133237,15532,15593
