359318,93,139
100690,447,535
221747,454,523
253947,454,537
215965,462,524
282219,462,532
341212,464,543
200991,466,545
141052,471,549
47619,472,547
278704,473,550
30896,475,532
337448,480,549
151021,483,550
18863,486,535
365736,486,551
166847,492,545
179718,493,554
158452,494,563
247343,494,566
358325,495,557
224242,497,566
303037,499,551
35628,499,562
324805,501,551
25899,501,565
299082,502,568
65589,504,570
161734,805,866
301954,1153,1222
346043,1161,1246
271408,1170,1246
374378,1174,1249
125076,1179,1253
107422,1181,1222
388228,1182,1253
177406,1183,1269
26376,1222,1284
302575,1226,1287
134553,1227,1288
7732,1228,1311
350892,1241,1313
163472,1250,1320
38024,1251,1328
252605,1278,1333
365512,1753,1808
368210,2047,2119
388972,2057,2118
158042,2234,2293
142199,2234,2295
348924,2235,2306
282218,2243,2306
282217,2254,2306
56616,2372,2416
277282,2795,2846
228261,2905,2973
123170,2918,2982
242095,3280,3354
214590,3294,3363
66659,3296,3357
137997,3296,3369
66658,3298,3362
26375,3769,3841
110576,3770,3849
218059,3770,3862
106785,3771,3865
315197,3772,3850
153503,3778,3862
299019,3781,3846
299020,3783,3847
129469,3785,3848
100010,3785,3858
343186,3788,3906
134159,3790,3895
240387,3791,3858
89929,3792,3853
216091,3792,3863
397333,3795,3856
248904,3797,3862
394501,3797,3901
343185,3803,3916
47110,3810,3871
52402,3815,3924
322215,3818,3896
66884,3820,3903
68755,3821,3899
337664,3826,3887
7740,3830,3887
263901,3831,3885
406764,3832,3927
182771,3833,3918
356218,3840,3904
390943,4231,4310
56366,4237,4298
127471,4416,4474
319354,4619,4685
152504,5020,5081
370549,5326,5397
95610,5327,5383
150529,5327,5388
150530,5330,5422
370548,5346,5410
303452,5350,5418
407742,5351,5413
133892,5353,5416
216335,5354,5415
129259,5355,5426
171631,5356,5432
303430,5357,5422
268844,5362,5425
363405,5380,5435
53390,5384,5446
8947,5387,5458
53389,5388,5453
20606,5502,5571
133893,5741,5820
303278,5987,6046
370546,6075,6142
141521,6120,6189
340326,6142,6189
194769,6464,6522
102063,6673,6735
370546,7231,7287
370548,7428,7483
359317,7690,7763
102606,7936,8017
277606,7987,8063
50392,8677,8744
370549,8682,8760
124669,8687,8756
53199,8710,8762
209,8714,8787
218058,9080,9135
136497,9310,9367
53388,9498,9562
120068,9756,9828
204093,9762,9831
241229,9771,9825
274803,9774,9835
95609,9785,9843
347635,9788,9850
275808,9809,9869
120739,9814,9867
95608,9827,9903
303429,9894,9960
303277,10251,10311
50713,10251,10326
387015,10251,10333
272604,10253,10327
303427,10255,10307
56367,10285,10356
401860,10305,10371
373374,10309,10383
108721,10318,10374
388970,10692,10747
56615,10707,10762
254023,11267,11329
111426,11272,11376
217822,11276,11351
388971,11320,11376
247220,11549,11628
93306,11550,11614
227989,11558,11608
263475,11559,11627
282530,11564,11642
177849,11570,11631
260695,11571,11641
212209,11572,11633
349054,11575,11636
20754,11576,11648
158043,11577,11640
154782,11580,11655
40951,11584,11648
346749,11589,11657
5883,11600,11649
98776,11682,11738
30503,11682,11751
389538,11683,11739
8946,11683,11741
387014,11683,11745
57175,12223,12290
370224,12235,12296
346080,12245,12317
389283,12248,12310
380702,12249,12318
345089,12515,12590
171632,12520,12587
280239,12830,12937
10298,12872,12930
45920,12878,12932
370552,12879,12946
296393,13266,13332
379044,13267,13310
317388,13271,13321
21582,13298,13361
329838,13300,13363
245144,13300,13370
245145,13302,13369
407704,13503,13562
195856,13503,13575
127564,13520,13584
357782,13522,13585
357783,13809,13900
332202,13811,13884
280932,13815,13879
88585,13820,13869
131952,13821,13882
256687,13822,13883
268558,13896,13950
217983,14071,14135
273084,14084,14134
161468,14314,14388
137442,14369,14419
266421,14375,14439
266420,14779,14832
154249,14854,14919
201334,14854,14922
36473,15226,15279
247342,15226,15282
102923,15229,15280
263391,15234,15290
55977,15236,15298
77097,15236,15302
319355,15236,15326
398551,15237,15313
393011,15238,15309
262338,15242,15315
406646,15242,15344
304673,15243,15334
197746,15246,15324
404463,15248,15299
326530,15248,15313
285757,15251,15313
112088,15261,15319
309534,15262,15322
156187,15263,15326
303428,15263,15357
23262,15273,15344
263900,15274,15327
267152,15278,15344
277281,15280,15326
113735,15282,15344
204094,15283,15350
90500,15296,15356
216086,15573,15640
47948,16047,16107
154157,16071,16130
134332,16080,16158
167718,16085,16153
277280,16099,16164
53387,16100,16165
380703,16100,16175
190045,16100,16185
222000,16110,16170
341130,16111,16182
348923,16114,16175
91530,16126,16185
401861,16128,16185
401862,16130,16186
115809,16135,16178
401770,16248,16303
324804,16275,16338
385145,16287,16353
23263,16298,16348
385452,16363,16428
186601,16371,16442
149216,16378,16439
152503,16411,16481
353243,16414,16480
126746,16417,16485
253279,16419,16482
41325,16443,16505
48784,16475,16518
389284,16485,16551
50312,16964,17024
70147,17095,17155
192801,17369,17425
57759,17371,17432
56614,17664,17734
299420,17714,17776
165646,17832,17891
103604,17987,18030
327697,18101,18153
20604,18102,18167
164199,18104,18149
65059,18106,18156
370551,18266,18361
191966,18285,18360
384793,18301,18362
119479,18301,18375
358046,18307,18377
382186,18312,18375
395201,18313,18394
405023,18317,18386
204683,18320,18374
385472,18321,18386
98121,18818,18866
107327,18883,18941
405828,18897,18952
126733,19058,19099
370550,19108,19169
370552,19112,19190
69203,19117,19184
370225,19711,19765
127565,19776,19831
208844,19886,19948
301955,20293,20376
311140,20294,20357
363996,20295,20359
124289,20296,20357
387200,20297,20358
330696,20299,20356
125847,20301,20368
138017,20304,20359
191965,20306,20359
138754,20538,20614
104733,20562,20622
370545,20565,20662
388196,20795,20865
8615,20796,20859
302576,20796,20873
192411,20798,20861
343950,20799,20873
370547,20802,20909
301953,20805,20875
89930,20817,20888
3127,20825,20902
847,20826,20906
370545,20843,20932
194045,20850,20922
96783,20854,20926
314943,20860,20939
116589,20870,20933
356297,20878,20933
158875,21393,21448
311005,21848,21937
284469,21864,21936
370551,21879,21958
309535,21909,21964
370547,22090,22203
385150,22246,22306
44946,22292,22359
387013,22521,22580
20605,22521,22583
265858,22522,22573
145294,22523,22581
98775,22524,22580
370550,22528,22584
254022,23562,23624
222087,23564,23650
56368,23570,23627
95611,23573,23626
64125,23573,23646
75870,23575,23650
61079,23589,23652
213285,23591,23667
208804,23593,23641
32280,23736,23784
3534,24194,24262
100574,24220,24298
294936,24222,24295
406574,24413,24498
406575,24429,24499
319353,24442,24518
218351,24595,24655
299302,24726,24796
96261,24729,24796
40634,24730,24788
171630,25394,25465
126745,25743,25854
281854,25780,25841
267184,26580,26643
309479,26581,26631
318241,26598,26648
357781,26705,26801
102924,26753,26817
69822,28700,28745
57956,28837,28882
238631,29360,29427
371809,29361,29424
233858,29481,29548
331971,29486,29539
396138,29486,29545
304854,29641,29697
281855,29799,29894
