255758,361,409
137452,366,427
401938,367,439
83933,419,475
19521,557,606
301869,732,793
55362,978,1046
167524,999,1079
291626,1005,1054
109172,1195,1249
310667,1197,1264
241485,1244,1318
213635,1252,1360
383666,1289,1340
313104,1290,1345
251333,1487,1557
109171,1494,1557
36524,1494,1561
393078,1494,1564
19766,1495,1559
95842,1500,1565
236375,1500,1578
109885,1501,1561
159120,1505,1555
254649,1505,1559
336808,1521,1608
236374,1522,1596
53388,1522,1599
124510,1526,1581
198364,1534,1579
260095,1562,1629
298224,1591,1662
225129,1592,1653
159714,1604,1676
241276,1605,1667
358720,2069,2148
346649,2070,2146
37780,2072,2154
110902,2072,2163
151825,2081,2160
401936,2085,2152
75304,2085,2160
240162,2090,2149
163049,2094,2156
249453,2104,2159
187359,2113,2162
134373,2201,2269
247469,2202,2295
348679,2216,2271
35982,2231,2320
97478,2240,2318
26002,2242,2328
312790,2257,2328
305480,2598,2671
132206,2600,2672
301868,2605,2682
279344,2613,2687
393077,2615,2681
336809,2616,2679
315750,2620,2664
292074,2622,2684
198363,2757,2804
133572,3124,3211
97583,3161,3239
68799,3163,3211
323417,3163,3265
111347,3165,3270
78680,3171,3271
350674,3172,3247
67572,3174,3242
316478,3176,3251
236260,3180,3248
74774,3180,3251
332575,3180,3258
233013,3182,3249
122006,3183,3246
324338,3183,3254
401839,3184,3245
77689,3184,3248
48663,3186,3249
254650,3192,3253
30810,3195,3257
190009,3197,3257
359187,3199,3266
124511,3204,3258
236676,3204,3265
301721,3205,3260
377085,3207,3268
216564,3209,3272
253506,3213,3264
283672,3214,3276
305445,3281,3331
176641,3612,3669
356710,3615,3677
140507,3625,3696
147032,3669,3739
37650,3890,3931
295634,4034,4095
101417,4063,4110
209629,4231,4296
53387,4365,4419
199618,4673,4723
54705,4674,4741
157344,4675,4734
303749,4676,4725
28722,4677,4741
148203,4682,4743
364697,4686,4753
281857,4687,4755
299025,4688,4757
313198,4702,4757
117627,4740,4813
23384,4741,4794
362800,5091,5168
142505,5169,5235
344304,5175,5236
239946,5242,5314
401937,5826,5872
251332,5831,5902
80545,5837,5899
406821,6395,6454
172719,6412,6479
26001,6456,6516
147032,6476,6536
368172,6532,6603
270321,7006,7076
350211,7494,7558
239329,7501,7563
105443,7880,7937
40836,7920,7978
9664,8097,8162
219441,8128,8199
159253,8849,8902
400128,8849,8904
186085,8850,8903
260096,8851,8900
405111,8876,8944
222252,9315,9391
8282,9323,9384
408045,9327,9386
303748,9330,9391
310668,9330,9394
29385,9332,9396
37514,9333,9393
3153,9334,9395
218830,9346,9429
32156,9347,9419
189092,9352,9399
198365,9352,9404
298226,9352,9452
228011,9362,9456
344602,9368,9429
69760,9370,9440
117626,9490,9543
209266,9658,9721
40702,9658,9736
40701,9658,9744
128049,9658,9760
148202,9664,9771
341253,9701,9763
94137,9701,9789
254648,9708,9789
331331,9732,9791
291623,10420,10498
189235,10425,10497
23483,10425,10504
270322,10430,10488
291624,10430,10498
95841,10431,10490
359186,10431,10495
67221,10620,10680
86155,10627,10692
285241,10799,10885
262192,10818,10887
110903,10969,11019
266132,10969,11029
316359,11174,11258
300771,11481,11527
389555,11486,11550
383669,11506,11567
96896,11508,11571
131527,11514,11603
206101,11533,11601
380055,11535,11597
160812,11537,11604
47336,11540,11605
227243,11541,11627
173681,11552,11615
142676,11966,12029
383667,12200,12249
149962,12201,12261
95364,12751,12795
357042,12754,12796
291625,12754,12808
749,13594,13663
748,13594,13675
163038,13595,13652
54704,13599,13661
369819,13841,13903
166499,13851,13902
117142,14025,14078
94138,14025,14081
5099,14310,14359
83366,14727,14794
19020,14758,14829
16508,14764,14865
747,14769,14854
295291,14770,14829
310669,14770,14839
123691,14781,14871
298225,14782,14836
364366,14792,14858
364365,14796,14874
357537,14805,14867
364832,14912,14954
373276,15058,15153
259233,15059,15128
362207,15061,15129
61065,15063,15120
333566,15096,15147
340372,15133,15183
72653,15133,15197
278928,15135,15198
19019,15174,15234
148201,15175,15282
384346,15512,15601
49357,15526,15590
104479,15527,15593
292075,15527,15596
57340,15531,15593
144095,15532,15596
286759,15533,15597
290908,15534,15598
225555,15536,15599
37649,15539,15618
174288,15554,15604
137471,15560,15622
312353,15687,15805
364696,15697,15777
147033,15729,15779
111346,15989,16047
147034,16285,16388
164916,16310,16388
10694,16321,16391
251331,16345,16392
133408,17104,17172
35981,17138,17189
84020,17160,17225
270935,17173,17224
176640,17176,17227
341254,17331,17412
221612,17342,17454
118604,17353,17440
281659,17361,17450
177399,17483,17546
130821,17716,17790
239619,17736,17808
161310,17768,17837
390964,18115,18181
166314,18155,18216
301866,18502,18574
90032,18553,18653
191204,18581,18624
94136,18598,18666
151824,18612,18698
59290,18613,18675
109169,18614,18676
53389,18615,18673
66792,18637,18686
301867,18690,18756
137453,18696,18756
391315,18714,18764
332518,18714,18774
352521,18724,18810
65200,18728,18771
178537,18729,18782
109316,18729,18784
124331,18843,18922
388780,19260,19321
109170,19260,19327
376245,19263,19326
251330,19265,19329
104977,19274,19349
216987,19277,19350
72956,19284,19348
26003,19285,19346
98969,19286,19347
14950,19287,19348
203156,19287,19350
116523,19287,19353
118603,19288,19349
281657,19290,19347
147033,19290,19351
5166,19291,19352
102864,19895,19946
391333,20124,20197
332517,20140,20201
147034,20962,21070
105188,20975,21067
383488,20990,21074
8487,20995,21088
298227,21111,21180
216988,21122,21183
234386,21931,21994
406822,21941,21991
350056,21948,21998
344862,21961,22022
312708,22072,22127
384395,22075,22128
236873,22444,22498
368023,22449,22501
79389,22462,22516
393076,22603,22666
241275,22616,22675
241274,22618,22680
216565,22625,22672
53390,22647,22695
407540,22965,23048
23423,22965,23052
253173,22969,23053
221611,23004,23081
339886,23015,23081
344603,23017,23081
58576,23033,23081
344733,23766,23822
176638,23766,23829
5165,23777,23833
104976,24237,24291
11524,25001,25112
301865,25028,25110
73770,25055,25105
281658,25062,25166
271900,25090,25134
102865,25116,25189
210216,25135,25208
407541,25137,25209
28104,25142,25192
202858,25142,25226
20717,25147,25213
142901,25152,25237
93834,25153,25211
278561,25155,25226
101429,25157,25218
133571,25158,25222
338468,25158,25225
127054,25160,25207
177803,25160,25216
333565,25160,25221
140136,25161,25218
246506,25164,25226
125755,25174,25253
405765,25181,25250
310224,25491,25562
207508,25496,25579
165578,25739,25805
405764,25742,25805
25603,25743,25806
359845,25744,25797
10324,25753,25803
158434,25754,25805
225148,25760,25804
176639,26415,26473
75565,26416,26474
134372,26653,26719
164455,26655,26720
310223,27496,27557
264462,27496,27560
159713,27668,27720
234926,27746,27796
368811,28144,28206
370253,28146,28208
201763,28147,28207
260454,28149,28210
253174,28274,28349
5164,28473,28540
