93986,161,245
115748,161,252
79273,162,219
270651,163,253
405985,165,244
104954,165,255
298430,169,233
407509,169,249
64549,169,259
102656,171,236
105234,174,227
144416,175,239
179051,177,261
227010,179,231
226996,179,255
181007,179,262
13325,185,248
92057,190,253
310214,191,252
122134,194,258
35316,197,260
269539,871,938
238697,888,981
207385,916,979
273699,919,981
309800,920,998
366405,921,979
406420,933,999
209591,1400,1444
223168,1484,1566
151711,1485,1557
394051,1485,1562
302849,1496,1576
146368,1500,1562
134614,1503,1570
245383,1507,1571
230985,1517,1590
144415,1526,1589
325659,1780,1835
345947,1781,1855
298431,2019,2075
151710,2021,2102
251522,2043,2099
270650,2043,2102
283763,2050,2101
144246,2308,2365
206231,2428,2521
213766,2431,2531
345945,2454,2530
187513,2459,2520
70631,2465,2528
407507,2466,2530
93666,2472,2534
112206,2498,2590
224472,2498,2593
76887,2505,2577
102657,2507,2591
243834,2532,2589
350848,2533,2596
334512,2539,2585
122992,2542,2593
350849,2543,2589
252222,2545,2590
221774,2545,2594
279299,2547,2593
357162,2548,2590
354586,2553,2614
147073,2570,2632
345946,2875,2942
322723,2885,2951
33044,2887,2945
321367,2887,2948
350626,3225,3285
152601,3225,3294
159279,3226,3316
31460,3227,3268
64218,3230,3295
137656,3235,3294
392088,3308,3393
224473,3325,3413
198602,3326,3396
135365,3333,3403
76319,3337,3411
248478,3339,3414
50954,3341,3409
165740,3341,3413
59874,3342,3407
135251,3343,3408
244224,3344,3406
146078,3518,3572
334514,3603,3689
357064,3611,3684
335542,3617,3690
366942,3624,3690
207217,3628,3693
334513,3640,3694
390407,3642,3707
114071,3645,3747
56336,3646,3695
387233,3647,3694
308988,3647,3719
108957,3648,3721
10890,3649,3714
212922,3650,3704
92511,3650,3709
101339,3651,3713
217538,3651,3718
159281,3651,3739
223169,3653,3709
235690,3654,3717
13329,3656,3724
71363,3658,3711
74894,3658,3720
146079,3658,3762
115747,3659,3723
335541,3660,3719
267839,3662,3718
192222,3663,3730
390409,3664,3744
270652,3665,3728
385025,3666,3718
357163,3679,3750
283762,3689,3761
180727,3692,3768
84567,3693,3746
114382,3693,3771
118448,3694,3761
101343,3695,3758
150992,3699,3785
321362,3700,3760
85345,3703,3784
49211,3714,3793
235689,3726,3768
258213,3726,3776
202713,3726,3790
379564,3729,3781
243833,3730,3804
64548,3732,3798
102021,3732,3809
260530,3732,3815
295901,3735,3796
16318,3738,3805
162404,3740,3810
373849,3759,3817
310215,3795,3844
385633,3884,3929
279300,4048,4139
260531,4105,4191
71362,4114,4190
122991,4296,4354
152602,4324,4386
24153,4337,4391
223170,4504,4550
279310,4504,4563
144247,4508,4569
166032,4509,4570
198196,4509,4600
268707,4510,4571
335539,4510,4597
178422,4511,4602
343061,4513,4597
112168,4514,4575
93481,4515,4595
39827,4517,4581
229028,4518,4636
181006,4519,4599
111731,4522,4614
229027,4522,4622
376306,4523,4581
174625,4523,4608
378985,4526,4589
205081,4526,4598
134616,4528,4610
153978,4529,4605
134450,4530,4581
19463,4530,4596
165742,4530,4648
107886,4532,4621
137657,4532,4634
238696,4533,4595
406421,4533,4624
252440,4534,4598
151493,4536,4613
13331,4538,4600
55405,4540,4609
36404,4541,4603
267837,4544,4611
77780,4547,4625
134615,4549,4620
130720,4551,4612
55404,4552,4617
253796,4554,4616
105318,4557,4631
67816,4557,4642
282326,4560,4630
257949,4561,4623
13226,4564,4626
186597,4565,4653
13225,4568,4651
253795,4583,4649
70852,4587,4649
210482,4592,4654
174624,4595,4658
165739,4595,4667
95804,4625,4688
302241,4633,4697
248479,4731,4774
358317,5301,5391
102655,5309,5383
407728,5310,5373
244225,5310,5391
63378,5317,5381
297170,5322,5383
137883,5324,5380
69644,5324,5384
361917,5324,5391
367975,5327,5397
2116,5339,5392
91643,5348,5413
261199,5352,5413
360177,5638,5704
101341,5640,5706
148407,5645,5730
24923,5649,5737
161198,5650,5730
357161,5652,5705
275159,5675,5731
166241,5676,5744
5427,5684,5750
247743,5859,5920
356281,5860,5919
233950,5860,5929
40396,5861,5923
166242,5863,5927
298429,5865,5928
26977,5869,5930
329162,5872,5932
234687,5884,5933
121201,6121,6179
121202,6265,6315
317452,6266,6321
130719,6330,6398
96159,6613,6689
242031,6614,6697
139318,6615,6676
80671,6620,6696
257164,6982,7043
144245,7067,7131
181005,7076,7131
266415,7183,7242
47851,7183,7245
118172,7183,7247
263289,7183,7253
101342,7183,7262
201252,7184,7246
237622,7185,7248
267913,7185,7256
85111,7186,7233
180196,7186,7252
347995,7187,7245
230060,7187,7248
376305,7227,7283
58420,7259,7314
130717,7298,7366
147420,7435,7519
134889,7457,7519
35346,7461,7520
359948,7857,7905
282817,7857,7911
275456,8108,8185
64217,8113,8173
121828,8115,8187
306132,8129,8213
376304,8131,8192
94605,8135,8194
407727,8141,8214
111974,8147,8213
306133,8150,8212
290983,8156,8213
42152,8259,8308
377492,8260,8307
69235,8261,8304
243306,8262,8324
118838,8269,8317
101340,8700,8756
134451,9148,9194
321413,10021,10082
49210,10030,10094
10193,10031,10103
407729,10031,10118
273437,10033,10097
201734,10034,10123
234876,10035,10107
28931,10047,10111
379563,10049,10109
257166,10056,10118
290720,10062,10142
134452,10064,10128
150886,10071,10135
42015,10072,10142
310213,10072,10154
408597,10073,10131
47277,10073,10145
297171,10076,10130
310212,10076,10142
77305,10076,10184
154209,10077,10138
64221,10079,10133
24780,10085,10171
144244,10087,10170
71298,10090,10177
350625,10092,10168
394050,10099,10168
179052,10102,10166
22642,10103,10170
257165,10105,10186
130718,10110,10171
181165,10112,10214
223166,10122,10184
257163,10131,10195
236777,10131,10205
346584,10134,10213
346585,10134,10229
86268,10135,10196
86267,10135,10211
243832,10137,10225
71361,10137,10230
354585,10138,10199
129257,10139,10188
379941,10139,10204
152600,10139,10208
224475,10140,10210
69982,10148,10210
225015,10148,10230
297935,10149,10211
251521,10156,10208
210480,10164,10228
334509,10166,10231
57515,10167,10230
141599,10171,10225
77307,10171,10231
3433,10172,10235
218249,10173,10233
48823,10360,10420
142217,10640,10711
86269,10684,10790
229316,10696,10760
357164,10697,10763
192435,10705,10775
135522,10708,10779
282814,10712,10773
385040,10713,10781
333384,10721,10776
166031,10722,10788
359515,10724,10785
134613,10724,10789
224474,10729,10803
208512,10730,10793
276655,10733,10794
257948,10735,10797
350847,10740,10801
242154,10743,10807
170357,10743,10811
349560,10747,10812
180195,10939,11005
297074,10954,11020
366941,10957,11014
131951,10960,11005
218250,11270,11353
282813,11273,11353
71610,11285,11333
79419,11287,11336
134611,11288,11350
5958,11290,11334
6534,11294,11336
71609,11294,11349
407508,11295,11348
146080,11553,11619
354584,11561,11619
335540,11713,11771
382773,11743,11804
310216,11748,11793
282816,11755,11823
133417,11755,11833
64219,11756,11819
239846,11757,11825
45774,11765,11841
178421,11766,11826
334510,12362,12443
385632,12375,12438
340149,12378,12491
137650,12384,12469
260529,12388,12473
340148,12393,12457
338944,12394,12476
374376,12400,12489
267840,12405,12482
134448,12406,12475
283759,12410,12472
137651,12411,12473
13010,12413,12474
136177,12416,12476
323413,12850,12920
121200,12851,12938
343060,12863,12945
253721,12882,12938
260530,12925,13003
172056,13011,13062
267912,13074,13137
209592,13078,13166
181009,13098,13166
29095,13102,13165
317140,13102,13170
282815,13106,13167
282812,13109,13177
54037,13126,13202
221905,13126,13205
181004,13131,13192
146081,13131,13196
223167,13139,13215
270648,13141,13198
210481,13166,13240
134447,13366,13420
151707,13366,13428
385041,13373,13423
380889,13377,13428
189021,13389,13461
267838,13390,13435
385631,13391,13460
101338,13391,13476
13330,13393,13435
134449,13398,13479
345943,13399,13463
270649,13400,13476
180197,13401,13458
73086,13402,13471
358659,13409,13481
379562,13426,13481
151709,13429,13486
85583,13432,13484
328314,13613,13674
247356,13632,13715
345351,13632,13720
179927,13634,13700
260531,13634,13719
84742,13644,13704
73012,13671,13712
146076,13831,13903
174623,13832,13887
76698,13832,13895
283760,13841,13934
79656,13843,13929
407506,13844,13905
134612,13844,13919
390406,13846,13904
260529,13849,13932
13326,13850,13921
359516,13851,13914
26444,13851,13946
308989,13853,13937
236776,13853,13953
56338,13854,13926
126820,13855,13903
320866,13861,13934
127190,13862,13925
115745,13863,13932
72630,13865,13937
13324,13867,13929
128338,13867,13933
366940,13869,13939
151708,13869,13950
345944,13871,13938
283758,13873,13935
335537,13874,13939
378984,13874,13972
59875,13875,13940
115743,13875,13951
285813,13876,13936
298427,13878,13939
39221,13883,13944
365479,13885,13943
336450,13893,13965
151706,13896,13966
235799,13902,13963
346264,13902,13966
298428,13902,13972
125918,13903,13959
12745,13904,13955
44758,13905,13961
275455,13905,13968
118837,13948,14000
137653,14097,14156
137654,14099,14156
13328,14119,14187
229552,14218,14310
115746,14288,14344
137652,14461,14523
181008,14467,14524
279298,14476,14544
10194,14680,14728
217537,14840,14897
360178,15043,15130
221773,15231,15290
154131,15238,15290
270646,15352,15417
166030,15352,15429
19838,15353,15416
217479,15354,15421
47127,15359,15434
315208,15360,15423
98176,15367,15447
78385,15371,15433
77765,15372,15467
115744,15377,15436
87149,15379,15433
251520,15383,15448
309801,15390,15475
60822,15392,15466
268708,15394,15463
165738,15394,15470
10287,15398,15463
34332,15399,15460
137655,15401,15475
63379,15403,15452
119780,15403,15463
192221,15406,15469
390408,15421,15467
257947,15422,15491
179053,15456,15522
144414,15575,15641
273218,15612,15678
384373,15620,15693
186596,15628,15706
263288,15641,15692
77306,15644,15702
165741,15645,15715
334511,15647,15722
408596,15652,15717
91067,15853,15915
400088,16001,16060
373796,16001,16064
249638,16001,16080
268704,16226,16287
64220,16262,16351
225031,16278,16329
159278,16343,16408
268705,16348,16414
357158,16351,16414
118839,16351,16433
366403,16359,16456
69800,16361,16442
268706,16365,16440
357159,16366,16453
101337,16370,16431
63940,16371,16438
268703,16371,16455
309799,16373,16449
159280,16374,16441
408595,16374,16447
249637,16374,16459
343519,16375,16436
127617,16376,16461
87151,16380,16441
87150,16390,16452
23393,16399,16462
13327,16561,16639
144243,16562,16632
304221,16568,16634
137321,16579,16652
377006,16584,16647
247742,16584,16671
238695,16585,16654
366404,16588,16649
31179,16589,16652
357160,16602,16665
178420,16607,16666
230061,16608,16670
302850,16623,16694
316435,16659,16715
10195,16847,16923
378986,16849,16920
403549,16852,16920
354583,16857,16922
28276,16858,16925
233949,16859,16930
102033,16876,16938
274956,16877,16930
313484,16878,16944
335538,16881,16932
23147,16890,16937
69310,17114,17170
283757,17211,17281
181003,17242,17308
56337,17263,17331
238454,17290,17361
270647,17293,17365
314791,17294,17360
87148,17296,17359
333383,17326,17396
399354,17673,17741
388375,17829,17895
331421,17874,17940
146077,17876,17942
361990,18260,18301
233449,18261,18314
283761,18557,18615
201735,18668,18710
392184,18673,18714
