407939,355,436
360023,355,462
358269,384,439
11218,385,471
382785,387,463
315840,389,439
29505,395,469
93171,479,569
335144,484,611
265795,490,586
7293,492,613
397,493,570
291811,494,587
8049,494,617
24395,497,609
318510,497,615
283946,497,624
350499,500,577
112378,501,586
135259,506,617
389567,509,603
10589,510,591
2254,510,611
388048,515,592
93608,522,590
375914,524,624
375915,545,624
267425,556,624
139016,681,738
185041,681,768
7294,681,784
358268,682,734
21061,682,736
234395,682,746
68508,682,754
382786,683,741
71852,685,744
269794,687,756
112256,688,784
43269,689,789
365274,692,754
135727,695,772
122418,695,785
362034,701,767
160794,703,760
303399,735,788
72255,975,1061
356911,976,1063
155887,1394,1472
226329,1438,1522
46642,1452,1526
288311,1457,1524
174425,1459,1533
106687,1459,1571
388049,1461,1542
209814,1461,1555
48205,1469,1545
353517,1488,1562
397880,1489,1550
355048,1493,1566
19282,1496,1578
238099,1505,1575
342686,1525,1589
39863,1528,1583
102348,1528,1589
6878,1635,1694
3184,1692,1762
30186,1706,1772
21062,1771,1838
63251,1783,1831
25067,1957,2024
155001,2036,2094
46554,2102,2202
30066,2118,2218
151258,2120,2223
56878,2132,2217
74698,2132,2224
173066,2133,2211
248524,2134,2213
269135,2135,2223
222882,2137,2199
33523,2137,2225
283921,2138,2214
51942,2139,2234
180411,2144,2254
53865,2147,2208
5233,2148,2223
102092,2155,2218
294123,2161,2223
84617,2161,2225
14517,2174,2241
35781,2188,2238
393423,2301,2352
191392,2384,2438
112931,2392,2445
53464,2401,2476
326466,2403,2465
288312,2403,2471
389568,2407,2482
214956,2410,2475
356133,2436,2507
182103,2439,2489
269136,2449,2535
244308,2453,2523
28357,2480,2537
24397,2486,2559
143692,2487,2549
185359,2493,2589
177734,2495,2564
59835,2610,2668
260957,2863,2948
269966,2868,2944
362032,3125,3213
179540,3439,3500
59834,3590,3652
325037,3760,3831
358271,3932,3995
352864,3943,4009
366245,3946,4011
136778,3949,4018
142141,4030,4106
59833,4037,4154
293484,4151,4204
59831,4213,4330
111792,4230,4298
379615,4234,4295
204546,4243,4300
84097,4275,4328
177733,4595,4677
59828,4610,4679
204055,4651,4715
313188,4669,4718
210692,4790,4831
221580,4990,5034
39662,4990,5036
159464,4993,5044
109583,4998,5047
285290,5265,5314
177732,5281,5345
59828,5284,5347
363247,5512,5570
131300,5626,5696
57015,5639,5725
240202,5970,6053
180412,6035,6098
74999,6265,6329
172087,6266,6353
132042,6271,6323
70602,6273,6320
348181,6273,6335
80750,6275,6339
102091,6646,6714
130385,6885,6947
80884,6885,6950
177586,6886,6956
329920,6887,6961
236694,6892,6940
219859,6892,6953
387157,6894,6996
172864,6898,6942
406239,6899,6961
81248,6903,6979
32462,6906,6968
269793,6906,6971
329104,6910,6972
379614,6910,6976
143537,6910,6998
186735,6911,6986
365273,6911,6992
91061,6911,7004
24394,6911,7007
179943,6912,6973
143693,6914,6985
24396,6914,7002
365272,6922,7008
60632,6924,7001
379616,6929,7012
291618,6937,6998
249302,6953,7010
317956,7015,7064
286773,7820,7893
327267,7820,7896
75418,7837,7915
217433,7842,7903
267545,7843,7921
144179,7844,7909
69632,7852,7915
48601,7852,7917
115914,7854,7915
349221,7872,7920
195018,8108,8166
3183,8287,8338
366954,8287,8346
139680,8288,8332
48660,8288,8343
169901,8290,8346
9347,8302,8346
9885,8397,8462
58329,8810,8878
12308,8815,8880
20959,8821,8895
186647,8825,8892
241021,8827,8894
113295,8827,8905
236387,8834,8891
209701,8888,8942
191229,9254,9347
244307,9267,9349
261888,9294,9360
187145,9300,9362
238130,9301,9363
387156,9301,9365
63699,9323,9389
55622,9324,9366
47552,9326,9374
25065,9326,9392
251057,9328,9389
177731,9329,9390
380834,9608,9663
119459,9614,9666
102349,9619,9668
59831,9839,9956
294005,9910,9969
290473,9910,9980
372778,10311,10375
59832,10434,10509
99439,10785,10888
37879,10793,10867
379377,10836,10897
333001,11152,11218
342684,11357,11425
244306,11565,11622
397330,11587,11648
60631,11851,11913
354449,11852,11928
199449,11852,11947
229275,11861,11931
106686,11863,11942
25064,11864,11938
399080,11866,11962
322974,11867,11928
210691,11882,11942
371573,12167,12257
112389,12324,12386
143936,12338,12401
329919,12536,12600
154209,13122,13169
397694,13124,13181
139017,13128,13191
362033,13143,13197
215122,13202,13267
381574,13224,13303
6021,13773,13836
37880,13807,13879
59827,13977,14047
159909,13983,14073
45350,14011,14074
53463,14012,14083
95575,14013,14074
81233,14013,14076
47115,14020,14073
19280,14033,14074
14411,14041,14110
388050,14046,14111
65035,14049,14110
201384,14064,14120
300193,14064,14137
258981,14070,14134
175292,14070,14140
69170,14071,14133
157658,14076,14135
207389,14077,14138
59827,14207,14278
6020,14231,14322
24393,14235,14308
59829,14245,14309
159908,14245,14321
288326,14253,14322
157522,14443,14556
365271,14444,14510
206373,14446,14510
159303,14451,14507
6086,14454,14544
14553,14455,14534
249301,14457,14533
157524,14458,14557
48661,14459,14534
46883,14465,14528
191676,14465,14534
54111,14465,14550
91060,14468,14534
399868,14468,14549
21722,14469,14544
342817,14471,14541
107795,14472,14535
157523,14472,14559
150098,14478,14541
304120,14480,14543
202204,14484,14545
25063,14486,14558
113996,14489,14550
269134,14499,14546
27379,14499,14558
73180,14504,14568
25066,14511,14567
211082,14773,14891
365270,14813,14891
358270,14824,14889
165624,14827,14890
299958,14874,14933
364103,14954,15031
290105,14958,15034
284852,14971,15036
102090,14980,15048
92210,14981,15042
285986,14991,15062
228643,14993,15057
131338,15092,15161
155052,15093,15166
198803,15097,15161
278949,15097,15169
262120,15098,15160
59829,15098,15162
226330,15099,15167
19281,15101,15165
83045,15102,15159
18265,15102,15164
22874,15103,15167
233444,15111,15165
307255,16411,16456
377946,16525,16596
365269,16528,16589
179431,16528,16596
30774,16537,16596
71186,16543,16596
19935,16544,16594
288344,16997,17068
286772,17017,17097
386250,17075,17149
212400,17079,17151
329918,17080,17153
20958,17086,17154
20494,17087,17150
370865,17091,17153
142651,17092,17148
348092,17097,17154
329917,17102,17153
108668,17223,17285
320301,17250,17313
59830,17273,17316
84615,17438,17501
392149,18096,18167
12888,18097,18169
245876,18097,18179
81232,18098,18159
321409,18101,18194
368351,18116,18208
368350,18117,18220
367043,18119,18201
21796,18122,18196
283920,18129,18214
187144,18133,18198
362031,18134,18196
143691,18134,18203
285987,18136,18200
84616,18143,18205
18055,18143,18212
59833,18206,18328
59832,18215,18285
320250,18354,18417
283101,18363,18416
399867,18365,18420
42933,18390,18472
336550,18759,18803
39219,19123,19176
128273,19229,19327
24392,19317,19380
379378,19436,19498
138852,20215,20293
20264,20224,20287
255337,20226,20287
210689,20226,20293
210690,20237,20294
75416,20876,20921
75417,20876,20933
391829,20888,20958
342685,20894,20959
59834,21083,21137
283919,21157,21218
59835,21176,21241
199450,21282,21344
105151,21778,21839
345408,21781,21843
71853,21781,21853
124345,21782,21851
158506,21784,21852
2942,21785,21848
144790,21790,21859
149300,21793,21881
174116,21794,21856
119709,21796,21847
187143,21797,21858
158371,21797,21885
72254,21798,21859
372409,21800,21876
51941,21801,21863
140618,21801,21889
113997,21803,21874
127732,21804,21876
31098,21805,21914
44826,21807,21855
165121,21812,21874
181445,21821,21882
59830,21821,21884
14032,21824,21886
226490,21825,21889
249389,22133,22195
85283,22139,22201
172972,22144,22210
94972,22154,22210
199221,22157,22234
194431,22160,22211
102089,22162,22208
321961,22163,22230
262119,22453,22520
10286,22480,22522
72322,22630,22703
198168,23144,23213
5232,23200,23278
132041,23217,23274
280971,23217,23294
342900,23221,23276
39862,23222,23274
33106,23597,23654
44364,24117,24178
376048,24117,24229
335143,24118,24209
137370,24122,24178
95784,24124,24230
7455,24127,24229
123955,24130,24193
