55143,210,284
357252,211,296
140752,216,290
8475,218,297
6608,219,286
202485,224,290
185704,225,293
332946,241,291
137218,302,418
397,314,401
208287,315,407
310264,320,434
250344,323,431
265695,324,394
352465,325,451
91575,331,419
2254,331,451
238245,331,459
155220,335,447
5842,342,437
310168,342,448
191865,354,502
95107,356,439
21132,360,438
399146,360,478
193722,372,498
345442,393,511
239754,394,539
166057,411,557
181901,411,569
20858,412,536
116846,415,537
188071,415,558
222315,417,548
168964,442,571
256335,447,567
653,453,568
191866,455,574
79699,468,583
65719,476,596
137,494,567
1305,494,570
49391,500,568
99300,501,622
386655,502,598
281186,510,620
43269,522,620
282164,523,618
122418,531,626
188072,692,767
374739,694,751
342586,697,762
67154,700,761
331569,701,766
285532,709,755
238792,853,917
6608,953,1007
164809,1055,1100
397,1185,1245
95109,1313,1377
26682,1313,1389
281187,1322,1392
109932,1329,1388
70966,1331,1393
320280,1331,1396
217540,1334,1400
195778,1336,1399
77172,1337,1398
214910,1341,1403
122037,1498,1562
338640,1503,1564
7323,1514,1566
92873,2440,2510
137219,2444,2499
250345,2742,2839
280371,2742,2855
322355,2763,2853
378359,2766,2827
396325,2772,2833
214911,2785,2851
349350,2789,2865
76847,2791,2860
301997,2795,2856
247920,2799,2860
330215,2800,2868
210069,2855,2921
120089,2856,2913
140455,2862,2921
84201,3252,3341
149090,3258,3329
333447,3261,3328
51942,3264,3349
381187,3268,3339
48823,3291,3361
8431,3929,3994
324615,3939,4003
322917,4869,4939
75293,4875,4938
352184,5015,5072
257639,5016,5066
359796,5018,5062
207928,5019,5071
23098,5019,5075
35045,5020,5080
51941,5025,5079
234234,5472,5546
95108,5481,5555
401626,5497,5557
156073,5505,5556
367706,5510,5562
339846,6087,6143
191962,6088,6154
22989,6174,6243
151749,6208,6272
397678,6211,6277
396992,6212,6274
187614,6214,6283
367329,6216,6275
343432,6216,6288
171,6227,6290
322708,6230,6279
216765,6235,6302
357715,6238,6313
150729,6281,6337
117106,6290,6352
235317,7248,7306
195929,7310,7371
337864,7574,7639
77634,7574,7642
25284,7574,7664
178654,7574,7678
309479,7575,7627
107822,7586,7650
32590,7595,7643
91881,7930,8019
73576,7931,8004
149034,7944,8029
364035,7951,8047
266266,7953,8020
73577,7966,8043
308671,7992,8057
214186,7995,8063
120090,7996,8057
316956,8008,8073
323210,8391,8461
308226,8400,8463
152784,8403,8460
381748,8634,8685
178526,8945,8994
62247,8946,9012
226252,8947,8994
311092,8949,9005
245916,8950,8997
122036,8950,9013
224778,8950,9019
361005,8951,9014
242467,9264,9319
246367,9395,9464
267318,9404,9472
188070,9722,9796
396073,9734,9799
310728,9737,9796
178655,9740,9801
94714,9743,9800
43609,10283,10345
75292,10376,10484
52617,10397,10477
162362,10400,10491
372057,10406,10481
77171,10412,10495
191961,10414,10502
91824,10420,10487
181900,10421,10496
212256,10427,10497
330802,10429,10504
364034,10429,10515
118143,10433,10494
128634,10443,10504
178656,10444,10505
195718,10446,10516
393655,10447,10508
212255,10451,10517
75291,10455,10517
260116,10458,10520
390359,10705,10780
173205,11336,11431
322354,11337,11378
70125,11623,11686
376626,11623,11721
253337,11648,11720
25964,11649,11717
170543,11650,11735
305283,11652,11721
52616,11654,11718
184374,11656,11746
46805,11656,11752
122035,11657,11727
326894,11657,11735
339800,11658,11744
210328,11664,11737
142316,11665,11752
266880,11667,11744
72124,11674,11763
206303,11684,11757
74691,11690,11765
137504,11693,11754
376625,11695,11761
181025,11698,11761
231791,12096,12175
279376,12098,12180
242466,12099,12186
381188,12100,12171
113856,12100,12189
284569,12100,12194
250482,12102,12183
320865,12102,12204
113855,12107,12169
226808,12107,12176
190374,12107,12183
390410,12109,12189
279377,12110,12175
231790,12112,12179
120259,12131,12182
401625,12133,12194
376627,12141,12216
217124,12153,12216
249287,12448,12504
12231,12505,12573
330801,12699,12776
282298,12778,12832
28407,12782,12843
83081,12792,12862
129892,13016,13065
367328,13110,13165
25285,13130,13200
173206,13345,13415
187423,13670,13748
7799,13685,13746
355011,13689,13788
247762,13694,13746
343215,13694,13760
211739,13694,13772
269809,13696,13757
91018,13700,13750
357659,13701,13763
340866,13702,13772
249286,13705,13785
61331,13706,13787
265807,13707,13778
135527,13716,13796
230071,13718,13784
127022,13722,13791
87457,13722,13795
318659,13724,13787
38830,13727,13813
229872,13733,13794
140507,13733,13796
179290,13733,13807
28714,13740,13800
310727,13740,13813
119851,13741,13783
318449,13745,13796
76055,13768,13809
121914,13768,13813
