341293,617,676
408673,679,745
38027,696,766
10865,697,758
157333,699,763
29596,702,785
361529,703,758
14412,703,790
71979,710,775
171015,720,786
205423,730,775
318364,759,812
390234,987,1064
111359,988,1049
248119,1006,1057
47485,1008,1070
284084,1008,1073
247878,1011,1070
114177,1014,1070
247919,1044,1093
308767,1044,1115
136464,1055,1138
101839,1066,1139
79709,1072,1152
294344,1073,1135
8708,1074,1150
174632,1075,1154
32267,1084,1154
126638,1085,1162
189153,1092,1159
9623,1094,1156
400999,1170,1235
296731,1175,1237
195829,1454,1495
149068,1627,1692
272654,1977,2053
49443,2195,2251
136305,3063,3123
211846,3063,3138
119243,3063,3141
124321,3064,3128
34520,3064,3132
238745,3069,3131
348621,3072,3142
140153,3074,3130
174283,3077,3137
21488,3098,3172
290914,3098,3183
106414,3099,3158
253301,3102,3187
39664,3106,3169
39445,3108,3174
196544,3111,3178
139243,3114,3173
374226,3132,3207
152794,3241,3305
310778,3243,3307
387813,3340,3401
362355,3341,3407
318789,3358,3420
288822,3389,3443
126374,3918,3989
149805,3920,3981
257757,3972,4034
105730,4048,4117
294352,4188,4278
238682,4223,4284
123102,4223,4291
268253,4224,4278
123101,4224,4293
213957,4238,4299
119987,4268,4338
299232,4269,4331
325250,4273,4363
87322,4283,4366
290702,4299,4374
185337,4366,4453
238681,5106,5170
143556,5125,5182
36733,5232,5275
324052,5360,5426
225980,5361,5430
303323,5361,5436
92490,5365,5418
55883,5368,5431
84543,5369,5437
342141,5372,5441
154025,5405,5477
11132,5444,5501
350883,5966,6027
398659,5967,6017
235444,5969,6033
135022,5974,6028
335179,5975,6034
378529,6076,6137
202900,6337,6397
261858,6378,6470
398705,6399,6480
376185,6414,6480
363765,7315,7361
343523,7315,7398
61980,7316,7394
269821,7316,7424
355902,7317,7401
363285,7323,7419
287053,7327,7406
238680,7327,7421
369398,7333,7388
369397,7333,7394
253067,7333,7396
23673,7333,7405
352796,7336,7397
131527,7336,7410
23674,7339,7411
101693,7339,7415
100937,7339,7421
193605,7340,7392
195828,7340,7402
291085,7341,7401
276615,7341,7418
242924,7342,7398
301906,7343,7404
242104,7349,7423
325530,7350,7419
234501,7352,7413
63633,7353,7414
318788,7355,7419
63081,7356,7418
135401,7357,7420
49442,7357,7424
60934,7357,7430
16780,7359,7421
253041,7360,7418
7079,7363,7428
75416,7370,7434
58194,7384,7427
22921,7652,7716
387285,7652,7722
228004,7661,7723
327723,8983,9052
363284,8983,9062
238680,8983,9066
76880,8996,9067
70626,8998,9066
60933,9003,9068
330041,9004,9065
143555,9011,9132
321808,9012,9080
136466,9012,9089
117048,9013,9114
30722,9016,9101
76882,9016,9133
283475,9017,9080
318787,9018,9093
119659,9018,9100
355904,9018,9107
238744,9019,9088
24992,9019,9095
185336,9020,9081
98015,9020,9119
283478,9020,9123
299775,9021,9078
400997,9021,9084
31726,9021,9114
207526,9022,9092
235445,9022,9134
5042,9024,9089
102345,9025,9125
288873,9026,9122
87321,9027,9096
140152,9030,9093
275485,9031,9108
400998,9031,9143
175494,9033,9116
103403,9033,9158
119660,9034,9098
353644,9037,9159
371660,9038,9129
4752,9039,9139
82747,9040,9124
335019,9042,9136
76881,9049,9133
335018,9052,9131
269480,9052,9135
355903,9055,9156
318952,9057,9121
103402,9057,9164
199080,9059,9140
364002,9059,9149
22941,9059,9152
149069,9060,9125
304422,9061,9128
61111,9062,9124
373094,9065,9160
98738,9074,9131
353530,9076,9134
298133,9076,9141
130010,9076,9149
136465,9081,9142
283477,9082,9153
109986,9084,9162
10994,9088,9159
211845,9091,9149
207525,9091,9165
178537,9096,9159
369343,9096,9164
246108,9097,9152
238681,9107,9171
201301,9141,9190
8275,9154,9219
119766,9156,9217
280568,9175,9235
231221,9175,9243
134118,9200,9276
121232,9244,9318
330174,9251,9328
136304,9252,9314
117051,9255,9352
196545,9257,9335
398115,9258,9320
117052,9258,9349
136303,9259,9352
300107,9262,9357
133520,9269,9330
49159,9278,9341
268252,9279,9340
195530,9279,9349
52090,9280,9339
56546,9281,9357
196538,9282,9352
114247,9286,9351
283479,9287,9352
239466,9287,9357
144040,9288,9354
64805,9289,9366
141789,9290,9357
159458,9292,9364
104133,9293,9359
326276,9298,9362
394115,9319,9381
75418,9329,9409
323037,9340,9411
71215,9489,9565
4345,9494,9570
269574,9494,9574
185335,9495,9545
64360,9495,9562
78539,9499,9568
109987,9501,9567
142466,9502,9574
17572,9504,9570
34610,9513,9574
248525,9514,9572
273641,9664,9707
283476,9664,9719
174087,9664,9725
339045,9664,9733
148441,10370,10431
291084,10812,10899
23672,10823,10905
23671,10830,10905
70627,10843,10902
127442,10843,10907
275484,10851,10895
24134,10852,10900
49177,11071,11132
9624,11287,11354
379036,11308,11371
194535,11596,11655
174633,11598,11660
174634,11602,11655
37665,11607,11662
238679,11611,11663
61841,11856,11916
238679,11857,11920
137324,11899,11953
289544,11928,11991
397399,11930,11993
383071,11932,11987
402798,11936,12002
290703,11950,12033
152157,11970,12033
117050,11971,12030
238682,12076,12123
260716,12080,12146
395314,12088,12132
231222,12126,12184
361047,12173,12232
10778,12937,13008
49175,13619,13708
49176,13620,13696
56716,13827,13894
43800,13856,13923
103152,13859,13916
58195,13859,13923
184182,13860,13910
65299,13862,13920
408125,13862,13923
93180,13869,13923
247855,13951,14012
91609,13953,14034
278869,14808,14862
56545,15064,15130
269479,15367,15420
184259,15518,15574
292274,16001,16048
227159,16016,16092
117049,16049,16098
347289,16056,16120
15136,17335,17416
183841,17337,17412
242937,17363,17412
382512,18186,18247
15137,18516,18571
34519,18516,18577
15138,18517,18570
124320,18517,18586
248375,18519,18569
168348,18537,18600
52902,18539,18599
242923,18544,18620
199174,18549,18601
45010,18556,18613
65510,19173,19230
14715,19376,19441
223572,19503,19554
172713,19707,19765
187421,19960,20018
76231,19967,20015
63610,19969,20039
49179,20157,20210
152156,20358,20423
19828,21244,21291
253040,21248,21291
75417,21255,21316
361187,21257,21299
240388,21668,21736
49178,22281,22357
93411,22303,22368
49180,22306,22385
25615,22309,22352
242633,22501,22553
211491,22697,22754
130559,23097,23153
61212,23098,23143
108457,23460,23521
280911,23475,23540
212048,23476,23537
183840,23477,23539
108456,23486,23531
4723,23489,23533
265225,23496,23550
336333,23499,23563
322309,23662,23744
348620,23678,23746
201034,23681,23735
134117,23951,23997
319154,23952,24011
391216,24370,24414
397529,24438,24508
302214,24451,24502
300105,24833,24903
398460,24866,24931
269572,24870,24980
49441,24879,24980
118607,24885,24975
300106,24886,24980
288872,24889,24984
187900,24889,24995
269573,24896,24972
364001,24899,24972
186258,24899,24987
148562,24904,24978
59807,24911,24972
235443,24913,24976
273642,24922,25000
294557,24924,24994
184603,24931,24982
40068,24936,25010
244819,24937,25001
142333,24938,24999
279834,24938,25033
56544,24953,25035
298123,24987,25044
287574,24988,25051
77787,25225,25288
242635,25226,25278
203492,25230,25295
384170,25231,25299
214359,25232,25304
337329,25392,25443
267378,25393,25444
353529,25457,25507
364597,25738,25791
157600,26130,26203
15055,26139,26203
396768,27233,27304
94401,27234,27299
394617,27355,27405
15076,27363,27422
311279,27363,27426
10779,27625,27688
133777,27654,27723
49178,27659,27738
58196,27678,27760
276779,27679,27738
69002,27683,27760
263464,27684,27738
211844,27687,27769
246477,27697,27756
242634,27712,27766
226640,27717,27779
71672,27721,27774
7596,27742,27806
197372,27811,27872
127755,27813,27871
313908,27815,27872
351265,27967,28032
276979,27971,28029
95069,28000,28061
117439,28591,28653
400996,28598,28660
235162,28600,28648
306498,28606,28672
49444,28607,28668
135021,28610,28677
103294,28612,28671
386605,28630,28687
24904,28640,28705
136467,29214,29298
369399,29247,29315
46494,29412,29460
362327,29417,29473
188856,29579,29655
