372994,82,150
111618,131,200
71626,143,204
24992,144,210
20600,161,211
50424,161,230
314652,434,509
248385,436,502
90067,443,509
181698,617,679
197946,625,688
302466,672,772
5159,702,786
79222,705,799
79223,706,811
6370,709,800
290356,712,809
361085,713,796
56531,737,809
345788,739,801
290928,746,809
231537,747,800
240977,750,813
234950,753,811
100507,758,819
53871,758,823
210466,760,809
162365,762,829
22382,770,837
231538,772,824
320516,869,941
282072,882,962
252104,887,949
24890,892,942
265206,905,969
90758,906,970
196420,907,969
112910,920,971
408472,1015,1123
247879,1045,1096
408473,1057,1157
107321,1094,1154
188989,1229,1281
406859,1829,1900
199759,1839,1900
109407,1843,1904
246551,1843,1907
54508,1848,1904
217378,1855,1916
368503,1855,1939
326336,1857,1927
377548,1865,1927
209861,1876,1938
102609,1880,1928
392275,1880,1937
172719,1907,1982
290355,1908,1980
347723,1938,2009
36678,1951,2015
85790,1961,2017
212704,1975,2058
15983,1980,2034
55284,2015,2095
258350,2026,2094
18524,2033,2098
257671,2037,2117
205673,2045,2121
139041,2056,2118
356966,2065,2127
130353,2067,2120
107322,2071,2121
39682,2180,2255
290310,2182,2240
54259,2186,2247
91610,2191,2259
124107,2307,2359
258349,2313,2381
386361,2322,2383
57290,2323,2384
101991,2323,2393
364381,2324,2404
39681,2325,2394
266892,2327,2392
72898,2331,2393
294223,2493,2552
224628,2494,2561
33615,2509,2562
66107,2640,2694
362927,2646,2719
259685,2820,2889
148256,2852,2949
294418,2917,2975
120785,2932,2993
377550,2949,2990
177180,3028,3120
15601,3029,3106
202,3036,3098
356983,3037,3099
268374,3041,3112
298163,3044,3106
15602,3047,3106
290231,3047,3123
139042,3056,3122
253792,3059,3124
227619,3060,3125
355027,3061,3122
62647,3063,3125
252282,3064,3121
372878,3068,3124
43453,3388,3440
22874,3388,3442
9494,3393,3456
69458,3727,3796
98587,3921,3986
361083,3934,4000
258144,3938,4004
245377,3940,4000
402606,3954,4003
224629,4114,4175
355469,4277,4351
361084,4896,4948
263656,4934,4995
60850,5260,5333
140007,5261,5305
63000,5261,5322
235444,5261,5325
364382,5261,5341
48823,5262,5327
397607,5269,5327
109766,5269,5331
122109,5273,5335
311450,5274,5327
55283,5274,5338
81942,5274,5340
60767,5274,5371
267243,5334,5425
122629,5362,5421
221699,5543,5603
167718,5563,5622
316541,5775,5832
128050,5775,5848
201,5777,5846
390147,5864,5943
390148,5871,5943
195843,5878,5949
159655,5879,5944
164429,5895,5958
24761,5915,5976
15603,6177,6244
236206,6257,6331
298597,6258,6326
288015,6260,6324
56169,6265,6381
18523,6302,6353
68085,6370,6447
371098,6379,6460
127862,6383,6445
333886,6390,6455
325253,6392,6461
150370,6393,6454
269110,6394,6460
248804,6395,6445
325252,6395,6464
189317,6396,6450
360343,6397,6502
314794,6399,6471
284074,6409,6513
195842,6411,6484
371097,6417,6487
284073,6424,6520
39058,6451,6512
95731,6454,6512
289640,6457,6515
177181,6457,6520
230425,6460,6513
244726,6544,6593
240978,6724,6785
295869,7112,7165
401700,7166,7218
18543,7303,7372
305633,7303,7385
258348,7308,7385
168693,7314,7380
219239,7319,7380
224246,7333,7383
305814,8188,8249
95266,8637,8700
290357,8644,8708
299315,8834,8890
404841,11080,11123
290353,11703,11760
70769,11794,11845
195653,12487,12550
157142,12488,12548
35432,12946,12998
35434,12946,13008
35435,12946,13020
35433,13300,13347
255815,13617,13679
323601,14519,14582
324749,14519,14592
69018,14539,14607
355004,14543,14605
195841,14549,14611
396282,14581,14653
198640,14595,14652
235443,15130,15186
53670,15132,15199
31657,15133,15191
290352,15134,15186
90597,15136,15202
245058,15138,15213
248971,15142,15208
390076,15149,15225
370283,15383,15432
361081,15495,15564
233503,15541,15617
301212,15557,15617
84855,15558,15620
109765,15561,15646
320570,15564,15637
345088,15566,15616
142883,15569,15624
245061,15573,15619
26650,15640,15698
288828,17369,17433
197674,17371,17448
77583,17382,17445
394738,17383,17444
296669,17385,17437
247592,17386,17457
290354,17394,17457
263655,17404,17474
72897,17598,17656
265809,17970,18027
125669,17976,18027
210465,17979,18021
39680,17979,18028
166492,17979,18060
26081,17980,18041
292493,17985,18038
3343,17991,18037
39679,18010,18086
177552,18011,18100
245059,18014,18089
31659,18020,18090
383290,18025,18111
397606,18028,18091
69457,18040,18108
232976,18043,18088
198944,18043,18107
227407,18044,18105
245060,18044,18129
320571,18045,18090
364380,18051,18114
377549,18055,18116
1587,18056,18109
396283,18059,18135
268950,18072,18135
70768,18363,18415
361082,18363,18418
155796,18363,18437
359756,18367,18437
146820,18371,18442
356058,18372,18436
297886,18381,18446
362926,18383,18452
100738,18386,18448
401701,18558,18630
341443,18558,18635
26755,19730,19792
185190,19739,19805
143825,20598,20664
121676,20603,20661
103536,20616,20678
107320,21006,21048
101992,21683,21769
42995,21977,22034
72896,22190,22257
95265,22286,22349
213971,22290,22348
79292,22294,22351
6369,22294,22353
295868,22298,22356
225800,22298,22358
151945,22312,22377
155676,22565,22625
248785,23190,23237
370284,23190,23260
148255,23190,23286
18604,23209,23269
168116,23435,23492
325251,23439,23494
210758,23609,23672
54258,23755,23821
174457,23755,23827
152030,23757,23821
177553,23758,23820
28666,23768,23841
151946,23769,23846
86647,23783,23847
54419,23789,23840
33325,24116,24175
159627,24259,24316
283281,24261,24314
306015,24266,24314
192195,24268,24313
19334,24271,24314
371338,27108,27170
12425,27109,27171
62646,27109,27184
392274,27110,27192
400778,27111,27174
234698,27115,27170
390114,27499,27545
107319,27505,27561
1758,27507,27561
384773,27516,27581
19072,27517,27567
306016,27523,27584
167684,27772,27822
97640,27935,27993
109764,28169,28218
290929,28169,28227
290351,28649,28722
299314,28652,28724
92059,28653,28728
39678,28755,28832
396291,28790,28860
1759,28804,28866
125668,28809,28865
408078,28810,28877
71626,29085,29149
396292,29085,29186
24992,29087,29151
259684,29087,29176
237962,29087,29184
31726,29088,29159
265181,29089,29149
235445,29089,29186
5158,29090,29150
55281,29091,29176
55282,29092,29153
113879,29100,29181
82745,29126,29190
355468,29131,29192
81941,29846,29910
390146,29853,29905
