187055,139,200
187056,139,219
282458,147,188
334078,148,194
137150,223,287
202004,375,490
302276,388,471
228207,500,586
273833,571,633
141484,595,708
228206,599,681
193989,602,664
166517,748,814
134440,791,857
302277,793,857
285982,796,857
125340,801,858
139686,802,855
298443,913,982
302272,914,977
28400,914,995
204119,917,1006
182760,917,1018
121079,919,998
398567,921,1001
366731,923,994
226356,923,999
21288,924,991
236523,925,1004
16308,927,993
74946,928,992
1804,930,1015
228205,931,993
405863,932,996
291807,932,1005
122045,932,1030
119109,934,1017
191813,936,1049
340873,938,1008
9721,938,1036
147956,939,1034
399911,942,1022
255432,944,1018
63614,950,1049
93853,951,1041
226650,952,1011
53752,954,1058
53375,954,1066
204653,969,1073
282457,970,1069
261255,976,1040
139667,978,1045
211914,979,1040
11231,982,1045
183595,983,1044
117679,985,1073
80008,993,1056
29292,994,1066
11227,997,1072
324838,1003,1070
187522,1004,1075
126070,1010,1084
294813,1012,1073
297918,1014,1071
298661,1015,1066
106697,1018,1088
106698,1018,1113
71025,1019,1063
193990,1019,1091
148959,1021,1089
180040,1142,1231
288890,1401,1472
18635,1404,1475
144096,1407,1476
211922,1408,1482
196400,1409,1472
101884,1409,1474
23393,1409,1490
331251,1409,1508
391543,1410,1486
12235,1413,1475
391542,1414,1494
369680,1415,1500
38818,1415,1513
378865,1416,1505
118606,1417,1495
187050,1419,1492
171695,1419,1512
265978,1422,1485
155026,1422,1502
320916,1423,1486
180039,1424,1488
111883,1426,1490
109423,1427,1488
6894,1429,1490
216145,1683,1747
7259,1699,1761
279878,1710,1768
118884,1719,1783
246247,1918,2000
104030,1920,1981
51453,1926,2006
386996,1943,1995
156896,1945,2006
157122,1952,2011
280672,2313,2395
93852,2314,2391
137174,2315,2378
391667,2317,2362
132026,2317,2385
187007,2318,2364
82802,2319,2395
148950,2433,2534
298659,2480,2534
332516,2482,2534
118885,2567,2637
148950,2600,2718
348932,2606,2651
71362,2644,2719
1699,2669,2718
53382,2792,2878
366224,2795,2869
11230,2797,2863
155024,2798,2875
316888,2802,2864
11229,2806,2885
285379,2811,2883
82800,2813,2873
225147,2816,2873
316887,2816,2882
262629,3160,3225
23393,3321,3404
317836,3327,3393
256278,3327,3406
137176,3328,3391
82801,3328,3413
65172,3330,3402
298658,3331,3395
39868,3333,3402
57535,3337,3413
243735,3338,3406
112683,3339,3417
38886,3339,3438
40281,3343,3404
361672,3344,3411
196401,3346,3416
301984,3348,3404
255217,3357,3418
378348,3362,3427
271283,3370,3431
11228,3371,3434
11226,3598,3659
391672,3833,3911
53381,3837,3898
80006,3838,3902
86383,3845,3911
369683,3849,3922
294790,3850,3915
225144,3872,3940
225146,3875,3943
134140,3905,3947
269814,4041,4106
187054,4041,4126
180287,4043,4095
211517,4048,4126
75913,4051,4117
25091,4053,4129
71361,4057,4146
53376,4059,4117
74944,4059,4144
314107,4060,4106
280671,4066,4155
209506,4067,4149
399910,4068,4143
248894,4074,4135
374071,4076,4144
265845,4100,4161
13868,4303,4385
391671,4303,4396
298655,4304,4394
81943,4304,4399
81945,4304,4409
199234,4308,4411
398564,4311,4372
81944,4314,4418
209507,4320,4400
332512,4323,4393
332513,4323,4399
318106,4327,4414
204650,4340,4408
386995,4346,4407
249923,4347,4409
225145,4348,4412
331250,4349,4410
180285,4349,4419
393483,4350,4414
318612,4352,4407
74945,4352,4417
6895,4353,4416
25090,4612,4657
317837,5002,5066
117593,5005,5084
2646,5020,5091
321083,5023,5085
155025,5026,5087
43355,5039,5091
166519,5040,5092
226648,5044,5091
85191,5050,5092
31019,5200,5275
118882,5204,5276
112062,5242,5304
148958,5385,5476
348930,5550,5602
228204,5642,5726
298660,5654,5732
216144,5657,5758
75911,5659,5742
262630,5661,5735
31020,5681,5733
55637,5685,5753
86381,5686,5749
79430,5687,5744
192270,5687,5750
185483,5688,5749
261646,5689,5745
298859,5690,5747
139664,5690,5749
369682,5691,5748
332514,5692,5741
37668,5693,5742
121581,5693,5748
52538,5694,5746
86382,5763,5820
91880,5906,5979
291736,5907,5974
53378,5909,5958
278178,5911,6003
211516,5913,5965
199232,5929,6013
326051,5946,6045
55487,5951,6050
204651,5952,6044
207279,5954,6043
127991,5958,6062
321234,5963,6029
369309,5964,6065
187733,5964,6072
279879,5965,6031
325989,5967,6051
15503,5972,6057
211520,5972,6061
148620,5975,6068
139666,5977,6051
276510,5977,6056
187445,5977,6064
195008,5980,6054
400148,5981,6048
211519,5981,6058
25828,5982,6066
187734,5983,6089
216143,5984,6048
187051,5987,6051
139665,5989,6064
49595,5989,6078
101885,5991,6072
287591,5993,6074
211518,6001,6095
156834,6002,6075
148951,6004,6079
137177,6006,6070
206365,6006,6088
301051,6009,6088
181465,6011,6056
88674,6011,6067
395641,6012,6084
366223,6015,6080
187735,6017,6084
256279,6152,6232
187443,6174,6249
279873,6175,6236
187049,6179,6225
312487,6179,6237
318107,6180,6238
137149,6180,6245
49595,6183,6260
270747,6185,6247
71363,6186,6251
18633,6186,6259
325986,6187,6246
148951,6188,6261
181464,6191,6254
52464,6193,6253
22028,6193,6259
88674,6196,6253
73636,6197,6246
398566,6203,6268
162247,6314,6392
148957,6761,6868
137175,6839,6894
137148,6930,6997
265844,6932,6986
196399,6933,6997
210494,7023,7084
188896,7026,7106
187052,7034,7105
124790,7035,7084
18617,7036,7098
373190,7037,7106
114465,7051,7139
166518,7053,7102
148955,7066,7124
80010,7210,7287
43353,7211,7297
178558,7215,7288
360002,7221,7289
122047,7225,7303
31016,7226,7271
6892,7226,7280
55488,7227,7286
232129,7227,7292
301052,7228,7284
227194,7229,7286
6893,7230,7294
155023,7230,7304
199231,7232,7306
128550,7237,7297
212332,7238,7291
291737,7239,7281
75914,7239,7301
330235,7239,7312
230821,7240,7304
120644,7240,7319
348931,7242,7311
207022,7243,7288
187053,7243,7308
157121,7244,7294
325747,7286,7343
117678,7316,7367
273170,7319,7395
279875,7325,7393
164359,7340,7397
34332,7344,7421
39789,7349,7423
196398,7351,7424
206366,7351,7430
212333,7358,7422
279877,7364,7423
193988,7377,7445
279874,7394,7447
204652,7482,7524
251179,7486,7547
139685,7493,7555
325749,7500,7580
43357,7500,7591
157586,7505,7570
293495,7507,7569
345667,7508,7572
95640,7508,7596
166522,7510,7590
348738,7513,7575
6891,7514,7586
164524,7515,7599
144144,7517,7590
291040,7518,7604
272839,7519,7567
332515,7519,7584
155022,7519,7588
106444,7520,7590
61608,7522,7585
48384,7525,7609
43356,7528,7605
141483,7531,7599
153825,7542,7603
330236,7547,7611
24109,7550,7601
348081,7552,7605
348082,7552,7611
162248,7663,7748
326050,7669,7752
131090,7670,7741
210495,7680,7752
80013,7683,7764
91879,7715,7780
187444,7716,7777
131091,7959,8020
141028,7967,8020
361116,8154,8214
150186,8184,8256
236521,8202,8256
251180,8303,8375
148957,8386,8477
298656,8505,8578
187047,8511,8576
394435,8520,8593
20328,8524,8581
181463,8524,8607
111350,8525,8596
322890,8526,8587
31018,8529,8581
297441,8530,8610
219638,8530,8615
166521,8530,8619
301050,8534,8615
166520,8535,8631
193987,8536,8613
356644,8537,8632
115349,8547,8609
148955,8549,8610
12236,8550,8629
48382,8551,8613
48383,8551,8625
279876,8552,8618
93849,8559,8621
178554,8559,8638
126071,8561,8629
18634,8561,8632
391665,8588,8683
280670,8628,8694
210493,8637,8693
162245,8644,8713
322696,8644,8718
204649,8646,8695
162244,8646,8708
47518,8646,8719
48380,8659,8725
122046,8664,8721
262627,8956,9037
75915,8960,9045
137173,8974,9035
47517,8980,9034
90541,8980,9038
112681,8983,9040
256277,8992,9041
190819,9186,9259
258234,9199,9261
54881,9200,9279
272094,9213,9281
148335,9218,9273
39869,9218,9284
348739,9220,9283
148958,9446,9552
18632,9460,9532
9245,9530,9581
47515,9532,9602
298337,9539,9597
330237,9776,9863
54337,9781,9844
148336,9786,9853
199233,9788,9856
180286,9790,9847
348929,9798,9853
144380,9799,9855
348928,9803,9853
155020,9814,9893
232127,9818,9859
48146,9818,9878
80011,9819,9875
348084,9823,9871
232128,9823,9877
219639,9823,9888
75912,9824,9889
302274,9944,10011
331249,9954,10034
118883,9957,10007
265656,9961,10034
112680,9962,10037
262628,9971,10050
70993,9976,10063
105905,9977,10039
17987,9978,10050
334899,9979,10063
302278,9984,10076
233339,9989,10041
118881,9992,10068
322697,10020,10093
137147,10037,10102
226649,10059,10128
93851,10082,10149
236522,10086,10148
231966,10086,10150
232126,10094,10143
313070,10115,10186
101883,10247,10324
183596,10248,10309
47516,10249,10329
384577,10271,10324
325748,10408,10492
361756,10413,10508
6890,10416,10485
6431,10425,10484
140755,10428,10484
180375,10439,10505
186803,10440,10504
160828,10442,10495
273773,10442,10505
111349,10443,10507
1626,10448,10512
69775,10452,10507
80005,10462,10542
374536,10483,10559
43354,10486,10566
325988,10487,10553
406460,10488,10544
53380,10496,10553
325985,10514,10570
132027,10522,10577
42828,10553,10618
48381,10554,10622
187048,10555,10618
391666,10560,10623
178555,10562,10613
112682,10572,10651
93850,10573,10636
216254,10746,10800
378162,10783,10847
301053,10784,10882
343283,10793,10855
55486,10816,10910
157123,10829,10916
23381,10832,10894
302273,10838,10914
276508,10839,10918
157120,10840,10902
86380,10841,10910
348080,10843,10916
298657,10847,10908
87684,10850,10918
361115,10864,10918
256280,10874,10917
150187,11161,11236
277037,11195,11256
372460,11195,11281
243617,11196,11255
80012,11199,11260
59127,11204,11255
116226,11220,11308
232123,11221,11297
236520,11224,11290
181462,11225,11311
147954,11231,11294
32281,11231,11318
60173,11232,11293
147955,11233,11326
302275,11238,11309
162242,11238,11325
141109,11239,11303
339043,11239,11311
53377,11242,11306
17516,11242,11319
187441,11242,11323
274420,11245,11308
155021,11247,11332
268576,11251,11331
232124,11258,11343
273169,11258,11346
371709,11258,11349
298654,11259,11323
404825,11264,11324
285208,11265,11335
178557,11274,11330
178553,11277,11331
276509,11277,11333
105004,11279,11351
62244,11281,11346
162243,11284,11348
196192,11286,11347
246156,11287,11359
338613,11291,11355
228203,11416,11495
108059,11430,11496
139105,11431,11483
360001,11433,11492
122044,11433,11495
357876,11434,11493
217761,11442,11494
266135,11445,11495
211996,11445,11501
203478,11450,11496
348083,11450,11501
155817,11453,11498
339042,11453,11506
69963,11455,11507
148954,11677,11738
369681,11680,11743
317838,11681,11751
80007,11702,11785
48385,11708,11784
157124,11718,11782
148956,11730,11785
325983,11849,11921
321082,11948,12019
388243,11952,12028
108714,11957,12016
192238,11966,12049
232125,11972,12020
33650,11972,12036
26202,11974,12055
148959,11987,12050
89466,11987,12059
118880,12148,12193
85825,12157,12207
65878,12161,12213
148953,12203,12322
53379,12211,12293
148952,12222,12322
91878,12227,12292
235840,12235,12306
178552,12471,12545
148953,12471,12577
148952,12485,12577
330807,12511,12575
330234,12531,12608
278826,12533,12607
141481,12534,12592
374535,12541,12608
31015,12559,12608
325987,12654,12717
31017,12703,12763
18282,12813,12875
373191,12814,12877
187442,12814,12880
276511,12823,12885
162246,12959,13054
80009,12970,13059
293618,13047,13114
139663,13052,13117
398563,13061,13154
385359,13063,13124
298442,13065,13145
31536,13065,13159
141482,13066,13128
85266,13066,13130
235294,13067,13122
14079,13067,13133
398562,13068,13150
178556,13070,13129
210492,13071,13134
122043,13072,13132
398565,13081,13136
29484,13081,13153
226647,13082,13137
325984,13082,13142
80004,13085,13140
148954,13141,13208
48379,13160,13212
203148,13166,13212
148956,13251,13312
35581,13369,13434
65171,13370,13429
204857,13375,13428
193986,13375,13434
