173929,181,293
251158,192,263
213008,192,278
88770,194,275
362062,202,286
207631,203,260
10667,205,286
321641,208,273
319835,219,291
154258,229,283
84625,232,299
260422,234,304
391566,234,313
319836,236,289
301168,236,305
2379,432,496
137,553,623
391022,553,659
43312,553,668
335233,554,626
16522,561,624
174698,579,664
173925,749,811
150297,751,880
343710,752,884
6925,755,866
260420,760,884
926,761,868
77756,764,880
24530,765,844
327987,765,849
96491,767,865
75315,767,876
285568,771,884
150296,772,879
11267,774,883
5809,784,860
38541,784,869
2005,790,877
95756,790,884
321639,815,877
112250,953,1002
362061,1161,1249
362060,1169,1248
403898,1179,1260
187383,1181,1257
341319,1186,1264
337737,1188,1269
84623,1189,1250
239980,1191,1247
116172,1192,1253
202701,1192,1264
120865,1192,1279
264321,1193,1255
149452,1198,1259
12514,1201,1278
307570,1202,1275
138689,1203,1277
213009,1206,1271
202700,1207,1270
84622,1208,1273
324181,1211,1273
386795,1214,1281
149450,1224,1289
36534,1282,1346
253207,1283,1350
247864,1353,1447
169533,1359,1444
260419,1364,1436
215638,1365,1431
260418,1368,1436
122045,1369,1447
169532,1372,1445
104265,1373,1433
75127,1380,1443
567,1480,1542
321640,1480,1565
367564,1481,1555
7993,1483,1565
362780,1484,1538
26567,1493,1534
367563,1497,1566
236402,1537,1606
183333,1537,1615
236401,1539,1614
288415,1540,1616
251156,1544,1615
194537,1566,1618
189982,1572,1643
391568,1585,1661
36004,1596,1661
35999,1596,1670
379222,1646,1717
33467,1646,1734
362055,1668,1753
95760,1669,1742
287813,1679,1743
243176,1682,1747
3106,1684,1772
329519,1686,1753
260416,1686,1770
26202,1686,1778
239979,1700,1763
24897,1702,1772
238112,1947,2008
105234,1948,2007
102298,1948,2019
104264,1952,2012
145369,1956,2006
240095,1957,2010
301166,1998,2097
28845,2018,2086
381282,2026,2094
123234,2506,2594
257413,2524,2637
159265,2532,2585
164151,2540,2607
131917,2542,2647
362055,2549,2646
80632,2550,2639
21229,2552,2614
28846,2552,2618
178439,2552,2624
304827,2552,2651
102109,2554,2616
187417,2555,2617
93251,2556,2649
240551,2558,2630
329520,2560,2621
175370,2560,2623
173798,2561,2624
243433,2566,2631
67098,2567,2646
349346,2567,2658
43314,2568,2631
102108,2568,2643
340042,2578,2638
122043,2579,2640
99994,2584,2654
43311,2763,2814
6571,2766,2820
565,2865,2933
393227,2868,2945
174128,3145,3204
362778,3147,3215
278416,3149,3204
566,3149,3210
362063,3161,3223
33468,3165,3254
314629,3260,3326
218226,3296,3351
99225,3303,3379
277640,3436,3526
250159,3437,3499
5482,3443,3505
31341,3444,3513
26566,3449,3543
81682,3455,3516
104263,3457,3545
13594,3457,3550
26200,3460,3523
260421,3462,3558
319834,3465,3520
219334,3468,3540
209952,3469,3551
361796,3470,3534
379223,3471,3535
121542,3472,3598
129627,3475,3539
215639,3477,3538
71745,3478,3530
222259,3481,3543
38818,3492,3595
225339,3493,3554
362779,3494,3605
1218,3529,3607
287734,3529,3612
100919,3533,3600
315673,3535,3604
358769,3535,3607
314628,3542,3606
327986,3543,3627
56336,3545,3606
112249,3547,3608
361465,3548,3610
167201,3553,3637
3570,3555,3619
361463,3556,3642
332928,3560,3610
362781,3568,3633
176256,3568,3656
187386,3574,3677
150295,3578,3631
331821,3578,3665
189777,3594,3663
131916,3594,3681
367561,3597,3676
393226,3604,3682
36535,3608,3669
158052,3616,3673
57701,3748,3806
394244,3915,3978
137,4001,4087
59020,4032,4095
349343,4036,4097
337736,4044,4116
33469,4048,4092
403934,4049,4119
123235,4056,4110
26961,4056,4128
250102,4057,4114
154945,4058,4129
381281,4062,4127
264509,4113,4198
253209,4137,4199
35271,4315,4383
10030,4336,4384
70233,4422,4481
314626,4423,4530
164496,4428,4489
272070,4428,4531
67348,4430,4497
331819,4433,4522
314627,4435,4531
39170,4443,4535
26445,4446,4514
187384,4449,4514
50639,4449,4534
384032,4450,4541
24896,4453,4535
297574,4456,4517
279032,4456,4533
20982,4458,4522
178711,4465,4531
321637,4468,4524
122044,4468,4533
26201,4471,4533
362052,4619,4728
145368,4829,4889
309969,4878,4990
215511,4881,4969
164295,4884,4978
6368,4887,4991
381585,4890,4952
321635,4890,4964
319833,4890,4984
335232,4897,4980
174699,4900,4988
33431,4904,4982
362062,4906,4987
260417,4907,4970
102299,4917,4996
86607,4919,4989
36005,4919,4994
278414,4923,4982
2584,4924,4984
254446,4924,4988
6572,4926,4985
204112,4927,4984
187385,4932,4998
238864,4940,4987
362052,5043,5157
362053,5051,5157
225338,5190,5267
59018,5191,5270
341321,5193,5255
146840,5196,5253
247863,5208,5250
46475,5373,5472
178830,5399,5462
107767,5401,5464
55992,5404,5454
342069,5412,5465
362053,5556,5680
112251,5613,5696
13880,5623,5693
187382,5632,5727
362061,5635,5720
342068,5637,5712
362060,5638,5717
239978,5639,5724
33430,5641,5704
379221,5642,5725
367562,5643,5718
73191,5643,5738
95759,5646,5711
256035,5646,5768
216600,5647,5743
177022,5647,5752
361464,5649,5712
6367,5649,5721
379102,5650,5723
74677,5650,5729
374178,5653,5756
14055,5655,5745
84624,5656,5717
301167,5657,5756
74678,5658,5752
15349,5663,5768
76345,5670,5746
213673,5672,5756
38881,5673,5734
269260,5673,5736
341320,5673,5738
275608,5676,5739
10535,5681,5747
384031,5685,5749
112248,5690,5754
10536,5976,6017
339184,6091,6159
75316,6091,6169
308145,6093,6158
64014,6104,6156
331818,6112,6156
399599,6161,6227
391567,6178,6282
272068,6185,6291
174701,6214,6285
378163,6218,6288
272069,6218,6294
309968,6315,6389
131863,6383,6432
43313,6417,6486
88771,6418,6473
328593,6424,6487
331820,6665,6715
116166,6687,6744
297572,6695,6744
399603,6861,6926
173797,6970,7042
341323,6971,7030
222257,6973,7048
5980,6975,7063
236843,6977,7056
14152,6985,7056
14153,6993,7056
219705,6995,7057
43310,6995,7065
403933,7085,7136
33429,7087,7137
225337,7280,7333
12083,7281,7349
5980,7281,7355
370986,7364,7442
86606,7391,7438
335231,7444,7510
6569,7451,7526
351197,7648,7720
253208,7719,7794
10029,7724,7801
362057,7985,8066
381408,7998,8069
355009,7998,8076
38846,8004,8075
287732,8004,8080
287733,8004,8083
353278,8005,8069
171735,8008,8068
93874,8008,8076
351198,8009,8062
33427,8012,8065
159776,8012,8088
33470,8012,8093
187379,8014,8066
10027,8017,8083
26565,8018,8079
403931,8019,8069
125816,8020,8087
324173,8021,8078
324172,8023,8085
347012,8024,8086
142382,8026,8081
315672,8027,8088
269261,8030,8081
296071,8185,8247
311773,8191,8255
189776,8301,8359
264508,8315,8356
1217,8372,8466
163618,8390,8466
81683,8403,8465
50120,8405,8465
149451,8810,8884
18282,9019,9082
341322,9020,9086
367240,9025,9087
321638,9028,9084
319831,9032,9090
278415,9032,9103
173928,9033,9095
88318,9035,9103
174700,9070,9135
332926,9106,9160
170039,9107,9161
362059,9116,9170
49548,9350,9413
26788,9368,9419
6743,9411,9499
238863,9421,9506
202361,9424,9503
170489,9425,9472
406376,9430,9523
362057,9431,9507
10026,9432,9510
404240,9438,9500
116174,9446,9516
9674,9447,9509
200300,9451,9506
215637,9470,9533
1219,9477,9538
355263,9478,9520
349344,9544,9605
374177,9556,9604
35997,9562,9604
278413,9743,9800
112116,9747,9799
33433,9943,10020
15348,10099,10145
35502,10099,10150
122046,10099,10162
18282,10128,10200
155858,10129,10183
381407,10168,10235
335230,10179,10243
99221,10291,10371
99222,10292,10380
251155,10298,10383
324174,10319,10380
89814,10322,10369
251157,10384,10446
362056,10386,10461
94154,10420,10473
116173,10425,10496
10021,10426,10472
24895,10427,10501
273491,10431,10487
6570,10431,10492
370175,10431,10498
32281,10439,10497
120018,10445,10497
314625,10589,10656
95755,10787,10833
95757,10817,10868
175369,10818,10886
252144,10832,10902
362777,10839,10884
399604,10915,10963
243177,11113,11180
189983,11118,11180
12515,11125,11187
236841,11131,11182
297573,11140,11185
184681,11408,11452
167600,11409,11494
35771,11410,11489
154950,11411,11483
10025,11533,11626
390996,11542,11632
316055,11547,11613
1335,11547,11621
4159,11548,11609
235010,11548,11619
314624,11550,11611
159053,11551,11610
148176,11556,11618
134497,11559,11626
362054,11581,11626
99220,11627,11723
35996,11636,11719
403932,11664,11716
22869,11667,11750
10024,11681,11820
10023,11687,11786
120753,11722,11790
243178,11726,11787
251154,11727,11801
319832,11731,11788
116171,11732,11820
243496,11733,11792
329372,11734,11787
154947,11734,11799
116170,11740,11822
307569,11744,11835
35998,11745,11833
99224,11748,11816
301163,11748,11819
116169,11748,11829
362056,11792,11860
353277,11900,11955
1216,12156,12231
349345,12157,12236
173924,12160,12248
146838,12171,12245
255061,12173,12249
326082,12174,12235
173923,12175,12263
26057,12180,12242
228181,12182,12261
42798,12192,12264
329518,12212,12262
154946,12355,12416
362059,12357,12423
349341,12357,12443
130925,12358,12437
321634,12360,12465
101364,12367,12467
236844,12368,12447
393228,12376,12435
322954,12377,12478
564,12378,12471
167599,12384,12485
171400,12389,12433
174697,12389,12512
95758,12390,12497
86604,12396,12491
192188,12397,12498
102107,12400,12487
10028,12404,12484
150570,12409,12493
355010,12414,12486
331816,12417,12485
404241,12417,12532
238173,12418,12482
26055,12420,12495
146842,12421,12476
391021,12425,12500
35995,12427,12492
362054,12429,12490
97763,12430,12499
184030,12431,12497
4953,12433,12499
26056,12444,12520
81681,12514,12566
262746,12671,12736
189780,12673,12740
187376,12673,12744
12516,12674,12756
402168,12676,12740
324171,12677,12738
26198,12684,12755
306767,12767,12818
215510,12773,12855
11395,12774,12829
36003,12866,12967
14413,12876,12960
238862,12879,12969
239977,12881,12965
314025,12885,12960
214702,12898,12973
399602,12899,12981
341559,12899,12991
155540,12903,12962
154951,12903,12980
154952,12903,12983
50119,12903,12989
102106,12904,13003
40008,12905,12962
33471,12905,13013
10020,12909,13013
9673,12919,13011
327110,12921,13017
247865,12930,13020
59019,12931,13014
148723,12932,12993
315671,12952,13021
159665,12954,13018
406111,12958,13018
114999,12959,13021
406110,12967,13023
331817,13075,13119
278417,13075,13137
1215,13672,13740
173796,13798,13864
26960,13802,13873
364938,13805,13856
381619,13811,13877
312036,13814,13886
342008,13817,13888
167598,13818,13921
332925,13823,13874
384319,13823,13908
34950,13825,13885
184680,13845,13929
247867,13846,13921
331813,13851,13921
174696,13859,13921
406109,13865,13960
71741,13866,13969
173203,13867,13933
353276,13867,13962
298980,13876,13946
159025,13878,13942
237489,13889,13953
169531,13890,13954
240777,13894,13955
270615,13894,13967
9671,13900,13975
404061,13900,13984
297215,13901,13972
73361,13903,13954
71743,13904,13975
240117,13904,13980
404060,13904,13984
52594,13906,13966
370174,13906,14000
167597,13908,14014
260415,13911,13953
322953,13913,13984
207632,13919,13983
264507,13925,13968
25417,13925,13983
159264,13939,14002
150571,13969,14039
146839,13971,14028
145367,13972,14037
399601,13976,14048
243432,13977,14071
270127,13981,14053
230894,14030,14104
390995,14194,14278
327772,14220,14277
26443,14222,14265
50764,14366,14415
135337,14367,14418
332929,14368,14423
236845,14368,14430
321633,14525,14589
55830,14529,14589
301164,14537,14629
26444,14541,14629
362058,14543,14613
70234,14544,14623
301165,14548,14629
81679,14552,14619
331814,14552,14623
1214,14557,14614
71744,14558,14622
14414,14559,14623
252145,14563,14625
215648,14565,14616
26197,14565,14625
331815,14737,14791
370533,14908,14972
70377,15076,15166
86605,15080,15146
7972,15098,15159
18552,15109,15166
99219,15412,15457
375686,15424,15477
174773,15424,15491
70376,15426,15481
123488,15428,15492
84621,15440,15503
175368,15443,15530
1221,15560,15652
173795,15567,15640
1220,15568,15661
345662,15572,15619
218225,15572,15655
83816,15574,15652
270614,15574,15659
188700,15576,15635
176938,15581,15659
24544,15583,15652
189781,15583,15660
131915,15585,15638
367560,15588,15659
151617,15590,15649
59461,15596,15653
4953,15596,15662
192187,15597,15661
146841,15598,15640
298979,15605,15666
361538,15758,15816
377251,15767,15831
154948,15771,15836
243430,15772,15834
323903,15772,15848
34301,15774,15833
239976,15774,15836
120754,15775,15839
112887,15776,15850
170547,15780,15837
376226,15785,15861
11335,15789,15860
300279,15791,15847
112888,15792,15841
63912,15998,16062
201472,16007,16094
187377,16009,16063
189779,16012,16088
36002,16014,16099
288416,16016,16075
33428,16017,16064
187378,16017,16076
253206,16017,16087
108018,16019,16094
215509,16020,16075
319830,16021,16092
254445,16022,16085
69714,16030,16096
243431,16032,16093
116165,16033,16088
33432,16034,16095
349339,16035,16123
187381,16038,16095
71742,16040,16084
370985,16041,16101
310766,16045,16113
187380,16062,16134
222258,16099,16184
314623,16182,16242
26199,16189,16278
213010,16194,16259
287731,16198,16261
362058,16222,16293
173926,16224,16292
362063,16228,16297
56338,16231,16289
173927,16231,16292
307572,16232,16294
341324,16233,16298
391565,16235,16292
151708,16243,16306
384709,16251,16293
307568,16252,16330
164293,16253,16338
365516,16256,16319
104270,16257,16325
164294,16257,16338
355985,16284,16336
357736,16286,16331
399600,16289,16337
235157,16528,16580
112246,16528,16594
10022,16529,16576
175367,16683,16745
26054,16714,16792
225774,17157,17245
282837,17164,17233
170313,17168,17229
247866,17183,17242
75314,17194,17249
293370,17202,17256
154953,17346,17395
56337,17392,17457
6365,17497,17541
10019,17657,17716
138204,17661,17716
370176,17747,17822
339183,17752,17825
335229,17765,17831
12830,17770,17873
36533,17772,17842
116167,17783,17860
36000,17785,17856
116168,17788,17854
59017,17788,17897
194539,17791,17854
115670,17791,17877
184678,17796,17857
117758,17805,17866
194538,17805,17881
89629,17811,17874
321636,17817,17897
336954,17826,17887
349338,17830,17891
216525,17830,17898
331267,17835,17906
332188,17838,17900
373504,17938,18002
28844,17954,18005
335228,17954,18039
389440,17964,18047
9672,17965,18051
389441,17968,18047
149449,17969,18063
270912,17974,18047
15347,17980,18064
15345,17983,18070
71740,17984,18057
240007,17985,18047
146837,17987,18052
332927,17987,18083
158406,17993,18064
122047,17993,18090
43309,17994,18043
184679,17994,18062
189778,17997,18049
15346,17998,18069
319828,18001,18066
81680,18003,18064
343711,18008,18083
184677,18010,18063
61977,18012,18059
207436,18201,18273
167601,18392,18506
13649,18468,18550
194540,18468,18566
154954,18474,18562
158405,18479,18546
361462,18482,18543
154955,18486,18567
189782,18487,18552
361461,18488,18551
107856,18490,18561
180450,18491,18592
78294,18494,18553
334271,18495,18555
272433,18496,18581
349342,18497,18546
236842,18497,18552
191228,18498,18562
13369,18500,18561
260414,18501,18565
380965,18505,18547
331266,18505,18581
349340,18506,18560
187375,18513,18606
18,18514,18582
159775,18530,18593
309473,18530,18603
329517,18530,18614
154949,18539,18604
316056,18545,18609
74679,18550,18613
327985,18555,18618
191228,18555,18622
99223,18557,18636
154956,18558,18631
43308,18559,18628
116164,18560,18635
102105,18570,18694
103857,18575,18690
6366,18580,18693
44997,18587,18690
12523,18587,18696
112247,18592,18696
5918,18600,18696
33472,18600,18715
36001,18627,18688
319829,18628,18714
68927,18631,18695
