297536,217,279
401068,238,305
177245,241,305
3547,241,316
171458,247,312
3548,248,319
130409,249,330
181596,281,362
206568,285,379
178931,286,345
402390,455,546
246664,456,537
405055,461,536
405875,461,556
240262,461,567
13833,464,542
85034,474,566
311607,482,544
368400,490,566
185861,496,553
206567,499,545
408259,500,563
18192,503,566
35004,512,565
6569,622,680
397,622,697
24186,623,688
227046,625,698
291024,628,706
159660,629,697
222512,634,696
47498,760,822
145941,773,836
30185,776,836
278375,776,839
257640,778,843
123420,778,863
147503,781,843
133189,822,909
309688,965,1035
260389,972,1033
66158,973,1038
101104,976,1037
238181,981,1045
8818,981,1049
178928,981,1058
79642,982,1047
299112,984,1050
277830,984,1063
370324,988,1047
215951,989,1063
79643,990,1045
111883,997,1059
218125,1003,1079
188865,1005,1091
264842,1013,1074
43037,1014,1091
315422,1015,1070
176517,1016,1057
224348,1017,1059
304037,1021,1092
110220,1022,1089
327559,1026,1089
191988,1325,1382
368406,1339,1383
134669,1418,1527
13836,1420,1503
77769,1472,1527
368404,1472,1575
269818,1489,1557
110147,1496,1577
78418,1511,1588
301467,1522,1591
35005,1524,1604
81745,1527,1582
305297,1574,1645
83142,1580,1628
61347,1594,1678
202040,1611,1690
100930,1612,1678
304040,1613,1682
366718,1614,1698
269814,1623,1691
344290,1624,1676
101704,1629,1676
92891,1631,1685
240263,1633,1723
404323,1634,1708
269819,1637,1707
86267,1638,1714
55808,1639,1705
344289,1641,1725
247666,1642,1709
304038,1644,1712
144662,1646,1729
386476,1647,1712
296704,1648,1708
368405,1652,1730
191989,1653,1707
191986,1654,1722
36417,1654,1735
270588,1655,1725
81237,1658,1730
226051,1659,1723
248894,1660,1714
404322,1660,1722
331247,1673,1739
265505,1678,1747
299111,1683,1740
206570,1996,2090
105439,1997,2054
101703,2057,2130
366718,2070,2154
58913,2096,2166
86268,2104,2155
8819,2112,2164
89161,2167,2256
13412,2187,2233
72143,2189,2256
167198,2190,2239
349234,2190,2242
144663,2190,2263
39720,2196,2264
370323,2196,2275
69527,2201,2267
39763,2201,2276
146124,2203,2265
89162,2203,2274
74639,2205,2263
168236,2212,2264
361726,2213,2265
43930,2226,2278
366728,2228,2326
146122,2232,2297
42220,2232,2308
226049,2232,2318
366723,2233,2299
265082,2239,2321
134670,2242,2298
198042,2243,2314
77765,2243,2323
310405,2253,2303
275150,2259,2317
385356,2261,2316
116305,2412,2497
266513,2413,2506
327557,2414,2486
67675,2416,2505
297200,2418,2481
312676,2418,2502
77771,2418,2516
309687,2419,2483
327560,2421,2486
237108,2421,2491
154034,2424,2485
32050,2425,2486
22659,2425,2503
211682,2425,2516
311851,2426,2487
399900,2426,2511
254465,2427,2506
117550,2428,2492
13835,2429,2498
198047,2429,2514
3895,2430,2512
292619,2430,2524
78652,2433,2511
251652,2434,2521
77770,2435,2497
77779,2437,2519
26328,2440,2506
394832,2440,2518
370320,2444,2507
290306,2444,2517
118365,2447,2512
176196,2450,2512
290305,2450,2517
218247,2624,2691
265504,2633,2688
64825,2805,2873
138547,3123,3184
213427,3271,3357
407871,3280,3356
161663,3296,3355
253975,3300,3356
338548,3357,3412
51206,3472,3547
388585,3472,3555
26333,3478,3560
107795,3491,3534
66400,3494,3609
19713,3499,3573
378600,3512,3586
190430,3521,3583
176519,3529,3598
368403,3529,3622
81748,3531,3616
138548,3542,3639
59732,3543,3644
187902,3546,3619
389337,3547,3658
55378,3549,3628
370322,3551,3647
389335,3554,3612
130877,3558,3619
146121,3558,3622
366709,3562,3623
47646,3562,3640
156242,3576,3669
61348,3581,3658
156243,3581,3667
105997,3582,3665
265049,3585,3652
35502,3585,3668
124678,3586,3662
101699,3586,3670
236869,3587,3648
391775,3587,3655
25148,3587,3659
335218,3588,3663
347127,3589,3654
154035,3594,3659
198749,3594,3664
51207,3596,3657
114309,3596,3661
52651,3597,3655
55383,3606,3675
369884,3606,3680
408260,3609,3678
55377,3623,3707
49381,3625,3686
196016,3626,3685
114308,3628,3694
8817,3629,3687
366709,3631,3685
20781,3652,3700
254464,3708,3771
366726,3755,3853
290978,3757,3835
366723,3761,3840
226050,3767,3840
77768,3767,3847
124677,3769,3846
146123,3769,3852
248893,3770,3820
389336,3770,3829
178930,3773,3844
13832,3776,3851
238180,3779,3851
381567,3783,3863
34192,3785,3841
72144,3785,3855
275147,3786,3862
74638,3788,3842
88551,3789,3850
38076,3793,3840
74637,3795,3849
209973,3795,3860
366727,3796,3861
385358,3800,3861
114307,3805,3859
11051,3806,3862
71261,3806,3873
66333,4050,4122
250569,4083,4143
26209,4089,4137
144660,4272,4339
244,4297,4386
303158,4298,4361
251653,4321,4388
226048,4323,4401
20167,4323,4434
29105,4324,4383
163437,4324,4385
226047,4324,4387
238940,4325,4386
275149,4335,4451
345147,4343,4433
166565,4351,4441
180179,4354,4442
254467,4355,4446
344287,4360,4440
283344,4363,4431
202041,4363,4439
54459,4364,4461
167195,4368,4433
83141,4371,4484
237107,4373,4475
83140,4378,4483
256031,4379,4475
224346,4380,4468
321687,4380,4498
196021,4380,4506
277489,4387,4450
1656,4389,4485
368407,4390,4462
135392,4392,4453
224345,4393,4508
101705,4394,4494
202042,4397,4477
288517,4398,4460
228898,4398,4471
83139,4399,4498
178832,4403,4467
196020,4403,4514
297540,4405,4468
270587,4405,4472
101700,4406,4469
254466,4408,4475
394831,4408,4493
66159,4409,4473
130362,4409,4489
61349,4409,4501
303160,4410,4503
18893,4416,4482
92890,4417,4479
171441,4421,4482
142404,4427,4494
160563,4427,4506
221603,4428,4492
381566,4433,4494
71090,4441,4502
178929,4449,4547
310403,4618,4680
404321,4642,4706
26327,4642,4769
370250,4643,4709
303155,4643,4717
206566,4646,4719
86269,4659,4776
299110,4665,4737
380303,4666,4716
34095,4666,4718
195005,4671,4718
265506,4672,4732
74640,4672,4736
168133,4673,4735
275148,4677,4773
256097,4683,4761
85033,4685,4747
36418,4685,4766
16991,4687,4751
139343,4688,4782
304013,4694,4776
167755,4696,4754
58911,4701,4768
249171,4702,4763
249965,4703,4779
144664,4703,4784
388584,4704,4767
75991,4705,4766
344288,4706,4775
61737,4706,4779
74641,4711,4754
61345,4711,4772
101702,4713,4780
344740,4718,4780
303159,4722,4785
158686,4724,4781
27145,4727,4775
26330,4800,4869
26331,4802,4868
405056,4824,4868
168235,5071,5136
83138,5071,5149
238182,5080,5147
146120,5087,5153
101106,5088,5181
246663,5089,5151
297538,5089,5185
92888,5091,5149
81749,5092,5153
198046,5093,5199
277488,5094,5149
405057,5097,5185
209974,5111,5224
17530,5112,5177
73109,5117,5188
303154,5119,5215
224347,5120,5182
83137,5120,5228
7891,5123,5202
218245,5125,5198
77780,5126,5187
335217,5126,5226
270586,5129,5192
152769,5148,5205
120596,5156,5220
370321,5157,5219
209219,5159,5222
55382,5163,5235
125653,5168,5229
402104,5168,5232
51334,5170,5228
209975,5174,5229
181597,5175,5266
178925,5179,5245
77910,5180,5242
38188,5190,5246
74634,5237,5315
335732,5241,5302
384424,5248,5311
208217,5346,5426
210567,5406,5471
297539,5406,5482
79641,5407,5495
288573,5410,5490
370318,5411,5481
109423,5419,5482
132219,5422,5483
156318,5423,5484
321564,5423,5491
19812,5426,5499
299107,5427,5478
299108,5427,5481
39719,5433,5497
218124,5433,5508
43028,5435,5511
281366,5438,5503
77778,5712,5790
372536,5714,5770
366722,5718,5810
69820,5719,5790
393985,5720,5771
224344,5724,5821
299512,5729,5811
188866,5738,5806
265081,5750,5809
259541,5750,5819
126764,5751,5812
30169,5756,5824
206569,5758,5810
394830,5767,5848
9004,5814,5878
1666,5816,5880
83637,5841,5900
82921,5865,5924
231152,5869,5948
27272,5872,5952
66332,5883,5933
366725,5902,5961
111297,5916,5973
366712,6053,6126
366712,6251,6330
67674,6263,6338
304041,6276,6340
185198,6605,6666
9005,6605,6672
236871,6607,6671
366722,6607,6704
156244,6608,6672
132321,6609,6681
170835,6612,6688
331243,6614,6681
178927,6616,6680
24187,6629,6711
327556,6638,6722
405874,6640,6706
220893,6713,6775
283343,6728,6805
146119,6729,6819
277487,6731,6801
71089,6736,6836
39718,6757,6809
385357,6760,6828
92889,6768,6843
6571,6770,6833
77777,6949,7006
26332,7055,7112
302582,7227,7302
290977,7311,7405
374170,7345,7406
53695,7391,7448
253976,7494,7544
198045,7609,7654
366710,7703,7802
366719,7714,7792
366714,7715,7802
297537,7723,7793
48055,7726,7791
10287,7730,7797
166564,7732,7789
72144,7733,7793
85032,7733,7804
265080,7735,7801
157929,7750,7805
288516,7817,7887
366710,7822,7927
366717,7823,7920
100928,7831,7920
366711,7833,7941
74636,7834,7897
36420,7834,7923
48055,7845,7912
288514,7871,7923
372670,7878,7925
366711,7964,8073
366714,7967,8059
297202,8008,8072
174084,8035,8092
331052,8101,8159
202043,8119,8182
366717,8179,8275
366719,8188,8262
36419,8191,8274
402105,8298,8359
54802,8300,8360
388435,8430,8498
85274,8456,8542
117377,8632,8715
74478,8654,8726
176516,8685,8726
290976,8759,8876
18894,8761,8823
168234,8770,8849
45503,9158,9208
297019,9215,9276
55253,9216,9275
136723,9219,9272
218246,9219,9286
321563,9222,9288
171443,9222,9295
171442,9223,9284
310,9224,9285
75993,9239,9307
42219,9240,9301
307926,9429,9484
101105,9476,9531
55606,9502,9570
229601,9503,9579
227045,9505,9561
112391,9528,9596
304039,9567,9630
358324,9599,9663
405054,9679,9738
368401,9688,9739
366715,9927,9998
72141,9981,10050
134668,9983,10044
221602,9984,10045
388583,9986,10049
20165,9991,10058
327558,9996,10049
358322,10001,10070
116530,10025,10097
88550,10155,10222
54801,10156,10233
55374,10156,10248
269813,10159,10215
283342,10170,10237
6413,10178,10254
55375,10183,10263
203658,10186,10235
294001,10187,10243
55380,10187,10282
222511,10196,10268
223129,10203,10255
366715,10224,10296
105440,10239,10304
274476,10257,10312
394536,10258,10311
366720,10277,10400
94942,10281,10339
290975,10300,10416
92887,10314,10415
198044,10319,10380
366726,10321,10415
269098,10324,10411
265079,10329,10415
77767,10336,10416
123419,10341,10402
198042,10342,10416
269816,10345,10412
39763,10345,10415
275142,10349,10411
331053,10353,10413
311850,10355,10415
39760,10356,10410
10287,10358,10415
45502,10359,10411
6570,10363,10413
118552,10799,10864
26329,10801,10871
55376,10805,10867
200192,10808,10868
191987,10809,10895
369880,10811,10864
358323,10812,10865
227049,10818,10885
310404,10819,10880
18552,10819,10888
92884,10819,10896
275146,10820,10883
248895,10824,10887
142406,10824,10893
74635,10825,10907
381557,10826,10898
6572,10827,10892
366724,10827,10896
303156,10834,10895
303157,10865,10907
92886,11053,11173
290975,11056,11169
290974,11063,11180
77765,11090,11177
229600,11099,11177
167194,11099,11195
77766,11102,11181
55379,11116,11192
335292,11120,11189
369883,11122,11186
69646,11124,11186
299106,11127,11198
124679,11128,11220
6868,11131,11203
369882,11132,11195
227047,11136,11201
124680,11137,11228
297201,11139,11202
52409,11157,11208
51208,11160,11248
61346,11163,11222
18892,11169,11243
178924,11169,11246
142405,11185,11260
144661,11194,11260
189174,11202,11258
54803,11202,11268
356047,11276,11340
100929,11276,11348
302583,11298,11363
370319,11304,11368
311876,11401,11464
290971,11447,11552
335731,11448,11499
366721,11469,11569
64464,11471,11525
30496,11615,11669
299109,11623,11670
403223,11876,11957
247667,11878,11964
406426,11883,11950
247668,11883,11961
236870,11903,11964
73862,11911,11987
305298,11912,11984
139580,11915,11984
144609,11951,12040
144610,11961,12041
167300,11996,12060
211306,12020,12076
366721,12020,12120
366720,12034,12146
366716,12044,12160
290973,12047,12184
198043,12064,12126
43929,12064,12146
81747,12067,12124
39763,12089,12158
124681,12181,12240
366716,12360,12484
290975,12363,12478
290972,12366,12485
366713,12371,12492
265078,12396,12495
81236,12404,12480
77765,12404,12483
311849,12405,12492
39763,12408,12483
381568,12413,12495
10287,12417,12483
77764,12418,12476
275144,12418,12491
85032,12420,12495
166207,12424,12495
231149,12428,12495
101698,12435,12502
142402,12437,12506
124682,12438,12491
274787,12438,12496
218243,12439,12504
369881,12440,12491
72142,12441,12499
366725,12441,12502
55381,12442,12503
338549,12447,12506
310402,12449,12526
229599,12452,12502
115141,12453,12527
404320,12455,12515
270585,12457,12515
18891,12463,12526
392272,12463,12528
231150,12476,12526
404319,12484,12537
88549,12553,12625
366720,12573,12685
290970,12586,12713
92883,12592,12711
366713,12597,12726
311848,12607,12726
92885,12607,12731
366726,12608,12699
366728,12608,12716
13834,12622,12672
66157,12622,12694
77765,12623,12711
226046,12623,12729
198042,12624,12700
275141,12629,12695
196014,12629,12722
39763,12630,12712
101697,12631,12729
167192,12635,12726
196013,12638,12711
142403,12638,12729
229602,12640,12712
101701,12640,12732
25689,12642,12731
275143,12643,12719
20397,12643,12727
10287,12644,12710
325286,12644,12725
275145,12646,12714
758,12646,12730
265077,12648,12711
85031,12648,12724
254462,12649,12731
366727,12651,12711
269815,12652,12720
133871,12653,12711
11329,12653,12713
231148,12653,12728
110146,12660,12721
371887,12663,12719
288515,12665,12723
310401,12672,12732
138370,12674,12727
160562,12761,12808
58912,12768,12835
256741,12794,12860
160561,12795,12877
331246,12796,12867
32436,12819,12877
80031,13337,13395
364186,13377,13438
352067,13379,13437
155566,13466,13537
290304,13766,13828
85030,13980,14048
110756,13987,14043
181595,13998,14047
218244,14103,14189
331245,14113,14189
366724,14115,14195
47499,14116,14181
79640,14121,14187
196015,14124,14195
344285,14125,14193
167193,14131,14235
167197,14133,14194
73895,14137,14203
397901,14140,14201
297225,14145,14206
302584,14148,14222
231151,14148,14226
158685,14154,14231
324495,14156,14232
269452,14158,14262
290303,14160,14245
72139,14161,14240
167754,14164,14226
101695,14165,14238
178926,14168,14234
91008,14169,14241
72140,14169,14250
221600,14183,14249
173903,14183,14278
290302,14195,14289
196019,14230,14304
135391,14231,14302
158684,14385,14449
226045,14395,14452
283341,14518,14581
402103,14518,14589
344284,14518,14595
344286,14519,14579
221601,14520,14581
269817,14522,14585
44664,14531,14609
101696,14533,14608
239578,14541,14609
75992,14550,14634
317466,14558,14627
81746,14562,14685
176518,14563,14630
82589,14566,14684
351942,14567,14641
260388,14573,14703
361018,14577,14680
196017,14582,14671
213886,14592,14686
20166,14621,14723
51333,14623,14713
167196,14623,14728
196018,14624,14721
254463,14630,14728
287128,14633,14695
368402,14633,14709
7455,14635,14728
5918,14640,14725
331244,14655,14716
287127,14670,14727
