403361,104,194
263473,106,181
143715,368,454
403363,373,486
165152,377,478
394964,685,734
203052,685,744
223309,685,756
367346,699,769
263471,707,772
208998,780,848
149077,781,845
204570,782,839
220241,896,967
13845,898,949
133669,1044,1109
111362,1046,1110
292546,1050,1093
36534,1379,1454
59516,1397,1467
198235,1407,1466
2827,1469,1552
386282,1472,1518
175541,1526,1579
403356,1557,1636
403361,1567,1651
403360,1568,1633
263473,1568,1638
386283,1571,1645
355732,1592,1643
257632,1598,1659
57108,1634,1697
403356,1799,1882
117369,1809,1863
355591,2250,2311
350344,2257,2327
337292,2292,2387
29387,2305,2372
149074,2307,2371
149076,2308,2388
233503,2309,2384
149075,2309,2390
108721,2310,2371
174876,2313,2378
12255,2318,2379
323987,2321,2381
97810,2434,2506
166737,2443,2524
200700,2458,2512
360145,2459,2513
403360,2759,2830
403359,2759,2833
263473,2759,2838
16083,2859,2931
403363,2860,2970
110223,2865,2922
165154,3284,3342
403359,3697,3767
263473,3697,3770
57107,4106,4193
405033,4110,4219
193689,4140,4190
177966,4494,4571
339609,4508,4564
350556,4628,4684
338873,4636,4697
143716,4637,4712
403551,5043,5120
295558,5084,5186
405032,5122,5184
165148,5156,5208
64619,5490,5553
93786,5490,5589
386281,5491,5554
174290,5492,5559
44479,5496,5570
62911,5516,5579
367345,6431,6490
7578,7365,7428
7577,7375,7438
199836,7489,7547
47147,7489,7550
326262,7609,7671
204699,7610,7673
254619,7610,7681
376114,7636,7699
50814,7689,7755
396146,7725,7785
177964,7725,7788
182923,7732,7789
136627,7735,7806
44478,8008,8078
282241,8009,8066
184338,8027,8106
335057,8027,8130
143714,8032,8100
393293,8032,8128
177965,8033,8098
18869,8034,8095
251766,8036,8100
396488,8036,8104
78225,8037,8099
135543,8037,8130
396486,8038,8098
108197,8039,8105
371837,8039,8144
62912,8040,8097
183818,8042,8092
381184,8042,8096
352956,8048,8128
165149,8056,8139
274988,8059,8154
263472,8060,8158
109611,8061,8132
84311,8063,8157
18550,8065,8158
376408,8066,8145
86887,8068,8130
323306,8071,8149
260427,8075,8136
115778,8078,8140
27449,8081,8150
107946,8086,8160
195356,8098,8139
193690,8104,8165
393617,8107,8176
36137,9298,9362
349708,9298,9364
360962,9307,9376
292593,9335,9400
355590,9336,9393
199837,9336,9402
36766,9337,9410
394191,9337,9414
148927,9340,9398
275709,9341,9405
32189,9341,9415
307488,9708,9774
403364,9714,9766
346270,9721,9785
378853,10295,10362
254493,10297,10365
44476,10301,10363
197658,10301,10366
375477,10304,10371
95638,10306,10368
41021,10307,10365
140303,10805,10856
114776,10806,10861
215403,10806,10867
193687,11668,11753
255225,11672,11759
140105,11674,11752
371836,11675,11763
313731,11676,11766
72466,11679,11765
215072,11682,11753
57343,11685,11763
386060,11687,11772
63091,11688,11751
132582,11690,11752
86886,11690,11754
50028,11694,11755
377988,11698,11762
327577,11706,11762
190284,12173,12253
371880,12174,12238
37783,12175,12237
195454,12175,12239
223598,12176,12282
88453,12178,12254
2826,12179,12259
250960,12180,12243
371835,12181,12241
192576,12181,12261
200599,12184,12246
330952,12185,12247
71350,12190,12251
337398,12195,12256
278845,12196,12254
386574,12199,12251
40762,12210,12271
90465,12232,12287
114779,13819,13874
393166,13819,13881
302582,13820,13900
63001,13828,13878
123355,13830,13882
62910,13852,13913
209734,13854,13914
232225,14176,14227
78508,14855,14904
48604,14856,14912
263470,14856,14922
79896,14857,14925
81045,14858,14923
197657,14859,14911
393453,14866,14923
165150,14874,14925
207099,15191,15236
165153,15406,15480
18548,15407,15520
177963,15411,15486
114777,15412,15495
378852,15413,15519
18547,15417,15485
238860,15430,15519
402016,15430,15537
133668,15435,15513
238859,15436,15497
335056,15436,15523
178076,15438,15504
292592,15442,15513
118874,15443,15511
107517,15444,15516
18549,15445,15518
232680,15447,15515
67862,15451,15512
132149,15452,15516
281470,15452,15521
402015,15452,15536
89507,15453,15513
355589,15457,15536
62909,15459,15520
230885,15460,15539
281468,15462,15541
281467,15463,15530
275710,15466,15536
343014,15466,15552
367344,15469,15555
292218,15470,15513
204568,15470,15551
71952,15472,15525
94490,15472,15541
50603,15474,15554
184337,15475,15539
393287,15475,15549
407148,15480,15543
93621,15484,15542
75073,15484,15562
403362,15485,15543
106456,15487,15533
40761,15662,15718
324334,16342,16417
60465,16399,16452
326910,16420,16491
313730,16725,16789
18282,16726,16793
62908,16726,16799
337290,16726,16820
79894,16727,16791
126718,16730,16795
36144,16746,16825
122900,16764,16823
265081,16774,16825
36533,16831,16891
43183,16844,16903
203046,16943,17049
45190,16945,17027
15647,16947,17054
204567,16948,17043
140427,16951,17030
230886,16953,17046
101264,16958,17047
355731,16959,17033
386065,16960,17043
278894,16961,17027
165157,16961,17049
204569,16961,17074
371830,16962,17044
396145,16964,17049
36535,16967,17032
212982,16974,17035
57106,16978,17053
250958,16983,17089
376410,16987,17081
386685,16992,17053
15646,16996,17088
68372,16998,17055
376409,16999,17087
22004,17003,17087
95082,17004,17095
286441,17008,17084
140682,17008,17089
393012,17009,17086
93621,17012,17090
307487,17016,17083
149073,17016,17099
101263,17018,17081
15648,17018,17091
57105,17020,17109
12790,17021,17086
168715,17021,17090
403362,17024,17091
250959,17026,17105
142353,17027,17094
281469,17060,17129
351509,17061,17116
140428,17063,17160
108876,17069,17128
371831,17071,17153
396643,17155,17227
371834,17300,17370
350555,17315,17368
22783,17978,18042
158526,17980,18042
319368,17985,18078
220240,17986,18057
193688,17988,18075
284419,18002,18095
281208,18017,18083
25993,18022,18102
406550,18036,18099
89427,18042,18098
93631,18734,18789
26410,18853,18942
393618,18869,18940
114778,19237,19308
286443,19631,19730
165151,19635,19715
371833,19641,19740
98314,19644,19717
203049,19646,19701
45600,19646,19732
371829,19670,19741
398240,19671,19723
371832,19671,19733
376112,20322,20388
211602,20322,20416
79895,20323,20435
405031,20325,20423
192203,20326,20419
211603,20331,20393
50027,20331,20424
176501,20345,20441
349707,20352,20424
274896,20354,20428
203048,20355,20444
381183,20357,20421
203053,20358,20441
144282,20359,20422
203047,20362,20454
114780,20880,20929
132148,20981,21032
353542,20982,21033
335055,20996,21048
184336,20997,21046
396484,23111,23176
122663,23636,23707
396485,23657,23720
396487,23661,23712
281466,23678,23741
133019,23685,23746
149822,23693,23746
284295,23705,23770
211485,24082,24170
230615,24087,24174
141288,24088,24172
89407,24094,24153
207763,24114,24176
158685,24114,24181
207762,24123,24194
94116,24239,24304
242781,24655,24747
18547,24664,24725
124660,24679,24746
302583,24849,24898
348427,24933,24981
193686,25013,25082
40786,25013,25102
135542,25021,25088
44475,25022,25107
271945,25040,25115
23466,25047,25112
250957,25048,25121
393452,25049,25117
403364,25050,25113
299509,25050,25119
89506,25052,25116
114078,25082,25144
403358,25324,25425
76999,25355,25428
44477,25380,25428
44474,25464,25517
270002,25725,25786
25507,25727,25797
41020,25730,25821
135541,25730,25839
351024,25731,25787
337291,25756,25844
403358,25773,25872
18546,26017,26117
89505,26018,26088
338872,26021,26083
74884,26022,26093
94489,26029,26121
376113,26053,26134
367343,26067,26125
152605,26074,26155
199835,26953,27019
286442,26954,27026
83366,27059,27106
193685,27059,27112
403357,27074,27154
262366,27386,27452
405337,27388,27443
403357,27463,27536
41019,27467,27515
122249,27500,27560
165158,27509,27577
138989,27515,27574
50813,27994,28079
406549,28003,28079
191200,28351,28413
124095,28357,28406
211092,28358,28414
18868,28358,28416
203051,28358,28424
211484,28554,28608
211486,28781,28867
98314,28794,28861
203050,28797,28849
286173,28808,28879
390366,29184,29261
165155,29184,29264
165156,29184,29267
199834,29190,29254
302584,29202,29256
18545,29448,29522
57342,29466,29558
299508,29469,29517
