360477,143,216
3618,208,273
295979,263,335
10763,272,356
198864,275,340
212178,276,356
371019,285,339
268967,296,354
10764,388,460
397,389,466
279773,572,628
202449,575,699
387467,578,641
145037,582,656
9303,584,681
293404,584,740
265207,587,720
335994,594,712
295977,595,733
402163,595,743
145461,601,718
156572,602,738
127232,603,729
206971,603,751
294939,606,718
96098,606,733
103345,610,739
233007,613,746
25819,616,721
10765,620,737
352385,622,735
162554,628,745
339214,629,749
25820,630,737
189387,633,753
296500,634,745
340692,640,750
325956,642,765
248134,645,736
237165,645,751
123154,651,750
118544,661,752
223411,669,750
53175,676,753
77653,742,794
156573,743,797
6692,749,807
331270,760,875
134838,766,887
97851,780,877
325957,786,864
97852,791,885
145460,817,939
134837,851,975
339215,863,973
295978,904,1018
100459,937,985
124526,940,988
77830,958,1036
237164,995,1079
250413,1130,1192
297429,1208,1292
312248,1221,1262
343430,1321,1402
49509,1605,1674
376445,1645,1701
192391,1824,1880
24427,1825,1887
240716,1829,1898
16229,1832,1894
41252,1833,1887
77985,1833,1898
43970,1834,1906
92320,1835,1898
74319,1836,1897
82927,1837,1891
288741,1838,1893
272940,1843,1906
42850,1851,1912
218747,1858,1902
320241,1859,1920
293256,1865,1965
107849,1873,1952
11367,1873,1967
265209,1877,1953
370078,1894,2003
382300,1896,1972
14874,1904,1997
221848,1907,1969
7158,1908,1980
61822,1915,1980
118940,1920,1985
124525,1922,1978
15517,1922,1997
40023,1928,2003
224344,1928,2014
184331,1939,2003
59953,1943,2003
370358,1944,2007
59496,1951,2004
129415,1951,2020
387420,2150,2213
323151,2157,2212
129420,2167,2274
157303,2168,2249
237944,2169,2254
113335,2172,2235
272945,2173,2271
237159,2178,2293
237157,2181,2287
3616,2226,2318
325959,2229,2279
394381,2230,2291
237156,2235,2298
326937,2242,2292
145459,2282,2368
370076,2289,2368
212179,2292,2394
54241,2296,2377
164602,2298,2422
395498,2299,2388
21881,2300,2420
97853,2302,2366
395500,2302,2386
272943,2302,2392
293405,2308,2399
141129,2308,2402
88871,2308,2422
210990,2311,2375
134588,2312,2389
141130,2312,2399
250412,2316,2385
319529,2320,2383
25818,2321,2389
138498,2321,2392
85634,2324,2392
352387,2327,2452
98372,2328,2392
272942,2330,2383
237158,2331,2429
216602,2332,2408
353810,2332,2435
334839,2333,2440
189175,2335,2397
138497,2335,2458
295251,2336,2405
134590,2337,2467
156574,2338,2438
376788,2341,2402
134589,2342,2413
376787,2346,2422
293257,2347,2408
259875,2351,2461
335995,2365,2466
237155,2366,2427
407615,2366,2435
288441,2366,2463
77980,2367,2429
195755,2369,2451
300765,2371,2460
315030,2372,2441
195754,2382,2464
145458,2383,2438
15345,2383,2457
68471,2386,2448
77652,2386,2473
31202,2387,2449
238547,2388,2450
316818,2389,2496
127972,2393,2444
388849,2393,2459
236263,2393,2486
167797,2393,2492
168700,2396,2478
216779,2398,2462
312447,2398,2500
271804,2401,2464
189174,2402,2466
123833,2402,2484
286236,2403,2453
77979,2403,2464
106236,2403,2493
134591,2404,2463
138233,2406,2461
206432,2408,2461
241888,2408,2475
99628,2408,2485
300053,2410,2489
35066,2411,2474
393743,2411,2485
165860,2411,2493
296502,2413,2474
281464,2417,2489
85632,2426,2486
55443,2426,2499
315029,2438,2520
41791,2447,2542
168699,2450,2543
195752,2458,2521
69741,2473,2538
129416,2474,2540
52588,2481,2545
248133,2483,2544
394681,2486,2569
241889,2506,2568
370077,2523,2610
192392,2595,2671
363748,2598,2644
194842,2599,2641
70974,2601,2667
15348,2606,2667
6039,2611,2668
199163,2666,2746
210231,2674,2745
369195,2675,2748
343431,2679,2744
216780,2680,2732
77651,2680,2743
326211,2683,2748
92377,2907,2963
100981,2937,3008
223915,2946,3047
335334,2949,3048
223566,2953,3058
159830,2972,3066
97850,2973,3064
353149,2975,3045
335996,2975,3049
335997,2975,3076
237159,2975,3082
129418,2976,3039
294940,2976,3073
193084,2977,3067
369475,2987,3061
311867,2987,3069
237474,2988,3082
327292,2990,3059
383837,2992,3070
129419,2992,3077
138236,2996,3059
272941,2996,3082
77978,3004,3077
80816,3011,3065
350760,3019,3076
94535,3028,3069
356969,3031,3079
6011,3115,3178
398528,3116,3189
156576,3117,3182
212177,3118,3177
60274,3118,3186
195753,3119,3178
370076,3122,3182
352386,3129,3174
15347,3134,3202
15346,3143,3205
77982,3145,3192
77981,3147,3199
259874,3149,3213
339217,3153,3219
132769,3270,3351
161532,3285,3356
145038,3294,3383
340693,3306,3395
189176,3306,3400
90613,3314,3367
34325,3314,3409
189389,3315,3389
297278,3316,3399
34324,3324,3432
328441,3337,3429
259876,3339,3414
41792,3344,3426
363746,3349,3414
288387,3358,3418
189385,3360,3416
155134,3362,3436
303103,3376,3433
363637,3389,3433
370077,3528,3618
182159,3532,3596
233783,3588,3673
301637,3604,3667
1656,3605,3706
216600,3606,3701
293406,3609,3721
400948,3612,3674
282548,3614,3706
282549,3615,3675
394979,3617,3702
216601,3618,3699
153264,3621,3680
268947,3621,3682
185290,3622,3688
145,3622,3726
134586,3623,3690
30829,3625,3703
300052,3626,3692
271803,3628,3710
167369,3629,3690
141131,3629,3693
217858,3629,3724
382299,3631,3701
90898,3634,3719
224348,3636,3698
293258,3636,3703
207535,3638,3700
35772,3641,3717
280278,3644,3714
238592,3648,3711
290779,3661,3724
360512,3666,3741
77984,3683,3736
141126,3832,3949
141127,3837,3945
206975,3852,3942
382298,3872,3959
138232,3874,3987
206972,3880,3987
3614,3882,3976
230559,3884,3978
237160,3884,3997
9782,3885,3983
295981,3886,3961
92633,3887,3974
393744,3888,3976
73191,3888,3995
127231,3894,3991
332748,3903,4001
369817,3906,3969
288443,3920,4007
237166,3922,4003
288442,3923,3986
195281,3933,3996
34323,3953,4024
395499,4071,4170
14185,4076,4133
339216,4087,4191
400945,4089,4159
375964,4107,4168
294941,4110,4168
1157,4110,4176
153262,4112,4180
322273,4117,4179
189388,4257,4334
35769,4261,4334
32447,4567,4647
79169,4574,4672
400943,4589,4674
141124,4592,4653
400944,4593,4654
3612,4593,4658
3617,4599,4671
325958,4600,4674
224346,4605,4693
74678,4605,4716
3613,4609,4670
341364,4609,4700
355890,4610,4691
76538,4611,4672
212176,4611,4722
99498,4611,4726
237163,4612,4713
375398,4615,4679
195751,4615,4731
138234,4617,4679
10942,4620,4723
229225,4621,4714
224345,4622,4734
209144,4624,4683
15349,4624,4728
164760,4626,4694
141128,4634,4688
1047,4634,4699
134587,4641,4711
233784,4642,4704
141125,4646,4708
199162,4650,4714
392040,4650,4718
280277,4653,4735
199161,4656,4720
47754,4656,4739
35771,4660,4763
47753,4665,4758
295980,4668,4760
129417,4712,4758
282547,4799,4860
141132,4802,4913
134585,4806,4870
166218,4811,4861
212895,4813,4874
35770,4814,4877
153868,4816,4859
156571,4826,4886
265208,4838,4898
233526,4841,4904
346537,4841,4908
98373,4875,4940
223916,4876,4943
110916,4880,4954
280626,4891,4958
288824,4899,4973
138235,4903,4969
237162,4928,4973
107770,4928,4994
227331,5038,5119
227332,5039,5116
353808,5051,5121
189173,5055,5131
182646,5058,5120
132768,5060,5122
316817,5062,5148
206433,5063,5143
206974,5064,5135
92375,5071,5145
236261,5072,5153
2213,5073,5147
259583,5073,5156
331272,5075,5150
235113,5075,5168
3895,5076,5161
94042,5084,5146
206973,5085,5148
325599,5085,5164
153265,5088,5151
155133,5088,5164
167368,5089,5155
60276,5093,5143
81048,5093,5166
370075,5097,5199
349158,5109,5171
134840,5228,5297
296501,5228,5300
5230,5228,5307
330158,5233,5304
110942,5234,5301
363744,5237,5298
238591,5246,5292
3615,5249,5299
370078,5328,5431
370074,5330,5397
156575,5335,5406
190028,5335,5417
14874,5335,5422
143510,5335,5432
190029,5340,5406
195749,5345,5422
329972,5349,5422
85633,5351,5425
141134,5355,5425
389757,5358,5415
224347,5373,5426
294938,5375,5456
156570,5382,5423
230558,5382,5452
353809,5382,5471
155135,5383,5445
395279,5383,5458
147601,5385,5448
364992,5412,5473
227330,5423,5484
236262,5424,5488
308079,5455,5521
21020,5511,5574
347660,5523,5588
250664,5526,5590
128681,5527,5619
189386,5530,5592
112168,5534,5575
349156,5537,5619
259582,5550,5613
182647,5557,5619
67601,5567,5664
407613,5568,5670
293403,5585,5665
67600,5603,5667
63289,5625,5689
133515,5645,5708
133516,5645,5710
395280,5667,5736
276198,5701,5765
77983,5805,5868
272944,5806,5877
400947,5806,5924
315028,5811,5873
340691,5812,5881
42139,5813,5895
90897,5814,5882
42141,5819,5887
363745,5820,5883
92376,5821,5882
375027,5822,5883
31536,5822,5899
335183,5826,5883
340694,5829,5889
290780,5830,5882
130713,5830,5886
316216,5833,5921
195750,5843,5941
259581,5844,5897
349157,5845,5894
295982,5848,5897
363747,5848,5906
331271,5848,5908
227333,5848,5910
288444,5848,5916
407614,5848,5923
370075,5848,5941
167798,5849,5892
153263,5849,5896
345360,5850,5911
281808,5851,5912
2212,5856,5929
127234,5992,6092
90142,6005,6087
370074,6032,6090
138231,6190,6231
293255,6190,6254
400946,6190,6263
36782,6196,6247
190026,6198,6263
352388,6201,6311
190027,6202,6322
127233,6212,6278
407616,6224,6345
141133,6227,6334
134839,6229,6349
237161,6262,6386
112362,6289,6385
7455,6291,6391
