155818,203,283
155819,234,336
21960,252,302
113695,252,307
12681,252,311
176606,254,315
14669,254,325
305526,268,325
392358,268,365
167683,272,336
371964,275,402
234118,285,401
134995,296,365
87181,304,405
362674,310,423
344909,320,403
162509,320,409
344908,323,406
239931,326,408
405875,327,419
212178,348,424
122528,350,419
319842,352,403
207458,352,420
72451,354,418
342385,354,480
392358,361,458
8874,383,512
109462,405,517
290760,416,538
287432,424,482
185871,425,518
397,446,525
404385,446,555
87182,450,578
2254,457,564
16289,465,571
41524,482,615
4671,514,634
151342,514,646
245132,519,579
97864,520,617
300334,521,578
315420,521,636
289856,522,641
176605,522,646
113694,523,616
62133,526,646
25258,527,632
178437,532,647
364338,540,659
165360,541,645
66492,545,671
304517,547,662
137,624,702
369453,647,696
268732,757,847
113768,773,826
182074,921,1002
270536,953,1023
370680,967,1044
392360,991,1074
245072,1083,1182
280857,1083,1186
382604,1092,1189
162504,1094,1197
48443,1095,1167
280856,1096,1193
380128,1100,1160
39552,1104,1168
322200,1104,1188
138394,1105,1167
47577,1108,1193
239937,1108,1203
268076,1108,1209
79997,1112,1161
355506,1114,1192
302981,1118,1219
162014,1120,1204
162016,1121,1206
278261,1122,1184
259526,1122,1196
182035,1123,1194
385615,1123,1217
10890,1124,1206
374944,1125,1196
245071,1126,1193
93307,1127,1188
263687,1128,1189
162013,1129,1208
291467,1130,1203
272430,1139,1209
272429,1143,1209
379249,1222,1298
33211,1275,1376
225430,1290,1357
269493,1292,1356
245133,1300,1379
337543,1303,1366
264905,1330,1379
207459,1592,1664
212282,1594,1663
155823,1595,1668
210448,1598,1657
155824,1611,1668
4831,1686,1781
134994,1692,1761
27440,1692,1768
4832,1692,1781
374713,1706,1773
66806,1709,1771
305528,1710,1772
32239,1715,1768
33212,1725,1789
349117,1730,1789
165853,1826,1880
47579,2001,2071
291466,2004,2094
198741,2008,2088
198742,2008,2111
182073,2009,2096
113362,2011,2078
87423,2012,2109
170604,2013,2121
366304,2014,2099
387491,2028,2093
342388,2028,2101
4833,2029,2126
305527,2030,2091
302745,2030,2129
210449,2033,2096
342389,2034,2101
105353,2041,2103
406888,2041,2114
170605,2042,2104
21881,2044,2180
329517,2045,2139
205395,2047,2156
514,2048,2183
67335,2049,2096
99465,2052,2154
123153,2053,2144
212176,2055,2167
162502,2056,2172
207175,2057,2156
14055,2057,2161
1656,2058,2152
291465,2060,2121
177022,2060,2159
239932,2060,2175
178066,2060,2192
11996,2062,2162
239936,2063,2220
14056,2067,2197
342394,2071,2148
342395,2071,2163
292053,2073,2136
392359,2074,2192
50491,2075,2118
9370,2075,2129
298614,2075,2156
342391,2076,2131
213297,2077,2148
168973,2080,2180
113361,2084,2155
379099,2085,2152
43495,2085,2173
322198,2089,2150
272431,2089,2170
112072,2090,2159
379100,2091,2153
189232,2092,2186
193388,2093,2154
315422,2094,2160
270535,2095,2159
162503,2097,2158
316194,2099,2200
287433,2108,2224
176514,2109,2221
34951,2112,2204
141673,2116,2199
112073,2124,2196
282457,2124,2216
280104,2127,2190
112074,2127,2215
374943,2127,2234
159564,2128,2189
4830,2128,2194
108251,2131,2203
77637,2132,2195
392357,2136,2218
305546,2137,2201
22659,2141,2222
372170,2144,2235
77638,2144,2245
360742,2145,2208
36266,2145,2226
382605,2145,2238
374942,2147,2266
329519,2149,2221
21004,2152,2226
92241,2153,2206
392359,2154,2274
405874,2156,2241
178441,2159,2229
52220,2160,2208
162500,2160,2278
327255,2162,2225
21005,2163,2257
247741,2166,2231
404387,2170,2256
358100,2171,2245
96350,2171,2250
190080,2194,2271
263302,2199,2282
372169,2205,2269
138285,2207,2271
239935,2211,2288
392357,2217,2294
159800,2218,2301
391168,2219,2311
342390,2225,2287
391167,2225,2300
69451,2238,2304
117555,2242,2311
176604,2254,2341
392360,2257,2358
140122,2272,2341
32240,2280,2345
48445,2281,2336
239415,2285,2347
47283,2294,2338
364337,2297,2346
210676,2304,2356
324678,2310,2370
391170,2314,2408
190084,2324,2379
41523,2334,2405
322197,2346,2447
169417,2347,2401
115212,2351,2411
359596,2352,2419
301338,2354,2420
160610,2358,2420
370294,2631,2703
404386,2631,2708
162501,2636,2711
83399,2638,2712
16978,2642,2706
48444,2650,2713
292057,2651,2720
164029,2725,2792
259528,2735,2792
322199,2795,2885
228194,2812,2860
270537,2829,2978
176607,2834,2959
4834,2841,2958
290761,2862,2958
236539,2868,2940
164030,2869,2955
391169,2869,2981
155822,2869,3002
155820,2871,2990
167043,2872,2936
167042,2872,2962
155821,2872,3008
359948,2876,2937
2065,2876,2956
162505,2877,3000
178440,2878,2974
184515,2878,3009
170602,2878,3015
405642,2881,2968
219286,2881,2999
326442,2883,2972
212177,2886,2962
184514,2888,2989
342384,2895,2989
137186,2896,2973
33210,2899,2964
212179,2899,2998
280855,2900,2973
342393,2900,2986
223255,2902,2968
108713,2903,2985
342392,2904,3016
302120,2905,2968
219285,2908,3021
123151,2909,2971
108715,2909,2999
21881,2909,3013
108714,2910,2973
14057,2910,2994
50947,2912,2974
312328,2913,2977
239933,2913,3008
405644,2918,2979
316193,2919,2984
54676,2922,3024
388772,2924,2985
239934,2927,2990
130781,2930,2995
259527,2936,3029
123152,2939,3003
162015,2939,3009
170603,2946,3016
47578,2946,3028
329518,2951,3017
99464,2951,3020
148726,2955,3016
302119,2968,3035
281730,3144,3190
13644,3145,3197
170606,3156,3201
292055,3176,3258
167044,3192,3257
124018,3199,3256
344910,3307,3355
5981,3308,3406
362785,3322,3411
69449,3323,3392
362786,3323,3405
73914,3330,3415
211947,3335,3409
39932,3335,3455
107854,3338,3442
315216,3340,3432
109855,3341,3473
54114,3342,3433
110448,3342,3443
73050,3344,3408
131917,3344,3448
236540,3345,3407
10358,3345,3455
274370,3349,3410
178439,3352,3417
191973,3352,3445
342387,3355,3472
405643,3359,3425
280103,3359,3457
116289,3361,3422
63386,3361,3474
356283,3362,3424
336081,3363,3436
344924,3363,3443
191253,3365,3492
59632,3368,3441
162928,3368,3451
43507,3370,3445
29325,3370,3456
21314,3370,3488
211857,3372,3443
38204,3378,3441
109404,3380,3442
64373,3388,3453
250630,3392,3456
211716,3394,3471
158103,3403,3466
349251,3406,3473
342386,3408,3470
176227,3411,3472
315421,3412,3493
176228,3417,3478
282458,3420,3481
167045,3421,3516
4835,3424,3507
86207,3428,3486
298613,3429,3508
20286,3430,3504
178927,3431,3493
329520,3437,3488
342396,3445,3556
25257,3461,3522
162507,3469,3586
328352,3489,3546
294675,3489,3569
366305,3505,3597
362787,3506,3670
105352,3508,3605
176515,3521,3637
292056,3540,3662
278658,3548,3657
16977,3554,3623
178438,3554,3631
103857,3554,3663
12523,3556,3665
7455,3558,3668
162506,3558,3679
134996,3561,3689
184516,3562,3660
5918,3571,3668
234117,3576,3690
144147,3582,3646
112071,3597,3666
92464,3597,3689
269622,3611,3666
389670,3617,3698
311967,3624,3697
162508,3633,3731
69450,3635,3689
304518,3637,3699
123057,3638,3696
366306,3670,3721
