2379,235,300
291206,235,324
393324,235,341
160325,235,349
368235,239,296
259481,247,341
165313,259,354
137,362,461
7893,364,480
347657,371,449
330341,371,455
259537,371,459
204345,371,485
10186,391,456
190825,406,477
364754,406,480
5276,414,479
123213,423,475
276418,426,512
110008,433,502
122707,434,511
383934,435,501
15982,437,499
386300,441,514
20538,444,515
364751,451,552
10929,490,553
40786,495,568
320897,496,572
101357,560,618
405789,580,646
20537,608,677
243471,622,681
207946,660,727
158652,668,757
17740,675,737
165316,695,771
10928,696,759
30946,697,757
17721,700,769
76879,704,766
264265,704,772
160326,704,789
325902,719,794
27600,743,814
280404,775,848
60419,777,849
320895,778,854
337328,780,849
27230,780,855
11238,781,865
43004,786,865
123764,790,859
368236,793,854
344702,793,856
124203,794,868
218842,795,858
112709,795,861
62132,799,862
276417,800,866
226937,801,857
86279,802,865
405173,802,867
375001,803,872
364021,809,918
10274,822,870
241557,823,878
234492,823,883
76878,829,918
40623,835,914
172885,835,919
261656,874,918
364022,967,1049
364023,967,1064
202960,990,1066
355003,990,1076
165315,1002,1068
124365,1003,1064
40626,1006,1067
92435,1006,1081
83318,1010,1064
287340,1010,1070
209595,1013,1084
9301,1020,1091
392198,1029,1105
201135,1035,1094
386299,1075,1129
241559,1076,1130
183108,1335,1412
92460,1388,1477
222189,1421,1496
27599,1635,1727
137210,1650,1745
147783,1654,1717
386301,1655,1726
226446,1656,1723
221602,1658,1717
287493,1658,1738
196956,1659,1724
264264,1667,1752
358745,1668,1739
5277,1671,1734
57154,1672,1759
40625,1673,1736
319802,1679,1732
261733,1679,1745
325899,1679,1764
291205,1681,1745
325901,1682,1733
46575,1685,1752
263206,1686,1749
230319,1686,1757
46,1690,1758
198654,1693,1772
157874,1693,1787
5278,1695,1758
86845,1698,1748
355762,1698,1790
218843,1700,1763
18226,1700,1768
379107,1701,1764
131581,1702,1757
165314,1707,1779
291204,1708,1775
360060,1709,1777
371436,1711,1797
234217,1746,1807
253612,1747,1808
131423,1767,1856
186031,1773,1838
56662,1773,1852
338868,1792,1841
92461,1811,1857
40624,2000,2061
364753,2000,2068
276419,2001,2064
226448,2001,2089
178202,2002,2076
158655,2005,2112
218845,2006,2091
283570,2007,2069
325900,2007,2082
158654,2007,2115
2213,2008,2089
218844,2009,2108
355763,2010,2074
27598,2011,2091
196955,2023,2096
225671,2024,2108
18225,2028,2089
252585,2029,2103
398518,2029,2120
286991,2030,2081
347655,2030,2094
292726,2031,2093
121297,2032,2099
175234,2039,2109
287492,2040,2116
260873,2041,2113
147782,2045,2107
230320,2046,2117
260871,2048,2109
375171,2048,2119
209594,2056,2117
344145,2177,2261
320896,2187,2260
282666,2190,2299
55444,2218,2286
305942,2219,2278
245769,2219,2280
2212,2338,2406
297345,2446,2526
183342,2463,2524
311679,2465,2525
171399,2467,2528
225856,2467,2570
356416,2472,2536
292724,2480,2579
265134,2508,2573
319801,2514,2575
244919,2611,2668
34329,2611,2676
132606,2631,2681
218634,2657,2750
407760,2676,2748
156857,2681,2752
368322,2683,2755
242097,2685,2759
290887,2686,2737
209593,2687,2755
314113,2688,2742
84674,2690,2757
49439,2695,2759
17970,2699,2807
347636,2703,2762
97037,2717,2793
375170,2744,2839
311678,2753,2841
97445,2769,2830
62131,2772,2835
95377,2774,2839
30945,2774,2844
218841,2775,2836
280517,2776,2837
92463,2790,2853
21978,2893,2942
221600,3084,3150
287339,3087,3153
114112,3252,3304
92462,3349,3414
56661,3354,3415
311502,3361,3413
121296,3361,3415
40108,3363,3414
197548,3365,3415
360061,3456,3509
311680,3461,3525
27596,3463,3534
140361,3481,3534
81945,3572,3670
92459,3572,3692
121295,3575,3670
114111,3578,3682
56293,3597,3670
83137,3606,3707
270207,3612,3677
100185,3614,3691
15174,3616,3717
92458,3640,3724
386298,3644,3719
81479,3644,3732
40107,3646,3715
364752,3646,3775
83123,3647,3748
123211,3648,3711
63638,3655,3717
245770,3657,3721
225670,3661,3745
121897,3667,3736
368237,3669,3744
114109,3677,3757
144026,3680,3741
347677,3681,3761
386302,3686,3760
132607,3688,3765
295311,3707,3763
91008,3711,3773
132608,3847,3889
40622,3957,4057
241558,4076,4162
259536,4077,4144
297346,4082,4198
347656,4084,4170
284605,4091,4154
371342,4092,4153
55817,4092,4155
285010,4093,4160
132609,4098,4162
264582,4099,4161
196957,4117,4249
80705,4118,4240
379108,4122,4185
46844,4122,4198
398517,4122,4231
259538,4123,4184
7892,4124,4203
83137,4125,4234
325898,4126,4196
325897,4127,4204
310898,4130,4191
132474,4131,4193
325895,4135,4208
56804,4137,4198
325896,4137,4209
397977,4138,4199
407770,4150,4243
406631,4162,4248
75465,4171,4250
144027,4171,4263
100186,4172,4232
150352,4179,4255
15981,4180,4246
58706,4185,4250
46955,4190,4256
2007,4199,4250
230318,4199,4274
194492,4203,4250
230317,4207,4258
335884,4298,4360
264266,4421,4504
262699,4447,4511
341212,4454,4519
334301,4461,4528
334302,4467,4533
192366,4468,4530
113220,4611,4656
347658,4744,4816
70303,4751,4814
146111,4770,4816
311681,4849,4914
256277,4853,4908
10106,4973,5065
320894,4979,5058
27597,4982,5065
260872,4985,5056
92464,4985,5065
339346,4992,5042
304119,5003,5064
292725,5110,5191
10458,5301,5372
266388,5302,5356
366089,5302,5368
80706,5305,5366
158653,5305,5371
123212,5307,5374
226447,5308,5371
244415,5309,5367
83124,5311,5372
386297,5312,5365
100184,5315,5372
366090,5318,5370
221601,5319,5371
221603,5320,5364
245729,5320,5368
114110,5320,5374
