105319,172,245
46078,172,273
377285,173,260
396920,173,281
2379,174,243
6702,174,300
66838,174,316
281253,175,285
170902,177,290
253567,179,267
50503,179,271
18156,179,284
145037,180,262
231414,180,281
60215,181,252
294850,181,268
526,181,294
205584,182,276
6217,183,287
243733,192,305
242732,194,318
365258,197,312
205583,204,301
287642,205,322
313508,228,351
371630,230,355
242731,231,303
92639,246,377
79701,251,313
377286,251,376
18155,253,368
653,256,367
1305,284,376
137,289,376
11098,292,376
57630,298,370
110199,304,371
366998,309,371
16522,309,376
281475,316,376
190999,505,610
307006,535,643
358952,542,642
367314,561,658
233038,704,768
210681,826,895
233037,839,950
364021,846,963
76878,867,963
18769,872,949
258823,873,959
160631,875,931
172885,876,964
335504,884,958
358953,884,963
275296,886,964
34406,893,956
357330,893,959
18617,895,950
223579,897,961
59876,898,958
328943,908,959
205830,914,964
364395,1008,1114
364022,1009,1097
364023,1009,1118
254933,1010,1075
77911,1032,1134
242170,1034,1119
258293,1037,1100
270501,1040,1116
273503,1042,1120
14917,1044,1115
180371,1045,1106
328103,1046,1111
320512,1046,1127
385709,1046,1133
348846,1047,1116
95377,1051,1118
133241,1052,1115
179566,1054,1116
282977,1054,1118
381557,1056,1135
315284,1057,1133
227340,1062,1125
224437,1088,1138
57302,1261,1356
66740,1284,1356
300260,1284,1370
258822,1294,1357
66739,1296,1356
155824,1308,1364
18529,1318,1384
48146,1320,1386
172884,1324,1381
395072,1325,1408
66742,1365,1430
226674,1367,1429
18282,1369,1431
253568,1371,1439
390519,1372,1429
213125,1386,1440
46079,1396,1472
43805,1400,1448
324699,1402,1449
106114,1402,1460
51695,1402,1464
48265,1408,1465
233037,1430,1547
141339,1432,1494
257016,1501,1544
231966,1501,1552
244536,1543,1612
283419,1544,1621
277190,1544,1634
153464,1552,1611
334463,1556,1612
406505,1670,1746
367580,1706,1772
190998,1825,1919
6218,1828,1885
390175,1928,1977
397057,1955,2033
193528,1978,2039
66741,2063,2122
87665,2064,2124
145230,2071,2122
349504,2071,2145
131086,2071,2150
319842,2083,2148
92637,2091,2143
307005,2105,2163
25434,2106,2155
379507,2175,2275
364394,2198,2277
405825,2200,2280
53005,2203,2275
46080,2226,2280
205831,2326,2412
88271,2341,2440
19850,2346,2425
43630,2348,2440
379579,2350,2411
379580,2351,2401
37599,2351,2438
110343,2352,2422
110198,2352,2430
277189,2355,2426
71805,2355,2440
257015,2356,2431
19713,2357,2420
179567,2357,2429
277191,2372,2435
186851,2378,2435
70596,2389,2439
32281,2512,2591
392481,2526,2601
217452,2541,2618
390174,2549,2617
40162,2574,2652
153198,2584,2652
59877,2593,2643
115362,2593,2651
190997,2705,2777
233038,2721,2778
3741,2783,2845
243734,2811,2874
20127,2907,2965
43037,2908,2969
34405,2908,2983
300258,2908,2990
103225,2911,2984
329424,2926,2977
300259,2969,3066
164293,3177,3248
285150,3183,3247
37600,3280,3349
309587,3280,3352
337691,3328,3376
191964,3400,3480
400883,3402,3468
77978,3413,3500
38037,3460,3524
40652,3462,3525
242730,3590,3640
282666,3698,3818
46077,3721,3788
132393,3801,3880
92638,3818,3881
66837,3818,3889
105318,3821,3893
253030,3845,3891
98933,3919,3994
81912,3923,4015
91353,3935,4011
320511,4274,4320
145038,4464,4539
118764,4517,4593
223578,4526,4593
18154,4529,4593
191000,4629,4692
117054,4752,4814
347770,4753,4806
74110,4753,4831
203640,4753,4842
155956,4754,4811
217042,4756,4808
262789,4765,4829
38036,4784,4846
78389,4792,4855
