2379,192,254
387923,301,379
1305,301,394
137,310,394
217739,315,381
16522,328,392
191574,329,394
344487,470,524
391080,642,708
262875,642,732
122902,672,749
285638,747,848
82122,757,847
372086,781,854
130209,840,941
342493,847,931
109463,863,956
221482,864,935
222776,885,957
23089,1107,1189
131651,1108,1159
2681,1108,1165
77830,1108,1176
1825,1109,1213
369083,1449,1510
198441,1614,1680
97236,1617,1659
303103,1620,1681
166137,1872,1922
106838,2136,2188
54356,2553,2628
134435,2556,2629
222331,2569,2690
397962,2638,2690
12787,2651,2728
179353,2703,2745
75542,2822,2890
265931,3011,3088
232668,3013,3085
378805,3017,3082
32356,3028,3077
383484,3322,3384
152770,3323,3383
250196,3326,3378
9349,3364,3420
235908,3571,3685
222331,3587,3698
236038,3594,3702
276506,3599,3676
386411,3600,3657
205599,3934,4014
99110,3953,4014
223220,4179,4249
223221,4182,4246
222335,4202,4259
59449,4246,4309
209408,4250,4302
283913,4264,4331
303350,4484,4544
217531,4625,4683
222332,5718,5802
222334,5722,5794
54407,6040,6146
267566,6041,6104
83814,6041,6111
222330,7259,7351
300947,7270,7320
342492,7285,7347
273052,7286,7339
198371,7297,7365
261544,7298,7370
138052,7298,7375
204165,7304,7366
391148,7578,7633
222330,8248,8326
407027,8257,8300
179981,8528,8608
104262,8535,8596
127961,8538,8601
188272,8540,8604
18361,8543,8622
355004,8549,8603
258499,8551,8613
302183,8551,8624
258630,8562,8623
269332,9467,9509
213162,9795,9856
88277,9796,9844
222332,9796,9864
32586,9798,9863
123305,9801,9863
112761,9950,10023
27610,9953,10016
371520,9953,10030
222333,9957,10032
241414,9980,10032
122901,10821,10905
171064,10946,11010
364247,10959,11022
222334,11339,11401
250195,11521,11568
222335,11657,11727
82,12402,12451
314927,12414,12460
27609,12808,12857
25750,12852,12917
114908,12981,13049
34329,13098,13148
30212,13098,13166
17994,13099,13163
271869,13103,13175
271870,13112,13173
114575,13822,13875
128882,14247,14306
223222,14249,14292
351563,14385,14436
25750,14505,14568
367771,14505,14577
222333,15198,15268
249402,16278,16353
24542,16288,16353
222327,16632,16700
222327,16799,16878
222328,16878,16979
222329,16887,17000
222328,17372,17483
222329,17389,17507
106588,17574,17639
212479,17576,17640
391079,18069,18166
407526,18081,18167
137977,18125,18180
235348,18210,18274
17993,18454,18547
