387350,234,376
125782,235,366
173580,236,337
380767,238,348
125941,239,361
60896,240,285
48487,240,303
133445,241,388
385823,243,357
278781,243,368
2379,245,307
79940,248,359
198692,251,309
8720,258,381
217715,264,405
82673,268,394
238975,271,386
315022,272,402
191010,275,397
42579,277,402
217082,287,402
219249,301,406
173581,308,432
113698,312,434
235028,313,409
653,313,424
159545,328,404
10104,332,416
1305,332,426
137,348,428
115603,701,771
335638,701,795
95783,701,831
195369,702,776
18133,702,784
18134,702,802
237842,729,840
182809,735,833
42578,736,813
56823,739,810
38541,739,826
89288,739,830
121666,739,840
5809,741,814
315225,742,825
314440,745,835
217001,747,818
159180,751,819
264256,755,826
183957,761,814
120247,765,823
391144,767,839
12877,771,819
343777,902,964
62375,902,977
216252,903,958
9874,903,967
46327,904,981
1825,906,1003
184775,908,957
325100,916,990
316794,917,965
367522,917,1003
346876,1090,1166
124298,1091,1153
234312,1092,1149
219251,1093,1147
85599,1106,1215
273098,1124,1226
1345,1272,1343
91037,1277,1385
323111,1292,1353
173583,1414,1465
180985,1415,1458
8078,1441,1559
227650,1444,1561
389776,1464,1582
161495,1469,1532
197251,1473,1595
273099,1473,1615
7916,1474,1578
54035,1478,1618
217000,1490,1607
16637,1495,1617
180495,1502,1636
378007,1503,1585
340666,1504,1617
370966,1504,1627
201692,1507,1616
5687,1511,1589
98765,1514,1560
13485,1519,1582
312267,1521,1623
146848,1526,1617
163847,1528,1643
234499,1534,1603
389777,1553,1655
124294,1555,1633
13473,1556,1621
130304,1557,1622
290407,1558,1623
89732,1560,1622
290406,1563,1627
392245,1565,1622
151038,1569,1631
11559,1571,1622
95321,1571,1661
830,1572,1643
86767,1573,1640
86766,1573,1646
23667,1608,1659
116541,1837,1931
89731,1851,1939
72162,1854,1922
398033,1855,1926
89733,1858,1941
375861,1859,1937
330357,1860,1930
87187,2020,2125
170681,2032,2110
8387,2064,2133
95322,2064,2142
325073,2068,2133
82670,2086,2204
305840,2098,2160
219250,2103,2153
89286,2103,2190
187011,2113,2196
315023,2114,2192
319366,2115,2167
396778,2115,2210
401749,2116,2162
89287,2116,2187
340490,2129,2195
140314,2135,2194
61373,2138,2194
392474,2141,2210
86937,2146,2210
327094,2248,2318
110829,2250,2294
117187,2298,2412
387351,2314,2401
143140,2314,2406
396777,2317,2397
187011,2317,2403
315024,2318,2419
34170,2321,2397
13969,2322,2403
141447,2327,2402
140315,2330,2429
218839,2331,2403
288689,2332,2398
368260,2333,2406
89285,2334,2432
427,2339,2422
385175,2346,2437
106551,2355,2417
247806,2357,2434
11116,2359,2425
203375,2359,2429
124325,2359,2432
171814,2363,2429
175498,2364,2440
147849,2366,2427
97905,2371,2432
102725,2372,2428
136524,2373,2434
378008,2379,2431
95627,2382,2456
217485,2384,2445
260462,2411,2483
67086,2482,2540
277656,2509,2558
358879,2517,2567
38564,2906,2959
355523,2907,2960
51362,2907,2980
60469,2910,2966
224274,2913,2977
86936,2915,2981
344271,2916,2974
21588,2917,2976
50058,3000,3059
325074,3001,3054
121271,3006,3061
119243,3100,3168
355253,3101,3174
379803,3105,3175
6800,3108,3175
388392,3224,3285
171824,3227,3288
378940,3248,3312
54034,3281,3335
43599,3443,3497
137701,3443,3508
229124,3452,3508
338780,3452,3526
67419,3454,3503
18817,3487,3587
390499,3500,3575
72161,3501,3585
154049,3502,3573
8387,3504,3566
133556,3504,3572
399872,3504,3585
399871,3504,3593
232251,3505,3569
90952,3506,3576
218466,3511,3575
270729,3512,3574
296801,3514,3577
70831,3516,3611
335259,3522,3583
72163,3522,3605
77838,3531,3606
138376,3536,3614
90527,3546,3608
256757,3546,3639
396778,3555,3658
396777,3568,3640
212320,3572,3642
34170,3581,3646
88464,3583,3646
290405,3586,3649
141448,3589,3658
38318,3592,3658
251355,3703,3809
330094,3714,3774
389569,3726,3802
229123,3731,3823
82672,3733,3810
136405,3735,3811
394163,3742,3803
403871,3743,3819
72160,3749,3813
112926,3752,3806
118823,3767,3808
154610,3840,3882
75134,3842,3891
121665,3851,3927
243647,3902,3968
348143,3986,4049
2460,4072,4144
82671,4084,4159
51726,4086,4144
70830,4087,4150
305841,4195,4288
192405,4196,4248
245092,4199,4260
195813,4202,4284
58498,4203,4266
273194,4204,4256
29084,4204,4260
70833,4204,4267
177998,4205,4279
385781,4206,4283
330356,4208,4288
108001,4208,4291
136679,4209,4280
378939,4210,4271
356598,4211,4264
89289,4212,4275
216941,4214,4266
86586,4215,4281
211744,4217,4285
250285,4220,4285
219788,4243,4287
114735,4261,4368
330217,4270,4340
229122,4271,4361
116540,4272,4371
372686,4275,4375
230453,4290,4363
290231,4297,4373
220653,4301,4364
391891,4362,4422
226348,4473,4548
54082,4477,4552
46024,4485,4551
4836,4486,4560
66636,4488,4551
201299,4490,4554
72159,4492,4549
322166,4618,4691
70832,4620,4677
73369,4623,4672
194004,4624,4676
357837,4635,4715
346875,4657,4716
331953,4663,4729
383173,4665,4733
189841,4668,4736
361891,4680,4753
173582,4681,4751
186742,4684,4749
27730,4729,4808
353266,4730,4792
39893,4742,4807
63128,4996,5056
36169,5144,5219
387587,5167,5229
60895,5171,5229
72905,5172,5240
138862,5172,5247
178308,5172,5256
346201,5175,5240
85571,5176,5225
395330,5177,5245
227634,5178,5240
344559,5180,5229
356661,5226,5291
27729,5259,5331
44051,5263,5331
353265,5264,5335
381729,5268,5321
381728,5268,5324
270728,5277,5329
81131,5406,5459
283551,5408,5483
106552,5409,5481
226349,5421,5484
316921,5434,5486
400369,5450,5520
31870,5453,5505
349295,5453,5515
79211,5455,5506
193479,5571,5618
372182,5641,5708
375575,5643,5712
226348,5684,5755
399113,5719,5791
343436,5720,5793
363469,5735,5799
186011,5742,5804
26029,5754,5807
10904,5890,5962
133444,5890,5974
155171,5897,5962
32986,5898,5997
359391,5900,6017
173039,5916,6016
189842,5931,6008
283187,5946,6007
76690,5951,6012
9492,5954,6017
21534,5957,6014
