102187,252,309
397,516,589
317864,518,641
103818,520,634
308966,524,642
238245,534,655
2254,537,647
194760,554,648
270389,569,663
89375,573,651
37632,579,651
2379,585,652
268417,591,663
166501,690,756
137934,696,777
205796,715,782
319896,720,822
225480,725,858
188446,745,873
95155,751,865
321642,754,851
83424,754,863
327791,756,858
371495,757,866
292892,759,844
400533,761,850
245381,762,837
299492,762,843
23259,762,846
55424,764,835
66929,766,827
106857,767,830
63470,767,852
388026,770,830
327793,777,878
245382,778,870
327792,780,876
926,782,859
23260,782,878
249065,789,865
278834,790,877
388027,799,864
5809,804,865
102188,807,877
2005,811,878
251278,1025,1067
1084,1176,1233
254816,1179,1230
131507,1256,1332
371494,1270,1335
66974,1276,1331
406321,1277,1341
288497,1293,1354
234015,1296,1340
20997,1363,1412
365760,1368,1439
80339,1378,1426
309259,1384,1447
144096,1390,1458
376200,1390,1465
379651,1398,1459
194278,1401,1462
282256,1405,1463
366362,1594,1673
4589,1598,1663
160377,1602,1679
7446,1611,1687
26104,1617,1693
244062,1619,1680
296286,1623,1684
256438,1624,1685
380824,1624,1687
19633,1624,1701
173320,1625,1686
282064,1627,1716
27325,1628,1690
66139,1628,1711
236658,1630,1696
399469,1632,1707
60414,1635,1708
250863,1636,1697
9141,1643,1704
401014,1643,1740
66138,1646,1704
75547,1651,1756
199949,1656,1737
183402,1659,1750
258897,1662,1732
323294,1664,1746
362880,1664,1755
396248,1665,1730
32743,1668,1737
324418,1671,1753
190884,1673,1755
355600,1676,1753
145298,1677,1745
378434,1682,1742
75946,2690,2761
279260,2971,3055
251277,3264,3339
27326,3268,3337
320970,3732,3807
82028,4025,4103
209219,4032,4081
252455,4241,4306
34030,4262,4314
333168,4400,4455
262280,4536,4591
376199,4569,4643
40223,4575,4635
200484,4580,4642
32618,4593,4635
125268,5104,5196
48733,5108,5166
51602,5109,5191
316486,5120,5188
200150,5127,5175
153520,5127,5185
378163,5132,5193
20998,5134,5198
321538,5143,5191
378364,5207,5280
388127,5841,5904
313636,5850,5913
57926,5857,5918
256883,5858,5919
137899,5861,5923
51603,5867,5948
247506,6317,6392
228316,6323,6381
262225,6327,6391
378494,6340,6394
232049,6363,6411
169430,6421,6469
197751,6435,6502
269045,6440,6501
336616,6604,6691
142110,6730,6794
282063,6753,6823
336616,6872,6955
133835,6911,7035
365756,6921,6975
250083,6922,6983
177836,6956,7001
70018,7826,7902
79506,7829,7898
113295,7862,7939
337401,8178,8274
298264,8179,8265
60640,8182,8246
291178,8193,8265
23765,8411,8497
169431,8413,8487
236659,8413,8506
27326,8433,8506
330712,8790,8837
223591,8790,8859
247233,8791,8854
296069,8794,8848
70745,8796,8859
75979,9013,9075
102186,9023,9090
388126,9023,9094
158596,9041,9093
264336,9108,9182
406320,9113,9182
204761,9152,9242
93169,9235,9296
327790,9364,9426
245706,9570,9630
190096,9578,9619
400215,9767,9835
176075,9872,9953
90932,9880,9942
277228,9882,9945
327794,9885,9959
44031,9892,9962
200971,9894,9958
86782,10180,10240
35321,10789,10857
307962,10798,10860
95154,10805,10866
362575,10806,10870
345755,10808,10877
400044,10819,10880
402123,10820,10883
597,10824,10883
95923,10826,10888
70785,10838,10924
210234,11214,11279
55705,11215,11298
231583,11217,11279
102124,11218,11297
290225,11219,11286
77349,11220,11291
387972,11220,11299
21020,11221,11289
72612,11221,11301
13451,11223,11285
13450,11223,11291
20083,11223,11330
82154,11225,11300
80823,11225,11336
20996,11226,11302
51601,11227,11292
72611,11227,11308
60143,11228,11305
397476,11230,11295
270866,11230,11308
199126,11230,11333
358850,11231,11294
66564,11232,11305
169429,11232,11309
274801,11232,11316
68321,11232,11329
343263,11233,11318
4521,11234,11296
229140,11235,11298
249228,11236,11297
214726,11237,11303
8372,11240,11302
32349,11244,11301
13270,11247,11336
256439,11254,11315
357835,11254,11318
86783,11255,11325
60639,11255,11335
149294,11258,11325
82105,11265,11326
13452,11272,11336
324419,11284,11347
212695,11289,11330
59612,11742,11797
371397,11756,11818
108275,11758,11846
153534,11765,11827
83116,11864,11932
32741,11866,11927
128778,11877,11939
131509,11880,11933
313574,11901,11948
85253,12364,12424
403704,12624,12686
309258,12627,12686
200110,12641,12683
121655,13267,13325
80821,13267,13332
257742,13268,13318
80822,13268,13339
20084,13268,13359
131508,13269,13374
66563,13270,13333
5001,13274,13325
343839,13975,14045
292045,14027,14081
59000,14047,14091
380152,14159,14239
85913,14164,14240
402608,14169,14252
262279,14172,14229
405610,14226,14291
106617,14335,14400
253026,14349,14431
212958,14379,14463
360514,14457,14522
84853,15937,15980
84776,15937,15983
124664,15941,15983
320615,16450,16515
82153,16457,16514
322178,16515,16570
210633,16954,17006
143144,17201,17262
373308,17233,17299
66562,17494,17561
199127,17500,17557
400214,17502,17565
150526,17543,17632
9561,17549,17629
32389,17555,17632
27324,17569,17631
385875,17569,17637
319897,17571,17632
92530,17572,17633
32742,17572,17637
96454,17573,17634
67953,17574,17636
96453,17574,17650
67954,17575,17640
400979,17576,17644
387971,17579,17640
396426,17588,17648
20085,17859,17926
