92304,139,227
138601,140,231
353654,140,237
76223,140,253
393716,142,199
183499,143,212
358687,146,221
123139,146,231
123138,146,251
69923,148,223
201620,149,211
342787,149,217
104075,149,248
141844,150,241
276128,152,214
20595,157,266
69924,164,250
145692,166,218
105645,166,230
313683,167,233
124116,167,254
92303,168,270
342787,218,291
343196,254,342
7559,285,346
196263,321,395
525,334,395
323000,487,548
394623,487,558
196724,487,609
152408,488,599
16084,489,603
2379,492,552
290913,492,577
170902,493,595
63062,493,603
242287,493,614
26080,494,549
285049,495,551
526,495,601
3866,496,608
353349,497,612
340986,497,621
353274,497,641
382176,498,629
287459,498,636
79940,499,602
62133,499,618
342944,502,578
33122,506,623
242732,507,620
294939,514,627
337080,534,652
242731,541,611
47975,543,660
1305,583,670
199700,592,671
156092,595,660
137,607,670
105646,766,831
338769,767,832
81504,819,898
80632,821,886
389899,827,886
866,829,890
307468,829,906
289208,830,900
160625,831,882
105853,831,931
222065,833,956
217471,836,922
154983,838,901
217286,839,887
270318,839,890
352106,839,894
235727,839,906
353275,841,924
121669,845,964
339391,847,908
294938,848,939
298301,850,944
172882,851,952
155585,855,906
38017,855,921
99281,856,912
138464,856,946
28717,857,913
126297,857,924
276976,857,930
187823,860,927
361664,861,923
368978,863,931
26550,865,979
4504,866,963
163169,869,956
326559,870,962
179091,870,988
27374,871,974
93208,872,980
336400,873,939
127130,873,953
316903,876,956
307465,876,974
268070,878,955
268069,880,952
326558,883,962
173446,884,975
267480,886,953
282286,897,956
285280,897,963
316531,898,960
11176,898,979
306036,902,970
288217,905,989
27375,907,1005
135817,909,997
353350,915,988
393715,918,975
242730,925,988
100970,925,992
319502,925,1008
133410,926,987
118411,928,989
69088,928,991
22312,956,1028
3867,958,1017
340987,958,1027
338768,977,1056
194544,1157,1219
322769,1161,1222
117357,1176,1242
400523,1178,1266
373614,1192,1264
292872,1208,1276
150930,1209,1283
243805,1214,1287
69089,1220,1283
47650,1242,1307
13435,1248,1325
354896,1261,1324
342795,1354,1418
234162,1682,1775
72307,1685,1751
234161,1687,1775
28583,1705,1768
219608,1708,1762
168508,1730,1776
57197,1733,1775
191277,1806,1862
271205,1806,1875
34405,1806,1883
135818,1806,1890
289207,1807,1880
371785,1807,1899
342788,1985,2049
342788,2056,2111
342798,2149,2255
207804,2365,2413
159268,2593,2640
328926,2593,2656
59182,2596,2661
357155,2618,2673
18585,2736,2797
105854,2836,2934
141489,2850,2924
54707,2903,2970
26552,2904,2965
98440,2917,2970
222030,3125,3186
63323,3297,3373
307466,3333,3398
141953,3335,3396
308041,3335,3399
234159,3752,3817
307821,3755,3816
138096,3760,3816
141491,3860,3921
254032,3936,4015
249343,3950,4011
307464,3952,4014
306132,3952,4043
121065,3954,4013
118409,3954,4044
26551,3955,4017
197551,3956,4049
118410,3957,4008
46265,3960,4032
141492,3961,4064
393714,3967,4060
367340,3968,4031
263078,3969,4033
111974,3969,4051
86988,3973,4041
32605,3974,4032
238178,3977,4049
93508,3978,4074
188931,3984,4065
175746,3999,4076
292870,4009,4063
285162,4010,4062
109998,4019,4085
117358,4041,4113
342943,4069,4127
82687,4074,4142
234781,4093,4164
35290,4101,4164
306293,4297,4418
306295,4310,4407
246469,4310,4414
157303,4311,4389
289205,4314,4410
357154,4315,4418
306294,4317,4412
268699,4320,4392
294940,4321,4417
92528,4322,4393
217817,4322,4400
199699,4329,4409
333013,4546,4628
333012,4547,4630
144562,4548,4626
119546,4882,4933
168507,4887,4939
163027,4890,4968
322948,4894,4965
289206,4895,4944
141490,4906,4976
207557,4907,4969
342800,5098,5173
333892,5141,5225
364179,5152,5213
342795,5321,5376
55619,5449,5502
403439,5465,5531
292871,5470,5526
244023,5471,5539
21690,5473,5562
175744,5474,5541
188293,5476,5569
178543,5884,5957
91346,5910,5972
188884,5914,5972
116748,5915,5970
175745,5931,5974
6284,5933,5974
28582,6182,6257
175402,6202,6297
310809,6225,6291
59334,6225,6294
34882,6281,6356
72305,6287,6348
72306,6287,6357
47649,6697,6780
373767,6731,6792
24777,7070,7139
393833,7079,7140
388029,7084,7156
207171,7086,7149
247671,7114,7181
138093,7214,7280
150496,7231,7297
91345,7605,7699
19869,7609,7685
109877,7611,7673
367414,7625,7688
173445,7642,7688
138094,7644,7718
179791,7655,7730
138095,8084,8161
26549,8088,8163
32613,8094,8165
203238,8201,8244
138097,8201,8262
406467,8201,8264
194543,8459,8517
34881,8871,8938
392738,8872,8942
11175,8899,8972
224422,9005,9077
180408,9107,9162
26547,9107,9174
26548,9107,9179
119673,9108,9161
133411,9108,9177
236068,9109,9189
155501,9111,9163
181046,9111,9184
55298,9113,9167
334921,9122,9189
135816,9127,9181
207172,9127,9184
397402,9127,9186
316902,9127,9190
355380,9132,9182
169393,9429,9491
189311,9430,9519
90108,9431,9495
206483,9432,9508
152936,9434,9496
264860,9434,9520
188883,9439,9503
105852,9441,9491
175742,9443,9507
11173,9443,9525
205093,9447,9520
33121,9448,9507
102778,9448,9522
143792,9450,9525
367240,9460,9531
170344,9462,9534
63063,9464,9510
152718,9464,9525
371582,9464,9545
197549,9470,9523
254267,9474,9546
393664,9475,9556
269521,9526,9587
127996,9648,9712
87369,9655,9710
127997,9661,9712
342799,9850,9917
393713,10220,10281
322946,10397,10480
392739,10404,10477
366739,10440,10504
322947,10443,10504
18361,10446,10510
354185,10448,10523
342798,10531,10636
222062,10533,10641
28581,10758,10800
338764,11045,11088
44877,11047,11133
119672,11125,11248
127590,11141,11224
307463,11154,11269
68804,11160,11236
50632,11166,11244
24932,11166,11249
307820,11167,11234
15171,11167,11240
163169,11168,11247
290669,11175,11241
84742,11177,11248
126547,11180,11245
352698,11183,11242
300123,11184,11246
320973,11190,11256
216403,11191,11261
189310,11194,11251
277677,11196,11260
207173,11200,11261
356553,11359,11425
144561,11363,11426
41655,11739,11788
181043,11742,11832
92530,11751,11819
17983,11753,11832
92529,11758,11819
382404,11759,11820
353348,11763,11821
382403,11763,11831
27373,11766,11828
269522,11769,11853
133414,11771,11831
160512,11778,11851
307819,11784,11849
197210,12329,12402
144167,12339,12418
382402,12444,12521
242049,12445,12511
159267,12452,12517
170343,12454,12518
355703,12461,12519
392733,12820,12872
378810,12878,12968
348307,12885,12947
10414,12890,12974
393712,12904,13003
369047,12905,12969
85191,12907,12968
345935,12914,12975
45585,12914,12979
264859,12914,12985
307462,12916,12982
342794,13009,13123
256434,13055,13098
337803,13061,13124
40293,13068,13119
316901,13071,13119
350256,13122,13175
342791,13124,13173
33120,13287,13352
117356,13291,13357
342791,13502,13564
342796,13519,13619
307818,13521,13566
307822,13521,13587
242050,13526,13573
222064,13527,13589
170342,13543,13609
34332,13548,13611
343102,13795,13871
342793,13811,13907
105851,13933,14011
154765,13934,13998
322768,14169,14214
197734,14282,14338
342794,14283,14392
342793,14308,14408
257682,14314,14372
256433,14325,14368
181044,14334,14397
118408,14778,14872
407782,14780,14848
408042,14780,14866
246468,14795,14871
246467,14795,14881
69087,14796,14890
397403,14797,14864
222061,14799,14863
178406,14802,14865
192805,14816,14875
267958,14819,14876
159931,14827,14877
152935,15304,15364
338765,15645,15727
294941,15667,15728
197550,15824,15911
24578,15835,15910
133412,15836,15920
398240,15840,15912
116749,15840,15946
133413,15842,15919
26546,15844,15943
323387,15845,15928
114355,15846,15909
367339,15846,15911
188289,15847,15932
205094,15851,15941
172535,15855,15925
164923,15865,15928
182964,15867,15931
54508,15871,15930
109997,15872,15941
257680,15996,16063
400522,16013,16091
408043,16018,16090
35291,16020,16091
392734,16021,16068
41511,16040,16100
54458,16047,16103
97640,16197,16258
242092,16200,16251
222063,16210,16272
342789,16440,16504
306471,16464,16518
165953,16464,16532
73473,16466,16515
53994,16469,16532
389898,16476,16534
163026,16477,16529
233672,16478,16523
52025,16478,16528
342789,16574,16631
64593,16676,16740
371767,16684,16745
188290,17183,17273
306290,17352,17407
92531,17352,17440
352926,17364,17441
306291,17391,17455
181045,17634,17690
3865,17638,17710
374215,17640,17713
342796,17646,17730
398403,17898,17977
371784,17901,17977
306131,17905,17977
79880,17913,17977
338767,17915,17977
156884,17920,17983
350253,17976,18046
392737,17978,18044
364178,17978,18055
307817,17979,18047
352927,17980,18068
234158,17981,18065
181040,17984,18053
160511,17986,18047
105849,17994,18067
17193,17995,18062
188292,17997,18048
354186,18002,18077
109999,18008,18063
70477,18083,18135
392732,18165,18234
90086,18178,18234
218654,18181,18234
345936,18184,18232
392736,18407,18473
217815,18432,18494
22235,18433,18505
238177,18448,18516
168482,18457,18508
28718,18518,18572
11174,18519,18575
257681,18982,19044
306289,19243,19330
152406,19256,19320
152407,19256,19322
350255,19270,19343
97088,19272,19326
197548,19286,19342
307816,19395,19459
90109,19397,19458
126296,19402,19459
306130,19412,19461
352925,19702,19788
269520,19714,19801
193999,19871,19960
194542,19872,19976
116304,19874,19960
242048,19874,19966
348006,19876,19964
319177,19882,19960
242047,19883,19971
114861,19885,19953
406647,19888,19950
238176,19891,19957
121668,19891,19964
37384,19895,19977
254848,19895,19990
175743,19912,19999
64670,19913,19955
278194,19915,19978
215988,19915,19982
157098,19916,19980
274155,19917,19973
114404,19917,19976
37385,19919,19982
323641,19920,19983
276501,19920,19986
329217,19924,19986
78915,20044,20102
342797,21082,21137
252034,21108,21164
119226,21253,21318
188291,21270,21355
203182,21645,21699
149294,21647,21694
87370,21647,21699
400016,21867,21921
118407,21877,21938
369048,22001,22073
196723,22301,22362
231541,22664,22715
97615,22780,22851
137900,22781,22855
392735,22784,22854
352924,22785,22856
146071,22786,22853
292869,22788,22852
69086,22788,22855
172881,22791,22849
387965,22793,22852
36394,22795,22853
27750,22795,22856
353347,22802,22853
312342,22893,22965
234160,22894,22983
217816,22897,22961
123419,22911,22978
338766,22912,22957
45584,22914,22982
380028,23013,23069
281803,23664,23719
350254,23664,23721
19940,23664,23726
28719,23664,23751
188932,23666,23719
14917,23677,23741
313076,23679,23751
306133,23684,23748
336901,23687,23750
345937,23688,23748
47163,23688,23766
226937,23694,23762
138602,23778,23835
54708,23952,24027
135815,24393,24488
46542,24399,24472
119655,24400,24464
314322,24400,24467
94489,24403,24496
306933,24408,24469
181653,24409,24470
319503,24410,24471
51012,24411,24472
246559,24411,24486
64590,24421,24482
343814,24423,24479
234062,24423,24484
180409,24433,24504
59335,24749,24822
181041,25009,25086
181042,25016,25084
132607,25439,25506
194541,25439,25525
76058,25486,25553
144661,25503,25551
50067,25587,25662
222109,25599,25654
209867,25857,25917
382401,26049,26161
123420,26148,26225
65544,26260,26329
141488,26509,26570
350252,26791,26855
47647,26796,26866
197547,26802,26874
352921,27090,27153
170901,27100,27159
47974,27104,27193
252032,27107,27202
11172,27108,27215
121938,27110,27211
18627,27112,27222
252033,27114,27162
352923,27128,27224
173444,27133,27245
50066,27137,27232
11171,27144,27230
163416,27159,27227
342137,27159,27238
242286,27162,27227
306292,27163,27237
48557,27164,27226
319651,27167,27229
221524,27439,27491
45583,27484,27552
69085,27743,27812
198204,28487,28561
191276,28487,28575
105850,28539,28602
137899,28571,28632
342797,28661,28724
400015,28675,28734
264858,28681,28735
181039,28795,28848
47648,28795,28870
92302,28806,28872
277296,28808,28890
289204,28809,28898
207299,28811,28874
64591,28816,28899
64592,28816,28902
391710,28833,28897
352920,28851,28921
393711,29024,29118
342792,29098,29211
342790,29274,29384
342792,29541,29655
342790,29552,29657
342799,29696,29749
342800,29697,29776
217814,29697,29799
141487,29709,29776
352922,29712,29779
355780,29728,29789
