376363,111,164
14669,111,174
287145,112,175
14670,112,195
294323,167,241
232279,227,329
227209,229,333
397,232,310
299736,232,340
67207,234,312
10764,237,308
7978,242,306
74077,262,307
74079,264,349
386459,288,347
137,418,475
237151,418,479
162812,419,474
341706,419,495
162813,595,649
2005,595,667
376364,596,644
290229,596,658
152624,596,662
233134,597,645
74074,597,648
121208,598,662
209228,855,910
341303,855,939
216221,856,934
116475,857,907
216644,867,954
216645,870,962
190928,905,958
16941,905,961
61136,964,1067
199972,965,1036
144697,984,1069
199622,987,1051
398372,987,1057
74370,987,1065
40749,990,1068
61090,993,1057
190652,993,1070
59147,995,1056
316839,996,1060
58923,997,1058
363744,997,1071
143119,999,1070
41662,1010,1075
62166,1017,1067
345693,1137,1192
311231,1137,1198
314019,1137,1200
268732,1137,1217
405503,1138,1203
53637,1140,1226
315762,1147,1209
61140,1153,1221
315763,1178,1266
285150,1382,1430
265316,1480,1523
219746,1700,1756
67206,1730,1806
117303,1734,1809
203025,1735,1794
252756,1738,1806
219745,1749,1835
41661,1917,1996
155127,2028,2089
351772,2029,2094
61137,2029,2107
195942,2034,2130
89715,2038,2131
130387,2039,2122
167451,2040,2103
378692,2042,2103
2009,2044,2111
251221,2046,2114
161025,2048,2132
102646,2048,2141
216222,2050,2117
114556,2050,2140
2007,2052,2124
351842,2055,2142
392935,2056,2117
276112,2059,2111
362620,2059,2123
276111,2061,2106
127618,2063,2137
362621,2063,2149
17551,2064,2126
285149,2064,2128
90706,2066,2134
378526,2068,2129
191581,2069,2130
125282,2069,2145
67204,2070,2142
379853,2071,2144
216223,2072,2133
137495,2072,2136
381303,2075,2136
230317,2076,2140
61141,2077,2144
101008,2079,2150
143121,2082,2146
7364,2277,2346
137491,2283,2350
13873,2300,2361
195941,2301,2396
216643,2310,2376
341709,2316,2412
31057,2318,2391
405262,2318,2406
195940,2322,2383
44207,2328,2389
299499,2331,2395
1701,2483,2537
91913,2485,2545
110167,2632,2701
262462,2645,2738
253297,2654,2726
14972,2657,2744
126336,2662,2721
144696,2662,2723
294322,2846,2907
317932,3035,3092
315593,3042,3102
287144,3044,3095
266263,3049,3104
67205,3053,3095
341708,3525,3588
100013,3556,3628
381223,3646,3694
257586,3777,3842
289264,3960,4023
361871,3966,4016
307762,3973,4028
341300,4247,4321
399527,4294,4375
161920,4356,4435
189694,4365,4452
89714,4376,4445
64102,4392,4444
111972,4560,4634
163318,4569,4633
163317,4575,4634
237023,4584,4631
144843,4586,4635
129794,4909,4951
126331,4909,4993
232280,4919,4975
321484,4923,4984
363745,4925,4980
111973,4938,4990
161921,4952,5061
166698,4954,5037
275141,4955,5031
275142,4965,5032
312475,4967,5030
195939,4991,5062
229846,4997,5063
362450,4998,5051
341707,4998,5062
74665,5004,5063
313667,5148,5199
27801,5157,5230
219743,5159,5232
237150,5291,5368
219741,5605,5672
2006,5740,5803
378765,5742,5812
363746,5744,5801
245521,6028,6110
216226,6030,6120
40750,6030,6127
289261,6031,6123
225348,6042,6120
94489,6054,6126
167550,6055,6109
12418,6057,6142
247304,6058,6120
74080,6059,6125
37250,6063,6130
394933,6064,6150
381301,6065,6156
381302,6065,6166
89712,6068,6167
137489,6070,6132
344113,6072,6127
333601,6072,6135
177417,6073,6161
299498,6074,6153
406099,6080,6137
118334,6081,6132
111974,6081,6146
392137,6082,6145
342444,6083,6147
333600,6084,6146
64047,6085,6147
307763,6085,6150
289265,6086,6148
314013,6089,6170
93881,6097,6166
7506,6100,6164
1700,6106,6167
129801,6107,6168
126335,6242,6304
38908,6514,6583
12410,6528,6602
257585,6641,6684
176514,6642,6757
337382,6650,6744
111970,6650,6755
200063,6654,6745
245555,6656,6727
16940,6659,6746
248959,6663,6730
370414,6670,6737
356495,6672,6756
232249,6674,6741
200064,6675,6746
355605,6677,6787
346632,6679,6740
370415,6681,6748
343205,6686,6744
8752,6686,6754
176170,6687,6764
21158,6687,6771
325574,6692,6751
265118,6693,6761
199973,6694,6773
59938,6695,6777
122029,6702,6768
341259,6705,6787
21160,6706,6784
117458,6716,6779
299494,6724,6790
289264,6741,6789
289258,6829,6921
37093,7050,7103
106922,7051,7113
74078,7051,7131
311510,7052,7140
289258,7477,7558
289256,7534,7653
372532,7560,7616
275147,7576,7641
275150,7577,7643
213494,7595,7660
179340,7639,7701
289256,7669,7787
311822,7714,7775
309857,7730,7806
307000,7738,7809
167548,7738,7819
341311,7740,7833
190929,7746,7813
303954,7747,7830
126332,7748,7814
362448,7748,7825
203245,7749,7823
379065,7750,7860
1114,7751,7843
1699,7752,7814
203244,7753,7830
311070,7757,7842
19424,7759,7854
39309,7760,7862
199979,7760,7876
379067,7761,7848
167556,7765,7828
33250,7774,7869
52048,7775,7860
381013,7779,7851
155128,7780,7878
195970,7781,7857
73109,7782,7870
21157,7783,7849
14673,7783,7859
384746,7788,7853
210299,7790,7852
190923,7794,7858
263920,7794,7870
314016,7794,7883
33249,7798,7867
126330,7807,7889
408298,7816,7888
10164,7817,7910
35291,7846,7925
219742,7867,7918
20913,7868,7939
105479,7872,7925
312474,7872,7961
74076,7968,8010
199977,8147,8246
312470,8148,8253
256891,8149,8243
21159,8151,8247
227207,8153,8243
255727,8157,8227
309856,8160,8222
167553,8170,8243
379066,8171,8232
341302,8173,8225
381014,8177,8236
64043,8229,8287
344112,8230,8303
31058,8240,8327
37255,8246,8356
37254,8253,8356
31059,8255,8326
117299,8255,8349
351774,8255,8354
64044,8257,8327
341305,8264,8327
74841,8264,8331
289261,8264,8350
61135,8265,8347
280026,8270,8349
16118,8272,8342
30717,8273,8328
93295,8285,8357
64041,8285,8385
314014,8289,8360
61086,8290,8356
2120,8291,8359
93883,8293,8356
107733,8296,8368
129793,8298,8360
280025,8298,8372
341301,8300,8363
19641,8305,8358
216228,8310,8354
10162,8310,8373
280621,8311,8355
189693,8311,8370
276496,8311,8383
315592,8313,8386
75404,8317,8388
315006,8322,8414
224450,8329,8390
122169,8491,8548
344115,8491,8557
171849,8495,8557
341308,8497,8547
29240,8527,8580
151444,8546,8623
303955,8563,8619
27802,8628,8711
315007,8634,8681
203243,8639,8693
127617,8639,8722
195965,8660,8727
271205,8805,8873
303956,8809,8871
39763,8921,8993
190927,9036,9151
372530,9064,9123
372531,9067,9129
314012,9068,9157
275149,9068,9171
118332,9069,9135
97617,9069,9144
61133,9069,9150
257175,9073,9171
143117,9074,9180
344114,9077,9170
311071,9078,9162
63288,9080,9188
25589,9084,9131
355609,9084,9167
299496,9084,9179
183123,9084,9184
183122,9084,9188
38076,9085,9133
7507,9085,9149
84238,9085,9151
328746,9086,9139
138551,9087,9150
24683,9089,9166
190926,9091,9198
392934,9092,9184
379063,9094,9179
37251,9096,9164
32964,9096,9184
61139,9098,9185
276067,9101,9162
275148,9105,9194
356199,9107,9182
284539,9111,9184
67208,9113,9185
92300,9115,9174
256889,9115,9178
43144,9119,9192
30967,9121,9188
299495,9122,9218
270051,9124,9185
315009,9125,9195
167552,9127,9224
386457,9128,9193
117301,9128,9213
203024,9130,9203
64552,9132,9194
129796,9148,9209
216642,9242,9299
61088,9245,9301
23940,9245,9308
40748,9251,9328
315008,9253,9301
167557,9254,9320
299500,9256,9343
232248,9259,9300
312472,9260,9302
268733,9260,9322
161918,9262,9317
356198,9271,9363
240526,9281,9352
10163,9281,9361
233061,9296,9366
248640,9411,9478
199978,9452,9499
199971,9568,9661
352715,9576,9661
302193,9579,9643
27720,9580,9644
392244,9585,9652
289257,9710,9779
137490,9811,9885
316097,9811,9895
183124,9827,9894
36767,9830,9880
27798,9832,9880
289257,9889,9945
70160,9933,9980
143116,10092,10171
314015,10094,10195
28123,10098,10166
315758,10098,10194
315759,10098,10200
396259,10103,10169
351773,10104,10165
11722,10109,10194
123692,10115,10176
126334,10116,10174
312949,10117,10171
67209,10119,10182
145687,10121,10182
209956,10122,10184
386458,10122,10193
14671,10130,10184
14672,10130,10198
27800,10134,10199
190925,10181,10292
252335,10182,10242
356496,10207,10274
61142,10227,10295
67063,10228,10284
97616,10228,10298
37616,10228,10305
211922,10229,10286
143120,10230,10295
312473,10233,10317
335710,10234,10295
38076,10235,10283
90422,10235,10286
53638,10235,10298
64046,10236,10288
315760,10237,10293
281946,10238,10294
32281,10239,10298
129798,10239,10317
619,10242,10291
227210,10242,10310
405183,10245,10297
78767,10246,10296
268734,10252,10303
195936,10254,10306
283403,10254,10316
355049,10257,10336
12416,10261,10337
12412,10270,10369
7182,10289,10359
31060,10296,10360
58263,10300,10350
13889,10301,10358
289259,10321,10409
16939,10352,10423
97615,10375,10441
167551,10385,10441
341310,10402,10473
216225,10403,10467
3865,10419,10483
289260,10419,10494
311230,10455,10516
311821,10496,10611
314018,10542,10602
76066,10543,10610
355606,10543,10617
97614,10544,10612
275143,10551,10618
10287,10552,10611
275144,10552,10620
64045,10556,10611
216224,10571,10619
199970,10621,10689
227205,10623,10692
12415,10625,10702
341309,10626,10712
251220,10626,10741
229845,10627,10701
185631,10628,10704
37253,10634,10688
145072,10659,10743
176148,10676,10739
284490,10679,10740
319394,10682,10739
118333,10682,10742
355440,10682,10756
88183,10683,10762
7503,10691,10755
238409,10693,10761
97149,10710,10774
93450,10711,10775
143118,10712,10773
53636,10713,10774
280023,10723,10808
160683,10755,10814
257587,10942,11013
303953,11142,11200
289265,11144,11203
341306,11145,11201
349463,11145,11215
126333,11158,11229
12414,11159,11224
34652,11162,11226
289259,11323,11415
341299,11370,11429
314017,11387,11483
227204,11388,11450
275145,11389,11465
117302,11404,11477
137492,11417,11495
227208,11427,11495
408299,11428,11489
289262,11693,11771
362449,11926,11981
379064,11940,11985
233062,11940,12025
311232,12007,12070
216220,12009,12066
294321,12011,12079
384745,12013,12070
92301,12015,12057
137494,12015,12061
66192,12015,12067
314011,12016,12068
97619,12121,12191
100014,12125,12209
306998,12130,12200
8167,12134,12190
256890,12154,12217
287252,12189,12274
287251,12203,12276
345320,12293,12370
167813,12304,12372
381221,12305,12382
396258,12318,12397
117769,12318,12412
254716,12319,12395
118172,12330,12408
125810,12331,12379
152840,12331,12389
137493,12332,12384
307760,12335,12406
225507,12337,12400
75695,12339,12402
7505,12352,12430
219744,12438,12507
275146,12450,12499
263917,12452,12499
114553,12561,12629
137488,12562,12669
177419,12566,12631
127615,12572,12649
363748,12574,12635
230319,12576,12628
46575,12578,12630
227206,12579,12640
67211,12581,12645
345692,12582,12627
406098,12584,12657
61134,12585,12649
356197,12589,12651
315590,12589,12659
190900,12590,12673
199976,12598,12656
302195,12605,12673
89710,12610,12668
156023,12624,12694
341307,12624,12699
315591,12627,12699
289260,12627,12715
199974,12640,12702
280024,12669,12716
395586,12869,12934
263919,12869,12943
109314,12874,12939
143368,12892,12953
362447,12892,12972
162935,12893,12967
299497,13003,13054
29797,13004,13077
164015,13012,13070
355608,13215,13272
61138,13218,13284
130388,13237,13301
303952,13262,13323
61087,13313,13405
23753,13322,13376
363902,13326,13389
35502,13326,13397
165028,13333,13430
271291,13343,13406
45904,13343,13410
55235,13352,13442
56467,13354,13408
121348,13355,13437
67210,13356,13410
195938,13357,13408
64040,13357,13453
315761,13359,13408
88040,13359,13413
230318,13374,13445
299668,13385,13447
37252,13563,13639
276497,13568,13632
311229,13571,13662
311074,13573,13635
122168,13578,13645
190924,13580,13632
97618,13585,13657
7455,13592,13685
289263,13594,13680
195937,13600,13660
5918,13600,13688
74075,13606,13662
210234,13679,13729
167549,13687,13732
341297,13690,13755
298980,13692,13745
114554,13692,13776
71166,13694,13745
344111,13695,13748
89709,13695,13766
114555,13697,13774
137487,13703,13748
2008,13708,13771
363747,13712,13776
341298,14012,14100
89711,14023,14086
195969,14025,14084
61865,14032,14084
250577,14073,14137
346633,14128,14207
64042,14129,14186
216640,14129,14192
195967,14133,14200
216641,14137,14194
50455,14142,14197
195968,14145,14200
117300,14159,14218
129799,14167,14258
67064,14179,14228
289262,14180,14258
231150,14189,14256
117297,14190,14250
159048,14298,14348
7504,14299,14349
298979,14299,14352
263918,14301,14372
232278,14314,14386
21263,14417,14462
129800,14476,14551
40747,14489,14545
26277,14498,14555
12833,14501,14566
118331,14503,14566
12411,14507,14581
282711,14517,14570
42931,14533,14616
384699,14551,14641
359864,14554,14616
127616,14559,14625
265120,14583,14654
358308,14638,14705
341304,14672,14747
14948,14676,14735
190922,14680,14737
315757,14682,14754
355607,14705,14770
61089,14705,14775
143115,14722,14766
26712,14789,14861
63287,14879,14939
74073,14903,15003
206317,14906,14992
61325,14912,14979
302194,14914,15007
213493,14915,14978
16938,14915,14981
298174,14916,14985
253296,14916,14993
199967,14917,14991
117298,14921,14989
7977,14921,15003
376362,14921,15010
42421,14922,14984
195935,14922,14987
315756,14922,15001
304,14924,15003
20035,14930,15012
156482,14933,14995
41663,14935,14996
31056,14942,15015
392,14943,15018
163319,14943,15027
94490,14944,15023
352702,14947,15028
283080,14950,15009
89713,14955,15018
289328,14957,15018
311073,15090,15158
40746,15099,15161
311233,15100,15179
21161,15103,15164
167554,15104,15189
167555,15105,15186
311072,15108,15170
247823,15110,15157
339934,15112,15179
14668,15250,15347
250972,15267,15340
80632,15269,15348
250971,15271,15333
236768,15271,15340
129795,15274,15341
16937,15275,15348
122028,15277,15340
405263,15277,15351
405182,15280,15358
405264,15283,15351
21262,15284,15345
161919,15287,15351
379854,15291,15354
257174,15293,15345
199969,15293,15372
265121,15295,15356
111971,15297,15366
381222,15302,15367
317931,15303,15390
287146,15304,15370
38077,15305,15366
199968,15305,15373
312948,15306,15392
335082,15368,15446
335083,15371,15451
27797,15394,15468
363901,15419,15491
14667,15422,15487
307761,15425,15487
265119,15426,15490
243442,15430,15486
219740,15692,15775
6654,15695,15770
386456,15752,15822
10161,15753,15812
40745,15754,15820
27796,15756,15819
362446,15756,15821
79926,15762,15819
12417,16013,16096
230320,16014,16070
6653,16014,16081
216227,16014,16090
199975,16014,16101
238108,16014,16119
170041,16015,16094
355488,16015,16147
19845,16017,16085
4179,16021,16103
176515,16066,16188
355489,16071,16207
27799,16093,16199
50583,16093,16204
280022,16094,16156
406097,16095,16140
280021,16096,16148
171515,16098,16156
195966,16098,16193
44997,16098,16211
12523,16099,16203
177418,16101,16212
384744,16102,16193
112247,16102,16206
216639,16107,16200
306999,16108,16195
129797,16110,16171
7455,16110,16208
289263,16111,16205
5918,16120,16206
203023,16137,16207
53639,16138,16191
12413,16145,16211
312471,16147,16208
93882,16150,16207
