361716,196,286
317741,197,247
346340,199,260
295867,221,283
313527,224,276
158285,224,301
149193,226,272
177506,245,291
361715,297,404
329059,325,396
266120,326,392
2930,328,403
181481,338,400
53698,340,404
323215,341,403
311393,636,685
330491,636,690
296175,636,697
371086,636,726
392754,637,689
103393,637,691
361714,994,1074
180379,995,1049
346340,995,1067
321513,999,1052
284473,1001,1067
292243,1002,1064
370678,1005,1088
331093,1009,1075
331359,1019,1080
92856,1020,1092
299330,1110,1176
85300,1153,1210
173431,1161,1218
173432,1173,1234
319625,1958,2008
77737,1958,2011
17047,1960,2010
32493,1970,2023
80155,2097,2178
346339,3173,3269
4068,3200,3269
346339,3740,3824
363978,3759,3822
218252,3844,3903
296833,4113,4175
52223,4117,4174
47228,4570,4613
110144,4587,4671
70132,4589,4653
61873,4682,4758
254907,4691,4747
319552,4702,4758
400136,4879,4973
16227,4910,4956
135945,4923,4975
27129,4932,4982
252041,4940,4983
361713,4941,4986
268731,4996,5066
14470,5034,5107
180752,5034,5111
361717,5050,5154
276169,5189,5251
80154,5192,5265
86926,5195,5270
299332,5199,5271
214699,5206,5267
29872,5215,5278
359876,5220,5288
70521,5226,5288
348637,5737,5785
43332,6044,6108
302909,6049,6111
300718,6050,6115
43331,6054,6116
70520,6057,6125
46775,6058,6127
41012,6059,6113
166450,6059,6123
168244,6060,6136
103,6061,6127
381465,6066,6113
122069,6066,6144
208785,6071,6129
310547,6072,6131
35779,6334,6396
394903,6641,6704
10671,6642,6714
101107,6647,6715
14470,6652,6715
15529,7772,7834
148172,7798,7846
299331,7851,7923
299329,7855,7924
173433,7858,7907
186559,8019,8073
334349,8166,8216
76458,8329,8398
80647,8330,8395
38155,8334,8395
105746,8344,8395
353251,8671,8720
