88299,90,144
13274,92,162
246699,98,143
142214,105,151
284330,106,203
43708,107,173
284329,111,186
284331,111,220
210445,114,178
308290,115,185
284325,115,232
254205,117,186
48962,122,187
367482,125,174
270806,125,188
265576,142,206
227642,254,338
131277,263,334
205594,278,397
34435,336,408
182458,437,512
80340,437,548
205817,469,560
358055,479,531
167962,730,797
334869,730,845
119966,731,788
161606,731,841
167963,738,824
238586,738,829
408188,745,831
926,749,824
39524,749,848
43075,750,843
11167,751,834
95399,756,827
377956,758,825
325538,787,844
251428,892,957
178114,893,974
229980,895,975
282646,911,967
282647,911,973
91409,912,974
315796,920,975
224111,1033,1118
136711,1049,1098
336671,1051,1105
304334,1113,1163
257561,1246,1302
407085,1252,1295
293042,1276,1317
163736,1276,1333
401702,1290,1384
244300,1290,1387
276975,1291,1366
272316,1291,1400
120292,1292,1380
25935,1292,1410
95341,1294,1361
16933,1297,1386
265869,1300,1361
206087,1302,1370
4345,1305,1379
289517,1306,1365
96063,1306,1381
205818,1307,1370
293483,1308,1365
19867,1308,1378
220026,1313,1381
76171,1315,1401
289825,1316,1384
253528,1318,1381
17572,1319,1380
203156,1322,1377
38804,1322,1402
393218,1334,1390
354144,1355,1476
131586,1370,1445
149599,1374,1450
113144,1374,1456
264264,1374,1459
407086,1376,1449
211888,1376,1460
22728,1377,1445
48638,1377,1481
312631,1382,1483
280183,1382,1491
389469,1384,1476
212919,1387,1460
230711,1388,1479
101115,1389,1463
355456,1390,1471
208365,1390,1484
325329,1394,1464
216448,1396,1447
229119,1397,1487
228603,1399,1460
230712,1399,1489
35904,1401,1463
166096,1403,1464
355844,1404,1462
386126,1404,1493
279673,1410,1499
23679,1412,1502
327138,1417,1479
88425,1417,1496
130253,1420,1498
270807,1423,1488
38966,1425,1487
113976,1429,1492
260982,1432,1494
155265,1439,1503
34656,1517,1606
265241,1553,1634
265242,1558,1640
136426,1562,1611
192435,1572,1629
108257,1572,1638
284327,1576,1643
264265,1580,1643
306952,1582,1638
166067,1603,1675
230288,1608,1678
209099,1612,1677
131588,1613,1674
289451,1613,1678
388645,1614,1697
70820,1639,1730
166069,1647,1734
283508,1682,1760
284328,1685,1763
131587,1689,1804
261213,1694,1778
102455,1698,1759
362278,1699,1764
378457,1700,1760
28396,1732,1808
265575,1734,1840
349407,1736,1804
17163,1738,1835
364864,1764,1817
402133,1770,1822
117738,1776,1822
318318,1776,1824
280412,1777,1836
35903,1778,1828
288522,1779,1824
161607,1780,1828
179675,1890,1992
45822,1908,1986
123234,1920,1995
225578,1945,1995
143602,2033,2095
343430,2077,2150
260223,2078,2186
224406,2211,2276
346150,2213,2277
34675,2217,2278
246700,2297,2352
336670,2920,2984
41092,3035,3079
198870,3046,3104
124819,3047,3100
112535,3048,3104
228022,3048,3108
407084,3238,3316
14947,3264,3319
34655,3264,3325
203575,3266,3323
264903,3266,3325
14948,3270,3319
85157,3407,3487
270689,3427,3492
130836,3434,3487
7740,3445,3508
211998,3688,3751
15024,3697,3761
367219,3979,4046
57839,3981,4050
8957,3982,4059
361249,3985,4030
22235,3990,4055
12833,3993,4051
183952,3993,4053
367218,3997,4058
336667,4000,4076
341948,4024,4086
91142,4297,4345
228601,4572,4652
25933,4580,4641
200645,4582,4646
156595,4586,4694
270805,4587,4656
223692,4592,4673
390261,4593,4657
140679,4595,4661
89950,4595,4678
156596,4596,4699
126577,4598,4672
150417,4608,4680
281331,4611,4677
369149,4615,4677
156880,4622,4685
235260,4624,4677
184192,4624,4700
290976,4633,4749
48961,4676,4760
52469,4960,5021
79385,4980,5046
340807,4990,5063
230713,4997,5060
53851,4998,5085
340809,4999,5061
140678,5000,5060
167965,5007,5072
312630,5011,5083
22727,5016,5080
387563,5025,5086
142213,5028,5080
167964,5028,5105
122435,5030,5088
43709,5031,5090
274106,5032,5093
240856,5033,5090
290971,5037,5150
216045,5189,5240
8956,5190,5241
353346,5191,5240
17046,5309,5380
260221,5312,5390
177073,5314,5377
259858,5332,5396
304711,5610,5692
85158,5612,5683
4882,5619,5677
19397,5620,5672
386125,5620,5713
390263,5623,5684
347990,5642,5704
57837,5651,5712
92012,5652,5711
260221,5681,5756
399504,5708,5752
166095,5802,5849
336668,5802,5863
205719,5802,5869
27241,5805,5851
18667,5858,5920
290977,5865,5962
312009,5871,5950
178115,5873,5951
12054,5878,5943
159426,5881,5956
386127,5917,5978
318907,5921,5978
290571,5921,5981
216044,5923,5979
294925,5930,5991
6218,5955,6010
189145,5955,6032
166093,5958,6042
87752,5962,6036
231554,5966,6028
37699,5972,6024
27791,5972,6031
310920,5983,6038
310921,5983,6054
57840,5986,6046
140680,5993,6037
162514,5997,6043
93186,6015,6069
325575,6086,6162
290970,6090,6217
290975,6091,6197
290973,6091,6223
102456,6093,6160
290972,6096,6202
244685,6097,6153
290974,6099,6204
216046,6112,6164
37616,6112,6174
291243,6112,6177
314960,6112,6180
230715,6112,6205
225576,6114,6173
290978,6115,6184
76676,6117,6187
226049,6117,6210
136710,6117,6214
230714,6121,6206
225577,6123,6192
22726,6124,6173
284324,6125,6186
128732,6126,6200
312629,6126,6220
8958,6129,6194
57838,6133,6195
189146,6134,6184
143145,6137,6199
286090,6144,6205
10287,6147,6213
340808,6150,6214
166068,6150,6235
296274,6162,6245
25932,6164,6236
336672,6165,6213
223309,6168,6236
25934,6168,6244
155052,6172,6237
355306,6177,6219
130569,6177,6240
403861,6178,6244
369102,6179,6235
390262,6181,6245
107837,6186,6236
229979,6187,6235
6044,6187,6241
88424,6187,6246
118947,6188,6245
343431,6189,6258
294924,6210,6282
366910,6226,6282
44553,6228,6290
87751,6500,6561
21750,6987,7042
111864,7186,7253
286091,7265,7332
260222,7268,7350
244683,7269,7334
182457,7274,7340
252529,7276,7340
22575,7280,7341
310919,7282,7350
246701,7304,7395
22724,7306,7374
55841,7311,7354
931,7315,7395
364558,7457,7527
340810,7468,7555
253405,7479,7568
284323,7484,7550
187127,7486,7557
196460,7491,7555
18608,7491,7586
229530,7495,7586
85242,7503,7564
182459,7503,7574
47016,7503,7579
364555,7505,7573
278678,7510,7574
286092,7514,7574
249787,7515,7592
16382,7524,7571
123232,8105,8168
374778,8112,8166
228412,8113,8173
243611,8198,8269
291242,8465,8516
336669,8835,8900
166094,8837,8898
364556,8838,8911
252528,8841,8903
52742,8850,8910
254204,8855,8909
264266,9881,9964
57089,9957,10012
211997,9961,10019
187126,9964,10028
271230,9977,10042
354145,9981,10044
152042,9986,10049
45793,9992,10052
134479,10003,10046
30001,10003,10065
250231,10003,10067
225754,10007,10066
181386,10017,10079
269418,10021,10082
171046,10025,10069
273047,10028,10090
244684,10029,10082
212918,10043,10096
10529,10104,10166
132493,10135,10248
220710,10138,10199
280182,10138,10226
76128,10146,10235
353682,10147,10247
34654,10153,10245
52741,10156,10248
302745,10157,10251
353344,10159,10244
93445,10159,10253
268683,10160,10233
177395,10161,10242
19656,10164,10256
167960,10168,10232
348859,10169,10234
251611,10169,10259
357033,10172,10227
1341,10179,10255
246698,10187,10262
149598,10191,10273
263687,10192,10251
21443,10193,10258
284326,10194,10261
249141,10195,10276
211996,10198,10262
93057,10199,10254
224110,10199,10266
123235,10200,10263
392312,10202,10281
325574,10204,10256
43710,10204,10265
152041,10204,10271
251610,10205,10259
285941,10206,10284
244264,10207,10274
167961,10208,10269
124752,10370,10432
88298,10382,10449
240303,10383,10444
162844,10385,10450
353076,10387,10449
88002,10388,10451
34652,10390,10452
214737,10390,10456
21444,10391,10449
34653,10393,10451
335980,10393,10456
243310,10394,10455
57088,10394,10459
151610,10430,10517
308289,10457,10519
34192,10486,10544
23536,10490,10543
86699,10491,10554
353681,10492,10544
161091,10515,10578
353343,10516,10588
260222,10619,10689
353345,10620,10710
260223,10989,11095
387142,11173,11221
335979,11174,11240
378836,11222,11283
88003,11222,11291
407910,11222,11296
140918,11223,11310
282933,11228,11306
364557,11232,11291
274714,11235,11290
262267,11236,11337
131585,11239,11302
57505,11241,11309
354861,11245,11306
142211,11247,11337
205595,11249,11330
178116,11249,11335
178113,11250,11328
142212,11259,11335
34651,11270,11346
333007,11274,11327
334541,11282,11354
405863,11311,11356
336673,11358,11430
325573,11496,11548
171196,11497,11561
393286,11497,11565
7797,11498,11578
70117,11499,11552
234389,11502,11577
334542,11515,11581
22725,11516,11578
354862,11603,11669
228602,11652,11704
279672,11667,11718
366469,11900,11944
348860,12110,12199
367481,12119,12199
402249,12128,12199
