314670,102,228
2379,104,169
224446,108,193
197402,174,287
252624,185,283
1305,201,284
81972,205,264
299323,233,284
153879,504,575
577,505,566
145268,507,594
79217,507,635
167546,508,585
63470,508,603
261104,520,632
99933,521,636
13944,522,629
75315,530,638
43075,536,636
21633,537,639
152040,540,638
145267,541,629
26914,576,639
271849,922,1009
271848,923,1005
249500,940,1001
56857,956,1008
90738,1152,1264
210275,1163,1212
169860,1203,1264
237784,1255,1339
58048,1296,1344
26917,1300,1417
314671,1353,1462
202988,1367,1452
65512,1373,1489
22606,1465,1511
377188,1467,1586
265505,1469,1540
81298,1477,1584
363267,1478,1566
123779,1480,1542
118242,1486,1598
344909,1490,1585
202987,1491,1562
358952,1494,1585
131934,1501,1563
308681,1502,1585
209551,1502,1611
122771,1508,1589
160398,1509,1579
55143,1520,1584
184091,1525,1628
192066,1526,1589
316680,1527,1650
80918,1527,1656
3396,1535,1596
191975,1595,1679
377050,1598,1662
72751,1600,1664
354443,1829,1890
153878,1837,1906
303713,1848,1919
127692,1864,1925
316999,1872,1933
144531,1955,2019
165836,1956,2024
144532,1967,2073
9666,1973,2038
172577,1975,2053
345201,1977,2090
20309,1985,2105
348903,1988,2051
172882,1992,2099
207319,1993,2040
36268,1995,2063
15171,1996,2092
265504,2002,2076
36267,2006,2095
21697,2013,2101
112594,2014,2105
269218,2017,2108
146939,2023,2087
236003,2023,2101
31239,2029,2095
60582,2031,2093
365116,2034,2096
248443,2195,2284
397429,2195,2297
84383,2196,2282
363144,2197,2273
235737,2198,2263
54661,2199,2255
295569,2199,2264
43028,2199,2269
90737,2199,2301
377190,2200,2274
349675,2201,2272
1865,2203,2295
152682,2210,2260
90732,2239,2300
123780,2510,2594
374480,2541,2608
90734,2654,2768
144533,2789,2845
87861,3189,3265
90731,3206,3283
382604,3326,3438
61143,3331,3426
376956,3335,3421
15025,3339,3439
143009,3343,3401
304091,3343,3434
753,3348,3442
87862,3354,3419
87816,3355,3420
244317,3362,3423
26913,3372,3436
221590,3373,3439
387241,3375,3438
137492,3582,3657
321099,3597,3657
102449,3739,3800
269332,3740,3801
340926,3742,3806
270834,3748,3824
270756,3754,3815
47228,3755,3817
309477,3772,3838
374479,3774,3836
288509,3774,3841
62778,3777,3842
231460,3779,3842
322231,3782,3845
24990,3791,3878
65590,3806,3909
134005,3814,3891
299845,3853,3931
293308,3883,3963
283378,3995,4058
171067,3997,4094
171066,4019,4100
345646,4153,4229
321096,4158,4223
143210,4160,4235
158992,4168,4217
74501,4332,4393
220468,4333,4400
28040,4344,4423
249482,4455,4525
72628,4458,4521
292157,4500,4560
161496,4609,4673
115842,4630,4680
24246,4630,4686
321667,4635,4677
258927,4635,4684
267590,4819,4887
35681,4824,4886
50756,4824,4889
328101,4828,4891
26912,4930,4990
146938,4934,4986
90736,4994,5093
90731,5034,5106
11712,5194,5263
90732,5195,5265
358953,5196,5286
191850,5206,5279
352211,5208,5264
374478,5213,5275
129324,5213,5278
199050,5214,5290
108485,5214,5300
129325,5216,5291
356343,5216,5298
105187,5217,5293
239247,5221,5298
77928,5221,5308
278015,5222,5332
11711,5223,5352
79263,5224,5330
129323,5228,5354
214205,5231,5373
59495,5235,5298
218635,5235,5357
75314,5238,5299
140754,5238,5345
106726,5239,5300
63386,5241,5362
225043,5247,5308
363268,5247,5324
194915,5251,5339
214204,5251,5360
280047,5252,5342
140360,5256,5330
140359,5256,5346
10833,5258,5326
84572,5258,5342
309478,5259,5347
31292,5264,5325
22608,5264,5358
83725,5265,5332
271850,5268,5329
10259,5268,5331
159616,5269,5379
316275,5269,5387
166819,5278,5339
79078,5280,5342
98980,5299,5361
19292,5305,5386
352210,5308,5394
47373,5314,5377
352209,5326,5394
249499,5399,5486
249498,5405,5486
122770,5436,5487
36266,5437,5515
382605,5437,5531
90730,5437,5553
248381,5439,5487
211708,5439,5508
102873,5439,5524
83723,5439,5528
307399,5440,5506
23056,5441,5496
248382,5441,5530
392935,5443,5490
332237,5444,5516
83724,5445,5512
14121,5447,5514
47374,5447,5531
267586,5448,5490
334621,5450,5530
54660,5450,5546
272810,5451,5513
332238,5451,5526
90729,5454,5515
59496,5454,5525
197401,5454,5532
174628,5454,5549
69510,5456,5521
321668,5459,5522
219959,5460,5527
166818,5464,5526
186504,5465,5527
283993,5468,5575
313119,5483,5549
267324,5490,5554
139827,5494,5538
75267,5496,5555
211709,5497,5580
98658,5499,5563
278324,5501,5563
102874,5501,5580
9419,5502,5561
332003,5503,5579
328978,5506,5577
151948,5509,5587
283994,5510,5583
330541,5541,5602
395640,5557,5622
374376,5591,5678
84380,5603,5670
195062,5625,5715
137065,5704,5766
891,5705,5763
258494,5706,5765
87863,5783,5836
397430,5812,5899
158993,5831,5889
213134,5837,5898
52561,5913,5979
72750,5929,5998
36298,5947,6013
90735,6050,6128
230962,6093,6201
205713,6098,6174
65513,6099,6154
197400,6100,6203
267322,6101,6173
1696,6101,6194
206511,6101,6199
267323,6101,6206
141628,6101,6213
51837,6102,6187
578,6102,6210
389221,6102,6221
53099,6104,6165
160707,6105,6193
15787,6105,6212
1697,6106,6201
9418,6107,6210
214203,6107,6214
330951,6108,6221
186505,6111,6209
74502,6111,6218
90730,6116,6232
11713,6119,6199
340928,6122,6183
321095,6123,6202
314669,6123,6205
15791,6123,6217
90729,6124,6184
136341,6124,6186
163825,6124,6188
97865,6124,6234
26916,6125,6187
579,6128,6192
329395,6130,6201
110788,6133,6195
29268,6133,6202
281730,6140,6205
45919,6144,6205
381380,6151,6212
182785,6151,6243
41084,6156,6236
122819,6158,6233
265506,6161,6222
219913,6162,6238
170883,6169,6247
61145,6171,6237
61144,6174,6274
17491,6191,6259
218634,6208,6299
325550,6225,6300
278905,6227,6299
98178,6235,6293
63219,6244,6299
310052,6247,6297
75316,6345,6421
189812,6345,6425
22607,6346,6409
84382,6378,6475
199515,6380,6469
318348,6383,6453
41877,6384,6474
150415,6385,6480
279754,6385,6510
189811,6389,6494
18627,6391,6480
85425,6391,6504
317662,6391,6509
215044,6392,6489
21969,6397,6510
215047,6398,6507
278014,6399,6458
85424,6400,6499
388043,6402,6498
347227,6404,6499
226937,6408,6477
140362,6410,6474
307400,6410,6504
331869,6414,6488
395753,6417,6474
327307,6418,6482
320448,6418,6506
395293,6421,6477
140710,6423,6476
53100,6425,6488
132976,6426,6489
83721,6427,6477
303575,6429,6472
127136,6429,6490
391261,6429,6492
204950,6431,6508
88174,6433,6501
88292,6435,6500
78703,6436,6498
84378,6437,6499
26909,6440,6509
85254,6441,6507
56897,6447,6510
28305,6456,6501
155965,6666,6721
321345,6673,6791
149916,6676,6751
367729,6682,6745
237056,6682,6751
283320,6683,6776
54051,6684,6748
83923,6688,6754
211710,6688,6794
282297,6690,6752
147956,6690,6785
208365,6691,6789
46069,6692,6765
241777,6692,6796
115244,6697,6759
322501,6697,6777
141629,6702,6763
241776,6702,6771
269217,6702,6794
343223,6704,6766
172576,6709,6800
109106,6723,6788
283011,6724,6803
30573,6728,6792
214202,6729,6800
278323,6738,6809
46767,6854,6909
237057,7172,7232
279753,7173,7226
752,7233,7315
202986,7234,7300
215046,7238,7299
239556,7239,7305
267326,7239,7313
267327,7239,7326
184787,7240,7299
331969,7244,7304
176744,7247,7316
83722,7261,7326
18352,7276,7331
90733,7291,7381
191976,7333,7382
237055,7411,7504
317470,7498,7558
5175,7506,7563
279887,7531,7607
316276,7581,7652
145301,7657,7730
237054,7657,7739
281248,7663,7742
74923,7665,7739
75268,7673,7749
322945,7684,7747
302271,7687,7737
54645,7699,7761
313369,8015,8062
90734,8053,8147
22609,8218,8270
90737,8228,8313
314668,8272,8341
172881,8283,8346
318468,8285,8352
377187,8293,8372
287534,8418,8483
369545,8421,8480
206510,8432,8482
331970,8433,8484
268060,8456,8535
754,8458,8531
109107,8461,8535
277308,8469,8529
210199,8492,8567
58531,8496,8558
246236,8497,8556
249497,8669,8755
29460,8671,8753
90352,8685,8752
349106,8692,8763
297485,8693,8765
165128,8694,8758
113909,8698,8756
219975,8698,8767
48426,8699,8755
91113,8699,8759
116900,8702,8758
380366,8703,8773
19034,8708,8774
121209,8712,8781
202229,8716,8779
248384,8717,8778
382115,8718,8770
131573,8720,8789
396492,8723,8785
302516,8725,8786
101310,8738,8800
198362,8904,8986
10910,8912,8981
102134,8913,9004
267325,8915,8979
54053,8915,9009
104338,8916,9012
122769,8918,8995
361766,8918,9007
119104,8921,8994
27624,8921,8997
93813,8923,9003
80923,8924,8992
164654,8924,9006
33947,8925,9004
386149,8927,8992
332764,8928,8995
38274,8930,8992
191666,8931,8995
131933,8932,9023
72629,8933,8996
187033,8935,9012
26911,8937,9018
98981,8940,9008
193184,8943,9006
74500,8949,9026
299971,8950,9016
207928,8954,9017
56856,8956,9024
230820,8960,9018
123815,8961,9007
91112,8961,9024
83174,8963,9031
309710,8965,9018
194916,9149,9208
294071,9150,9212
344102,9161,9244
295568,9165,9236
319741,9174,9238
200853,9177,9243
147954,9185,9237
321097,9188,9240
271230,9412,9465
282620,9434,9484
248442,9607,9686
100410,9609,9671
171121,9611,9678
1864,9764,9823
153446,9916,9979
244316,9918,9969
26910,9922,9980
179499,9936,9989
136972,10020,10076
90738,10020,10141
379499,10077,10142
165835,10082,10142
181895,10266,10328
340927,10285,10342
33826,10286,10343
90736,10644,10737
233038,10687,10737
172575,10687,10742
1863,10870,10920
199051,10870,10942
55877,10871,10923
159916,10875,10939
43035,10879,10942
209876,10899,10974
18353,10904,10974
90733,10927,11029
61053,10947,11029
140361,10972,11029
79324,11066,11146
249483,11074,11147
321098,11076,11151
242074,11077,11139
25013,11080,11147
54052,11091,11138
295570,11091,11145
248441,11115,11224
109109,11144,11222
109108,11150,11222
299058,11155,11223
220878,11159,11222
14582,11165,11213
126325,11265,11356
90728,11268,11364
36265,11269,11348
101798,11274,11336
211707,11277,11350
93307,11281,11342
123814,11429,11483
294072,11574,11634
280210,11596,11647
90735,11596,11675
90728,11713,11794
26915,11713,11797
84379,11714,11777
93308,11716,11778
9420,11722,11783
84377,11805,11896
65010,11807,11890
292158,11809,11909
249501,11811,11865
215045,11819,11894
186503,11827,11897
84381,11829,11885
373626,11829,11889
313370,11829,11931
173242,11831,11898
94354,11832,11900
272811,11838,11904
31187,11840,11920
189810,11841,11897
65511,11843,11897
279752,11843,11899
1695,11843,11907
58434,11844,11892
275120,11844,11894
14971,11844,11898
248653,11845,11937
199577,11850,11938
223614,11869,11932
280209,11869,11959
338420,11913,11976
118243,11973,12047
147955,11983,12062
341724,11984,12048
239248,11986,12049
248383,11987,12052
392934,11988,12062
403337,11992,12048
55922,11992,12050
225042,11992,12053
210274,11997,12045
209877,12000,12054
260966,12001,12103
134462,12009,12092
317000,12023,12070
80699,12049,12119
345331,12053,12120
345200,12066,12167
290174,12239,12299
234838,12242,12298
1862,12346,12406
51362,12687,12761
221589,12918,12972
355898,12921,13014
43757,12922,12998
92163,12924,13002
194269,12927,12997
148262,12927,13002
80514,12928,12993
392794,12928,13018
149339,12934,12998
397777,12934,13013
238872,12938,13001
258928,12939,13000
234837,12941,13002
314667,12947,13008
44287,12955,13016
191974,13049,13119
167372,13049,13126
301250,13052,13130
167373,13053,13106
295065,13053,13122
167736,13054,13112
84571,13054,13117
36341,13054,13120
377189,13061,13117
99934,13062,13120
