81393,207,257
24210,441,520
332343,450,541
241797,633,714
313114,634,741
226873,641,727
192293,652,718
258682,660,722
191621,661,747
24209,674,747
227221,681,742
104329,683,750
158305,958,1002
15323,959,1003
145533,960,1023
211882,961,1035
54289,964,1038
41982,970,1031
140650,1210,1254
405602,1210,1289
215011,1211,1275
75655,1212,1267
153616,1215,1268
306631,1217,1266
137589,1248,1292
163657,1313,1371
29215,1334,1396
24554,1335,1415
264460,1339,1402
117080,1339,1413
153615,1343,1406
146004,1348,1422
384529,1350,1443
129702,1355,1438
177538,1358,1420
113213,1358,1424
315061,1362,1426
328922,1362,1441
2697,1363,1437
139422,1367,1425
287126,1367,1428
98250,1367,1445
37514,1374,1444
82027,1376,1462
274806,1378,1442
199585,1382,1444
326141,1417,1464
184508,1579,1630
322926,1799,1863
212007,1828,1926
267343,1835,1902
289385,2086,2153
81394,2089,2156
374299,2092,2164
137029,2093,2154
337012,2100,2154
309871,2108,2190
403449,2109,2168
144798,2125,2208
328906,2128,2191
385353,2462,2527
50598,3195,3257
212006,3200,3269
69755,3741,3789
373655,3905,3966
212005,4184,4265
158050,4241,4306
56351,4550,4621
111057,4586,4654
206331,4588,4658
81392,4604,4675
212005,4880,4952
69270,4949,5010
297476,5118,5191
404595,5124,5188
173350,5375,5440
300744,5381,5437
212006,5526,5582
212007,5559,5646
206331,5783,5855
82026,5784,5848
37514,5785,5842
37513,5785,5849
26843,5785,5878
251741,5814,5878
332344,5816,5876
24208,5817,5877
73982,5821,5878
147472,5822,5879
269027,6445,6512
125879,6508,6565
360894,6528,6593
91363,6531,6613
212643,6537,6600
191620,6768,6861
11770,6769,6834
401935,6785,6881
139506,6787,6848
197885,6798,6863
33410,6800,6856
91502,6802,6876
61961,6804,6858
268792,6804,6865
19903,6806,6857
367788,8467,8540
144025,8477,8547
