73605,227,290
365308,328,379
253043,474,541
314050,474,591
259494,487,590
352962,494,577
289064,500,588
190429,503,591
226373,514,591
2379,518,576
205881,519,577
16160,519,591
220940,527,591
401551,763,835
238492,763,842
401552,763,845
124325,763,848
361173,767,840
181989,768,850
76216,769,838
150008,772,838
23491,776,841
314966,778,845
181607,782,843
253042,789,850
368576,791,858
276742,1112,1203
34170,1117,1174
357933,1118,1209
395797,1119,1212
276743,1125,1216
239490,1136,1217
152522,1149,1223
239194,1161,1226
7236,1163,1226
115139,1166,1229
283901,1287,1355
377419,1293,1356
35519,1296,1357
41588,1296,1361
113677,1412,1478
368149,1414,1477
282254,1415,1476
335858,1478,1543
200375,1479,1541
371534,1482,1545
145551,1841,1888
94186,1842,1903
325069,1883,1965
21500,1890,1966
377420,1939,2009
259045,2167,2228
70769,2447,2516
310012,2468,2518
190962,2768,2829
347432,2770,2833
351867,2771,2835
109963,2771,2847
151353,2772,2843
312815,2782,2831
376957,2783,2844
149009,2900,2959
375014,3058,3133
370867,3703,3755
240471,3904,3949
148185,4793,4844
310004,4916,4982
207533,4932,4988
122283,4937,5021
175480,5053,5100
300331,5345,5428
238023,5375,5429
84687,6105,6165
97246,6232,6306
94187,6336,6399
336542,6386,6440
172400,6387,6434
326710,7012,7091
125262,7344,7424
225098,7533,7601
131577,7538,7607
67255,7840,7921
382306,7884,7948
175935,8709,8775
146995,8959,9024
402835,8961,9029
383512,9371,9423
329583,10080,10144
158490,10213,10287
29045,10689,10770
166132,10689,10775
310010,10691,10792
123879,10707,10793
27282,10728,10792
12065,10746,10793
149008,11520,11590
268041,11521,11584
125258,12664,12719
125258,13085,13150
170853,13936,14015
125262,13955,14021
125257,14367,14448
125257,14498,14578
220842,14631,14693
272251,15318,15386
246187,15739,15809
23325,16257,16310
96077,16441,16508
326709,16455,16531
404653,16579,16633
240413,16601,16658
351866,16602,16655
133730,16750,16811
1513,16772,16829
73315,16934,16992
31967,17150,17213
336827,17154,17232
389798,17156,17217
387835,17158,17245
156454,17164,17233
101641,17165,17239
254888,17178,17240
86989,17184,17232
94185,17185,17234
125260,17886,17952
382614,18104,18205
199476,18106,18210
35817,18113,18206
69837,18120,18205
84863,18120,18209
140156,18122,18194
183611,18122,18206
88079,18125,18207
120191,18132,18226
382613,18135,18208
69836,18141,18206
368148,18151,18214
142322,18153,18215
119954,18159,18219
112699,18160,18224
115132,18163,18208
329032,18166,18224
125260,18566,18644
308123,18589,18677
148643,18607,18669
125261,18619,18684
203688,18626,18676
326590,18628,18696
117941,18629,18684
96078,18632,18725
200472,18633,18727
305794,18674,18744
302297,19306,19369
309467,19307,19382
329297,19309,19375
89065,19312,19384
73895,19334,19389
104969,19912,19975
368150,20046,20113
196350,20199,20259
377997,21379,21429
120192,21699,21772
182673,21701,21751
125261,21702,21769
94183,21704,21761
43394,21710,21771
73314,21715,21761
69612,22301,22367
141114,22501,22550
97689,23240,23290
310011,23392,23489
50552,23394,23435
258970,23425,23503
305661,23436,23499
89920,23436,23503
246186,23802,23898
399823,24255,24321
230900,24260,24311
382764,24265,24332
142333,24267,24312
168862,24951,25016
67948,25011,25075
69835,25071,25173
230901,25085,25173
44481,25102,25169
394084,25176,25245
299271,25180,25241
125259,25450,25516
226779,25499,25568
125259,25878,25953
148184,26601,26659
114585,26743,26793
94184,26983,27039
401191,27461,27504
187041,27717,27769
231642,27718,27763
311529,27719,27774
70865,27885,27947
230902,27885,27964
137475,27888,27964
385173,27894,27964
243277,27901,27948
149302,27999,28069
35008,28023,28083
305793,28218,28288
237729,28264,28343
135699,28265,28335
406397,28265,28339
390312,28268,28341
1514,28271,28337
156884,28271,28343
159388,28272,28333
74681,28274,28339
203187,28277,28344
203639,28322,28372
365460,28418,28468
309466,28421,28492
275220,28424,28487
19222,28641,28704
368291,28886,28959
44438,29146,29205
8841,29163,29229
23415,29167,29231
282253,29173,29229
297802,29175,29232
149504,29179,29232
8917,29180,29235
166788,29626,29690
377418,29724,29786
377772,29736,29786
