367582,477,575
150106,478,540
2379,479,545
335178,481,581
16160,486,565
239754,488,627
314657,501,646
40620,501,659
112904,502,618
8720,504,622
37318,507,625
222315,510,640
309187,513,634
10905,514,668
226352,516,632
219226,524,646
653,547,659
258498,570,668
1305,573,670
335177,576,675
257588,578,665
57477,585,662
137,591,671
77322,597,659
36478,797,867
44817,798,871
205724,807,921
344300,812,911
926,819,897
152040,828,916
134201,834,924
45366,995,1057
124767,995,1062
174560,996,1060
79202,998,1059
2681,1001,1061
340490,1257,1334
40227,1266,1344
34170,1267,1337
382225,1267,1361
201343,1268,1349
145790,1268,1363
234659,1269,1344
427,1270,1338
221694,1289,1350
46199,1301,1365
88995,1314,1375
163501,1340,1382
227056,1751,1809
137031,1753,1810
388315,1755,1810
298042,1760,1810
274516,1907,1960
180282,1970,2031
162187,2068,2170
377359,2229,2295
405905,2230,2317
405904,2234,2338
261772,2246,2308
391020,2265,2324
151729,2273,2339
272061,2275,2340
274515,2282,2337
169054,2408,2467
132788,2435,2512
151729,2462,2518
70968,2476,2546
158068,2482,2552
33712,2569,2624
180638,2571,2647
214190,2577,2643
22688,2580,2640
247219,2583,2646
337459,2782,2853
239379,2782,2875
154910,2785,2858
196928,2792,2864
226444,2792,2868
260802,2793,2853
376296,2795,2858
37714,2795,2876
400392,2795,2881
175535,2796,2889
169167,2802,2878
302228,2807,2858
239498,2807,2888
177662,2807,2917
289736,2808,2870
4371,2818,2892
228192,2822,2886
34029,2854,2913
13515,2998,3058
264643,3010,3078
238904,3014,3081
73555,3034,3090
312838,3038,3107
152569,3040,3105
221871,3051,3114
375144,3216,3289
13516,3223,3292
247218,3369,3460
300745,3375,3475
403626,3377,3457
403625,3382,3488
19953,3386,3454
95406,3389,3451
234462,3392,3459
136590,3412,3476
163021,3417,3483
32480,3427,3494
315377,3432,3531
408022,3436,3515
103925,3457,3514
88456,3771,3837
298043,3771,3844
73512,3773,3818
195832,3773,3835
187124,3773,3849
350695,3774,3853
192859,3777,3838
216572,3777,3840
177366,3777,3846
369157,3782,3851
24963,3783,3840
130221,3783,3856
265709,3786,3855
190452,3791,3843
177781,3805,3849
204638,3806,3859
256609,4411,4474
137113,4416,4472
204182,4440,4507
96926,4447,4509
322346,4449,4507
16177,4480,4528
98426,4966,5042
255010,5205,5296
21220,5206,5271
70861,5206,5275
40619,5206,5299
44946,5207,5286
189712,5209,5273
78418,5211,5279
55285,5214,5311
331264,5218,5301
86770,5219,5266
86769,5220,5268
50086,5224,5282
13015,5224,5286
115927,5225,5295
224516,5225,5303
10985,5232,5294
11101,5232,5308
221870,5234,5295
81955,5239,5305
61331,5239,5310
364184,5242,5310
145136,5245,5306
134660,5245,5312
266282,5246,5309
69248,5248,5308
52042,5249,5311
155902,5250,5305
70287,5250,5313
241897,5256,5305
267767,5270,5314
310258,5446,5492
37128,5560,5621
239755,5805,5892
309884,5806,5882
189314,5819,5883
29842,6157,6224
226324,6170,6242
101986,6184,6248
70642,6466,6539
238084,6468,6533
116762,6469,6539
193772,6475,6533
72954,6477,6539
10597,6484,6529
221584,6487,6537
234794,6489,6541
259097,6500,6622
104095,6545,6614
284396,6545,6631
169831,6551,6615
21221,6563,6614
387811,6573,6653
285452,6677,6738
259097,6852,6960
1439,6937,6985
400478,7081,7122
239752,7187,7240
239753,7216,7300
373503,7232,7298
259099,7234,7289
185649,7247,7297
247217,7300,7365
334055,7488,7551
165827,7529,7591
165559,7529,7603
258174,7536,7608
179132,7543,7621
255995,7550,7611
372143,7706,7771
132312,7727,7787
300958,7730,7783
89617,7740,7818
362430,7753,7814
342781,7756,7827
388565,7758,7819
143477,7761,7827
12179,7769,7827
73882,7773,7849
219333,7782,7860
171346,7792,7866
358922,7808,7867
259096,8079,8155
111414,8173,8221
259096,8240,8306
140730,8335,8405
337276,8477,8571
362969,8676,8749
334807,8683,8776
307930,8685,8759
184174,8687,8760
345230,8687,8776
17445,8688,8751
331851,8692,8754
117128,8694,8737
367096,8695,8781
253292,8696,8760
230758,8697,8768
19371,8698,8760
15948,8704,8783
80594,8706,8773
336938,8707,8776
249751,8708,8770
256214,8714,8777
337627,8714,8779
5908,8714,8784
360883,8714,8787
196781,8714,8809
334808,8715,8776
73611,8719,8801
252863,8720,8781
190453,8725,8794
377686,8725,8797
5907,8737,8814
383823,8755,8814
315857,9021,9083
106945,9321,9392
239756,9324,9403
259767,9325,9410
65264,9331,9396
397162,9334,9402
204762,9336,9397
344301,9339,9407
12782,9343,9422
387812,9346,9409
373502,9350,9458
81954,9696,9792
199412,9696,9796
183685,9709,9769
14591,9709,9773
129300,9709,9787
10706,9711,9772
101789,9714,9780
195223,9714,9795
223268,9717,9779
372797,9719,9782
92394,9720,9784
307445,9735,9801
292517,9785,9838
140729,9796,9862
247216,9803,9868
332785,10100,10155
363690,10127,10180
349175,10261,10322
40723,10261,10331
69247,10265,10330
30212,10286,10371
121152,10339,10400
358264,10426,10484
164008,10429,10483
46013,10435,10484
234795,10437,10484
92547,10523,10615
107106,10695,10743
72625,10695,10775
63904,10701,10764
400477,10708,10780
6425,10710,10765
168936,10711,10769
228843,10713,10780
255011,10715,10767
21783,10715,10777
36479,10721,10797
95736,10735,10818
353046,10768,10839
395894,10772,10857
51221,10773,10837
115577,10774,10853
276895,10779,10829
114688,10781,10837
33705,10781,10853
334193,10781,10877
40618,10783,10851
130967,10783,10854
96086,10786,10851
195662,10788,10859
299947,10789,10873
246148,10791,10878
64340,10794,10850
44515,10794,10855
20976,10798,10861
158563,10813,10873
150337,10829,10885
315334,10829,10893
322382,10829,10898
92371,10856,10922
51988,10954,11023
171338,10955,11031
202835,10963,11021
307931,10963,11024
345176,10965,11031
307528,10971,11026
182665,10971,11028
8528,10976,11024
362429,10977,11033
259099,10996,11059
86771,11083,11158
45370,11124,11189
188408,11127,11202
196560,11127,11205
202834,11136,11198
22416,11137,11195
164007,11145,11205
213572,11371,11423
41514,11483,11554
280031,11486,11577
335508,11494,11574
175534,11495,11584
253320,11504,11595
139038,11517,11579
15788,11517,11586
189432,11518,11626
145406,11530,11593
249752,11531,11592
22808,11536,11619
73888,11548,11618
226222,11553,11618
262010,11556,11619
74492,11569,11631
12781,11723,11799
46014,11778,11843
21033,11785,11850
46439,11794,11875
308701,11797,11862
263250,12097,12164
56881,12102,12164
90616,12105,12160
5884,12110,12195
199464,12115,12169
2367,12125,12210
2366,12129,12198
133651,12168,12223
266706,12175,12251
383402,12177,12240
205723,12184,12244
247215,12237,12327
203413,12247,12356
189481,12263,12351
308969,12267,12362
225194,12271,12336
195304,12273,12338
247166,12273,12341
406982,12284,12348
331263,12410,12500
129109,12417,12494
50653,12417,12500
27402,12423,12482
384982,12441,12505
332871,12456,12518
256175,12457,12521
321384,12463,12542
92393,12463,12545
106329,12467,12523
262028,12467,12525
342160,12470,12545
48823,12472,12540
42409,12475,12542
376295,12637,12685
376691,12694,12755
5903,12694,12758
379777,12701,12773
85041,12706,12767
301655,12724,12804
12781,12740,12809
289738,12752,12809
390142,12757,12802
259098,13031,13134
239751,13032,13118
255155,13047,13120
114690,13048,13117
144942,13053,13118
207198,13075,13128
289737,13141,13208
375756,13193,13255
360548,13729,13793
339549,13729,13816
369713,13736,13795
137721,13736,13798
280133,13742,13792
346094,13743,13798
2827,13743,13815
130835,13752,13815
92546,13825,13890
200503,13829,13890
82564,13843,13886
79313,13918,13984
176062,13918,13992
255996,13918,13998
235136,13925,13988
403627,13927,14005
238085,13928,13990
203662,13934,14000
213710,13937,14027
50395,13945,14008
16468,14079,14133
80606,14082,14147
305737,14087,14168
114689,14089,14157
317161,14090,14172
342853,14091,14151
189313,14092,14154
211286,14092,14168
404064,14093,14172
79652,14094,14148
181237,14094,14151
239749,14094,14159
359405,14094,14163
262697,14095,14169
359406,14098,14167
305738,14100,14173
159643,14107,14169
84746,14111,14173
104615,14112,14169
107686,14120,14173
110305,14237,14300
120560,14239,14326
46241,14253,14314
222576,14261,14330
381833,14277,14326
343993,14280,14337
349176,14282,14346
207026,14283,14348
247214,14284,14360
175278,14286,14361
259098,14332,14426
239750,14333,14409
183179,14335,14402
309883,14361,14422
282636,14389,14451
316107,14397,14456
158166,14655,14708
221585,14802,14883
164339,14808,14871
305739,14814,14885
335509,14819,14882
259614,14820,14884
278645,14898,15003
302229,14910,15027
156892,14915,14990
3861,14922,15030
165941,14925,14990
309692,14926,14985
331786,14927,15033
345229,14931,15007
404836,14931,15047
230759,14932,15035
279190,14935,14987
21234,14935,15018
14211,14936,14992
39520,14954,15015
97075,14962,15025
163587,14976,15026
