150325,316,372
1305,416,499
100208,419,500
137,428,499
16522,440,500
154013,443,499
93913,601,664
15584,727,846
151263,728,823
150324,730,805
405278,735,813
146800,735,849
52463,736,808
249039,750,841
926,758,832
405279,758,838
265635,759,854
290391,774,830
85915,775,828
5809,775,839
387975,925,996
354158,926,984
252976,934,989
276875,1287,1379
161098,1291,1353
144832,1292,1359
242932,1295,1366
163358,1297,1380
336455,1300,1374
248222,1303,1379
163357,1308,1379
317,1311,1417
79395,1313,1374
174832,1313,1383
151364,1315,1379
385991,1317,1382
44109,1321,1382
9214,1321,1393
232481,1322,1376
19465,1322,1384
23197,1322,1390
264605,1322,1402
232480,1323,1379
209276,1324,1393
217500,1325,1401
352144,1327,1393
53743,1327,1402
34662,1329,1407
254184,1331,1393
202400,1333,1400
137206,1334,1408
112103,1336,1404
281892,1337,1410
254677,1338,1417
72514,1341,1403
405267,1343,1413
71341,1353,1416
108374,1373,1455
67091,1375,1458
158068,1376,1452
117311,1381,1444
252921,1724,1794
391780,1728,1794
42185,1735,1794
380051,1851,1898
157773,2196,2267
105109,2196,2281
31599,2202,2272
57653,2228,2277
24840,2503,2554
244774,2507,2565
147464,2693,2755
53742,2766,2834
339863,3011,3074
181598,3039,3120
119341,3041,3086
245307,3041,3094
318,3041,3101
232075,3043,3101
163356,3267,3345
244115,3288,3349
42097,3289,3350
319,3292,3360
365206,3302,3343
254184,3302,3362
164726,3472,3530
109590,3472,3535
2742,3474,3535
322222,3481,3533
398933,3482,3531
197392,3484,3538
254183,3560,3661
31966,3773,3873
254183,3801,3901
376438,5060,5110
218014,5084,5132
10094,5142,5202
85152,5162,5231
236357,5168,5222
90765,5200,5271
395442,5200,5281
169554,5212,5279
394174,5219,5300
75400,5224,5274
221670,5226,5287
122281,5228,5305
201288,5230,5293
47005,5235,5300
77688,5235,5305
92545,5240,5309
140358,5789,5856
138279,5794,5865
226636,5799,5864
173769,5806,5865
223360,5937,5999
31931,5949,6025
344887,5959,6026
29635,5960,6030
33080,5961,6023
140165,5961,6033
206088,5962,6026
369705,5964,6032
123182,5964,6035
368253,5966,6031
256098,5969,6051
357941,5971,6034
171336,5978,6047
182810,5982,6069
184901,5985,6047
166395,5987,6051
336454,5988,6069
53977,5989,6052
245306,5989,6064
339935,5991,6058
25417,5991,6063
394175,5996,6057
361294,5998,6064
61054,5998,6068
151363,5999,6060
171337,6001,6063
289277,6002,6075
341714,6003,6065
339934,6303,6366
389736,6308,6351
24841,6309,6379
126398,6311,6366
80094,6334,6399
188605,6675,6756
400407,6696,6746
