222856,149,209
396240,419,515
397,422,488
107745,442,511
177766,447,515
375838,450,516
307156,457,513
172931,550,600
60357,672,721
166942,881,922
341011,881,925
368179,1567,1636
166768,1589,1667
199409,1591,1659
383343,1605,1668
240333,1605,1673
379249,1609,1680
280426,2042,2087
102768,2043,2120
245670,2044,2093
308658,2048,2106
406858,2336,2424
204245,2341,2418
110100,2353,2414
210963,2353,2433
262590,2354,2418
318886,2355,2438
155105,2357,2419
232578,2361,2428
164543,2368,2436
180556,2508,2606
191516,2509,2572
134730,2514,2626
42612,2538,2593
267653,2550,2593
53411,2551,2612
18011,2554,2596
33519,2646,2700
33518,2646,2702
379247,2648,2691
79804,2649,2694
153367,2661,2728
140702,2668,2717
378872,3089,3150
83170,3090,3152
326821,3090,3165
150167,3091,3154
218544,3092,3158
258922,3092,3162
382526,3096,3161
199410,3100,3179
258676,3103,3153
195702,3104,3162
78132,3110,3189
15449,3113,3194
182604,3114,3196
127620,3121,3192
67757,3124,3201
392815,3128,3200
172419,3135,3200
277590,3136,3201
183859,3139,3196
340264,3141,3197
264287,3141,3201
148829,3142,3200
346057,3148,3197
219526,3148,3201
319775,3149,3198
219327,3149,3202
141041,3244,3285
163920,3903,3991
177059,3911,3980
17572,3915,3980
150274,3915,3985
307954,3917,3982
83613,3920,3981
146783,3922,3985
176544,3922,3997
121494,3928,3980
270264,3962,4013
326822,4038,4105
322465,4039,4101
270295,4047,4118
248636,4057,4105
107748,4272,4344
53410,4291,4344
254197,5468,5536
210963,5474,5539
238228,5481,5523
67758,5484,5575
408331,5518,5586
100743,5982,6062
329523,5983,6058
310578,5990,6059
278391,6103,6165
10084,6109,6207
10083,6111,6200
260927,6115,6183
83884,6118,6186
387733,6120,6190
124762,6120,6194
30587,6120,6211
266160,6121,6196
322466,6121,6219
318099,6126,6205
367217,6127,6193
342942,6129,6196
96990,6129,6201
310577,6129,6208
310576,6131,6198
379246,6145,6207
227144,6145,6210
175732,6154,6215
44826,6156,6221
107129,6156,6226
48125,6161,6225
392943,6162,6234
338854,6165,6236
225660,6600,6662
251933,6601,6667
43097,6601,6680
302265,6605,6675
20347,7181,7279
307157,7182,7302
321225,7187,7284
199160,7192,7278
321108,7196,7282
215267,7208,7283
308369,7208,7290
49202,7211,7287
6201,7213,7288
265295,7216,7277
308370,7218,7302
215266,7220,7287
33520,7222,7297
324353,7257,7327
66392,7281,7324
166884,7854,7921
70287,7862,7922
307550,7953,8023
228408,7953,8031
94643,7956,8023
19289,7964,8028
326931,7965,8030
322468,8044,8120
268520,8059,8123
310579,8062,8133
245018,8088,8159
210964,8701,8770
380302,8722,8789
338853,8726,8789
324352,8727,8790
28085,8735,8789
276654,8883,8935
243583,8898,8948
279666,9238,9304
161873,9241,9314
308657,9448,9533
107747,9482,9533
2658,9734,9819
303016,9755,9821
215265,9979,10045
282278,9998,10079
228407,10056,10101
295703,10056,10105
230444,10232,10281
118907,10430,10501
59273,10431,10493
34095,10448,10500
306451,10450,10511
102088,10450,10514
349005,10855,10909
66335,10855,10920
368180,10857,10929
206219,10860,10916
101808,10860,10919
45131,10860,10945
2419,10861,10923
300068,10861,10927
156696,10865,10919
325438,10866,10920
231175,10876,10936
91123,11119,11200
91122,11120,11208
214200,11128,11187
329524,11477,11534
124049,11478,11544
124331,11480,11544
23747,11487,11542
344082,11666,11717
210962,11677,11758
245019,11691,11752
160424,11697,11814
15447,11718,11789
160425,11721,11830
14916,12034,12100
210962,12409,12483
166079,12734,12818
183860,12735,12804
393849,12735,12813
164555,12735,12821
122562,12736,12801
286223,12737,12798
188555,12738,12802
102346,12738,12810
270227,12738,12814
58082,12739,12808
368,12739,12820
284692,12742,12808
248725,12742,12817
122359,12745,12809
322467,12749,12824
119363,12750,12811
189695,12751,12832
20358,12752,12813
26337,12752,12827
30588,12752,12838
34317,12754,12815
209011,12756,12831
328914,12759,12822
240332,12762,12837
303603,12763,12824
166943,12778,12837
286789,13021,13092
321255,13649,13707
172420,13661,13708
15448,14470,14542
78947,14484,14548
2657,14620,14666
329947,14731,14804
59761,14731,14825
248635,14732,14793
303420,14742,14813
151393,14777,14831
407260,14872,14914
53241,15264,15318
4734,15265,15312
186592,15266,15320
333703,15770,15820
82978,16309,16388
280425,16342,16425
257530,16626,16692
106332,16640,16698
273367,16873,16923
208021,16945,17002
286176,16945,17007
309608,16949,17006
247908,18170,18225
107746,18186,18234
210964,19502,19574
210961,20302,20390
210961,20588,20656
237455,20700,20791
283014,20703,20766
196193,21567,21642
2656,21568,21610
351428,21568,21628
218543,21994,22045
218541,21999,22044
218542,22000,22045
396241,22643,22705
121493,22643,22708
52854,22643,22727
322052,22644,22716
309307,22650,22725
166328,22660,22724
301119,22697,22759
152756,22698,22769
54350,22701,22762
383128,22701,22769
221157,22705,22769
180198,22706,22770
