64587,194,262
324895,194,275
30099,196,303
385983,198,281
124105,204,298
265545,215,278
32052,221,273
281390,221,289
281389,221,297
63860,221,303
398163,223,299
186174,224,307
273143,226,281
284472,226,298
149045,229,291
176606,241,307
316080,244,327
389437,259,328
5012,259,354
5012,264,381
41073,265,329
27970,265,352
389436,270,365
293128,270,390
321680,280,362
78746,280,390
381881,285,357
216681,294,373
372030,294,403
223605,301,368
125969,302,372
187484,303,395
162132,304,368
164126,312,379
26306,312,413
187835,313,404
59142,336,388
194860,339,402
316079,421,502
157517,425,524
108142,430,544
126191,431,556
292216,437,551
231094,441,553
337842,443,550
2254,447,556
4671,488,611
253567,501,576
176605,502,624
363207,551,669
5937,567,675
36745,581,676
1305,584,676
19390,594,676
137,596,677
126192,598,675
337058,779,864
183111,780,823
321787,780,843
356023,864,956
386558,864,963
315025,915,993
60687,1070,1147
10037,1072,1134
13489,1077,1141
26305,1252,1326
263034,1252,1336
108143,1287,1392
154286,1288,1352
276186,1289,1351
407516,1293,1356
330859,1300,1356
309484,1301,1370
176604,1301,1387
194252,1310,1396
27965,1315,1414
143235,1317,1391
42100,1318,1385
282609,1318,1398
72040,1320,1391
359661,1322,1385
16348,1322,1394
194134,1324,1428
407128,1325,1403
356024,1327,1414
91659,1328,1398
143539,1329,1433
374634,1330,1399
337463,1333,1396
320700,1338,1401
335331,1339,1403
386559,1344,1459
221503,1347,1438
73547,1348,1453
127659,1354,1453
69942,1358,1457
94650,1358,1471
30099,1359,1480
371774,1364,1448
26308,1365,1484
38813,1367,1448
249215,1368,1456
386560,1368,1464
385983,1370,1453
288826,1373,1458
26307,1375,1475
316078,1377,1452
48814,1379,1442
268432,1379,1446
247863,1380,1441
324894,1380,1443
45262,1387,1454
216682,1400,1485
47919,1402,1474
166067,1404,1484
17176,1405,1456
118455,1407,1484
34667,1408,1481
328154,1416,1481
192889,1419,1490
203715,1420,1483
227887,1434,1501
78985,1436,1497
94649,1722,1778
388575,1844,1925
262571,1847,1917
388574,1849,1946
355363,1851,1927
306209,1858,1936
294900,1861,1947
48251,1868,1953
159738,1872,1967
374633,1876,1965
96121,1885,1967
349308,1888,1965
251952,1897,1974
355364,1900,1968
361677,1901,1966
225378,1952,2015
403695,1965,2050
201305,1973,2035
151036,2020,2084
64585,2220,2284
388576,2223,2289
223053,2318,2379
243453,2680,2724
270565,2776,2834
94648,2776,2847
233604,2855,2908
142277,2956,3025
220549,3108,3189
181667,3109,3179
328030,3114,3178
126193,3117,3183
384698,3121,3172
285191,3134,3200
26106,3145,3195
383600,3348,3419
302166,3717,3780
176483,3718,3783
383298,3718,3809
269967,3719,3797
97715,3732,3793
108144,3735,3800
311750,3744,3822
63862,3757,3824
47409,3761,3820
395750,3817,3882
339727,3831,3900
216680,3837,3903
279781,3840,3905
349559,3840,3918
152762,3844,3910
122966,3846,3907
118077,3847,3922
260923,3857,3918
249216,3857,3920
22881,3858,3922
307980,3859,3946
377996,3860,3921
360281,3860,3925
195951,3868,3948
343151,3869,3930
118822,3874,3941
72824,3877,3940
15424,3877,3942
15425,3881,3951
164333,3886,3947
270150,3962,4017
34324,4073,4160
207177,4081,4166
53111,4089,4150
188728,4089,4153
314158,4091,4143
395686,4093,4162
98815,4097,4141
28061,4098,4142
78967,4233,4285
20191,4236,4303
374632,4238,4305
247069,4241,4283
64586,4242,4319
19388,4257,4319
114467,4426,4480
224297,4482,4546
361340,4489,4563
199200,4522,4585
93426,4523,4575
394151,4693,4740
52848,4694,4783
95533,4694,4787
9009,4697,4785
113585,4698,4775
392170,4700,4776
277650,4701,4750
205367,4701,4769
52732,4704,4764
572,4704,4777
89131,4704,4789
365844,4705,4787
52722,4707,4774
177422,4708,4769
11513,4709,4798
282105,4712,4777
72039,4712,4788
263033,4715,4776
244237,4717,4791
151035,4719,4781
245350,4719,4786
337462,4725,4787
374371,4727,4791
66139,4848,4931
66138,4849,4912
160228,4850,4916
28045,4850,4933
173445,4865,4930
157516,4867,4937
96843,4885,4948
371775,5116,5193
355362,5122,5208
192600,5308,5373
243574,5312,5376
78964,5313,5396
298497,5314,5388
67982,5315,5416
76466,5316,5386
22005,5317,5389
265546,5317,5404
92641,5333,5390
79894,5334,5409
171421,5335,5398
185198,5354,5413
391927,5358,5410
267317,5365,5468
23503,5375,5417
63857,5414,5478
323224,5415,5492
201607,5417,5479
311235,5431,5478
29591,5445,5508
63859,5445,5526
52731,5449,5528
213768,5450,5540
72371,5452,5512
15645,5455,5519
52847,5457,5538
289976,5491,5536
3094,5491,5543
52723,5601,5665
137128,5612,5665
125174,5618,5692
370234,5621,5664
365845,5628,5692
17522,5633,5696
310877,5636,5697
270562,5704,5777
283881,5713,5791
253180,5717,5790
9583,5725,5804
173446,5728,5819
14865,5732,5794
247864,5733,5821
151034,5746,5816
255895,5748,5810
52734,5749,5811
233603,5761,5802
331837,5768,5820
274725,6030,6092
43144,6042,6106
145987,6062,6125
311653,6451,6508
179880,6460,6568
221513,6461,6527
123918,6498,6560
251179,6499,6563
340348,6505,6571
302269,6505,6585
301318,6513,6580
78965,6623,6692
263528,6624,6685
314157,6836,6931
108145,6855,6921
268431,6859,6921
3775,6865,6953
329255,6866,6921
394152,6871,6947
179879,6880,6945
1696,6880,6949
126194,6886,6966
79448,6890,6968
116797,6892,6967
129779,6893,6959
48146,6899,6968
225430,6923,6987
270564,6926,7013
247432,6928,6998
78966,6952,7013
385987,7366,7418
221504,7696,7772
270563,7698,7777
78963,7704,7773
15852,7712,7780
324896,7894,7965
217534,8177,8232
238576,8787,8833
282607,8787,8837
145986,9124,9223
113678,9237,9331
385985,9245,9303
55796,9252,9317
2648,9253,9325
12288,9253,9328
1963,9255,9320
168737,9256,9328
73020,9258,9327
185418,9273,9332
73379,9609,9671
65270,9609,9696
182617,9610,9698
48815,9610,9701
3093,9611,9689
63861,9613,9665
130940,9614,9695
78643,9614,9703
403696,9615,9720
26309,9619,9693
42321,9619,9702
164791,9621,9684
55666,9621,9710
212754,9621,9736
314154,9621,9740
143236,9622,9685
167890,9622,9687
51515,9622,9706
52733,9624,9697
393245,9626,9696
314155,9626,9702
171422,9628,9690
21366,9632,9736
95621,9635,9723
69941,9636,9748
54892,9636,9755
79895,9638,9745
360280,9640,9704
360282,9641,9749
173538,9644,9747
173444,9648,9756
72625,9653,9751
374370,9660,9756
75923,9662,9750
73546,9670,9751
398165,9672,9729
339836,9674,9737
191957,9674,9743
159739,9678,9743
9010,9682,9744
337057,9688,9742
297156,9700,9751
385981,10026,10148
385980,10047,10135
342039,10067,10143
383868,10225,10280
395904,10570,10632
10415,10571,10644
385980,10811,10887
385981,10973,11099
58383,11040,11102
385987,11687,11749
26304,11695,11746
181666,11696,11745
314153,11713,11785
393248,11717,11792
384697,11717,11801
7394,11721,11785
232615,11723,11784
328951,11724,11801
355361,11732,11796
385985,11738,11803
229232,11818,11865
385982,11875,11980
4670,12070,12182
167889,12085,12188
4672,12100,12149
82770,12100,12167
192601,12101,12164
108146,12101,12171
6652,12101,12177
373399,12113,12182
192604,12114,12175
119272,12115,12197
328153,12117,12183
119271,12118,12222
293757,12120,12188
264584,12121,12186
295794,12121,12190
192599,12125,12195
30945,12127,12193
233605,12131,12195
258765,12132,12196
291473,12132,12200
140792,12134,12205
247908,12136,12201
304444,12136,12223
146246,12137,12200
304443,12138,12232
268430,12142,12203
230165,12150,12228
127432,12155,12221
210237,12156,12223
16825,12156,12232
164042,12160,12225
91660,12164,12228
185747,12364,12419
385989,12723,12845
385988,12730,12846
299690,12757,12832
126190,12766,12832
253568,12863,12928
78962,12865,12920
47408,12865,12922
243573,12865,12928
385982,12987,13094
360080,13063,13128
164007,13076,13140
75922,13541,13604
73545,13564,13606
192605,13572,13623
166068,13694,13786
193460,13708,13786
243779,13726,13785
283306,13737,13793
94647,13782,13831
340598,13945,14009
245843,14011,14082
28493,14018,14071
45215,14023,14082
170949,14030,14074
372032,14036,14082
194253,14153,14214
372033,14314,14373
405848,14330,14382
385984,14349,14459
64583,14412,14503
52844,14429,14490
342112,14615,14670
127626,14886,14946
351215,14903,14958
126189,15035,15103
164008,15080,15143
22102,15466,15516
283993,15467,15574
167292,15468,15534
21365,15468,15562
161417,15472,15565
143540,15474,15601
26755,15480,15533
16358,15493,15568
398162,15495,15582
83123,15496,15597
283994,15497,15586
225427,15498,15603
286626,15504,15601
374766,15517,15579
311789,15520,15602
201824,15522,15578
225426,15524,15615
11514,15534,15607
95293,15543,15607
390131,16170,16245
58384,16194,16249
277649,16199,16265
385984,16346,16450
302917,16349,16444
330895,16411,16467
384693,16411,16483
251180,16740,16808
5581,17114,17175
398166,17244,17320
385988,17250,17371
38812,17254,17317
17523,17268,17330
301635,17274,17360
313531,17276,17339
131328,17278,17339
314156,17557,17611
139287,17641,17710
98459,17884,17964
88529,17902,17964
254638,17905,17962
79726,17906,17972
181665,17907,17965
267664,17910,17963
157411,17917,18005
128097,17922,17969
91614,17975,18022
293756,19398,19465
52846,19421,19485
202719,19884,19973
26303,19891,19977
107609,19892,19963
54893,19893,19973
64584,19895,19962
63858,19895,19971
281388,19895,19975
334182,19896,19957
385986,19905,19974
371773,19909,19974
207178,19922,19987
167663,20270,20341
356025,20294,20377
97323,20319,20393
231669,20323,20376
101331,20324,20377
198428,20398,20460
267316,20424,20472
247865,20425,20502
381880,20652,20704
169151,20695,20750
151642,20714,20771
194250,20723,20784
289975,20725,20783
105499,20752,20820
146651,20756,20822
97581,20775,20837
52845,21652,21736
316081,21658,21736
190645,21660,21729
391907,21662,21732
79896,21663,21736
311234,21664,21733
220674,21667,21734
75924,22128,22197
116075,22132,22196
75920,22132,22208
164334,22133,22210
337464,22137,22238
22027,22138,22196
126638,22144,22209
245841,22333,22409
134456,22341,22407
179878,22341,22410
282606,22349,22410
372029,22805,22868
243571,22809,22860
365843,22822,22883
338608,22848,22935
299689,22872,22933
385989,23074,23188
238818,23102,23165
151641,23104,23161
143238,23106,23154
285190,23106,23167
356021,23107,23176
202990,23108,23180
277648,23117,23175
210523,23122,23188
326691,23273,23342
227645,23273,23345
131327,23273,23358
17524,23273,23361
233602,23273,23377
26402,23275,23336
85237,23279,23339
232780,23281,23366
76433,23287,23351
302895,23289,23355
249623,23289,23362
243572,23290,23358
81579,23291,23366
301222,23291,23369
360279,23291,23374
223052,23293,23354
82936,23293,23380
15671,23294,23358
191590,23297,23380
145863,23298,23364
164915,23299,23356
399095,23299,23360
202661,23304,23383
245842,23310,23379
15644,23311,23372
297641,23312,23383
239846,23312,23393
381982,23313,23370
52143,23318,23379
301319,23325,23387
181664,23326,23393
398164,23328,23394
311009,23330,23374
130957,24091,24145
93254,24094,24179
372031,24096,24175
170910,24096,24183
232614,24097,24180
78139,24100,24177
49430,24101,24181
142276,24104,24165
393246,24104,24182
324897,24104,24192
1156,24105,24188
8501,24106,24177
24363,24112,24205
393247,24114,24177
324898,24124,24204
282605,24127,24206
385986,24148,24205
265689,24433,24488
118828,24739,24790
313694,24739,24802
247866,24741,24803
324474,24741,24824
216679,24761,24825
49345,24874,24944
70820,24923,25037
131124,24926,24991
276658,24929,24995
166069,24936,25035
176607,25006,25118
285270,25013,25077
225429,25021,25117
265042,25026,25135
186173,25039,25115
118078,25040,25117
186172,25042,25118
355359,25046,25108
330894,25049,25126
387049,25052,25119
282608,25052,25126
60274,25057,25125
374631,25147,25209
204990,25171,25232
270560,25444,25501
73377,25552,25627
235208,25552,25657
12523,25552,25664
79119,25553,25642
143237,25556,25676
124104,25581,25706
289911,25584,25718
406236,25597,25662
355229,25597,25680
386557,25598,25666
104578,25598,25689
341154,25599,25673
389435,25604,25673
265232,25605,25687
390130,25616,25689
247867,25617,25692
384692,25619,25686
78532,25620,25683
167888,25620,25708
52730,25621,25694
212753,25621,25743
375980,25628,25689
406741,25628,25742
235209,25630,25696
19389,25630,25705
257253,25632,25684
26302,25633,25704
384696,25633,25719
91811,25633,25741
42320,25634,25700
192602,25638,25751
289912,25643,25716
73378,25648,25720
270625,25649,25730
313693,25650,25711
245800,25650,25722
75921,25651,25742
297155,25652,25715
192603,25656,25751
65269,25664,25726
221505,25669,25730
247067,25670,25731
314152,25678,25775
64582,25679,25756
118079,25695,25793
285189,25697,25799
356022,25699,25768
72369,25705,25795
131326,25706,25768
72368,25707,25800
338607,25708,25819
225428,25709,25770
355360,25709,25782
118080,25711,25775
286556,25712,25774
30946,25714,25780
268429,25715,25774
402132,25716,25799
26301,25718,25802
331836,25718,25811
293755,25721,25804
72370,25721,25823
47407,25727,25806
131333,25728,25790
342362,25731,25800
338606,25731,25803
142275,25732,25810
384695,25733,25818
247068,25739,25798
384694,25739,25830
91888,25740,25796
265041,25741,25803
125365,25742,25807
374767,25742,25814
297949,25744,25796
22817,25745,25795
356020,25746,25809
127658,25747,25812
270561,25748,25821
70497,25750,25798
194251,25750,25802
226677,25750,25805
298496,25753,25826
397819,25755,25824
67981,25756,25817
152761,25756,25825
