297536,142,199
232221,142,205
75255,149,193
5948,153,203
298370,166,219
99255,321,394
6217,346,448
224141,347,432
137,461,533
365192,747,800
221482,747,806
51033,747,823
68322,747,831
128533,748,811
8773,750,807
82915,750,871
926,763,846
245993,766,852
375987,768,848
118595,1106,1189
236314,1106,1229
52052,1122,1176
365190,1123,1184
106246,1125,1179
131307,1146,1213
275964,1151,1283
192235,1154,1227
392091,1203,1291
25978,1213,1290
382696,1225,1307
89593,1230,1286
79777,1235,1291
369119,1237,1310
196737,1238,1315
117657,1259,1320
254269,1263,1309
362043,1268,1334
12843,1333,1391
298264,1489,1579
141816,1490,1566
269528,1494,1573
61889,1500,1559
65241,1503,1548
385002,1504,1559
181995,1505,1572
365191,1508,1577
82919,2034,2093
98270,2174,2236
174827,2397,2458
89594,2397,2460
78634,2403,2457
199231,2452,2509
61315,2453,2505
343606,2454,2511
250466,2456,2515
103838,2457,2505
233467,2511,2579
186435,2515,2591
253119,2520,2595
393695,2521,2583
158160,2528,2594
96015,2530,2595
313607,2532,2595
186391,2777,2847
186398,2778,2888
82918,2844,2903
70333,2859,2921
7370,2894,2967
272310,2900,2989
128961,2904,2972
10414,2909,2964
186437,2909,2966
86473,2909,2978
82921,2911,2977
375742,2912,2964
102705,2912,2973
24506,2913,2959
140715,2915,2981
363013,2924,2998
123963,2925,2972
117655,2925,2992
377972,2927,2991
147683,2935,3006
322331,2937,2996
155965,2938,3014
275967,2946,3021
275966,2949,3007
208165,2955,3018
189124,2957,3014
354583,3494,3544
98459,3797,3866
82917,3934,4006
332096,3961,4033
186397,3968,4031
86472,3971,4034
137161,3999,4040
135674,4005,4072
275963,4065,4126
408184,4067,4134
362653,4070,4139
140716,4076,4151
49848,4087,4151
186399,4098,4160
253120,4357,4424
143789,4381,4435
140714,4384,4467
212227,4385,4436
181185,4387,4435
186388,4427,4532
324787,4438,4523
214465,4444,4502
110614,4444,4521
38331,4447,4536
88941,4448,4527
151131,4448,4531
187782,4448,4538
225769,4449,4505
261257,4449,4509
120778,4450,4513
199525,4450,4522
8167,4451,4528
238178,4452,4502
354584,4453,4525
107534,4455,4504
111692,4457,4523
111687,4459,4523
696,4460,4524
281464,4464,4533
4304,4469,4534
102704,4473,4534
63399,4476,4530
387009,4477,4523
152787,4478,4522
155964,4479,4523
240611,4479,4530
212226,4481,4535
6587,4495,4538
38332,4761,4870
82916,4767,4841
19426,4778,4861
254575,4806,4863
243866,4809,4861
377050,4925,4989
20368,4927,4989
57456,4927,5016
74670,4934,4989
408230,4935,4996
57457,4940,5016
261226,4969,5031
275965,4970,5043
86469,5070,5141
70336,5072,5131
138557,5095,5150
251531,5251,5309
12842,5317,5394
265325,5330,5383
117981,5335,5381
30967,5336,5385
375986,5336,5388
77426,5337,5393
363107,5338,5390
151133,5340,5425
81301,5341,5389
195099,5513,5577
87775,6007,6073
293028,6011,6083
151130,6085,6176
273426,6087,6170
189994,6090,6158
183400,6099,6170
176708,6104,6176
215956,6105,6158
102703,6107,6176
377485,6113,6172
7187,6113,6175
405830,6113,6179
351027,6329,6402
246340,6863,6927
211372,6863,6929
186436,6863,6938
12840,6867,6942
10274,6871,6937
69445,6956,7020
63225,6970,7033
186388,6976,7080
163321,6989,7041
87242,6989,7050
263796,6989,7063
130846,6990,7056
337021,6993,7053
288613,6993,7055
267833,6993,7057
32318,6994,7051
70337,6995,7073
269241,6997,7058
288612,6998,7055
186396,6999,7072
195965,6999,7076
329505,7000,7053
25836,7000,7067
186433,7001,7073
131308,7001,7080
341549,7002,7058
243131,7002,7071
110923,7002,7076
216626,7003,7081
140721,7006,7060
117980,7006,7080
38329,7006,7083
199525,7008,7075
242340,7009,7073
362042,7010,7085
98272,7011,7076
117656,7013,7074
88428,7021,7088
118402,7084,7146
187781,7086,7147
195,7092,7169
257006,7095,7158
157509,7095,7166
366411,7111,7175
54828,7369,7448
19441,7389,7449
132507,7390,7448
186395,7491,7553
19448,7495,7560
320380,7533,7599
4309,7587,7641
369734,7673,7729
5462,7681,7729
82920,7687,7736
22179,7691,7737
401094,7692,7742
327294,7695,7752
243129,7814,7873
97016,7822,7874
212605,8465,8526
280596,8465,8542
28058,8466,8515
210951,8466,8540
356868,8474,8534
110610,8476,8569
117652,8477,8559
401744,8479,8551
98269,8483,8572
143508,8485,8546
98368,8485,8573
215958,8486,8549
123834,8486,8569
293381,8489,8569
269399,8503,8571
186384,8652,8701
186391,8658,8727
259895,8661,8729
295408,8663,8725
49849,8921,8983
186390,9249,9315
166512,9368,9457
118638,9369,9451
96014,9371,9426
41291,9371,9443
212225,9372,9434
359479,9372,9457
226179,9375,9457
224138,9383,9431
63213,9383,9438
27749,9384,9464
212224,9385,9466
199232,9386,9471
66066,9387,9455
282060,9391,9461
169232,9393,9457
49301,9396,9467
340906,9402,9468
52051,9402,9471
329779,9406,9464
216625,9408,9465
369118,9410,9471
74107,9423,9489
3153,9424,9473
92546,9448,9521
324223,9472,9576
140717,9522,9592
297537,9525,9592
48055,9528,9590
366409,9648,9697
186384,9735,9803
267830,9741,9798
101082,9765,9826
236313,9771,9830
101081,9777,9854
139808,9778,9833
404418,9784,9850
183825,10342,10396
344657,10400,10473
172808,10403,10466
107732,10405,10478
386664,10405,10490
240712,10407,10472
171985,10407,10489
400406,10410,10468
171112,10418,10481
367234,10421,10464
87173,10423,10470
204685,10424,10481
19439,10480,10540
385001,10486,10547
99256,10771,10833
324804,10847,10911
195400,10876,10938
111689,10879,10937
172204,11000,11091
254573,11005,11066
107961,11006,11068
288611,11006,11075
90975,11009,11068
123836,11010,11091
93481,11011,11081
216039,11014,11081
344243,11014,11099
27042,11015,11079
235113,11015,11103
3895,11016,11095
216038,11017,11082
90974,11019,11087
235112,11020,11101
174132,11021,11085
113262,11022,11089
169808,11023,11091
177544,11024,11086
18439,11024,11088
176715,11024,11093
264835,11026,11084
156298,11026,11097
123747,11027,11073
36404,11027,11086
392092,11027,11091
213773,11028,11110
46941,11030,11084
40374,11030,11094
367754,11030,11117
275962,11031,11092
96013,11031,11095
16161,11031,11097
25959,11031,11102
252537,11034,11103
192406,11039,11101
385787,11041,11109
267317,11132,11226
143711,11136,11209
390526,11136,11232
364797,11140,11207
370011,11145,11224
132218,11183,11246
146071,11229,11309
20367,11233,11326
140718,11237,11297
286090,11239,11306
189,11251,11310
267829,11256,11339
176707,11257,11335
19425,11259,11304
176714,11261,11306
55195,11262,11333
96011,11262,11355
96012,11270,11358
193,11272,11356
215957,11273,11345
341576,11274,11340
355583,11277,11362
163904,11278,11336
151128,11278,11344
246342,11278,11360
362041,11287,11349
38328,11287,11351
19444,11288,11344
267831,11288,11355
19442,11288,11364
172203,11290,11352
205017,11290,11356
132506,11297,11366
344244,11299,11382
123837,11301,11369
176710,11305,11369
19446,11307,11374
186393,11309,11371
38330,11311,11366
192407,11312,11355
161013,11312,11368
359471,11341,11409
104062,11347,11413
384188,11361,11423
224934,11374,11455
206476,11383,11449
49680,11385,11453
138555,11401,11478
138556,11406,11515
246338,11480,11533
224140,11623,11684
26062,11643,11704
79727,11782,11830
267827,12025,12108
343571,12030,12099
118105,12032,12121
224275,12036,12107
362583,12039,12104
216627,12039,12109
32317,12040,12116
20054,12042,12112
179029,12044,12107
141813,12044,12111
110613,12046,12108
377284,12046,12112
336937,12048,12113
143897,12049,12111
177543,12050,12114
172206,12051,12116
254568,12052,12105
251530,12053,12103
186386,12158,12264
387692,12162,12216
210125,12170,12221
324222,12222,12273
19449,12265,12328
96009,12276,12363
254576,12291,12360
29439,12299,12362
35173,12304,12360
313954,12639,12703
269521,12682,12738
224137,12756,12837
188,12778,12854
192408,12787,12829
190,12787,12853
187784,12792,12854
110612,12795,12837
201636,13063,13125
181297,13065,13126
203316,13068,13130
3430,13209,13256
199905,13209,13269
174133,13209,13273
111688,13210,13271
117798,13210,13275
43349,13212,13266
246339,13213,13274
128756,13217,13274
19450,13245,13308
187783,13394,13455
57515,13395,13441
261225,13396,13471
12841,13400,13480
239938,13444,13503
6396,13550,13605
242339,13551,13604
186392,13662,13789
406633,13674,13761
186386,13674,13797
387691,13676,13741
261344,13681,13744
35844,13742,13819
318831,13744,13814
359470,13746,13842
359473,13756,13830
251532,13759,13835
176709,13761,13851
103713,13765,13825
359469,13765,13860
117653,13767,13822
202639,13767,13841
125638,13774,13856
114103,13782,13867
224139,13792,13859
385669,13793,13869
385668,13796,13870
190990,13796,13876
186394,13844,13990
186390,13873,13932
98367,13977,14039
241565,13980,14041
12834,13980,14043
12839,13983,14039
140719,13985,14046
131309,13987,14038
90971,13988,14042
186434,13992,14044
341286,13998,14066
60672,14095,14150
11039,14099,14157
368935,14212,14274
16929,14522,14583
327622,14531,14589
141814,14595,14668
143511,14612,14677
19443,14616,14693
141815,14621,14705
297538,14621,14713
177542,14627,14708
199233,14633,14697
85244,14633,14714
135250,14635,14697
79776,14644,14711
253118,14645,14700
186431,14647,14704
117979,14665,14721
385665,14673,14735
63226,14801,14897
242334,14802,14877
335051,14808,14879
172205,14813,14897
191199,14815,14899
161679,14821,14884
385666,14822,14886
177541,14823,14889
216183,14828,14899
361841,14835,14900
246341,14838,14898
212223,14955,15024
96010,14957,15021
370010,14957,15025
20365,14958,15020
110608,14959,15022
354585,14961,15018
158159,14962,15027
111690,14963,15004
216628,14965,15049
70332,14966,15028
247810,14975,15029
363142,14976,15019
93604,14976,15031
59715,14994,15053
192919,15352,15413
359474,15355,15414
98369,15499,15561
6863,15504,15567
355585,15921,15977
151132,15932,15993
359476,15994,16050
277053,15996,16061
27750,16017,16085
363136,16091,16155
164847,16137,16222
341556,16144,16212
183824,16150,16212
125584,16151,16218
378498,16152,16214
102699,16153,16223
125583,16153,16226
361836,16154,16217
295246,16154,16229
128338,16154,16241
70335,16163,16227
212158,16163,16243
70334,16165,16234
275961,16167,16229
113261,16171,16245
148605,16175,16227
98370,16180,16237
341546,16180,16248
82914,16181,16229
186389,16181,16238
71636,16182,16244
6394,16186,16258
155966,16316,16383
259896,16341,16412
235111,16345,16422
261224,16349,16417
117650,16350,16410
90973,16358,16411
297181,16358,16413
183823,16358,16425
187785,16358,16435
117977,16358,16469
228275,16359,16412
344242,16361,16415
61240,16362,16419
140722,16362,16432
359478,16362,16435
361840,16366,16413
257007,16369,16425
152922,16369,16441
183820,16376,16435
141809,16377,16434
165073,16383,16438
141810,16384,16435
52050,16385,16436
186,16385,16438
117978,16387,16501
102701,16391,16493
61841,16408,16469
52053,16417,16493
102702,16424,16490
186430,16435,16501
363141,16437,16502
117654,16448,16537
12838,16784,16841
269520,16849,16948
20366,16862,16949
25689,16865,16949
363138,16867,16947
363139,16875,16947
70331,16884,16945
224136,16889,16947
190992,17032,17131
176712,17049,17132
293027,17132,17187
363137,17142,17220
135499,17158,17222
195401,17411,17471
218268,17424,17491
301817,17431,17480
267832,17433,17503
19447,17439,17498
56640,17442,17505
320379,17446,17515
131310,17488,17550
286091,17492,17555
256120,17678,17731
152945,17679,17730
12835,17725,17788
186385,17726,17794
84374,17727,17788
186387,17732,17809
164846,17734,17816
110614,17735,17813
219764,17737,17821
23393,17745,17820
6218,17749,17812
293382,17752,17814
297539,17756,17822
320378,17757,17819
308086,17761,17822
355584,17765,17822
4379,17765,17833
274226,17770,17821
359472,17776,17837
254557,17779,17840
366408,17780,17821
3129,17781,17841
287212,17783,17877
312495,17788,17851
369116,17867,17928
358077,17910,17956
208163,17955,18016
340697,17957,18018
237937,17962,18006
92547,18047,18147
46553,18053,18141
111691,18076,18146
71390,18090,18150
249865,18301,18369
27748,18637,18745
6396,18652,18721
242338,18654,18738
194,18656,18721
253117,18658,18727
151445,18659,18732
27747,18660,18724
151446,18663,18739
277055,18665,18726
341285,18668,18731
71426,18668,18733
324167,18678,18739
235523,18681,18733
124632,18682,18736
114109,18682,18758
130170,18683,18764
86471,18684,18735
228189,18684,18753
390366,18685,18761
392579,18686,18758
131313,18687,18736
366267,18688,18750
5949,18691,18768
324805,18695,18760
4466,18701,18769
348916,18703,18759
112330,18762,18824
60434,18775,18824
243128,18775,18838
340696,18786,18839
186385,18879,18933
290325,18898,18961
241331,18898,18965
341548,19004,19055
172333,19017,19073
138554,19034,19095
388406,19161,19224
186383,19204,19302
382695,19211,19291
131311,19222,19301
320377,19232,19310
183822,19233,19323
164845,19234,19303
280199,19240,19327
254571,19241,19294
297176,19241,19310
180192,19242,19308
363014,19244,19332
57454,19245,19310
187,19245,19319
210102,19247,19309
283707,19250,19322
6060,19254,19321
235257,19254,19353
304452,19257,19320
274085,19264,19313
341547,19265,19346
359477,19274,19338
172810,19278,19359
98271,19279,19347
235110,19282,19331
12833,19283,19347
22230,19284,19345
2862,19284,19352
36765,19285,19331
186393,19285,19336
186429,19285,19360
48918,19285,19382
241330,19288,19355
123831,19289,19345
132503,19290,19331
151444,19293,19359
186396,19300,19358
97736,19307,19360
390525,19308,19386
238168,19315,19384
317384,19317,19390
110607,19382,19480
186383,19392,19489
140720,19393,19455
155967,19393,19468
242333,19397,19476
131312,19402,19488
63224,19406,19466
183821,19407,19488
18440,19408,19468
99253,19410,19484
238167,19411,19487
341555,19412,19485
275958,19417,19486
258464,19418,19488
153484,19423,19485
101585,19423,19488
92225,19425,19488
123835,19429,19488
117651,19430,19489
96008,19433,19488
275959,19443,19485
341284,19550,19641
19424,19550,19650
68321,19554,19650
65751,19558,19622
274801,19559,19643
107962,19561,19624
188700,19561,19634
19440,19561,19649
100271,19564,19644
361839,19565,19671
83716,19568,19629
186389,19572,19635
12836,19572,19641
63227,19573,19634
365193,19574,19635
74764,19574,19637
208164,19574,19655
360588,19574,19659
143506,19577,19644
98810,19581,19637
82913,19583,19641
354586,19583,19664
43747,19585,19647
191198,19592,19673
143507,19595,19674
186395,19604,19677
230953,19612,19678
359475,19693,19774
18622,19744,19808
8034,19746,19818
180191,19747,19800
6395,19748,19824
124633,19773,19839
320376,19777,19841
171949,19779,19841
155969,19791,19843
124269,19793,19847
341545,19842,19901
186387,19844,19911
243130,19938,20014
132505,19939,19985
110611,19943,20017
176711,19944,19990
19445,19945,20006
344239,19949,20011
366548,19953,20012
47862,19953,20025
206240,19960,20023
61864,19961,20019
115343,19961,20028
141807,19963,20010
240177,19963,20027
123833,19963,20029
137779,19965,20024
275960,19966,20014
90972,19966,20035
141264,19968,20031
111685,20043,20105
186397,20153,20203
373694,20336,20398
186398,20512,20616
300624,20553,20614
253779,20566,20619
38327,20586,20653
186392,20603,20719
406632,20625,20700
332097,20667,20733
84938,20679,20737
137173,20701,20750
248931,20706,20754
141811,20852,20916
155968,20935,20992
170334,20938,20994
259897,21101,21170
295409,21174,21250
98268,21206,21251
141111,21235,21286
315795,21249,21322
88231,21250,21318
255421,21322,21382
99254,21362,21424
283159,21459,21504
98267,21476,21547
172809,21477,21528
242336,21477,21538
173196,21479,21530
273425,21479,21540
368934,21574,21645
95340,21654,21727
318658,21655,21730
366410,21663,21724
187786,21959,22016
82912,21968,22016
152923,22051,22115
301025,22110,22171
367753,22132,22201
212742,22143,22192
35845,22151,22193
267828,22197,22260
381202,22197,22267
161015,22209,22272
102700,22213,22277
186394,22223,22371
404417,22233,22295
170332,22235,22307
275955,22235,22318
208162,22284,22353
110606,22357,22409
27989,22375,22442
365194,22380,22447
111686,22409,22462
19438,22456,22543
341543,22459,22536
1114,22465,22547
6393,22469,22567
369117,22479,22542
3896,22479,22575
141808,22480,22556
79775,22481,22548
361838,22483,22541
172202,22484,22572
63638,22487,22544
366548,22488,22548
177540,22488,22556
344241,22488,22565
195970,22491,22556
20364,22492,22565
361837,22492,22571
48507,22493,22554
283706,22493,22563
390524,22494,22557
220176,22495,22551
52048,22495,22556
191,22495,22569
254574,22496,22572
277054,22497,22568
376331,22498,22556
2432,22499,22546
336553,22499,22562
336552,22499,22569
6392,22503,22570
110609,22593,22678
361835,22611,22677
6397,22614,22681
37276,22620,22678
333889,22622,22683
187787,22622,22688
114111,22623,22736
242337,22624,22715
199234,22624,22728
219796,22626,22688
110605,22650,22737
61866,22654,22759
297179,22655,22749
390523,22661,22742
20363,22662,22774
297178,22667,22757
52049,22681,22764
114112,22682,22753
385670,22684,22761
195969,22685,22754
192,22685,22769
297180,22686,22771
164794,22687,22753
366549,22687,22775
385671,22688,22749
185,22688,22769
132504,22692,22771
195967,22692,22778
152818,22694,22766
363140,22698,22789
61865,22699,22765
195399,22700,22764
100914,22702,22766
405831,22703,22779
78990,22703,22791
269522,22706,22792
138553,22710,22779
380878,22711,22773
195968,22716,22778
275957,22725,22804
89591,22729,22771
151217,22735,22803
254252,22738,22802
172334,22863,22939
187788,22873,22954
251529,22879,22960
302412,22884,22947
196321,22884,22954
70330,22886,22966
381429,22893,22948
190991,22894,22960
227485,22897,22961
151129,22898,22974
240612,22902,22974
186428,22907,22963
167782,22907,22983
304736,22909,22972
370159,22909,22975
167781,22914,22978
61427,22917,22980
102698,22918,22983
362040,22951,23023
288610,22954,23023
64694,22959,23024
362039,22961,23025
369115,22963,23026
226178,22988,23059
349457,22991,23057
7123,22998,23053
398058,23028,23073
385667,23112,23199
288970,23354,23405
275956,23354,23408
242335,23362,23431
131314,23366,23428
167769,23368,23430
38326,23370,23436
151519,23370,23440
79774,23371,23461
213972,23504,23570
223903,23527,23605
102813,23556,23630
12837,23561,23621
132502,23569,23623
322332,23569,23630
344240,23570,23628
341544,23571,23625
117649,23876,23959
320375,23892,23958
186399,23920,23966
3897,24031,24091
3898,24052,24159
385000,24082,24175
170333,24084,24183
224134,24093,24205
103797,24094,24193
185563,24096,24171
48917,24096,24182
143510,24110,24208
143509,24115,24181
223904,24116,24177
131315,24119,24186
214288,24121,24194
214289,24121,24202
224135,24123,24220
241329,24124,24208
66595,24125,24211
38325,24127,24203
313771,24128,24191
385172,24129,24229
257008,24134,24218
92876,24136,24240
361834,24138,24229
363135,24139,24203
97017,24139,24224
341542,24140,24215
98371,24141,24203
286092,24141,24218
96007,24143,24215
216623,24145,24199
267316,24147,24211
123832,24147,24220
186432,24150,24224
10458,24151,24230
297177,24152,24222
297540,24154,24208
241328,24158,24219
189993,24160,24236
216624,24162,24225
82911,24163,24237
254572,24164,24226
208161,24164,24247
86470,24166,24231
12523,24166,24289
114110,24167,24235
195966,24167,24272
117976,24173,24234
35489,24173,24237
151443,24173,24255
67145,24175,24261
176713,24175,24276
14514,24178,24305
57455,24179,24282
141812,24179,24291
7455,24187,24284
5918,24198,24286
144147,24211,24274
337779,24214,24316
89592,24257,24312
