361567,144,259
249435,331,398
309540,356,417
283044,850,928
62629,1249,1303
62628,1250,1305
218856,1251,1350
377315,1257,1321
244190,1259,1350
186499,1263,1363
378698,1264,1347
93433,1274,1331
47230,1277,1342
103064,1278,1339
193606,1279,1345
106487,1280,1342
407027,1281,1343
189290,1288,1352
379684,1326,1397
361475,1332,1403
340250,1339,1417
61909,1346,1421
266800,1614,1684
109470,1614,1690
68461,1863,1911
15543,1890,1953
402008,1990,2058
340653,2045,2113
34590,2059,2122
300758,2062,2120
106486,2063,2132
78160,2103,2170
225925,2115,2184
137294,2123,2186
93434,2154,2226
351939,2172,2236
254890,2175,2225
398825,2234,2334
373714,2242,2343
301171,2243,2330
40173,2265,2344
403,2279,2343
281073,2966,3035
254891,2970,3033
128797,2971,3032
149413,2971,3048
361379,2974,3053
369696,2979,3049
225505,2981,3044
29707,2982,3060
258430,2985,3063
291431,3007,3085
127091,3033,3096
294404,3038,3136
80640,3040,3126
51020,3049,3145
378699,3050,3111
250066,3068,3161
335963,3073,3148
335962,3077,3168
22051,3079,3159
365242,3082,3152
72155,3092,3171
139988,3096,3173
114046,3097,3160
115277,3106,3185
49932,3113,3173
404602,3317,3363
82667,3317,3366
209735,3356,3416
1827,3359,3454
330023,3536,3631
99627,3555,3619
378404,3556,3624
325831,3562,3623
59271,3564,3623
346761,3568,3623
2065,4088,4151
405631,4328,4392
2065,4332,4394
281730,4534,4580
248120,4534,4582
246455,4543,4603
395927,4545,4601
124406,4618,4686
114118,4731,4773
200828,4787,4854
225924,5017,5074
271523,5074,5138
222162,5271,5335
377314,5271,5359
160565,5322,5375
254610,5396,5459
123887,5402,5460
312422,5419,5468
53865,5849,5895
93432,5850,5896
145028,5996,6057
232926,6116,6180
109471,6126,6176
169346,6127,6180
135786,6422,6473
401848,6422,6475
28739,6423,6483
258429,6426,6490
197359,6582,6645
387831,6590,6680
10367,6594,6661
323212,6598,6675
261102,6601,6675
200828,6685,6744
8933,7600,7696
165728,7601,7700
78159,7604,7667
45750,7605,7668
320865,7605,7707
194396,7608,7700
43238,7611,7658
43239,7612,7659
234681,7613,7707
320864,7639,7706
220063,8132,8232
397115,8139,8223
245284,8270,8337
79107,8271,8346
68567,8276,8331
300757,8276,8335
390817,8410,8459
1826,8412,8483
389481,8875,8944
93743,8875,8947
25,9039,9103
186498,9042,9103
98178,9393,9455
169345,9394,9458
112735,9697,9758
138047,9698,9779
242866,9701,9763
