199778,201,264
350572,201,295
21795,203,250
105735,204,281
151387,207,285
165531,207,330
298315,209,299
144839,213,320
372503,286,389
397,325,404
27088,502,565
27087,505,566
7239,606,661
226869,606,665
397,606,675
399813,606,692
45555,606,696
404385,606,712
313870,607,689
241467,608,662
140304,609,693
200438,611,694
47346,620,712
217774,816,895
217773,816,919
28130,818,925
405799,831,925
194747,997,1093
350708,999,1062
64723,1009,1056
332460,1012,1093
7238,1032,1093
47347,1280,1351
93619,1280,1368
44990,1283,1359
306326,1283,1368
94156,1285,1367
306327,1286,1393
281983,1290,1359
5081,1598,1661
265417,1598,1693
328055,1601,1665
252870,1601,1678
17533,1606,1680
270560,1607,1672
369119,1607,1694
125645,1607,1704
199972,1610,1694
311678,1615,1701
218003,1638,1712
99242,1642,1705
74336,1642,1709
311679,1652,1718
279393,1823,1898
392432,1833,1909
390849,1841,1912
119127,1850,1911
182820,1861,1912
344397,1869,1916
18282,2018,2080
50571,2018,2085
11613,2018,2092
324702,2018,2103
51567,2019,2113
243579,2020,2080
239522,2020,2084
218004,2020,2089
392285,2021,2076
250774,2021,2085
373098,2023,2103
302697,2024,2084
403842,2049,2106
94158,2181,2253
270562,2193,2271
367324,2199,2266
74634,2215,2291
393293,2243,2332
153961,2252,2302
298199,2252,2316
398423,2257,2305
121938,2268,2348
255767,2281,2346
361231,2286,2363
1727,2289,2361
95076,2294,2357
18760,2298,2381
387886,2300,2362
5080,2302,2378
387893,2307,2386
313874,2330,2386
394081,2566,2629
311250,2608,2663
399814,2613,2714
106486,2620,2694
81071,2621,2716
127068,2624,2714
243081,2626,2675
274669,2633,2710
200905,2649,2712
44992,2649,2715
153262,2655,2714
246049,2671,2715
225346,2899,2963
278986,3032,3077
201030,3043,3088
327142,3163,3266
399812,3169,3264
310538,3175,3264
286985,3183,3282
46841,3191,3267
347213,3202,3264
286984,3214,3298
35275,3356,3399
310537,3897,3959
186400,3898,3958
85746,4143,4196
230153,4147,4196
196916,4155,4219
385779,4156,4216
199530,4161,4228
93623,4167,4241
349874,4182,4287
313200,4197,4275
202398,4204,4305
392284,4208,4290
387894,4225,4287
346798,4225,4290
313876,4229,4303
236841,4232,4302
302699,4233,4347
78569,4239,4300
226680,4239,4305
372505,4239,4333
241468,4240,4328
332459,4244,4305
149656,4246,4313
391537,4247,4303
57212,4250,4328
302700,4251,4335
372504,4255,4333
93622,4255,4345
125706,4256,4326
310540,4257,4340
35276,4267,4348
403263,4271,4336
11713,4272,4334
286989,4273,4333
46843,4273,4348
121551,4275,4346
404387,4279,4348
199529,4281,4347
58905,4644,4687
218002,4644,4721
289302,4648,4699
218001,4657,4721
237268,4659,4704
404386,4667,4747
392283,4702,4762
406629,4720,4768
302696,4749,4835
349876,4797,4861
310539,4800,4863
286988,4814,4861
333271,4910,4978
289301,4913,4993
204303,4916,4993
234179,4918,4995
324701,4919,4990
19713,4921,4986
199967,4921,4992
106298,4925,4988
27440,4927,4988
298198,4928,4996
202397,4929,4988
96878,4937,4991
96879,4938,4990
368583,4942,5005
121939,4945,5024
406753,4946,5005
239612,4949,5027
37935,4966,5026
50404,5082,5145
93618,5108,5159
310544,5137,5210
369643,5153,5209
11612,5164,5244
194749,5165,5252
48551,5172,5231
385108,5172,5233
115400,5172,5239
28133,5174,5228
78570,5191,5246
185397,5493,5551
28134,5547,5608
72838,5745,5792
151799,5793,5863
225344,5866,5941
313868,5871,5924
326316,5884,5950
176043,5906,5962
292272,6029,6092
277596,6029,6129
233583,6047,6116
140951,6047,6124
7174,6067,6127
21648,6083,6145
387895,6084,6139
385106,6084,6146
125707,6104,6202
55383,6106,6183
124336,6119,6175
179860,6132,6186
91498,6136,6179
192966,6142,6183
211807,6164,6241
286987,6186,6240
186401,6279,6335
191454,6358,6423
405798,6360,6416
403842,6361,6424
250587,6367,6416
59495,6376,6419
57147,6401,6479
369116,6558,6619
363228,6864,6973
160586,6873,6971
151798,6876,6941
236843,6881,6966
388191,6891,6943
332461,6891,6956
35274,6892,6974
24037,6894,6973
125708,6898,6970
93621,6899,6972
44991,6901,6952
313872,6914,6977
44745,7244,7299
151803,7276,7333
60470,7363,7441
86742,7364,7437
148991,7364,7446
336427,7365,7459
299719,7367,7437
336428,7370,7459
245443,7373,7465
339202,7376,7437
383531,7377,7440
69201,7381,7436
106053,7383,7488
320837,7384,7445
363229,7385,7461
912,7386,7430
304754,7390,7475
302702,7391,7488
387896,7392,7470
406427,7393,7451
213264,7398,7457
307129,7399,7472
147975,7399,7479
107901,7403,7469
403843,7633,7714
44989,7634,7699
12885,7641,7720
45556,7643,7712
395628,7646,7718
230152,7650,7710
15129,7652,7718
121940,7668,7752
156312,7669,7722
280900,7682,7761
359629,7688,7751
243437,7689,7755
310543,7689,7761
289299,7735,7819
211589,7844,7904
397537,7851,7913
279211,8109,8193
257126,8114,8181
239520,8124,8184
199528,8230,8303
119949,8244,8315
246050,8456,8500
6417,8458,8525
180767,8459,8538
347212,8460,8521
125704,8461,8527
34514,8461,8532
28132,8463,8527
52868,8463,8550
90602,8465,8528
2647,8471,8534
206319,8471,8543
74635,8471,8563
344396,8517,8569
202396,8521,8569
310535,8600,8692
125709,8614,8687
289300,8630,8686
279392,8635,8720
349880,8636,8713
160590,8636,8739
239516,8639,8708
121937,8640,8739
328373,8643,8739
107902,8644,8714
199971,8646,8739
233582,8647,8717
46842,8651,8731
406428,8653,8725
134981,8657,8718
46,8658,8725
106055,8661,8723
124151,8663,8727
46840,8995,9065
55486,9003,9079
313875,9012,9083
239517,9014,9104
94903,9015,9086
44746,9017,9101
370420,9018,9086
239518,9018,9093
71068,9019,9102
289298,9021,9071
350194,9021,9110
369115,9022,9073
74904,9024,9082
11611,9024,9091
199970,9026,9082
250589,9027,9092
346799,9029,9086
38819,9029,9137
302698,9031,9114
215899,9033,9108
217772,9034,9125
333270,9042,9108
34192,9042,9118
87537,9043,9112
302701,9043,9124
143754,9044,9122
28664,9044,9144
23536,9045,9109
28131,9050,9129
310536,9050,9149
24050,9051,9138
125703,9058,9119
166435,9062,9138
257125,9063,9158
6437,9065,9160
225349,9067,9144
250592,9068,9160
160131,9073,9127
60726,9073,9142
274666,9075,9151
250590,9077,9160
225343,9079,9169
180766,9080,9166
318969,9083,9144
38820,9089,9150
229053,9089,9170
350709,9095,9158
115401,9095,9160
43829,9097,9160
344395,9103,9172
158149,9106,9169
107602,9318,9370
160588,9318,9384
388190,9319,9377
151794,9519,9566
369118,9519,9573
55487,9519,9601
125707,9520,9610
107224,9527,9597
273416,9530,9588
194746,9535,9618
281984,9537,9613
110985,9540,9593
192965,9542,9596
349875,9552,9616
294668,9619,9699
256851,9622,9711
176042,9628,9694
62095,9631,9702
305729,9645,9706
248509,9753,9810
390066,9753,9817
273390,9761,9833
310541,9781,9884
11610,9856,9947
395343,9858,9912
398425,9894,9973
313201,9916,9980
194744,10061,10115
274670,10460,10540
385109,10475,10548
161106,10476,10546
72507,10479,10526
16823,10482,10546
350190,10482,10565
17532,10494,10548
252869,10496,10538
68995,10503,10589
403841,10928,10979
76983,11067,11118
370419,11067,11135
394082,11266,11321
96903,11272,11340
130131,11272,11345
210077,11622,11705
44747,11626,11691
350192,11627,11705
158148,11629,11692
250588,11629,11706
257402,11630,11698
284638,11635,11698
255766,11636,11715
392310,11637,11700
256852,11639,11692
236842,11640,11702
153264,11640,11709
350191,11641,11706
185520,11645,11713
167961,11645,11725
71957,11645,11728
28663,11646,11696
185521,11646,11722
28129,11647,11711
11026,11648,11709
63630,11648,11714
126757,11648,11717
199968,11650,11712
24039,11653,11719
21348,11653,11733
153263,11656,11721
72506,11670,11781
252252,11702,11767
344392,11706,11764
78571,11817,11869
809,11900,11950
314194,12221,12287
119948,12247,12310
305388,12248,12328
95076,12249,12306
94155,12303,12417
397536,12311,12402
301875,12312,12391
397535,12316,12391
199526,12319,12424
217999,12321,12389
335368,12321,12404
239519,12323,12409
2647,12325,12392
314196,12326,12398
215900,12328,12389
194750,12329,12443
50570,12332,12400
295394,12333,12394
217997,12342,12458
191455,12345,12443
217998,12346,12458
52869,12347,12470
6416,12348,12444
369642,12355,12418
392582,12355,12431
44988,12355,12473
105980,12356,12457
199527,12356,12467
172945,12358,12453
185395,12359,12480
68996,12360,12425
397538,12361,12456
239521,12362,12426
31684,12367,12451
24040,12370,12458
367409,12373,12434
233584,12373,12466
185396,12376,12460
147245,12377,12479
358561,12381,12442
359664,12382,12443
194751,12382,12477
372446,12383,12444
194743,12386,12448
346802,12386,12482
55488,12387,12466
106386,12389,12479
135971,12395,12445
199973,12396,12466
405797,12400,12465
97628,12401,12466
405896,12402,12472
326315,12403,12467
256850,12407,12475
369236,12408,12473
346800,12615,12666
180768,12616,12684
350193,12623,12688
292052,12910,12979
120324,12914,12988
94157,12915,12978
210115,12916,13007
11713,12917,12974
78572,12917,12991
172180,12918,12972
388960,12920,12974
59496,12921,12972
403261,12922,12981
210114,12925,13023
313873,12976,13043
403262,12994,13072
398422,13009,13116
93620,13014,13076
313199,13014,13087
385107,13015,13077
403260,13015,13131
226678,13019,13083
300438,13022,13092
290520,13025,13102
245341,13027,13117
331847,13028,13090
107900,13029,13128
14055,13030,13121
274667,13032,13128
199969,13033,13126
28126,13036,13098
68994,13036,13124
274671,13037,13131
35269,13039,13136
125705,13041,13102
316201,13041,13104
24038,13041,13134
217771,13046,13129
304241,13048,13124
380468,13050,13112
157540,13055,13116
48148,13055,13131
270561,13055,13140
347211,13058,13122
46839,13060,13129
199382,13063,13125
226677,13065,13128
18281,13065,13131
169925,13067,13135
250594,13068,13138
51370,13074,13136
390066,13132,13200
388188,13149,13221
370418,13180,13239
359665,13186,13252
265418,13197,13252
15600,13200,13252
274668,13378,13450
210155,13576,13628
226681,13694,13756
12884,13696,13758
387887,13717,13774
286986,13805,13881
390064,13806,13867
256544,13806,13890
52867,13808,13869
403841,13808,13871
94154,13808,13874
151797,13809,13894
194524,13809,13904
43828,13810,13911
78568,13811,13885
11601,13811,13888
8824,13812,13874
66960,13812,13903
35272,13812,13915
239611,13814,13876
23393,13814,13885
107601,13815,13878
199525,13815,13880
225342,13815,13888
106054,13816,13898
50572,13817,13920
74637,13821,13892
7279,13822,13934
11600,13824,13887
336429,13827,13891
150713,13828,13907
208277,13829,13922
110834,13831,13921
159670,13833,13920
210078,13834,13927
306325,13835,13936
371030,13836,13929
115397,13838,13921
173270,13844,13941
392282,13845,13933
7944,13845,13945
218000,13849,13906
72244,13851,13929
310542,13855,13928
160521,13856,13913
196915,13860,13956
232759,13861,13922
24138,13864,13926
236844,13864,13949
113904,13866,13933
241469,13866,13937
156261,13867,13951
171625,13892,13954
372445,13932,13995
151802,13957,14046
185632,13969,14025
154347,13980,14046
314195,14171,14218
147752,14271,14332
28528,14279,14335
295395,14299,14383
86371,14300,14377
367323,14303,14388
74639,14305,14374
349231,14305,14383
17085,14307,14388
16683,14310,14396
74638,14324,14392
274665,14327,14412
225345,14328,14398
311336,14334,14396
194558,14338,14397
35273,14342,14404
43026,14342,14416
225347,14346,14400
230985,14347,14410
392281,14352,14423
331848,14354,14420
11606,14354,14429
313202,14355,14416
149657,14357,14436
392280,14358,14426
72508,14363,14420
202299,14370,14438
217769,14371,14435
94904,14371,14446
158147,14389,14468
158146,14396,14469
35271,14398,14474
373097,14405,14474
11608,14623,14693
11597,14739,14821
11598,14752,14846
250593,14781,14886
250591,14794,14911
11609,14796,14889
15852,14798,14855
194745,14799,14859
270563,14802,14869
11599,14805,14888
11602,14806,14883
122766,14807,14856
388189,14808,14865
91522,14810,14885
29776,14813,14884
11605,14815,14877
368582,14836,14909
180765,14837,14924
270565,14847,14910
38818,14849,14925
123325,14853,14914
67845,14853,14924
328224,14870,14916
5107,14984,15050
332458,14987,15041
313869,15160,15222
74636,15473,15530
60839,15603,15669
313871,15607,15678
239610,15609,15671
270564,15675,15754
49654,15676,15758
151994,15679,15754
165653,15681,15746
44987,15683,15747
300437,15684,15746
139461,15688,15750
24139,15689,15751
206162,15714,15757
265419,16125,16232
265420,16125,16239
26104,16126,16182
302694,16128,16245
23126,16138,16189
24041,16138,16242
254810,16144,16238
405897,16147,16242
67522,16147,16251
372506,16149,16213
227592,16149,16222
250528,16149,16249
24042,16151,16234
367981,16153,16247
399810,16154,16243
137781,16156,16220
217770,16156,16223
65254,16157,16226
126187,16160,16223
114437,16161,16227
302695,16163,16227
185633,16164,16226
299489,16169,16242
287369,16170,16246
93617,16174,16238
17531,16177,16233
198728,16178,16239
281982,16182,16233
350707,16182,16241
151995,16182,16243
159669,16184,16245
87534,16188,16248
94902,16189,16237
373096,16498,16559
226679,16506,16572
18769,16536,16622
403843,16545,16641
370417,16558,16640
370416,16562,16660
45554,16563,16628
32038,16563,16640
230150,16564,16662
151796,16565,16629
225348,16565,16655
257729,16569,16641
238107,16569,16661
313867,16571,16638
230151,16571,16663
35270,16573,16637
43174,16573,16640
255764,16573,16676
257124,16576,16649
387897,16580,16646
154376,16587,16675
286088,16593,16681
186402,16596,16666
286087,16597,16690
236845,16603,16676
120323,16787,16858
327141,16789,16851
344394,16791,16850
38817,16795,16850
28870,16798,16864
51566,16805,16863
257123,16815,16862
35268,16826,16873
327143,16921,16975
279394,16923,16978
180769,17798,17844
7280,17798,17852
326314,17798,17869
17527,17799,17864
284639,17924,17989
280864,17939,18013
53122,18122,18183
67594,18350,18411
106487,18493,18536
261677,18557,18619
349881,19038,19105
273391,19057,19142
228446,19080,19168
106056,19086,19168
6448,19097,19167
300439,19106,19167
217803,19107,19168
74640,19116,19168
326311,19118,19167
344393,19241,19297
313866,19361,19433
44983,19371,19433
308306,19549,19627
391535,19551,19601
55195,19620,19685
50573,19726,19820
298196,19732,19820
255765,19739,19792
11595,19745,19816
158145,19751,19817
82,19759,19807
127069,19779,19821
72307,19960,20012
395342,20148,20219
199977,20148,20228
11603,20151,20230
168660,20153,20216
273392,20153,20242
229530,20154,20227
390065,20156,20202
298245,20157,20214
100307,20163,20225
27092,20165,20220
226870,20165,20224
53522,20184,20227
199974,20245,20305
102703,20605,20682
47349,20612,20682
24043,21197,21258
151801,21197,21273
346801,21197,21285
151800,21211,21278
46838,21215,21257
125358,21220,21266
194748,21220,21292
233581,21221,21270
217995,21221,21290
281981,21228,21291
28125,21231,21291
349878,21372,21426
382755,21372,21430
308469,21372,21434
30201,21372,21452
38908,21373,21436
262759,21375,21436
245444,21375,21443
391536,21377,21440
275321,21378,21441
44748,21396,21476
94152,21404,21490
94153,21404,21513
326313,21410,21478
11596,21411,21483
154159,21449,21517
288880,21453,21528
121936,21461,21547
160589,21476,21540
241470,21484,21544
142412,21829,21877
335367,21831,21902
210116,21848,21899
326312,22009,22103
17528,22016,22130
392309,22023,22095
17529,22027,22133
11604,22036,22115
349879,22036,22140
298244,22040,22108
44986,22042,22126
399808,22042,22139
399809,22042,22144
72305,22046,22108
199979,22046,22143
67112,22047,22110
72306,22049,22121
2996,22054,22116
254809,22055,22122
119947,22056,22118
298246,22056,22120
160587,22056,22126
369117,22058,22117
20315,22059,22113
17530,22063,22132
298197,22064,22125
382754,22066,22130
392306,22067,22113
312949,22067,22116
298241,22067,22128
115396,22068,22123
53164,22070,22137
355472,22071,22135
14948,22072,22144
392307,22073,22119
44749,22081,22144
98887,22091,22166
382756,22092,22160
11607,22098,22162
262761,22125,22206
392278,22162,22210
349885,22177,22298
335620,22183,22284
35266,22192,22296
27093,22198,22283
47348,22198,22295
335619,22200,22272
207882,22200,22298
27094,22207,22297
349883,22217,22297
311680,22242,22298
32240,22363,22432
172946,22397,22463
326310,22416,22512
391534,22430,22496
226871,22440,22517
298248,22444,22515
392308,22446,22562
318098,22449,22514
262760,22549,22612
396381,22796,22857
392279,23077,23140
210156,23077,23149
28604,23099,23178
5079,23219,23302
115399,23289,23396
12029,23305,23375
115398,23305,23395
115395,23309,23406
397539,23314,23411
246051,23317,23380
7083,23321,23408
277448,23321,23411
157539,23324,23412
89950,23326,23408
397540,23327,23438
355473,23329,23412
151793,23330,23409
151795,23331,23404
28127,23331,23414
270994,23331,23423
148605,23334,23396
74641,23336,23397
28128,23338,23418
121549,23338,23425
393,23340,23396
344391,23340,23401
398424,23341,23426
349877,23345,23409
286991,23346,23408
254808,23346,23415
153265,23347,23421
391533,23349,23428
6415,23352,23422
204527,23353,23419
44985,23355,23417
390063,23360,23422
399811,23362,23434
199978,23365,23427
265421,23382,23478
121550,23496,23563
167090,23548,23615
137513,23551,23627
19163,23584,23656
217996,23586,23658
2065,23590,23659
361723,23593,23659
2065,23603,23658
6011,23607,23658
311681,23689,23760
327140,23691,23752
327139,23691,23770
230149,23691,23783
171624,23692,23751
298242,23705,23748
27091,23793,23846
59582,23817,23876
107600,23823,23878
349882,23848,23929
72245,23852,23925
7281,23877,23971
257122,23889,23975
47350,23890,23967
107899,23894,23968
22085,23894,23976
286990,23902,23973
44984,23908,23968
207656,23908,23975
199976,23911,23973
28123,23913,23968
397541,23916,23981
298243,23923,23990
83716,23925,23973
28124,23932,24008
35267,23939,23999
269863,23939,24010
199975,23940,24034
332457,23941,24002
238108,23941,24041
298247,23942,24044
392305,24043,24104
298240,24044,24105
349884,24085,24139
273393,24090,24163
80850,24108,24171
27089,24130,24231
27090,24145,24231
262762,24166,24241
