256230,190,251
316069,247,308
203498,265,340
370710,277,344
271648,290,362
176294,1031,1097
363690,1043,1108
81060,1120,1187
324587,1122,1191
380959,1132,1191
58084,1145,1191
161535,1145,1217
154581,1146,1213
223127,1149,1217
666,1154,1204
239390,1154,1216
55513,1154,1220
231570,1155,1222
37126,1156,1217
300059,1159,1218
59207,1162,1207
114962,1163,1216
389790,1236,1321
255656,1249,1325
55879,1555,1604
225824,1555,1607
254070,1555,1612
349772,1556,1608
38966,1619,1674
38967,1621,1672
73360,2077,2138
8938,2126,2195
24904,2152,2208
155016,2267,2320
129506,2267,2325
144645,2269,2330
201169,2270,2323
196265,2292,2358
150010,2653,2722
354344,2653,2726
349771,2655,2715
207086,2657,2721
129654,2661,2702
179998,2674,2727
241890,2674,2744
32851,2873,2927
255655,2891,2952
331356,2893,2961
308560,2906,2951
331714,3162,3216
197523,3253,3314
322164,3254,3315
351150,3270,3349
222667,3271,3340
298046,3272,3333
202319,3272,3358
275429,3275,3360
134851,3277,3350
63181,3285,3354
253746,3285,3367
171486,3286,3357
202320,3289,3351
370760,3290,3352
69502,3290,3363
45207,3449,3513
241891,3545,3603
311794,4041,4090
364134,4540,4595
40660,4541,4594
96321,4541,4623
49930,4543,4615
127811,4549,4615
257684,4550,4603
172258,4550,4607
394630,4550,4612
88173,4553,4610
268535,4635,4702
247479,4732,4808
102859,5288,5355
10396,5288,5358
106090,5289,5362
125604,5293,5357
86084,5294,5361
133892,5296,5358
275001,5297,5364
365088,5299,5362
354346,5304,5369
312492,5308,5372
193590,6022,6068
364333,6031,6087
176225,6035,6095
253748,6138,6212
140903,6151,6212
293388,6159,6249
127453,6162,6222
95737,6163,6243
200644,6207,6282
297598,6510,6575
371651,6537,6588
272299,6542,6631
380389,6545,6606
203284,6568,6630
157186,7247,7341
280120,7266,7341
100493,7270,7342
238013,7282,7357
159893,7284,7350
395443,7285,7346
351239,7289,7365
220409,7292,7356
96322,7299,7371
98109,7302,7368
6199,7317,7385
8250,7697,7752
392277,7729,7796
137841,7910,7971
32850,8043,8087
31161,8043,8107
188791,8046,8107
131936,8056,8140
345776,8483,8564
345777,8483,8569
5760,8508,8573
138994,9150,9208
207085,9155,9217
280320,9158,9239
199813,9159,9241
113351,9162,9240
165186,9162,9252
113350,9170,9251
367069,9174,9249
263970,9175,9243
401747,9176,9251
3960,9177,9249
120849,9178,9247
79145,9182,9244
354345,9183,9268
19535,9184,9245
170282,9184,9250
394900,9184,9257
244679,9187,9249
40720,9187,9251
327866,9189,9251
344991,9189,9262
287640,9191,9255
207936,9191,9258
168248,9192,9260
239548,9197,9260
63555,9198,9259
28159,9214,9274
63601,10643,10695
394629,11250,11301
151270,11263,11320
319246,11263,11328
243053,11312,11367
403874,11312,11374
272298,11317,11372
25861,11958,12058
350752,11976,12093
265907,11984,12078
96324,11987,12097
96323,11994,12079
207084,11997,12097
255283,12000,12087
84749,12003,12075
85882,12006,12101
405284,12034,12091
293806,12037,12098
108100,12037,12119
330482,12039,12100
5832,12040,12092
342523,12043,12094
253747,12044,12120
287639,12049,12105
8939,12051,12093
184046,12142,12213
252935,12142,12220
346946,12144,12221
69121,12150,12213
356542,12151,12212
346947,12160,12221
408084,12162,12231
128905,12163,12226
105049,12164,12245
140902,12170,12226
63554,12174,12244
282108,12175,12246
84287,12178,12246
260266,12180,12249
25860,12187,12251
361248,12258,12303
400451,12295,12349
98110,12296,12363
114458,13110,13172
320401,13116,13169
292246,13206,13278
55880,13208,13272
292247,13210,13276
249045,13214,13275
135691,13217,13282
50821,14244,14300
149835,14247,14315
228637,14951,15005
363937,14955,15018
253749,15407,15459
119901,15413,15474
119902,15420,15480
257596,15511,15561
47252,15519,15561
219034,15711,15794
113438,15730,15792
17958,15731,15808
345652,15757,15820
212000,16185,16244
385502,16204,16271
331355,16489,16553
163204,17928,17973
192612,18019,18081
32752,18037,18090
50764,18039,18090
344992,18981,19036
310174,19564,19618
191032,19576,19619
253750,21660,21711
408083,21662,21724
408082,21662,21730
195826,21663,21751
44718,21678,21732
395783,21959,22019
295996,21960,22037
316854,21985,22035
133893,22456,22539
271604,22463,22535
123928,22476,22535
363936,22476,22539
374964,22643,22710
168249,23380,23455
3959,23395,23466
3961,23396,23463
278448,23565,23637
72197,23568,23624
114015,23571,23623
275430,23573,23672
359996,23575,23655
295996,24071,24136
204319,24822,24878
58969,25271,25364
226896,25277,25353
353361,27228,27284
266185,28250,28323
347070,28274,28327
36742,28274,28329
157866,28634,28693
142929,28634,28697
291473,28636,28695
226913,28636,28698
194038,28759,28824
37127,28778,28835
165990,28785,28840
155015,29094,29148
7278,29280,29363
179997,29287,29347
127452,29287,29363
53884,29289,29374
364683,29308,29371
344990,29327,29390
