398480,295,387
16522,402,458
230937,642,721
55424,643,712
334869,645,759
8773,646,700
74359,692,759
24352,989,1066
201337,1011,1085
36267,1013,1086
93208,1013,1108
321535,1020,1083
36265,1046,1121
246857,1048,1111
302981,1049,1135
151291,1051,1119
3789,1053,1124
86152,1056,1119
263205,1057,1124
260744,1061,1135
182522,1063,1128
39931,1067,1133
270930,1304,1346
295046,1615,1679
286265,1664,1705
220907,1705,1776
361391,1720,1779
65452,1753,1822
109119,1804,1862
16464,1807,1866
210607,1818,1869
35958,1820,1869
287860,1887,1953
294426,2020,2087
110871,2405,2497
192202,2410,2501
21944,2420,2541
28460,2423,2530
364304,2430,2541
93445,2437,2532
247933,2439,2502
292915,2443,2505
191365,2443,2546
12468,2444,2508
251050,2446,2532
30122,2449,2501
30121,2450,2512
403260,2450,2563
15248,2456,2503
247934,2457,2546
349716,2473,2532
25591,2475,2547
36266,2476,2543
403263,2478,2546
352935,2479,2544
9395,2487,2546
403261,2490,2555
373002,2496,2561
30169,2496,2564
394830,2515,2584
226667,2987,3074
138807,2999,3065
382300,3000,3084
377121,3000,3089
26689,3016,3083
21733,3021,3106
110872,3025,3096
178439,3026,3081
23682,3026,3085
69820,3026,3102
126532,3029,3094
27639,3030,3098
349792,3033,3100
23184,3037,3093
30170,3043,3110
373003,3048,3096
178799,3049,3111
394832,3049,3117
166714,3050,3107
136929,3057,3119
36268,3060,3119
352778,3148,3216
97816,3164,3215
398385,3293,3368
403262,3294,3365
382298,3296,3368
91808,3299,3412
398384,3302,3365
307680,3308,3373
345560,3311,3373
131454,3321,3374
254469,3346,3406
36402,3372,3429
384353,3376,3436
374638,3378,3439
110875,3378,3446
290394,3384,3446
315198,3557,3627
290395,3561,3630
21945,3562,3627
265016,3572,3630
384791,3675,3741
354827,3675,3764
307681,3676,3752
364999,3685,3787
199378,3688,3768
364998,3697,3805
365000,3699,3788
365001,3699,3797
43789,3703,3767
211674,3703,3801
364997,3705,3804
247004,3719,3814
110873,3724,3786
172186,3724,3802
21943,3727,3808
74061,3730,3790
199377,3731,3794
296821,3738,3801
153492,3738,3828
178084,3738,3836
16463,3739,3800
294425,3740,3803
392310,3740,3818
268050,3742,3803
21942,3743,3819
190322,3746,3809
394831,3749,3824
390828,3751,3823
87739,3752,3815
260745,3754,3815
190323,3755,3816
189993,3756,3845
90628,3757,3815
135834,3757,3834
121932,3760,3847
292914,3761,3836
309559,3763,3838
217291,3765,3837
217290,3766,3829
287859,3766,3832
171515,3770,3845
3137,3774,3846
121931,3778,3846
398386,3782,3848
93987,3785,3849
381211,3799,3854
210493,3799,3866
317194,3800,3864
296823,3805,3865
137411,3806,3848
204649,3814,3866
407374,4027,4102
397855,4028,4106
20050,4032,4117
119347,4037,4099
241938,4037,4103
179192,4056,4117
210492,4057,4121
133836,4062,4125
399984,4070,4135
382299,4075,4145
154231,4398,4465
278280,4488,4538
30123,4614,4693
26276,4628,4694
135631,4632,4699
247005,4645,4713
318251,4667,4712
261158,4747,4818
241940,5050,5129
241939,5053,5129
241941,5061,5124
273483,5062,5126
329771,5069,5114
241942,5072,5127
271226,5079,5127
259315,5080,5129
12467,5197,5271
12845,5339,5397
90689,5341,5397
254470,6019,6074
169412,6020,6062
377509,6026,6091
359863,6098,6147
82741,6279,6334
342284,6281,6373
339002,6283,6347
349790,6285,6376
195332,6286,6368
390829,6287,6377
232687,6291,6352
132767,6292,6353
149164,6292,6358
189567,6293,6355
189994,6301,6385
275453,6319,6409
247932,6324,6417
333168,6359,6428
315199,6542,6599
290396,6587,6647
210494,6603,6670
25592,6607,6705
76295,6609,6700
16462,6609,6712
302284,6610,6670
342377,6620,6671
110876,6621,6698
320516,6627,6701
162549,6629,6694
68121,6631,6731
110874,6634,6706
178942,6639,6694
87740,6639,6701
361392,6640,6717
193459,6640,6728
367849,6641,6705
24354,6644,6704
174169,6649,6710
193458,6663,6724
302285,6887,7002
95438,6924,6978
260891,6925,6991
345559,6929,6977
58457,6934,6981
20039,6936,7003
148188,6942,7007
20038,6943,7003
375884,7031,7095
74618,7055,7119
90370,7065,7110
16460,7068,7120
36678,7071,7125
364996,7390,7467
349791,7692,7757
128767,7694,7750
36403,7696,7772
130352,7697,7744
384792,7697,7751
321534,7697,7758
16461,8283,8350
53111,8393,8457
370533,8673,8741
228532,8789,8831
290932,9077,9141
105428,9172,9240
195333,9181,9256
364303,9190,9257
210495,9224,9299
78128,9256,9359
390827,9270,9331
126399,9283,9344
62320,9283,9347
139423,9286,9351
122650,9291,9349
123703,9293,9354
184707,9300,9344
346003,9307,9350
342775,9470,9531
398653,9474,9552
344993,9478,9558
163298,9484,9552
398478,9486,9570
373004,9487,9551
398479,9488,9556
297122,9492,9556
237140,9504,9571
32105,9506,9552
303862,9525,9589
121929,9621,9709
121930,9623,9711
269323,9636,9693
74617,9638,9699
135630,9638,9723
110877,9640,9705
12964,9644,9734
12844,9667,9716
296822,9764,9822
