123371,105,179
92637,109,175
403583,119,185
318193,119,214
150431,121,183
96167,127,216
332946,129,190
173441,130,194
69272,131,216
176044,131,224
34854,132,194
130302,132,230
145026,132,242
303293,132,252
382521,133,202
198027,147,218
92772,225,283
249360,226,291
336696,226,310
251801,236,296
77589,238,293
242606,241,291
221992,247,308
211025,250,322
26106,253,323
368387,253,354
45790,254,308
102867,255,296
51056,255,300
359489,256,325
171067,263,360
341534,275,336
286647,277,393
171066,296,364
263898,320,380
386342,347,445
64881,616,706
2379,618,676
261027,633,751
379762,636,752
96166,640,772
178562,640,796
355075,643,758
303095,643,780
136274,645,765
248214,645,772
337080,658,785
6462,660,775
93935,660,780
350638,661,804
238453,665,783
386343,668,784
22335,671,790
92639,677,818
261028,680,780
160047,680,793
34504,682,809
379763,683,788
123154,684,796
50355,694,820
5937,697,817
10104,703,784
261793,706,829
83044,707,840
382520,708,832
1305,713,804
277084,718,843
45789,721,821
7893,723,832
137,725,818
137,731,798
277085,733,845
16522,741,806
277086,741,866
145511,743,862
163364,748,863
288389,753,823
185600,755,833
195185,765,844
60415,771,834
48615,775,833
309588,777,842
251800,779,821
321815,780,831
174550,783,835
174551,783,855
317431,787,860
20000,791,836
42221,792,843
220145,792,872
303180,792,877
51055,796,877
14311,801,862
354524,811,872
97903,820,877
230550,1114,1174
126093,1118,1176
355649,1264,1325
8736,1264,1341
89786,1312,1383
372714,1314,1369
142096,1748,1807
104270,1748,1810
151872,1964,2030
160322,1965,2029
368641,1965,2048
194117,1966,2021
46086,1978,2068
109892,1985,2050
127171,1987,2050
112944,1991,2054
72145,1992,2053
361411,1995,2056
118135,2161,2275
97902,2163,2254
8818,2165,2241
373598,2169,2276
8817,2170,2246
166360,2171,2241
67900,2172,2237
139848,2174,2240
277087,2174,2258
152029,2175,2244
25782,2175,2275
102947,2176,2247
80334,2176,2265
77236,2178,2263
6463,2180,2243
408438,2180,2247
314822,2180,2276
77237,2181,2266
42749,2183,2228
115005,2183,2245
166359,2185,2252
166365,2186,2260
373597,2187,2281
274190,2188,2264
231894,2188,2272
221342,2190,2255
7892,2190,2269
42222,2191,2248
63031,2191,2259
85525,2194,2252
5857,2194,2256
389643,2194,2259
261795,2194,2269
5234,2194,2284
215215,2196,2307
91079,2197,2252
166364,2199,2286
302686,2201,2262
192535,2212,2266
39785,2214,2278
72943,2215,2283
166361,2222,2286
33767,2228,2308
317411,2231,2293
371819,2233,2288
354525,2313,2393
141717,2326,2392
29439,2330,2393
145284,2336,2392
136275,2559,2633
229959,2560,2624
181696,2560,2636
355650,2563,2624
196213,2578,2642
166362,2579,2645
171605,2582,2629
335209,2938,2992
209482,2941,3002
113671,2942,3011
165973,2944,2998
332540,3337,3399
220868,3338,3413
206447,3342,3416
355651,3357,3418
92617,3377,3426
132582,3378,3420
92638,3871,3916
131830,3875,3936
354522,3880,3936
354521,3891,3937
2764,3990,4036
286646,4011,4058
90957,4049,4117
262146,4122,4197
262147,4193,4300
121266,4195,4257
19507,4200,4254
166363,4241,4303
200246,4252,4315
403233,4281,4358
303535,4413,4492
187986,4415,4472
187985,4416,4473
139670,4421,4476
54019,4427,4497
342575,4445,4487
248539,4514,4575
367324,4531,4586
90311,4532,4575
273908,4534,4590
123370,4541,4589
382517,4541,4597
230092,4541,4626
302680,4548,4626
367323,4552,4624
105502,4554,4629
122559,4555,4607
391859,4558,4609
61794,4559,4627
374453,4560,4625
108278,4567,4648
149267,4568,4629
232367,4571,4625
213662,4572,4647
73345,4575,4648
297056,4580,4651
186440,4580,4677
275500,4588,4666
258064,4591,4661
382518,4591,4679
109110,4598,4664
37933,4599,4662
6461,4608,4666
146059,4620,4692
123690,4622,4695
244632,4627,4673
382519,4682,4752
357539,4709,4806
59380,4723,4802
213086,4729,4795
96165,4989,5091
226667,5013,5091
317552,5017,5091
83919,5020,5084
116043,5033,5085
67868,5124,5180
118274,5126,5195
139669,5135,5239
261794,5139,5192
54020,5228,5289
64104,5454,5499
71053,5484,5546
217646,5485,5558
403232,5487,5567
139671,5496,5562
386341,5506,5562
55575,5508,5568
361021,5755,5820
280430,5764,5830
280431,5772,5835
174811,5789,5841
151610,5942,6032
53751,5943,6017
2763,5946,6023
290225,5960,6019
262248,5962,6017
395058,5962,6050
372715,5963,6032
2762,5970,6032
92104,5978,6031
317835,5978,6034
354523,5978,6037
8819,5989,6059
160959,6000,6073
103797,6064,6160
93936,6072,6147
307624,6151,6268
309589,6293,6376
282282,6298,6349
185601,6298,6352
355779,6299,6378
309590,6300,6387
64880,6302,6389
17984,6341,6389
