320116,136,183
41344,137,189
314539,137,215
141837,139,209
176990,144,226
239055,146,238
55336,147,207
175895,148,215
317510,149,236
199174,152,213
128282,158,238
81494,159,233
214568,161,227
345658,162,219
107438,163,222
107437,163,245
343644,165,215
226693,166,237
37438,166,242
358803,167,248
278056,168,231
121323,172,243
98953,176,244
54185,186,257
323665,187,255
371964,196,325
323449,198,273
314422,199,264
278272,200,280
240827,212,278
348668,215,300
342378,218,287
116827,223,335
394403,258,312
266145,265,326
364162,278,340
78390,294,341
106401,371,479
10764,372,444
266144,379,509
2254,387,505
37439,390,503
385362,392,509
152689,397,509
302597,416,509
318170,424,504
334447,428,509
320732,440,506
2379,442,508
192915,445,500
172931,445,506
98952,447,505
272612,447,508
98435,448,509
1305,545,628
138081,548,627
137,560,628
56311,692,762
386558,730,812
296588,731,825
249886,732,807
192913,732,856
150297,740,856
318171,741,837
82500,747,856
150296,755,856
359088,765,856
2005,776,855
98434,778,856
78388,947,1014
11877,947,1023
364158,947,1049
275699,947,1053
296587,951,1023
97068,953,1012
69958,960,1022
254502,961,1023
192914,964,1076
216415,969,1069
201030,981,1041
157270,983,1049
368540,983,1052
109232,984,1043
239256,984,1070
275282,1185,1254
215385,1187,1249
364161,1187,1257
198941,1194,1298
364157,1335,1402
347142,1478,1562
70854,1478,1573
358805,1478,1587
142083,1479,1571
358806,1479,1582
247004,1481,1561
75468,1482,1557
347140,1483,1560
244419,1486,1547
360842,1487,1548
208513,1489,1566
33535,1490,1568
283491,1490,1571
330561,1493,1573
174065,1500,1566
208514,1501,1587
406791,1506,1587
150295,1508,1580
98954,1512,1562
42008,1513,1571
369647,1514,1583
385494,1516,1563
395358,1520,1586
56309,1522,1587
358804,1523,1588
332099,1544,1587
202987,1638,1712
177693,1638,1716
106400,1639,1708
86776,1650,1706
249885,1684,1790
266622,1753,1808
177692,1880,1986
249884,1893,1985
320894,1900,1987
2618,1903,1974
391535,1904,1965
138949,1905,1966
181969,1908,1969
31884,1908,1974
106402,1909,1962
227438,1910,1966
301888,1910,1972
82499,1910,1987
330557,1916,1983
386557,1921,1980
287127,1921,1984
177694,1921,1986
272804,2051,2135
98955,2057,2127
50274,2058,2143
323663,2058,2147
252096,2059,2126
93810,2064,2126
65154,2067,2128
358807,2067,2149
192911,2068,2159
313087,2071,2134
136871,2073,2174
323664,2073,2180
136873,2075,2176
86760,2077,2141
192912,2077,2158
104481,2079,2169
244420,2083,2138
288558,2083,2174
268910,2084,2140
337275,2084,2144
347141,2084,2178
268937,2087,2146
346140,2087,2167
330560,2087,2178
388892,2089,2165
136872,2089,2176
76150,2090,2146
349156,2095,2181
6579,2096,2179
221774,2097,2164
89591,2099,2160
330558,2102,2174
6577,2103,2166
98878,2105,2162
391533,2106,2185
74805,2112,2178
73424,2113,2175
219599,2114,2183
203243,2118,2183
369646,2120,2188
165969,2121,2182
134573,2122,2183
141283,2165,2240
136870,2176,2241
336033,2190,2242
252094,2223,2307
230629,2235,2325
93811,2266,2323
298639,2270,2325
131188,2271,2323
108731,2284,2325
279317,2354,2398
213963,2355,2397
98431,2355,2401
98430,2355,2404
393737,2355,2409
70852,2367,2414
214729,2372,2414
89593,2605,2674
109231,2609,2672
203197,2719,2763
44445,2728,2792
263331,2949,3004
266623,3072,3131
348669,3078,3135
391534,3091,3172
400921,3119,3207
400918,3156,3210
320895,3157,3221
25272,3171,3225
136165,3195,3269
202988,3321,3407
354108,3323,3393
204232,3341,3406
151077,3342,3408
152690,3348,3409
50280,3356,3406
400919,3357,3424
400920,3357,3433
82757,3382,3457
405751,3396,3475
83171,3399,3470
321789,3403,3450
132024,3405,3469
115635,3406,3467
43984,3409,3459
301639,3416,3477
104973,3481,3549
377021,3486,3556
61142,3486,3559
145675,3490,3561
373259,3494,3572
247187,3495,3563
406128,3495,3566
231089,3499,3550
211837,3501,3552
349337,3502,3565
225409,3503,3550
406127,3507,3561
406129,3513,3572
80162,3519,3580
341618,3598,3645
50273,3622,3699
338502,3625,3693
338503,3626,3687
242243,3854,3905
177690,3949,4038
50278,3950,4031
50279,3950,4045
255425,3950,4049
394402,3953,4041
394400,3954,4031
70853,3962,4049
50275,3964,4069
158015,3992,4049
323388,3993,4048
5469,3993,4054
204233,3993,4059
91509,3997,4057
388893,4017,4110
240375,4019,4079
56310,4020,4107
11830,4023,4089
165970,4030,4109
388894,4031,4134
343442,4048,4121
360844,4054,4104
321731,4055,4144
105363,4062,4134
162005,4069,4130
23105,4073,4131
14872,4073,4144
82754,4076,4138
136869,4086,4154
167865,4293,4353
397799,4299,4357
288543,4598,4666
42733,4614,4675
215392,4694,4756
300790,4695,4747
162008,4696,4757
394401,4697,4771
330559,4703,4774
5470,4704,4750
98316,4704,4762
363300,4706,4812
266143,4724,4773
321729,4744,4818
359089,4750,4819
391537,4757,4823
203244,4759,4819
203245,4760,4818
397801,4766,4829
280945,4782,4860
160019,4783,4852
397802,4855,4916
133989,4901,4967
289508,4956,5015
281415,5127,5199
370498,5132,5202
154213,5134,5201
317511,5143,5209
267925,5144,5217
241957,5149,5195
204234,5217,5276
312367,5257,5319
346138,5327,5381
141284,5455,5510
313089,5469,5566
266621,5484,5556
116828,5543,5605
11878,5576,5645
267949,5577,5627
202986,5579,5646
44375,5584,5650
298636,5584,5661
289509,5584,5674
344953,5625,5688
69637,5629,5700
328606,5630,5694
5467,5640,5703
69960,5754,5831
42639,5760,5829
47065,5923,5979
323450,6147,6224
318172,6150,6216
363325,6159,6210
94707,6159,6239
368716,6159,6242
21443,6160,6231
78389,6163,6237
332681,6165,6227
243164,6165,6233
29484,6172,6237
71957,6172,6240
249887,6173,6224
349157,6175,6236
320896,6210,6293
211839,6216,6293
31886,6246,6295
50983,6277,6339
109229,6366,6442
349158,6367,6424
50272,6529,6642
116826,6530,6630
239054,6534,6599
272805,6536,6603
342182,6540,6604
14874,6540,6636
143509,6541,6605
238243,6542,6606
358109,6543,6605
61822,6546,6617
53287,6547,6608
6578,6549,6649
7737,6550,6618
65157,6551,6610
177691,6552,6619
358646,6557,6618
272937,6561,6605
158014,6561,6631
31885,6564,6622
266624,6564,6650
5471,6565,6617
364729,6572,6649
341670,6575,6650
162006,6694,6779
313088,6699,6766
298638,6702,6763
268938,6703,6768
192917,6703,6785
192916,6704,6787
9582,6706,6769
334446,6707,6802
280819,6708,6797
215386,6718,6786
14871,6719,6783
162007,6725,6791
395357,6726,6783
301638,6728,6793
368303,6732,6798
342379,6734,6820
249889,6735,6785
150655,6736,6828
406792,6737,6820
89594,6744,6813
14870,6747,6818
246947,6771,6816
10274,6772,6821
11876,7077,7136
9714,7077,7140
193375,7077,7149
313090,7112,7204
50982,7138,7209
61865,7156,7205
21444,7248,7309
266625,7460,7522
394399,7741,7791
251055,7741,7797
128873,7742,7794
322718,8467,8514
14873,8508,8557
232056,8514,8600
227437,8517,8562
298637,8538,8602
70851,8538,8608
383921,8541,8618
33675,8542,8616
306134,8543,8604
9213,8544,8606
194777,8558,8619
174240,8564,8626
221773,8667,8733
65155,8676,8741
204235,8684,8774
318169,8691,8777
204236,8703,8774
42828,8706,8775
299884,8707,8772
34142,8709,8784
70856,8709,8790
88134,8712,8780
31887,8712,8785
206159,8714,8788
154131,8716,8784
184962,8888,8951
321728,8890,8974
7738,8899,8962
121495,8900,8974
216778,8908,8979
252093,8920,8982
64272,8926,8991
37251,8936,8982
80463,8959,9010
29090,8989,9071
397800,9007,9062
374215,9009,9075
82755,9011,9068
4178,9099,9160
299486,9140,9204
322470,9145,9208
298371,9145,9213
234266,9345,9415
249888,9370,9432
391536,9370,9440
301640,9431,9508
217783,9437,9507
403328,9437,9515
317609,9438,9501
18617,9441,9509
281500,9442,9516
109961,9444,9512
397588,9445,9527
386559,9469,9574
359595,9477,9596
42732,9478,9586
332133,9481,9575
141119,9482,9546
82498,9483,9587
386560,9488,9579
98432,9490,9566
142082,9496,9560
400917,9514,9583
57660,9517,9597
240826,9522,9586
192918,9523,9584
318173,9523,9587
334448,9528,9589
275700,9529,9637
109230,9532,9627
7736,9535,9600
364160,9546,9632
364159,9566,9632
296589,9700,9758
12192,9708,9774
2710,9714,9773
268941,9715,9772
202030,9931,9997
65156,9981,10054
82756,10007,10067
221815,10008,10059
309249,10008,10070
5468,10023,10080
215389,10151,10217
280820,10160,10218
59636,10236,10311
337279,10321,10384
268940,10333,10400
321477,10350,10412
153200,10357,10424
321730,10357,10432
70850,10375,10445
215390,10379,10448
106399,10381,10434
69959,10383,10452
54145,10449,10507
232057,10463,10530
7735,10506,10572
360843,10508,10584
214728,10542,10598
6576,10781,10832
335505,10979,11036
310623,10999,11069
393738,11096,11141
337280,11147,11210
303314,11154,11206
184827,11158,11208
234106,11161,11236
36158,11161,11240
136868,11161,11252
358108,11183,11229
50983,11217,11289
215388,11269,11343
50276,11275,11356
2617,11276,11341
50982,11276,11358
221214,11279,11363
215391,11279,11392
40786,11280,11361
320897,11280,11369
171519,11286,11350
268939,11287,11370
93809,11288,11349
211838,11289,11366
360845,11290,11357
61865,11295,11352
308262,11295,11364
358801,11323,11437
2619,11331,11431
337277,11336,11433
337278,11339,11443
98433,11352,11451
358802,11365,11444
158685,11366,11449
104972,11375,11449
381500,11381,11442
309248,11382,11457
373260,11383,11446
215393,11449,11536
204237,11582,11643
341669,11598,11685
300789,11640,11694
98772,11655,11710
25,11655,11765
25,11657,11732
42009,11670,11782
25,11675,11740
25,11677,11767
158016,11686,11756
281416,11701,11800
156945,11704,11766
272610,11718,11771
116829,11723,11790
72234,11725,11768
373261,11725,11776
31888,11729,11794
272611,11731,11801
199715,11736,11799
277375,11792,11899
277374,11803,11935
4179,11813,11888
400916,11827,11954
70855,11833,11949
98356,11835,11964
215387,11881,11953
193223,11881,11970
252095,11882,11960
301892,11882,11983
287128,11887,11968
5466,11892,11966
346139,11920,12003
50277,11925,11980
69491,11927,11991
387036,11929,12003
247005,11936,12006
407326,11946,12010
120369,11955,12017
116455,11956,12006
177689,11956,12018
142084,11957,12009
89592,11967,12030
