124846,175,247
300174,178,246
169447,203,246
259269,203,282
291446,205,266
371073,209,284
40149,391,453
287653,398,451
253674,410,468
93171,469,562
397,491,561
133450,492,590
397,503,585
341606,526,646
169898,561,687
205929,571,616
376952,573,637
254256,574,621
27145,577,636
312135,579,648
396920,579,685
151473,580,681
61393,580,691
239633,582,624
110867,582,661
200895,582,706
223733,583,648
382717,583,656
14707,587,710
2379,588,660
374153,592,710
145037,596,666
337224,597,707
105493,598,702
340986,599,724
56473,601,718
79940,602,705
20937,608,707
136274,622,735
116331,655,768
56904,677,775
47685,680,759
200896,718,779
319648,820,928
16625,820,938
341605,820,953
30911,821,887
68186,821,903
332317,821,907
259270,821,934
134838,824,928
91790,825,909
15584,825,939
64831,826,886
289687,827,899
177472,829,892
109017,833,900
61507,836,966
91791,840,944
82134,843,960
926,848,928
192283,848,952
335727,848,960
58473,849,908
285568,853,958
926,855,944
393801,891,1032
134837,893,1015
299970,923,1034
388213,979,1066
73664,979,1081
169897,999,1073
8736,1000,1064
408485,1010,1076
169979,1019,1080
109963,1293,1347
29507,1295,1355
44286,1496,1574
286087,1503,1604
223556,1506,1570
254255,1507,1571
407125,1512,1573
286088,1513,1594
256295,1519,1582
299969,1906,1987
374155,1922,1996
374055,1944,1987
57933,1948,1993
73666,2061,2160
167933,2072,2161
361766,2072,2164
313760,2078,2157
183065,2078,2173
244547,2080,2165
33487,2084,2167
246667,2087,2152
169896,2100,2166
93170,2121,2203
399332,2122,2184
61539,2234,2313
131812,2245,2319
296671,2253,2305
18451,2253,2359
353104,2262,2323
338834,2266,2376
58975,2271,2359
322325,2272,2356
338833,2277,2376
288584,2280,2360
108750,2280,2364
332316,2281,2356
169895,2282,2343
223736,2287,2375
223735,2287,2382
147656,2291,2382
48227,2297,2359
48228,2299,2355
23666,2299,2360
408725,2300,2365
29480,2302,2368
369752,2307,2371
407124,2318,2382
266911,2319,2380
376759,2319,2384
338831,2322,2396
149411,2327,2401
144672,2351,2401
112196,2516,2571
176226,2528,2601
130732,2645,2716
188554,2793,2849
357086,2799,2843
116674,2800,2864
392420,2802,2885
243442,2815,2883
30379,2819,2887
56903,2993,3056
129765,3187,3267
274132,3226,3288
403066,3228,3313
136275,3232,3310
338832,3244,3305
99129,3249,3310
248287,3253,3321
97181,3255,3308
87062,3427,3495
376758,3429,3521
216350,3436,3501
98878,3436,3512
20938,3438,3500
357085,3438,3513
327701,3441,3506
20939,3444,3509
186475,3445,3510
217421,3865,3926
327700,3868,3928
219932,3925,3989
192405,4102,4167
275411,4110,4168
33040,4126,4174
133451,4196,4299
404795,4198,4264
392746,4208,4280
160782,4253,4347
154119,4271,4323
34858,4281,4328
92214,4317,4390
14709,4324,4386
201129,4351,4432
58687,4353,4428
295794,4368,4441
39636,4374,4464
118039,4378,4477
337225,4380,4485
77308,4397,4470
372704,4399,4468
75793,4399,4484
194622,4402,4495
372779,4407,4491
235464,4409,4493
372780,4415,4507
117998,4417,4481
129763,4417,4513
393800,4420,4481
159220,4420,4492
340882,4421,4485
22156,4423,4484
392421,4424,4489
171780,4425,4486
178427,4426,4487
304687,4426,4489
127936,4432,4497
288498,4436,4498
250311,4437,4484
118911,4438,4516
319649,4439,4491
371951,4440,4502
158111,4440,4513
18454,4441,4488
172356,4442,4500
22312,4442,4514
121154,4443,4507
110868,4444,4506
312136,4446,4516
340987,4448,4517
14706,4450,4523
142684,4456,4522
374154,4490,4551
175969,4492,4546
194203,4499,4552
18452,4573,4622
382715,4659,4744
125458,4678,4756
240554,4680,4747
128925,4706,4768
235463,4788,4852
159221,4810,4870
131471,5036,5100
223734,5040,5132
76088,5041,5114
207756,5042,5111
353496,5076,5144
287655,5119,5183
224867,5186,5245
368265,5186,5250
328696,5566,5631
353495,5742,5828
211674,5744,5833
272932,5753,5825
46855,5753,5855
132014,5754,5843
357084,5758,5848
221040,5773,5845
382716,5777,5854
73665,5778,5844
264835,5780,5841
169894,5780,5858
71312,5836,5898
170029,5841,5896
212920,6139,6189
235462,6145,6192
361810,6151,6203
271979,6174,6254
43739,6195,6249
139194,6196,6254
112151,6198,6254
108399,6204,6278
158700,6292,6351
173127,6471,6524
132015,6478,6524
177798,6551,6602
224866,6558,6609
232045,6661,6710
338830,6782,6844
86559,6878,6943
402187,6880,6941
232046,6882,6946
184560,6883,6944
183222,6895,6959
192284,6914,6992
199925,6919,6984
308113,6925,6988
83146,6927,6986
14708,6940,6999
287654,7037,7106
73663,7044,7107
374152,7136,7218
61506,7170,7271
12025,7177,7243
318813,7193,7263
226772,7214,7272
49325,7309,7359
15583,7309,7362
96184,7309,7365
134840,7309,7367
5981,7309,7401
71124,7310,7374
110866,7310,7396
312134,7312,7381
91789,7312,7395
83686,7321,7400
393799,7322,7387
83685,7326,7397
64936,7329,7397
237998,7329,7400
62557,7331,7395
403389,7344,7401
85645,7346,7397
131470,7551,7638
230629,7551,7644
217420,7565,7645
32931,7575,7644
223731,7578,7644
92807,7579,7631
266457,7580,7641
134839,7682,7798
129764,7696,7828
376760,7699,7816
46854,7708,7827
77309,7727,7838
12523,7739,7838
287656,7741,7847
338829,7751,7815
223732,7777,7827
272933,7777,7841
18453,7778,7841
