140190,272,365
314716,273,344
355403,273,357
22748,273,363
653,273,371
206938,289,360
10104,290,365
1305,301,372
137,306,376
22749,309,372
116447,469,541
377946,783,865
179431,787,865
190829,800,863
204518,814,864
216403,821,879
190634,1057,1118
2077,1061,1124
310125,1062,1126
27650,1062,1161
167280,1062,1176
217726,1065,1179
352665,1068,1129
190828,1068,1175
341453,1089,1185
304987,1090,1181
406065,1092,1153
321086,1100,1187
322459,1107,1194
381100,1108,1186
72287,1110,1184
110454,1117,1196
110455,1124,1195
131317,1223,1288
376623,1247,1315
38654,1248,1332
59011,1257,1327
340727,1260,1325
383269,1261,1334
347383,1266,1332
161504,1266,1368
268059,1270,1328
349591,1270,1337
45252,1271,1335
252131,1274,1335
36877,1279,1337
175475,1281,1352
19646,1290,1373
170573,1291,1377
19645,1293,1373
295661,1295,1351
19462,1295,1370
396602,1296,1367
228813,1298,1363
170572,1309,1368
51601,1430,1486
203669,1452,1524
119708,1454,1530
270475,1456,1550
70134,1467,1555
83855,1469,1531
340280,1469,1548
346397,1470,1536
127938,1474,1535
108921,1474,1550
7087,1474,1559
303991,1475,1539
48717,1475,1541
110829,1478,1540
297485,1485,1557
242167,1486,1546
140991,1486,1552
74734,1491,1554
357744,1494,1557
191960,1499,1565
8756,1502,1565
234222,1504,1550
88954,1504,1554
67641,1505,1551
307994,1506,1554
121948,1507,1569
322187,1556,1627
304800,1585,1662
141199,1605,1658
215423,1605,1661
88603,1612,1674
130377,1641,1716
245951,1644,1705
400960,1646,1712
352199,1653,1717
382309,1658,1707
253062,1812,1881
337577,2338,2399
182736,2350,2414
352985,2352,2417
54092,2355,2419
98227,2356,2417
227621,2357,2440
149688,2358,2425
146789,2358,2433
189568,2359,2447
141444,2360,2422
118678,2363,2425
141444,2363,2435
20175,2364,2437
33251,2365,2426
176500,2367,2487
264963,2373,2462
217725,2374,2433
240077,2377,2441
108295,2380,2452
35595,2381,2450
77912,2384,2447
224482,2386,2450
17833,2387,2479
381101,2389,2454
185260,2402,2477
109821,2413,2477
183144,2413,2481
127651,2416,2458
380105,2416,2477
160874,2417,2461
367555,2419,2482
160716,2420,2465
99244,2423,2484
210164,2836,2902
96495,2862,2911
50125,2913,2978
170105,3006,3072
51602,3006,3077
406695,3014,3081
199030,3021,3096
376586,3023,3085
126844,3024,3081
147218,3117,3159
171171,3124,3187
363625,3261,3334
75836,3277,3327
405721,3284,3358
352592,3291,3357
227623,3863,3990
322570,3868,3929
50126,3870,3973
248522,3877,3972
248521,3885,3985
110301,3913,3985
360962,4050,4125
191132,4051,4097
71054,4051,4142
327339,4051,4150
227622,4054,4133
357742,4060,4134
270958,4061,4123
258618,4062,4148
72286,4063,4127
84209,4063,4129
113366,4064,4134
99243,4066,4127
45280,4067,4131
164273,4068,4138
219901,4069,4143
147337,4075,4148
50127,4078,4154
81274,4095,4161
343026,4096,4181
355262,4100,4189
147217,4163,4235
258617,4207,4269
234224,4208,4270
165321,4210,4269
150926,4223,4271
251112,4521,4569
264657,4887,4949
101223,4992,5054
165322,5106,5181
55191,5353,5405
109822,5359,5405
212978,5465,5579
307624,5467,5573
13013,5492,5548
36878,5493,5545
304801,5493,5562
2142,5494,5554
93677,5496,5544
109372,5496,5553
345972,5496,5567
42012,5510,5584
296104,5531,5583
404626,5618,5667
21681,5754,5824
143699,5866,5950
44578,5868,5930
256396,5869,5937
288386,5873,5937
204181,5874,5947
33079,5878,5947
74954,5885,5944
364503,5885,5974
134300,5886,5947
103271,5893,5960
75834,7101,7168
5297,7109,7170
75835,7111,7203
301459,7126,7204
141683,7131,7192
75833,7132,7196
76401,7132,7202
335470,7340,7405
43602,7346,7402
59452,7661,7704
315489,7776,7827
153120,7920,7987
134603,7925,7988
364420,7940,8003
352200,7941,7993
160873,7951,8012
120995,7975,8036
165321,8054,8126
147336,8057,8128
109967,8085,8145
248520,8088,8147
51603,8088,8166
66647,8089,8171
184352,8094,8157
348114,8103,8166
269593,8110,8218
269592,8140,8204
103270,8818,8885
16805,8820,8883
65991,8823,8892
128315,8825,8879
19644,8825,8888
324697,8826,8889
5477,8826,8894
143426,8831,8893
335243,8849,8895
6092,9042,9106
210165,9067,9112
182215,9625,9672
364504,9626,9689
404821,9634,9696
76400,9635,9699
238088,9638,9699
360703,9638,9703
173126,9651,9693
23688,9651,9698
243236,9652,9708
132362,9872,9928
212979,10353,10419
165322,10907,10977
258619,11018,11065
297473,11021,11065
357743,11021,11084
62295,11024,11098
349171,11024,11104
349170,11027,11115
165319,11068,11159
292503,11275,11337
212976,11275,11340
359540,11275,11343
16804,11277,11347
146790,11278,11325
272426,11279,11329
227447,11279,11334
171850,11302,11353
364139,11360,11416
333416,11362,11417
204519,11364,11417
118678,11373,11414
76399,11374,11417
227620,11464,11525
369308,11603,11704
57122,11606,11656
240561,11608,11665
320288,11610,11672
165319,11934,12024
292502,12146,12239
234223,12744,12805
270476,12744,12827
261196,12747,12811
203585,12748,12809
352188,13048,13117
212977,13179,13280
280774,13246,13287
348115,13420,13502
167279,13429,13508
100690,13429,13517
19647,13430,13501
284375,13431,13498
335469,13440,13508
99242,13452,13510
169165,14153,14221
169166,14153,14229
191133,14154,14198
165320,14155,14226
372625,14158,14219
149687,14166,14245
298882,14192,14256
22747,15269,15342
103512,15269,15346
11515,15270,15327
400883,15271,15332
41478,15288,15372
17834,15291,15361
179480,15292,15370
202481,15296,15371
81463,15297,15369
407441,15300,15370
248595,15317,15371
219766,15735,15778
321085,15735,15786
71465,15735,15792
366518,15875,15939
359539,15876,15945
258620,15882,15943
331236,15896,15983
89529,15922,15964
165320,16288,16347
