174549,163,210
222799,163,254
251072,163,262
202413,164,226
239055,164,258
146387,165,213
55336,165,229
5012,165,275
32351,166,239
267233,167,269
165531,169,281
116715,172,269
32352,174,277
304750,179,275
78746,181,279
111038,182,287
107437,183,255
20147,183,267
117879,184,252
239865,194,267
205518,197,255
307904,197,307
370445,202,315
3396,203,268
36893,205,335
55337,211,267
117859,215,329
259797,215,335
77803,219,327
296993,223,294
371681,235,337
397,273,343
20148,351,425
59565,365,423
358992,366,425
321897,371,423
64644,488,550
190712,489,553
137,491,552
198330,769,819
200025,769,824
44817,769,843
269457,770,834
272963,775,866
926,782,877
344300,784,879
382333,797,859
295016,798,879
239054,1286,1340
145308,1286,1344
46722,1286,1346
116713,1286,1349
47342,1286,1351
300226,1286,1356
55969,1288,1351
330566,1293,1359
96513,1303,1383
255781,1321,1383
363026,1458,1531
356530,1489,1547
174930,1492,1561
168673,1494,1565
132790,1495,1562
369790,1498,1553
116714,1499,1555
134445,1499,1563
128905,1512,1565
358991,2177,2239
94064,2210,2285
24342,2231,2293
295092,2240,2291
337181,2241,2286
44816,2242,2294
233857,2622,2693
220801,2626,2691
45034,2628,2685
159934,2636,2697
327203,2639,2705
242906,2640,2709
51005,2658,2706
194198,2661,2720
356520,2662,2708
279812,2806,2882
279813,2806,2885
279812,3021,3098
279813,3022,3108
30601,3029,3108
263237,3034,3092
395526,3035,3114
120811,3043,3107
113635,3046,3109
288568,3048,3111
288937,3052,3108
19610,3098,3161
279816,3121,3219
307663,3161,3225
369271,3167,3225
308095,3170,3224
279816,3511,3613
20146,3577,3632
117478,3589,3650
328514,3630,3698
47998,3639,3703
176035,3648,3702
388265,3650,3727
357768,3655,3718
93841,3660,3727
269456,3660,3757
169695,3667,3732
107734,3669,3718
224531,3669,3730
82549,3669,3732
234399,3669,3757
81143,3672,3757
89758,3674,3727
401000,3674,3733
80086,3674,3735
81144,3678,3760
248494,3678,3765
401303,3696,3760
327063,3703,3766
25927,3705,3784
302654,3721,3796
295689,3730,3796
317946,3835,3877
31823,3880,3972
257168,3883,3973
111500,3884,3948
288262,3884,3968
130496,3889,3966
100977,3900,3971
228854,3905,3966
270337,3905,3972
93844,3906,3961
119581,3906,3965
248972,3906,3969
24126,3907,3971
208233,3909,3972
229019,4151,4236
318448,4168,4235
51163,4193,4238
283369,4508,4587
400004,4509,4570
266716,4521,4625
116434,4758,4827
304333,4768,4854
133558,4775,4845
286997,4782,4856
244457,4788,4850
381647,4793,4858
266060,4795,4856
119579,4796,4858
145152,4798,4861
322254,4802,4883
135992,4807,4882
175837,4817,4887
279820,4821,4900
49198,4826,4921
81050,4828,4901
110693,4828,4914
302653,4829,4912
135991,4830,4919
17068,4835,4917
47410,4836,4898
138667,4837,4914
44677,4838,4911
321896,4839,4902
263658,4839,4904
66933,4839,4921
64873,4841,4908
377073,4844,4915
369272,4845,4921
32565,4852,4920
117860,4997,5055
285210,5004,5073
102803,5021,5089
231773,5027,5084
314618,5030,5103
154144,5038,5100
123283,5043,5108
378575,5049,5103
274165,5055,5099
230699,5069,5135
117076,5073,5136
215178,5088,5148
15140,5107,5165
48632,5107,5168
290452,5112,5169
79044,5119,5170
108863,5371,5452
119580,5387,5453
74040,5388,5446
321983,5388,5451
171599,5396,5453
139430,5416,5489
259609,5420,5483
259608,5420,5491
320848,5420,5499
77774,5458,5523
326234,5459,5522
209599,5462,5527
154379,5464,5529
307549,5495,5556
8058,5500,5556
203581,5500,5567
173630,5500,5570
159789,5503,5567
150355,5506,5568
64872,5507,5614
249846,5532,5598
190439,5534,5597
284961,5535,5606
403832,5544,5595
279818,5548,5642
255736,5566,5633
255735,5566,5640
12567,5568,5624
92502,5569,5630
48634,5582,5648
134446,5583,5636
148645,5592,5640
165213,5592,5643
157019,5595,5649
157020,5597,5647
35344,5617,5688
110694,5689,5775
390258,5690,5767
232617,5704,5787
4805,5712,5786
4804,5714,5789
279811,5849,5941
279814,5857,5945
279815,5858,5941
385791,5976,6039
279811,6020,6093
366476,6117,6181
279810,6122,6194
279814,6123,6197
279810,6248,6313
279815,6248,6317
298330,6434,6499
145537,6463,6540
72783,6495,6564
259506,6501,6579
407994,6507,6570
166941,6509,6579
279821,6560,6639
34378,6569,6638
84135,6907,6964
310124,6907,6968
54666,6907,6977
91144,6908,6971
388397,6910,6967
14750,6927,6981
227510,6931,6982
150124,6931,6985
304549,7032,7091
10094,7099,7168
313948,7099,7174
27052,7101,7183
36892,7120,7172
114420,7121,7174
279818,7121,7212
27051,7150,7212
48633,7154,7211
241004,7246,7318
277528,7386,7481
168422,7398,7472
279237,7398,7492
31087,7403,7466
34377,7403,7477
388769,7403,7489
325187,7404,7491
8040,7411,7472
276951,7413,7478
32354,7427,7489
380400,7580,7641
279817,7853,7929
43352,8153,8215
63631,8605,8660
4529,8623,8677
176874,8623,8683
63414,8629,8697
131438,8637,8704
205607,8642,8728
380398,8652,8724
279809,8670,8770
98762,8676,8736
243662,8679,8760
323210,8764,8836
279809,8774,8873
279817,8776,8846
380401,8777,8841
279820,9005,9066
330638,9006,9050
396239,9313,9380
59243,9987,10054
279962,9988,10049
352122,10001,10057
295690,10069,10131
193162,10313,10380
11760,10318,10392
227509,10323,10414
2011,10345,10405
190985,10346,10418
378056,10354,10418
82531,10558,10621
279821,10817,10908
311667,10837,10888
139431,11144,11217
84134,11146,11214
214143,11146,11225
18587,11151,11225
59564,11155,11216
327744,11159,11224
304340,11162,11224
282012,11181,11245
77344,11352,11412
133601,11503,11555
57887,11675,11746
68541,11735,11788
238772,11748,11810
317945,11749,11819
231000,11756,11824
38127,12116,12162
82530,12366,12442
349565,12366,12450
278831,12367,12425
64121,12371,12437
221809,12379,12442
228359,12750,12812
274786,12753,12816
121150,12865,12937
380695,12876,12944
248172,12880,12943
124585,12882,12931
161285,12895,12957
135989,12988,13036
283605,13115,13180
249847,13116,13188
285283,13117,13180
117858,13123,13211
268079,13126,13179
184880,13131,13191
18586,13433,13496
396238,13434,13532
356030,13470,13532
266061,13852,13918
252539,13873,13920
355168,14145,14207
255732,14175,14231
104982,14253,14314
119578,14255,14350
29409,14262,14333
63632,14271,14352
163860,14272,14335
342548,14285,14360
214884,14286,14368
190711,14291,14353
91277,14293,14360
115511,14296,14360
221808,14300,14363
398708,14301,14364
104079,14383,14430
372914,14576,14645
205715,14961,15019
192898,14962,15031
236988,14993,15051
344301,15008,15078
197480,15012,15067
89570,15016,15067
41000,15110,15232
135990,15114,15207
255734,15122,15229
327202,15133,15253
36054,15137,15203
303026,15138,15230
145538,15143,15205
148198,15146,15218
303027,15147,15235
396237,15178,15246
310123,15185,15259
106665,15186,15254
52506,15186,15268
396236,15188,15253
106664,15195,15256
321982,15240,15311
247665,15249,15312
230161,15273,15338
230160,15273,15362
70074,15390,15474
400635,15404,15471
1747,15407,15474
176875,15412,15476
93843,15426,15478
295873,15429,15492
273580,15437,15484
217044,15717,15762
304749,15717,15781
62092,15717,15784
163833,15718,15776
32768,15719,15790
217045,15720,15764
405469,15720,15788
15026,15720,15792
289474,15721,15784
50512,15726,15791
400420,15727,15790
15139,15727,15794
106736,15727,15798
279819,15728,15796
205714,15730,15791
32353,15730,15793
303028,15731,15792
188167,15733,15796
97420,15734,15793
211977,15745,15795
117857,15750,15804
403990,15844,15905
366477,15855,15920
241176,15868,15929
188739,15870,15927
232642,15870,15932
7810,15871,15940
163835,15872,15951
242845,15873,15949
266059,16129,16227
255730,16134,16201
326611,16153,16215
188166,16175,16217
285284,16333,16392
4821,16365,16432
310659,16417,16482
148309,16420,16479
93842,16564,16643
304339,16654,16718
155292,16806,16872
47343,16856,16914
302703,17269,17324
115208,17350,17404
199585,17363,17424
185357,17371,17428
79718,17374,17425
166892,17374,17428
214789,17378,17437
20444,17381,17430
107264,17381,17441
242247,17382,17431
97653,17382,17450
279494,17386,17453
279819,17406,17456
155293,17611,17697
94069,17713,17771
290951,17789,17849
290952,17789,17857
187552,17790,17855
16798,17794,17854
266866,17808,17872
372001,17818,17879
232258,17834,17895
380399,18194,18301
327201,18202,18265
47344,18210,18296
311101,18230,18293
285209,18552,18620
388396,18876,18923
379908,18880,18948
249797,18908,18970
261649,19073,19133
378055,19224,19292
72340,19354,19409
270171,19355,19424
11796,19360,19428
116712,19361,19432
25812,19364,19435
253722,19364,19439
77345,19367,19429
255731,19370,19439
223058,19375,19437
257167,19600,19683
243279,19603,19690
249848,19607,19693
98764,19626,19691
201997,19648,19707
130032,19648,19710
98533,19668,19770
154266,19683,19748
372000,19684,19763
18814,20092,20147
284616,20101,20178
9134,20107,20179
77343,20121,20180
304338,20153,20207
370877,20275,20353
303025,20277,20362
94143,20279,20344
190984,20279,20358
135988,20283,20350
152146,20283,20383
405468,20292,20355
320477,20298,20361
190962,20299,20352
356490,20302,20390
330567,20309,20388
195503,20312,20396
344697,20313,20390
18693,20314,20415
277858,20317,20399
30855,20320,20398
350012,20323,20397
2360,20325,20386
216812,20326,20388
77315,20326,20409
54134,20327,20395
344436,20328,20401
403991,20511,20575
255733,20711,20807
46226,20926,20984
296684,21029,21116
116960,21061,21123
73594,21064,21126
132246,21068,21122
318304,21068,21126
177716,21070,21115
286072,21070,21124
232338,21612,21676
177213,21612,21678
249438,21821,21882
195510,21822,21884
1401,21825,21879
356709,23415,23468
10398,23415,23497
88543,23416,23480
157021,23440,23496
107779,23448,23492
289049,23804,23904
68254,24408,24460
186745,24442,24502
223059,24649,24702
71444,24657,24719
373465,24763,24825
244553,24816,24890
87362,24836,24899
220483,24836,24914
20445,24846,24918
65212,24857,24920
384739,24857,24932
314617,24873,24935
231001,25348,25401
164095,26163,26216
71445,26165,26221
111741,26263,26325
221810,26278,26340
184243,26282,26340
145539,26318,26381
81824,26801,26853
8701,26801,26856
141779,26802,26848
29266,26802,26855
283310,26804,26865
349906,26808,26873
87522,26814,26868
