301586,335,448
363976,379,475
169793,383,457
20830,396,462
363977,398,530
397234,424,485
191692,434,547
2254,453,566
112981,459,567
21132,468,552
236396,475,567
344800,478,567
267259,484,567
133092,497,566
2379,505,567
1305,593,695
48553,593,699
330341,624,697
341706,628,715
160452,1085,1143
369510,1406,1485
130825,1431,1483
192010,1541,1619
212306,1564,1645
106784,1565,1625
11592,1568,1631
67668,1568,1633
283017,1568,1651
79865,1569,1655
188161,1570,1631
112331,1571,1634
29896,1573,1623
42196,1573,1654
401243,1577,1668
247848,1578,1619
71091,1579,1620
316785,1579,1659
138026,1580,1621
337014,1580,1631
219178,1580,1666
54913,1581,1641
192009,1581,1671
60589,1582,1667
115862,1584,1646
344164,1584,1669
135839,1584,1676
29497,1587,1648
92092,1589,1651
25130,1589,1674
270167,1602,1678
187294,1612,1673
354867,1612,1675
119044,1613,1676
350007,1617,1674
73086,1620,1677
269146,2041,2123
267499,2043,2121
207293,2045,2103
95844,2045,2126
298497,2048,2121
393260,2056,2126
206647,2069,2121
201752,2072,2140
45396,2250,2317
263583,2252,2314
173392,2258,2335
376200,2261,2349
54848,2262,2332
389925,2262,2359
49198,2277,2345
254502,2291,2359
206183,2865,2949
296694,2869,2965
218215,2870,2947
268703,2874,2957
67331,2874,2976
43417,2875,2954
4557,2884,2959
150227,2886,2957
23393,2887,2954
344147,2887,2971
331951,2899,2966
376734,2902,2965
67332,2904,2992
373718,2907,2953
12470,2911,2961
269150,2911,2969
209130,2911,2996
265487,2912,2975
55581,2913,2981
193552,2916,2967
224866,2916,2977
118767,2916,3004
250699,2917,2979
102062,2919,2999
257683,2920,2993
6332,2920,2997
355008,2929,2996
309544,2930,3003
6333,2931,2998
361249,2934,2999
279614,2935,2996
153704,2940,3003
276441,2940,3005
165229,2954,3043
95500,2955,3024
163912,2958,3031
356266,2966,3025
187295,2966,3048
15370,2970,3037
350004,2978,3042
22910,2988,3039
247850,2989,3055
247849,2989,3082
169795,2994,3040
51553,3103,3185
259379,3104,3178
23393,3106,3171
344147,3107,3186
187426,3109,3182
78568,3110,3172
296695,3111,3188
24895,3112,3193
354866,3114,3171
42931,3116,3189
126040,3118,3186
86986,3121,3181
107032,3121,3188
373717,3122,3180
393186,3124,3189
58964,3130,3184
35016,3130,3196
289817,3131,3182
350969,3131,3187
187425,3133,3205
281833,3134,3203
67666,3136,3184
389616,3136,3194
26888,3137,3190
382280,3139,3226
169794,3140,3209
9009,3140,3214
90296,3143,3217
282944,3144,3187
218503,3144,3204
389115,3145,3206
81621,3149,3202
322712,3149,3205
53977,3150,3192
344166,3168,3233
166253,3236,3303
190845,3241,3302
112332,3408,3488
135841,3440,3508
340299,3446,3527
11593,3448,3526
243943,3517,3577
382282,3553,3631
346775,3582,3634
19720,3584,3647
407866,3921,3968
316151,3923,3968
217287,4188,4267
21444,4534,4592
344157,4535,4599
389615,4543,4604
312627,4752,4798
57891,4864,4935
36049,4865,4938
340298,4873,4934
42932,4874,4939
389926,4878,4947
316786,4912,4978
360069,4926,4975
67055,4936,4979
67086,5139,5213
214546,5139,5229
269149,5268,5346
317810,5273,5338
376199,5418,5508
238564,5430,5507
247264,5435,5508
187297,5445,5504
2647,5446,5493
185567,5448,5493
307554,5449,5498
175802,5710,5777
5084,5718,5782
299806,5725,5803
360070,5747,5820
350975,5777,5839
147411,5778,5844
25131,5779,5852
319903,5780,5838
179322,5785,5846
133225,5788,5849
247851,5801,5853
238431,6300,6379
218214,6301,6388
238432,6306,6389
238430,6317,6384
386555,6320,6389
135843,6326,6390
350976,6327,6388
187292,6327,6405
9525,6328,6389
187287,6331,6394
4468,6350,6408
11590,6350,6411
395860,6351,6414
91516,6356,6399
183090,6356,6407
241888,6357,6409
317809,6477,6532
344162,6576,6623
190457,6713,6770
163911,6714,6763
132269,6714,6772
298496,6714,6778
407867,6762,6832
382278,6903,6955
48552,7049,7131
135842,7067,7154
302134,7076,7141
112333,7205,7318
234230,7211,7297
157862,7259,7319
218026,7271,7318
158125,7279,7347
11591,7361,7422
350005,7368,7431
187288,7495,7572
188160,7502,7578
344159,7503,7596
372496,7528,7631
301587,7563,7620
187289,7563,7628
9521,7600,7665
306670,7609,7667
207294,8167,8233
212305,8240,8294
333156,8434,8489
252344,8434,8495
215955,8496,8546
316784,8501,8572
218210,8514,8574
199293,8517,8578
178467,8536,8613
331388,8552,8608
30429,8554,8602
11589,8658,8767
108639,8662,8736
72053,8664,8725
180795,8665,8764
350973,8667,8729
230023,8673,8727
344161,8704,8774
67669,9011,9056
19060,9013,9056
171678,9013,9059
350966,9109,9177
269147,9232,9295
61933,9291,9353
87738,9295,9358
350970,9888,9945
344157,9892,9950
316779,10310,10371
340297,10320,10371
112980,10332,10395
103310,10334,10379
316783,10513,10591
313825,10514,10593
252936,10519,10589
339009,10773,10833
201753,10773,10835
24896,10773,10847
159564,10777,10828
192014,10778,10858
344158,10779,10844
117550,10782,10833
203668,10783,10854
246450,10788,10845
192015,10790,10877
64152,10797,10844
218216,10798,10875
23722,10810,10877
201751,10914,10970
344165,10977,11043
362673,11096,11159
192016,11226,11285
218213,11227,11286
281809,11227,11288
78569,11233,11288
238428,11330,11385
344151,11330,11414
344150,11330,11450
344153,11365,11426
341707,11366,11421
316782,11397,11455
180794,11418,11484
350974,11426,11499
218211,11430,11510
153739,11432,11500
121235,11439,11500
237134,11441,11512
73859,11441,11517
9830,11447,11509
297341,11452,11526
68363,11453,11521
23174,11454,11531
42572,11456,11522
248069,11456,11550
134454,11458,11510
186260,11458,11522
401244,11458,11527
46060,11458,11542
187285,11462,11552
10658,11471,11532
165553,11477,11546
170374,11484,11545
130826,11484,11547
268704,11661,11720
189536,11668,11740
237755,11739,11817
179136,11742,11807
307551,11755,11818
135840,11762,11819
293877,11981,12032
254503,12142,12198
339007,12142,12227
351633,12146,12197
316778,12485,12547
218209,12485,12567
341708,12486,12541
187296,12487,12539
218208,12488,12555
188159,12492,12540
344150,12505,12624
153738,12823,12880
344151,12823,12904
17444,12925,12973
26124,13075,13145
335504,13136,13204
192011,13136,13210
382281,13148,13237
350967,13150,13202
22911,13152,13250
344160,13163,13231
170639,13193,13265
72145,13217,13262
396769,13218,13277
307552,13453,13515
344159,13702,13805
344153,13713,13771
169797,13715,13797
316777,13716,13794
187290,13719,13781
169796,13720,13797
269148,13727,13820
27596,13730,13823
45289,13734,13838
283016,13734,13846
283015,13742,13846
313826,13745,13823
60854,13753,13854
354865,13757,13870
78452,13767,13848
150226,13772,13855
238424,13772,13865
316781,13777,13840
376733,13779,13841
340295,13780,13853
382283,13783,13848
317147,13784,13842
169029,13784,13853
121234,13792,13854
172272,13795,13846
237917,13796,13844
144648,13798,13847
340296,13799,13862
71957,13802,13866
71956,13803,13868
206182,13945,13995
150225,13961,14021
291200,13982,14039
344156,14011,14091
394343,14043,14118
35518,14044,14110
274204,14062,14123
238425,14094,14152
56829,14702,14755
365712,14705,14766
344163,14969,15039
263713,15161,15211
238427,15166,15230
317808,15187,15242
153738,15188,15250
344154,15188,15291
16318,15193,15269
57892,15394,15462
319722,15513,15568
316780,15599,15672
25135,16026,16072
67612,16039,16092
85268,16050,16114
187293,16091,16156
341709,16096,16194
187286,16103,16192
67667,16107,16179
192012,16109,16189
238433,16124,16194
48551,16129,16195
78570,16130,16191
153740,16131,16189
376732,16150,16195
16118,16227,16279
135836,16332,16413
350963,16332,16419
192019,16335,16420
126039,16336,16405
192017,16336,16432
253985,16338,16422
224777,16341,16397
187291,16341,16411
376731,16341,16427
150165,16342,16406
226697,16348,16397
179135,16348,16413
112978,16354,16418
172271,16356,16417
40077,16359,16431
268707,16361,16419
350006,16363,16425
222118,16366,16427
247852,16368,16420
187424,16368,16432
344158,16372,16435
12154,16373,16419
248071,16373,16427
112334,16395,16461
344162,16397,16458
238429,16401,16461
316776,16466,16525
147410,16467,16548
344155,16467,16553
25132,16470,16544
3992,16471,16534
344164,16472,16551
60588,16475,16544
2120,16495,16558
93403,16498,16558
302135,16502,16557
174687,16655,16729
168717,16656,16719
293878,16676,16728
238434,16705,16767
269144,17085,17193
18282,17088,17172
192013,17088,17185
43419,17091,17168
350972,17101,17169
355007,17120,17175
109569,17121,17185
150224,17121,17187
288325,17124,17194
172270,17288,17351
350965,17293,17356
268705,17590,17653
310257,17761,17838
108638,17766,17833
238426,17770,17819
170375,17804,17865
344154,17845,17937
344156,17846,17921
163908,17881,17965
102778,17897,17965
21387,17900,17963
43418,17911,17964
187284,17927,17981
318835,18165,18222
344161,18425,18483
112977,18426,18481
112979,18426,18510
218212,18427,18508
31233,18427,18519
212303,18431,18493
318836,18434,18514
350971,18454,18507
174771,18457,18514
11588,18457,18519
63580,18458,18512
188158,18616,18691
42929,18620,18696
42930,18620,18699
380304,18626,18688
16466,18630,18692
67056,18631,18696
73069,18631,18699
301585,18635,18707
64562,18645,18728
264388,18652,18737
116217,18653,18719
228779,18661,18740
282714,18666,18737
25133,18668,18752
193735,18671,18741
67591,18673,18734
261148,18676,18735
114980,18676,18737
344148,18679,18751
83642,18682,18749
297496,18693,18751
344148,19002,19060
269143,19011,19088
174772,19019,19083
307553,19024,19085
35986,19161,19225
16150,19168,19219
291201,19434,19501
32293,19435,19486
121233,19439,19488
279919,19440,19485
170373,19447,19504
108637,20067,20130
301582,20081,20131
198936,20165,20250
373719,20167,20231
344155,20169,20256
250842,20187,20254
163910,20191,20250
174770,20191,20257
22912,20195,20251
16151,20195,20254
51551,20196,20249
382279,20386,20443
247853,20439,20523
344166,20459,20522
329937,20622,20693
317807,20643,20708
121236,20653,20708
83710,20674,20763
344799,20677,20753
141889,20678,20741
339006,20681,20758
83711,20683,20774
201750,20697,20760
163909,20699,20758
237918,20710,20778
368125,20711,20780
77307,20715,20779
355006,20862,20942
85269,20863,20929
269145,20868,20938
25134,20869,20932
268706,20870,20928
168716,20876,20928
350964,20889,20942
344160,20986,21045
96614,21343,21414
134453,21347,21413
192018,21347,21416
153737,21350,21413
92539,21351,21411
317082,21353,21417
25137,21358,21417
64560,21359,21414
350968,21360,21416
7173,21788,21842
331389,21996,22058
43416,22251,22313
152509,22275,22317
273597,22655,22713
238563,23152,23212
311097,23156,23211
389930,23157,23257
389927,23196,23252
126038,23480,23564
234229,23481,23541
43415,23481,23554
174769,23492,23544
218206,23493,23554
350962,23493,23567
20829,23494,23559
51552,23497,23572
174077,23514,23573
212304,23600,23655
234228,23605,23666
169804,23609,23672
350958,23624,23670
287354,23762,23818
12194,24674,24723
100424,24823,24888
267262,24978,25040
267260,24994,25065
267261,24996,25061
134449,25000,25065
248070,25033,25097
266683,25049,25110
231665,25058,25119
192021,25060,25139
150223,25062,25118
25138,25110,25196
35992,25574,25662
347421,25589,25650
350959,25606,25667
64563,25611,25667
344152,25765,25859
198937,25814,25877
200445,25952,26030
12153,25957,26011
258586,25982,26048
344165,26014,26078
238423,26238,26311
320438,26258,26325
141135,26302,26361
317805,26471,26528
167152,26581,26630
382276,26666,26726
180796,26684,26757
382277,26685,26739
1740,26691,26772
389928,26756,26817
25140,26758,26819
132498,26759,26834
222011,26780,26837
389931,26782,26836
350961,26788,26857
91423,26792,26838
192020,26792,26842
344149,26821,26885
11587,26967,27048
270166,26968,27041
245937,26972,27039
248072,26975,27046
112335,26983,27049
397233,26985,27049
192022,26987,27049
78571,26990,27057
187283,26993,27059
355005,27154,27207
344149,27159,27208
300440,27754,27801
79400,27790,27844
354864,27823,27898
344152,27824,27903
218207,27824,27911
121668,27918,27977
278824,27919,27980
376730,27925,27980
121044,27926,27969
283914,28030,28081
331390,28030,28096
196201,28030,28106
350960,28034,28102
387247,28045,28108
317806,28287,28353
316775,28288,28363
344163,28683,28757
174078,28896,28970
289818,29041,29113
316758,29392,29449
25468,29400,29459
44748,29407,29492
135837,29416,29483
301584,29422,29492
135838,29439,29487
51550,29529,29593
389929,29534,29610
188157,29555,29617
51488,29561,29612
395861,29562,29624
51549,29563,29611
25136,29563,29613
369630,29567,29628
201749,29574,29639
148085,29575,29618
75932,29577,29639
224867,29685,29750
21784,29691,29764
31906,29709,29794
350957,29715,29817
69803,29718,29772
268708,29754,29824
180793,29760,29809
163907,29761,29855
241889,29763,29826
180792,29763,29843
48550,29768,29838
64561,29774,29850
152994,29775,29826
287355,29778,29872
62393,29784,29848
406462,29789,29853
339008,29808,29860
1696,29809,29871
21928,29816,29881
36905,29816,29898
169808,29817,29876
121669,29822,29923
25139,29824,29880
150164,29826,29919
78572,29827,29889
31834,29829,29919
24897,29830,29887
89466,29830,29895
378485,29830,29899
301583,29831,29881
1560,29833,29921
4504,29846,29917
3001,29855,29919
147409,29861,29911
81622,29861,29916
1739,29862,29925
133224,29866,29934
140007,29867,29911
15371,29867,29929
333157,29867,29945
213728,29868,29932
246242,29869,29934
122346,29872,29931
52007,29873,29920
199294,29874,29939
96698,29874,29944
122345,29875,29932
337991,29876,29934
39202,29877,29931
67590,29877,29942
21035,29878,29950
