323138,1027,1120
17098,1589,1658
323132,1636,1695
87629,1758,1845
275778,1762,1853
408326,1779,1841
85461,1780,1842
331706,1782,1843
214976,1783,1854
261563,1785,1842
66650,1795,1863
34237,1824,1898
362279,1840,1902
18607,1845,1896
195045,1846,1911
211312,1850,1913
87630,1851,1917
68209,1856,1914
323134,3099,3197
120469,3101,3193
65481,3106,3178
78955,3107,3182
3486,3116,3182
323419,3119,3178
3207,3122,3183
17545,3150,3207
323135,3304,3376
259413,3315,3409
323133,3333,3439
108866,3344,3424
98792,3348,3439
389393,3356,3421
376737,3359,3423
134184,3360,3431
34862,3364,3432
248830,3482,3540
199166,3492,3553
396395,3493,3545
94376,3495,3541
155682,4067,4129
25324,4400,4463
212398,4442,4496
345391,4459,4505
323132,4688,4757
323130,5070,5135
323129,5103,5166
84673,5365,5426
323128,5456,5565
170651,5844,5922
243326,5845,5943
165335,5857,5922
154137,5859,5922
276216,5864,5932
163546,5870,5965
395700,5874,5933
353430,5884,5943
80886,5887,5966
405337,5890,5965
242710,5893,5971
98375,5895,5956
81537,5895,5965
100916,5897,5963
108867,5899,5972
386994,5902,5964
13152,5902,5966
323127,6191,6275
323134,6338,6426
259414,6369,6446
323133,6372,6484
119389,6378,6456
252683,6383,6457
207675,6385,6467
98792,6386,6485
287896,6389,6481
104534,6393,6459
42151,6395,6462
276555,6396,6457
279779,6398,6464
294178,6398,6488
323135,6590,6653
242184,6718,6804
323127,6720,6802
402959,6721,6807
366502,6738,6806
323126,6962,7033
323128,6966,7083
360514,7007,7070
323126,7195,7264
335829,7264,7325
190380,7264,7336
202035,7267,7338
107026,7270,7333
407593,7275,7335
196059,7289,7359
323138,7344,7422
9647,7350,7418
323132,7463,7528
128245,7475,7536
323130,7599,7653
323129,7624,7679
265451,8025,8088
207677,8028,8105
140519,8032,8106
323137,8115,8236
237199,8509,8555
367705,8672,8735
242183,8727,8776
18552,8733,8791
95595,8734,8800
192936,8749,8800
294977,8832,8898
182482,8868,8942
267021,8874,8943
223054,8882,8943
358145,9106,9147
303165,9267,9328
207676,9629,9695
61651,9677,9748
253999,9687,9747
242963,10026,10086
131474,10027,10106
34019,10040,10107
319678,10044,10106
7664,10047,10137
49179,10068,10122
333758,10684,10763
305997,10688,10756
339580,10689,10778
143421,10692,10785
19523,10694,10767
192089,10701,10775
330192,10705,10776
76599,10708,10770
152344,10712,10780
321296,10715,10776
39585,10746,10820
323136,10750,10820
146246,10879,10928
357703,10891,10946
396172,10891,10953
323421,11006,11061
120545,11009,11081
323420,11012,11061
331705,11445,11503
115207,11647,11709
125528,11681,11733
343101,12064,12120
75539,12504,12565
156098,12681,12734
381073,12686,12732
379981,12880,12940
283568,13233,13287
390303,13237,13304
72051,13243,13307
311962,13261,13322
140520,13272,13332
265450,13272,13334
101078,13351,13416
128244,13840,13917
346399,13844,13918
364716,13847,13908
132993,13852,13917
25903,13866,13908
163545,14104,14169
107333,14201,14270
33088,14209,14278
279978,14209,14287
186193,14210,14281
173919,14211,14266
94736,14219,14280
195045,14221,14276
186192,14223,14281
208487,14223,14300
386993,14225,14273
207299,14225,14282
53977,14232,14287
358262,14234,14290
323136,14272,14324
323137,14272,14391
122663,14333,14395
176940,14981,15052
100291,14981,15065
242182,14982,15047
100292,14983,15061
161798,14988,15065
161797,14990,15055
232241,14991,15069
106015,14996,15066
232240,14997,15068
265452,15005,15068
212932,15377,15462
122086,15384,15438
212931,15388,15461
122629,15688,15750
202144,15728,15789
322643,15738,15798
396165,15746,15796
323131,15922,15983
232240,15922,15993
242181,15924,15995
199360,15934,15994
132841,16084,16134
148262,16090,16152
177990,16903,16973
270060,16915,16993
214400,16922,16985
21148,16924,16987
214606,16925,16981
166323,16925,16989
221748,17137,17200
81536,17217,17269
276215,17220,17274
218070,17226,17282
137172,17270,17335
242417,17288,17340
124065,17288,17346
396705,17290,17351
176617,17291,17346
67433,17300,17370
161797,18489,18547
323131,18494,18547
342651,19051,19113
279979,19053,19122
254092,19216,19271
109953,20625,20669
152611,20640,20693
35436,21005,21092
187994,21027,21090
194067,21037,21102
343351,21042,21098
234435,21047,21107
370882,21240,21310
102850,21241,21322
