303137,126,194
269078,130,191
306947,131,199
253767,133,215
253766,137,215
264187,138,199
383397,141,202
405705,142,206
127814,144,212
237861,149,224
70465,151,214
308618,153,249
15646,155,257
308617,158,247
10447,159,234
50764,161,230
231508,161,257
230023,162,235
44868,164,242
76919,165,227
32752,167,230
294089,167,232
325212,169,233
216230,171,254
117457,172,234
61355,174,243
59917,176,240
203753,179,273
135377,182,261
216229,184,255
343452,190,268
323411,442,499
66929,706,772
190912,706,783
158822,706,788
319135,706,800
263430,708,769
926,715,811
213247,723,801
221824,879,927
269526,879,929
313746,879,957
73884,879,967
295214,879,971
221622,880,941
198492,880,953
44815,880,980
8736,881,948
229980,881,970
123538,882,977
23217,883,951
298434,883,979
54494,884,945
1825,884,973
51879,886,948
25940,886,958
30675,887,938
319136,892,974
119558,893,971
14123,918,979
119560,1149,1223
286647,1150,1246
181592,1151,1240
308615,1173,1231
86684,1186,1260
6441,1291,1351
72451,1291,1353
407760,1427,1484
377438,1443,1505
114996,1458,1524
387254,1872,1965
74622,1887,1942
387253,1897,1962
215372,2080,2166
84778,2105,2165
272702,2127,2250
54151,2132,2200
109187,2140,2206
381684,2141,2235
294088,2142,2202
402826,2142,2204
68534,2143,2206
327040,2143,2214
29639,2143,2220
68536,2145,2203
58913,2145,2222
402352,2149,2260
196242,2150,2236
251113,2150,2241
408077,2150,2251
137650,2152,2232
187788,2152,2240
216015,2152,2249
406193,2157,2231
308616,2159,2243
400674,2164,2257
41877,2164,2263
77074,2165,2222
334111,2165,2229
30717,2165,2232
326976,2166,2235
359858,2166,2242
358975,2168,2257
385743,2170,2266
270813,2172,2243
262991,2172,2261
166930,2172,2268
14414,2173,2237
112027,2176,2281
74621,2178,2261
305206,2180,2242
25688,2180,2289
150652,2182,2233
349734,2182,2246
387197,2183,2240
147279,2183,2247
374075,2183,2282
358978,2184,2237
382218,2188,2265
232865,2188,2282
91294,2188,2285
42937,2199,2291
6927,2203,2264
272700,2206,2271
33466,2207,2272
306948,2207,2282
272701,2208,2274
207324,2209,2271
288495,2209,2297
183402,2211,2290
22156,2214,2261
264778,2215,2268
117145,2215,2277
166873,2216,2291
88673,2218,2277
247357,2219,2286
188646,2220,2281
400676,2221,2282
23690,2222,2288
272698,2225,2287
142499,2229,2275
137651,2229,2283
387255,2230,2282
54152,2236,2285
302910,2237,2295
189045,2238,2297
394272,2413,2492
68535,2464,2511
286646,2567,2630
264186,2570,2643
129256,2585,2646
99418,2609,2676
7120,2641,2710
115757,2645,2713
253763,2647,2719
23105,2648,2712
78084,2649,2720
44284,2694,2789
147280,2704,2781
275184,2731,2782
327037,3025,3091
310481,3053,3130
194287,3064,3127
119559,3065,3129
103066,3070,3125
36150,3072,3118
36151,3076,3120
95105,3134,3192
1160,3152,3194
277053,3233,3280
327038,3438,3501
84779,3615,3681
67243,3631,3683
402353,3633,3696
26789,3746,3809
180656,3761,3825
58911,3762,3811
28893,3798,3853
186082,3798,3866
292462,4101,4162
370357,4140,4200
30258,4202,4282
358977,4279,4351
352920,4280,4357
237862,4284,4358
15647,4284,4374
44282,4290,4370
43223,4294,4372
122669,4296,4376
32753,4303,4395
61357,4308,4392
217469,4310,4371
286598,4310,4374
61356,4310,4399
32754,4311,4377
211564,4314,4370
317106,4315,4423
242427,4322,4389
325213,4328,4390
237758,4488,4569
118215,4490,4549
12157,4491,4556
172782,4492,4566
99443,4814,4874
352921,4830,4889
310516,4842,4906
118214,4843,4908
374984,4845,4919
40454,4856,4915
320557,4861,4919
160281,5110,5175
341843,5110,5205
98279,5120,5195
131806,5120,5199
380542,5122,5203
32338,5124,5185
231770,5127,5184
276517,5129,5182
54150,5130,5201
306147,5131,5207
398365,5134,5205
262992,5136,5201
324699,5142,5204
279320,5144,5205
317105,5145,5207
228316,5243,5307
400818,5244,5314
336291,5245,5309
26690,5247,5310
65543,5407,5482
237863,5432,5495
150335,5747,5801
222823,6335,6396
272697,6470,6542
379465,6472,6543
294087,6480,6541
110931,6480,6544
53474,6490,6543
156956,6593,6676
183403,6600,6669
168158,6621,6716
237864,6636,6718
73527,6653,6729
396794,6656,6727
402354,6682,6726
6438,6728,6797
167297,6734,6805
194288,6749,6811
10602,6758,6810
196243,6774,6836
137653,6885,6958
161731,6887,6946
137654,6892,6958
302911,7082,7143
44285,7093,7156
99417,7099,7158
137652,7103,7159
70466,7104,7157
312457,7108,7196
47827,7255,7319
34422,7255,7324
25328,7256,7315
320284,7258,7313
256803,7260,7317
141184,7261,7323
160773,7269,7322
61354,7270,7358
81051,7272,7356
61353,7290,7349
139952,7292,7357
284435,7305,7362
16789,7371,7440
248031,7372,7433
213246,7374,7436
212759,7376,7442
321803,7385,7457
171853,7389,7453
204836,7394,7457
379982,7406,7467
43594,7460,7532
240693,7641,7741
189089,7664,7740
39763,7665,7730
20367,7674,7753
25689,7675,7757
23900,7680,7754
40453,7681,7735
133871,7682,7742
24237,7689,7753
44283,7689,7755
222822,7690,7754
292463,7692,7750
215369,7695,7751
372665,7699,7753
84039,7706,7758
374985,7913,7979
290342,7920,7981
387196,7927,7981
167691,7931,7981
312922,7944,8005
308949,8013,8083
126393,8029,8090
147281,8106,8167
341842,8116,8166
180329,8129,8182
95106,8131,8197
329130,8132,8202
356586,8136,8198
42766,8176,8241
148486,8178,8244
251114,8180,8270
370105,8181,8243
387195,8184,8276
400675,8188,8253
392395,8189,8275
272694,8190,8270
344911,8207,8278
272696,8209,8272
165419,8211,8275
129257,8212,8277
159073,8215,8278
306110,8215,8281
306330,8217,8281
133013,8224,8279
153244,8224,8285
235617,8230,8287
387194,8364,8429
95104,8365,8419
32339,8368,8435
137656,8371,8435
156955,8376,8437
192747,8377,8450
216229,8379,8430
139110,8620,8671
370104,8750,8801
123537,8757,8799
393394,9013,9090
352925,9117,9202
98277,9336,9408
358976,9343,9409
311821,9344,9478
39763,9395,9468
352924,9396,9482
392394,9413,9481
137655,9414,9490
215370,9418,9485
148100,9419,9480
127639,9421,9480
399127,9421,9485
346265,9426,9484
285307,9427,9488
100506,9428,9489
380162,9440,9513
6440,9468,9534
272692,9487,9554
286604,9500,9577
141553,9503,9564
379464,9504,9582
229756,9505,9566
98278,9505,9591
6439,9507,9573
148487,9521,9573
387192,9646,9705
156957,9662,9723
308614,9677,9740
182962,9679,9740
182961,9679,9742
36208,9684,9752
392393,9685,9739
325832,9688,9749
325833,9690,9751
61331,9692,9744
146519,9693,9754
292889,9700,9755
402356,9762,9833
277055,9763,9818
294086,9771,9836
387193,9772,9817
387191,9785,9836
402355,9790,9836
311822,9882,9930
61358,9884,9939
215371,9888,9945
272699,9916,9976
352926,10482,10546
70467,10490,10557
264156,10729,10792
358350,11053,11119
242428,11056,11127
6042,11059,11115
285306,11099,11203
95102,11166,11219
358351,11172,11220
206445,11287,11394
183404,11293,11400
374076,11296,11404
352923,11303,11402
87679,11315,11390
189044,11334,11400
262989,11338,11417
272693,11339,11403
148484,11343,11442
29300,11346,11429
126565,11349,11449
298882,11352,11422
95103,11353,11424
221587,11353,11430
137657,11353,11436
148485,11353,11449
99416,11356,11442
277054,11357,11432
95101,11365,11428
213199,11366,11434
327039,11380,11443
63447,11382,11451
269077,11404,11472
272695,11406,11470
9189,11446,11517
9190,11450,11517
168706,11456,11509
98275,11461,11516
100771,11464,11508
379463,11464,11550
222824,11468,11536
5080,11473,11542
216230,11480,11543
15648,11480,11545
117306,11480,11548
30259,11487,11565
232864,11725,11793
352922,11844,11905
98276,11845,11911
352927,11846,11928
308950,11858,11927
132607,11861,11935
153245,11862,11927
262990,11942,12028
229755,11957,12030
78643,11957,12034
58912,11960,12027
353923,11961,12010
404595,11972,12023
103207,12073,12132
8436,12075,12145
240473,12076,12138
169860,12084,12147
242251,12089,12142
99415,12090,12149
166290,12093,12149
10448,12097,12149
222821,12100,12149
5079,12277,12355
394271,12281,12353
360404,12326,12377
206446,12631,12694
5081,12633,12694
