91612,248,311
427,248,315
361175,249,312
212490,250,319
146903,255,315
18239,260,311
2379,413,472
286314,414,465
291048,712,816
171540,866,912
262018,1207,1270
328948,1211,1272
319303,1222,1279
156643,1226,1285
254949,1284,1343
216798,1568,1631
61057,1569,1640
38049,1571,1636
146005,1572,1644
61058,1574,1640
4394,1574,1643
38050,1578,1640
59887,1581,1643
202352,1582,1654
240090,1595,1686
15415,1596,1691
188938,1606,1696
59033,1644,1710
130549,1645,1731
223795,1750,1802
216939,2010,2081
369448,2068,2133
372233,2080,2146
169730,2083,2154
242686,2084,2152
93527,2085,2146
263351,2088,2153
286208,2090,2154
398687,2092,2145
15382,2092,2154
62350,2098,2153
115335,2101,2154
59336,2105,2154
93526,2107,2154
354165,2439,2488
327530,2439,2490
173286,2439,2497
161860,2440,2500
382982,2441,2497
344515,2441,2507
103864,2441,2511
22289,2444,2490
165349,2447,2491
164343,2557,2619
277713,2559,2635
293473,2563,2618
344294,2564,2643
272220,2567,2621
258879,2568,2641
215078,2569,2638
276816,2570,2652
10972,2574,2635
379895,2574,2647
113518,2615,2680
14435,2633,2693
391645,2804,2911
240219,2820,2916
219149,2838,2883
165435,2843,2899
71812,2849,2911
258880,2954,3016
118022,2973,3045
182705,2994,3055
309849,3256,3318
160703,3546,3605
291047,3549,3637
371182,3562,3633
371183,3582,3638
220196,3592,3666
273173,3605,3667
221607,3619,3670
372034,3644,3704
240218,3680,3734
137578,3832,3902
139459,3838,3902
291046,3839,3901
305404,3842,3913
3658,3849,3902
300501,3850,3900
232284,3852,3915
342865,3873,3954
391776,3877,3940
139024,3892,3976
102839,3907,3978
199665,3998,4060
125845,4163,4239
291249,4236,4307
377846,4366,4426
265169,4366,4439
269874,4367,4441
377847,4373,4447
268238,4374,4436
377848,4374,4449
139023,4393,4450
88989,4398,4451
245269,4614,4664
30819,4717,4782
203,4719,4775
297832,4719,4780
291044,4719,4782
194583,4720,4781
351893,4979,5042
160719,5000,5057
141559,5011,5078
147849,5031,5073
383513,5123,5192
229272,5160,5214
35089,5161,5220
394127,5189,5237
162149,5229,5303
222147,5233,5307
214572,5234,5296
291043,5237,5317
59034,5240,5309
396416,5263,5327
301588,5266,5324
327473,5270,5325
304718,5301,5366
154650,5367,5480
100279,5385,5450
155678,5411,5497
79833,5413,5498
145338,5415,5491
291042,5678,5751
291042,5747,5828
39523,5757,5821
93297,5837,5903
124699,5840,5901
223567,5841,5903
358135,5841,5909
169319,5845,5901
373707,5974,6037
291044,6051,6121
18124,6095,6185
379896,6113,6186
227386,6368,6434
227718,6370,6433
203125,6371,6426
399092,6372,6434
102899,6379,6443
229629,6379,6459
291043,6380,6471
304501,6382,6457
229631,6382,6460
222146,6386,6470
83632,6392,6455
257401,6392,6457
324470,6395,6458
352500,6397,6459
229632,6399,6458
229630,6399,6463
4051,6403,6465
147323,6405,6486
29459,6415,6458
404447,6427,6495
360118,6437,6504
395872,6809,6871
291045,6820,6896
230857,6831,6888
25061,6998,7062
11198,6998,7094
266966,7000,7061
372914,7001,7070
89246,7010,7076
157357,7020,7081
195802,7024,7086
301809,7348,7397
142695,7448,7491
286315,7505,7557
250106,7532,7599
50298,7547,7601
253779,7651,7712
242099,7654,7745
308123,7664,7768
295428,7665,7747
329695,7668,7748
93528,7679,7747
52248,7682,7756
370740,7683,7777
170108,7687,7748
395160,7688,7751
173075,7688,7757
321917,7690,7789
14394,7692,7758
352665,7693,7753
41230,7694,7749
190828,7694,7788
295468,7696,7751
164342,7697,7798
231419,7705,7797
281078,7707,7782
16136,7714,7775
331566,7715,7776
405866,7716,7802
47477,7716,7817
248287,7720,7803
164703,7722,7800
268259,7727,7801
228232,7731,7796
70906,7732,7801
274637,7733,7816
291046,7760,7831
389490,7767,7834
291047,7792,7864
151964,7800,7872
71813,7805,7889
133553,7872,7984
228636,7890,7983
9354,7896,7940
120748,7900,7987
341982,7908,7984
340097,7929,7990
209249,7934,8000
125844,7934,8015
303627,7934,8019
243568,7938,7996
291048,7945,8053
190707,8105,8179
1421,8110,8173
140624,8122,8192
25944,8134,8205
304717,8159,8210
128880,8160,8227
366904,8165,8226
311994,8177,8219
132723,8178,8236
396153,8246,8322
297831,8249,8314
243513,8251,8315
154651,8333,8398
204451,8338,8418
90127,8347,8416
291045,8570,8642
335387,8798,8858
18362,8798,8863
118412,8799,8855
73058,8799,8865
164061,8800,8861
14661,8800,8863
211514,9035,9111
162088,9041,9104
302168,9042,9107
243278,9059,9120
268373,9072,9138
29562,9077,9165
