388820,226,306
174717,227,302
29505,231,302
300993,320,436
207932,329,453
207795,332,445
160202,334,434
32640,341,437
227554,341,469
7454,345,468
105690,346,436
16517,352,436
124427,352,442
83428,353,434
383911,355,441
157517,355,461
371450,356,473
397,359,431
289060,359,447
224004,359,454
116622,364,450
3202,366,454
64386,369,468
54626,371,482
156012,376,483
33824,388,433
262742,409,500
142416,561,670
43269,578,689
52161,584,690
3745,585,684
39816,629,693
124426,658,778
91318,693,762
379210,736,829
163321,746,793
152820,750,795
379211,783,892
130209,881,967
83424,890,1002
4695,893,1008
35960,894,1000
292137,896,984
55424,899,973
8773,902,962
4244,904,969
283463,904,973
335535,905,981
83425,996,1100
386762,1004,1139
262743,1005,1124
194697,1006,1073
7450,1007,1085
83426,1007,1118
53998,1007,1143
69084,1015,1088
83427,1019,1134
7451,1027,1135
7452,1044,1134
7453,1050,1152
308907,1067,1154
4696,1075,1149
23089,1077,1183
25940,1093,1165
379212,1094,1186
206099,1318,1380
126697,1322,1377
363868,1414,1486
218588,1426,1494
85555,1444,1508
277183,1545,1621
79820,1546,1607
256615,1558,1628
63292,1572,1640
216618,1574,1636
129063,1576,1637
51930,1580,1651
78039,1581,1653
284916,1599,1654
53109,1696,1760
79819,1757,1822
291129,1766,1828
226564,1767,1838
357895,1904,1987
143588,1912,2001
94343,1916,1983
229660,1920,1981
129065,1924,1994
157516,1945,1999
93315,2138,2254
103107,2143,2256
400435,2148,2242
201555,2148,2251
116617,2152,2245
252635,2164,2263
121089,2165,2247
285233,2167,2234
37719,2168,2246
369279,2170,2234
287855,2170,2252
337813,2171,2241
192666,2171,2266
183122,2172,2272
183123,2173,2268
321729,2174,2262
116618,2176,2260
209940,2179,2276
129064,2180,2253
177123,2181,2243
407120,2181,2245
322768,2183,2244
187261,2186,2277
43345,2187,2285
142629,2188,2249
94344,2188,2267
1114,2189,2273
391520,2191,2259
392640,2192,2275
227551,2193,2256
178422,2195,2293
123339,2200,2278
39827,2203,2263
380865,2204,2267
343623,2204,2274
386761,2207,2284
143587,2209,2264
37248,2210,2274
255188,2217,2286
209715,2219,2280
243488,2219,2288
98038,2220,2278
345624,2220,2295
37247,2221,2267
54000,2231,2314
129257,2321,2401
253269,2336,2401
403957,2342,2403
287854,2351,2415
127171,2352,2433
270396,2354,2430
356233,2355,2416
16894,2357,2443
400230,2357,2446
322769,2358,2412
160105,2359,2445
127982,2360,2421
237830,2362,2427
7457,2362,2451
317841,2363,2426
220379,2368,2429
182679,2368,2431
84316,2370,2431
170506,2372,2445
292377,2375,2441
31225,2375,2451
9876,2376,2448
63959,2378,2443
400452,2379,2441
81044,2379,2447
201572,2383,2445
145807,2383,2447
178420,2399,2467
373219,2417,2483
93317,2495,2622
392638,2516,2618
160201,2517,2588
308908,2521,2614
72609,2522,2620
75343,2524,2608
170051,2524,2616
407119,2524,2623
308909,2528,2623
53999,2528,2631
32964,2529,2625
279826,2531,2610
405744,2535,2596
94384,2537,2633
405743,2543,2607
292139,2549,2636
403958,2550,2641
256616,2551,2652
187259,2553,2629
65671,2555,2621
313721,2555,2660
392639,2557,2615
105363,2557,2633
330855,2558,2637
17811,2560,2636
43343,2561,2622
91070,2561,2630
181995,2562,2635
1115,2563,2626
343411,2566,2633
128295,2570,2635
177299,2571,2643
159101,2588,2641
99628,2591,2636
140434,2591,2639
370193,2593,2635
116620,2593,2676
26291,2594,2663
388821,2595,2668
284810,2597,2667
108533,2799,2867
63291,2837,2921
291130,2844,2920
262303,2850,2926
93316,2944,3002
306786,3014,3075
350281,3110,3178
203364,3119,3195
173638,3242,3303
94342,3394,3456
190825,3498,3569
366986,3512,3607
385491,3513,3577
243487,3517,3570
292138,3518,3574
343409,3518,3616
140794,3519,3582
65263,3520,3594
177300,3522,3606
306787,3523,3589
222788,3523,3599
113206,3528,3616
35691,3529,3597
107252,3530,3592
269407,3531,3596
107250,3533,3592
334761,3533,3605
116616,3538,3600
321728,3539,3634
73780,3540,3604
107255,3540,3615
74801,3540,3636
79427,3541,3617
308910,3545,3637
320556,3547,3601
343408,3548,3644
2868,3549,3636
243486,3555,3629
192782,3559,3621
178421,3561,3638
5018,3562,3625
43349,3562,3635
196122,3568,3641
408007,3569,3610
335099,3571,3637
108682,3575,3625
227553,3575,3637
373699,3577,3641
108532,3585,3647
31614,3589,3644
287853,3594,3646
142630,3707,3782
105691,3719,3781
289575,3719,3789
169056,3728,3796
39312,3729,3793
48274,3730,3784
6868,3730,3797
112377,3734,3778
105426,3737,3809
373220,3738,3800
108531,3930,4003
40115,4040,4091
178790,4135,4200
31893,4235,4330
217814,4240,4349
226563,4247,4327
116619,4257,4333
320610,4260,4340
195763,4264,4328
274574,4266,4328
328837,4267,4329
262740,4267,4331
152511,4395,4452
10353,4422,4475
391686,4445,4488
1113,4607,4675
128294,4759,4840
389427,4816,4877
202095,4873,4952
246226,4876,4950
210622,4892,4954
142631,4994,5051
253237,4996,5061
309518,5074,5151
80662,5086,5165
151459,5087,5162
60648,5091,5162
51397,5102,5153
244546,5107,5159
343406,5127,5185
343410,5203,5258
90052,5282,5367
37720,5285,5366
391518,5290,5364
116621,5291,5367
391522,5301,5385
92462,5306,5371
389428,5307,5361
83430,5309,5370
183124,5312,5383
33753,5314,5372
91071,5315,5390
152818,5316,5367
7456,5318,5387
63906,5454,5515
52278,5484,5536
192783,5545,5595
285235,5681,5731
142412,5741,5803
63718,5743,5804
331532,5744,5824
143589,5763,5814
254904,5763,5826
116623,5767,5812
113204,5989,6069
391521,6017,6079
382631,6020,6096
370805,6027,6093
402745,6031,6105
13079,6031,6124
335100,6032,6139
190318,6033,6094
286915,6035,6118
363354,6037,6105
152819,6043,6094
255702,6044,6104
370072,6046,6107
385488,6047,6137
327893,6048,6119
344525,6066,6145
279824,6067,6118
279823,6068,6119
217432,6073,6137
191810,6079,6138
167907,6167,6218
189089,6216,6289
229330,6298,6341
320375,6432,6505
227552,6605,6702
19867,6609,6681
220026,6613,6686
91317,6614,6718
91316,6617,6701
356305,6619,6678
117942,6619,6706
43344,6622,6682
142632,6622,6712
209712,6633,6695
327232,6643,6694
255189,6644,6698
194696,6650,6695
320376,6652,6708
40077,6653,6701
44998,6668,6711
244725,6670,6712
107253,6932,7001
152821,7096,7159
390464,7098,7168
390463,7111,7180
132327,7124,7201
72393,7147,7206
321675,7359,7440
104095,7482,7545
155704,7579,7634
113207,7658,7748
43350,7660,7745
279825,7668,7720
129299,7688,7742
142414,7688,7744
187260,7692,7748
68987,7784,7833
334760,7789,7849
387600,7864,7959
387601,7865,7944
320380,7866,7931
142413,7884,7971
43347,7887,7956
369278,7889,7972
313658,7890,7952
283395,7894,7955
308691,7896,7963
317826,7901,7967
41988,7902,7974
177124,7903,7971
140339,7906,7969
107251,7911,7969
220381,7935,8019
123877,7980,8062
41989,7984,8045
297057,7984,8052
203720,7985,8041
244549,7985,8043
46304,7997,8062
37721,8016,8062
387600,8140,8229
387601,8143,8228
252404,8169,8249
254439,8198,8261
155745,8233,8293
306785,8417,8481
181609,8525,8607
113209,8535,8595
178406,8538,8587
375864,8538,8613
39763,8761,8845
358617,8762,8843
97615,8763,8846
401105,8768,8831
392637,8774,8852
209713,8776,8842
40080,8777,8834
330106,8777,8857
199525,8780,8829
40078,8780,8842
70986,8781,8841
129066,8782,8848
4697,8783,8840
86987,8783,8851
337813,8785,8841
320378,8787,8831
220380,8787,8841
335102,8787,8852
194698,8788,8850
196123,8791,8841
279828,8794,8855
316860,8796,8851
90613,8796,8857
308692,8797,8839
183172,8797,8865
86553,8798,8847
391519,8900,8962
388788,8924,8975
169057,8930,8999
196022,8930,9008
220560,8931,8990
107142,8932,8988
54627,8936,9000
36144,9010,9101
292378,9023,9087
160203,9074,9139
254440,9163,9241
306789,9167,9257
321730,9170,9236
344584,9170,9257
177298,9171,9235
153611,9171,9243
142415,9173,9225
12529,9173,9235
262741,9174,9236
105442,9174,9258
142633,9175,9252
105441,9185,9269
63290,9186,9249
35231,9187,9235
325286,9187,9266
83423,9189,9272
93987,9192,9254
10354,9194,9253
205674,9195,9256
128293,9195,9281
124428,9197,9256
292136,9197,9258
343405,9201,9292
252633,9206,9256
391517,9207,9268
385490,9207,9278
123057,9208,9257
255703,9219,9273
60398,9226,9273
337812,9239,9308
320377,9278,9352
108534,9291,9343
331041,9292,9354
178788,9474,9538
382628,9474,9545
209714,9481,9535
279827,9502,9577
385489,9645,9705
1112,9664,9705
19436,9831,9901
84212,9834,9926
54578,9983,10069
113208,9992,10085
194638,10008,10071
83429,10062,10130
244547,10187,10261
297872,10210,10277
181799,10250,10318
184620,10413,10481
43348,10413,10500
53997,10414,10530
108867,10421,10476
142635,10769,10833
335619,10772,10835
363355,10798,10860
37246,10904,10969
70021,11000,11063
255704,11039,11120
335620,11049,11139
35266,11055,11156
284809,11062,11155
37723,11067,11155
194699,11102,11166
320379,11127,11185
254586,11268,11330
219383,11280,11345
40258,11299,11372
166293,11303,11371
226364,11306,11374
40081,11317,11376
262744,11318,11373
334759,11338,11406
41789,11341,11407
194157,11349,11405
382630,11372,11443
273385,11377,11443
37722,11377,11472
408699,11384,11470
306788,11388,11463
34332,11393,11471
177122,11394,11454
12530,11396,11463
343407,11397,11471
380084,11401,11464
369280,11401,11466
279822,11412,11468
291128,11419,11471
108530,11421,11471
26292,11427,11471
244548,11542,11621
108529,11569,11646
40433,11579,11621
142636,11579,11646
142634,11581,11661
252634,11585,11637
178789,11881,11943
19435,11886,11938
255701,11946,12002
243485,12029,12071
88134,12030,12110
206969,12030,12119
152817,12032,12076
222787,12032,12154
44664,12033,12114
408698,12033,12120
55195,12035,12113
107254,12035,12133
121090,12036,12093
330105,12037,12111
321731,12039,12119
113205,12045,12177
43346,12046,12114
7449,12050,12113
382629,12061,12136
209716,12063,12121
285234,12064,12187
44997,12069,12178
335101,12071,12149
12523,12071,12167
141812,12072,12184
112247,12074,12168
7455,12076,12177
5918,12084,12176
40079,12112,12175
