147059,998,1065
343047,1006,1057
122581,1030,1119
94970,1046,1118
38782,1060,1121
60414,1063,1117
31981,1097,1162
389989,1130,1186
297241,1137,1218
10402,1156,1221
85681,1338,1388
241384,1338,1404
179066,1339,1390
336524,1354,1416
65052,1378,1453
39367,1832,1885
86125,1832,1888
362887,2280,2331
64185,2849,2914
278866,3039,3101
41209,3388,3469
41210,3388,3472
293470,3393,3463
285806,3394,3470
360253,3394,3477
155130,3396,3474
381870,3398,3472
45653,3400,3471
143888,3400,3477
381829,3404,3473
38781,3409,3471
5233,3409,3473
41808,3411,3476
277802,3415,3473
172318,3419,3473
81861,3688,3755
14438,3896,3958
50426,3905,3963
311267,3912,3976
258677,3928,3977
332376,4363,4410
126759,4372,4424
249683,4908,4980
182237,4925,4984
287963,5039,5116
218237,5053,5112
190859,5058,5117
386000,5515,5564
272538,5519,5570
346511,5624,5688
365103,5628,5688
92212,5841,5912
367039,6332,6404
225924,6335,6396
146904,6345,6430
9361,6652,6716
310470,6652,6751
48176,6653,6704
334551,6653,6714
168670,6655,6726
41208,6657,6738
369445,6662,6741
289217,6665,6743
317515,6668,6750
179067,6671,6747
90537,6674,6735
144838,6674,6742
272539,6678,6755
47495,6680,6739
386881,6681,6788
112428,6683,6748
306872,6684,6784
225035,6685,6762
343891,6691,6752
336174,6711,6776
238260,6714,6780
341581,6731,6787
31784,7262,7337
10100,7292,7362
10101,7295,7350
134458,7304,7367
172715,7306,7368
211510,7730,7780
125917,8132,8186
338521,8138,8192
23483,8311,8391
10040,8312,8377
171353,8313,8376
171354,8313,8390
356274,8328,8390
198943,8335,8391
163012,8339,8397
63610,8340,8403
84950,8517,8578
334779,9659,9720
367393,9666,9742
173153,9674,9755
12456,9900,9973
38781,9910,9978
238036,9916,9974
185352,9921,9975
4880,9922,9966
4879,9922,9994
98111,9933,10001
205794,9936,9985
268427,9941,10002
356979,9981,10042
349759,10460,10513
13829,10460,10516
142974,10460,10524
233197,10460,10531
155534,10460,10539
325078,10460,10546
21422,10461,10527
50425,10462,10514
4753,10463,10516
118970,10464,10537
225033,10464,10544
283475,10465,10512
56886,10466,10545
7326,10467,10531
114298,10467,10538
50424,10473,10546
289333,10475,10538
188633,10477,10547
241408,10496,10556
367395,10515,10596
120909,10520,10583
103641,10534,10603
21809,10542,10603
349456,10543,10613
174909,10544,10608
172883,10545,10601
54832,10550,10628
36295,10551,10617
1655,10551,10622
352402,10554,10615
296718,10560,10621
10403,10567,10659
92213,10571,10654
2665,10574,10657
395921,10577,10671
82742,10578,10664
189893,10583,10666
395922,10586,10671
35816,10588,10656
35703,10590,10664
391543,10594,10656
391542,10596,10656
228903,10598,10670
35704,10607,10667
143887,10611,10662
285718,10611,10676
228904,10612,10678
10404,10619,10680
48177,10622,10664
86758,10623,10681
322032,10623,10684
18848,10624,10673
184963,10626,10667
211811,10627,10672
94972,10627,10683
272540,10628,10677
23454,10629,10679
94971,10629,10683
4752,10948,11028
38780,10949,11054
272537,10971,11028
174042,10975,11027
90859,11109,11159
54273,11119,11182
289218,11120,11193
362886,11131,11199
311636,11139,11192
110503,11142,11199
388512,11143,11192
120910,11144,11193
228510,11146,11199
32778,11251,11311
375053,11458,11506
26478,11458,11520
134920,11458,11529
134919,11458,11532
232829,11463,11506
65716,11477,11550
1652,11484,11594
183058,11504,11569
1653,11524,11598
194638,12138,12198
320184,12430,12493
1847,12686,12748
257764,12703,12759
399969,12794,12877
365006,12820,12881
103642,13625,13703
194639,13638,13724
243912,13640,13704
164706,13641,13706
82785,13643,13697
253176,13644,13699
237746,13652,13716
393176,13853,13907
73537,14306,14368
358049,14307,14365
198012,14320,14362
374067,14780,14844
395307,14785,14877
250408,14790,14861
344471,14790,14889
344472,14792,14863
309293,14808,14872
179069,14811,14874
159969,14816,14877
238037,14817,14879
388396,14817,14883
388397,14820,14881
352079,14820,14883
320183,14823,14880
283476,14828,14891
211511,14835,14893
353970,14895,14976
381117,14945,15003
88805,14980,15040
35700,15015,15072
271764,15186,15252
121582,15192,15255
50697,15194,15256
13828,15194,15309
92778,15196,15258
131734,15196,15300
274807,15196,15316
283478,15199,15283
4751,15200,15286
341580,15200,15303
65715,15201,15314
346101,15203,15305
38780,15207,15309
19462,15212,15290
143204,15213,15286
79732,15216,15281
948,15226,15287
206450,15229,15290
225036,15234,15282
86768,15237,15290
188925,15237,15309
278867,15239,15302
19344,15240,15306
384464,15240,15311
283477,15242,15310
235166,15254,15331
123311,15255,15318
229719,15256,15313
399550,15258,15322
75372,15260,15308
388671,15260,15318
235165,15269,15331
295958,15279,15356
35702,15751,15809
47494,15759,15815
212991,15951,16003
343149,15992,16044
375724,16034,16107
83459,16742,16822
76616,16766,16858
229720,16773,16845
55908,16774,16851
265384,16777,16862
403770,16785,16848
268141,16789,16859
253477,16789,16870
124414,16794,16854
402635,16927,17000
382796,16997,17060
380419,17026,17086
35541,17591,17653
207996,17713,17786
212217,17820,17885
376700,17824,17890
84949,17826,17892
340454,17829,17883
72708,17831,17893
40184,17834,17901
232871,17835,17899
17107,17837,17896
58456,17843,17895
259706,17844,17936
301531,17856,17928
322907,17864,17930
199165,17866,17928
76614,17878,17956
319028,17881,17958
346512,17883,17949
113944,17883,17954
377197,17885,17958
353683,17886,17948
40185,17892,17955
386882,17893,17990
343048,17897,17960
362885,17900,17964
120341,17900,17968
194168,17906,17979
76613,17909,17985
340453,17910,17975
60897,17911,17995
349756,17913,17982
71700,17914,18004
159970,17915,17983
179068,17921,18005
89932,17923,17986
163243,17924,18002
23453,17927,18008
162724,17928,17990
229742,17932,18006
279034,17933,17999
343890,17941,18005
266851,17990,18052
46137,18027,18076
200126,18124,18191
368280,18128,18194
213467,18131,18214
146950,18143,18220
212069,18150,18200
267155,18151,18219
105779,18152,18201
212070,18155,18201
320182,18155,18218
310284,18235,18298
346877,18235,18301
355915,18237,18305
70506,18256,18334
367038,18530,18576
98843,18537,18615
93375,18683,18748
231601,18686,18744
384465,18691,18750
407690,18692,18744
112676,18692,18756
65053,18853,18932
7125,18857,18912
114741,18858,18937
405604,18861,18929
35701,18862,18911
91251,18867,18937
129638,18971,19054
61215,18973,19039
99118,18974,19041
389550,18974,19047
93376,18975,19039
326435,18980,19037
251874,18981,19034
271765,18982,19053
72716,19129,19202
65638,19133,19185
225037,19140,19205
367037,19268,19318
200927,19368,19429
103643,19381,19434
147442,19408,19500
267177,19412,19476
56977,19413,19477
262745,19417,19494
206449,19418,19489
159777,19426,19492
303640,19431,19504
76615,19432,19494
24458,19442,19509
143889,19445,19508
84281,19446,19533
371515,19455,19521
276309,19460,19535
367703,19471,19535
399783,19781,19846
165185,19781,19860
63081,19783,19843
52442,19784,19841
238744,19789,19863
309294,19792,19855
116079,19805,19863
31731,19809,19873
12987,20138,20238
10656,20152,20215
254269,20152,20217
5232,20152,20243
377198,20153,20216
34357,20155,20224
164704,20156,20220
225034,20158,20219
374332,20158,20228
398769,20159,20220
35699,20160,20232
347311,20162,20223
128522,20162,20225
105391,20163,20224
256433,20164,20225
200928,20165,20226
189329,20165,20228
64222,20166,20227
55776,20167,20228
256434,20168,20229
278896,20171,20232
348505,20171,20235
287271,20179,20240
38782,20194,20244
84721,21048,21109
367018,21059,21120
285719,21062,21117
303697,21065,21108
285717,21158,21245
285716,21159,21243
216998,21173,21234
115168,21175,21238
129712,21184,21245
4750,21199,21249
73895,21331,21381
377196,21794,21865
194117,21951,22018
174295,21955,22060
403866,21958,22070
260567,21964,22070
303696,22010,22076
322908,22306,22368
102679,22321,22381
84442,22387,22449
163260,22388,22470
3216,22391,22452
338399,22453,22511
4749,22954,23048
45652,22956,23052
48178,22958,23020
1848,22961,23024
133184,22969,23035
279033,22970,23017
225925,23178,23255
132203,23506,23560
400879,24125,24179
349758,24496,24574
212031,24507,24574
170549,24517,24575
152009,24547,24597
108254,24587,24654
383589,24596,24660
14437,24602,24671
103644,24603,24665
159233,24603,24674
46740,25900,25948
55742,25932,25984
178787,25969,26043
303433,25971,26026
349757,25972,26043
262810,25972,26056
198011,26037,26082
35698,26480,26541
152476,26484,26558
283479,26486,26534
199164,26508,26597
164705,26521,26594
94973,26524,26614
250304,26526,26599
402634,26526,26610
406682,26526,26626
182236,26527,26601
319349,26528,26615
278868,26529,26624
250303,26529,26630
207144,26547,26630
319155,26552,26626
403,26564,26626
23455,26570,26624
31980,26669,26738
5298,27254,27342
103624,27262,27340
38779,27265,27347
186629,27596,27663
317743,27887,27969
380299,27899,27976
272541,27906,27964
78886,27907,27965
146359,29124,29177
222940,29124,29185
302757,29125,29169
30292,29126,29176
144777,29127,29187
334351,29129,29190
98842,29132,29192
136879,29338,29392
184542,29344,29398
103645,29363,29434
55154,29652,29740
38779,29680,29750
81028,29715,29776
