53112,1361,1421
351499,1372,1435
29204,1740,1800
163618,1742,1817
363162,1744,1814
286772,1748,1829
72946,1788,1851
10367,1789,1843
328192,1847,1943
160795,2431,2495
78137,2434,2482
340421,2440,2528
72945,2441,2521
249941,2445,2518
335018,2448,2537
20864,2450,2519
205768,2452,2514
165017,2452,2526
236661,2452,2541
259127,2453,2548
381632,2455,2529
210011,2456,2519
160579,2456,2522
379629,2457,2521
93845,2457,2524
223598,2459,2565
208008,2461,2524
168916,2465,2529
71004,2465,2545
191724,2467,2528
272280,2468,2530
184376,2474,2537
20863,2474,2573
122267,2477,2538
188397,2482,2567
226553,2485,2575
66752,2485,2581
212270,2487,2549
214658,2496,2557
220693,2501,2565
396379,2505,2578
235085,2507,2569
106537,2509,2577
29202,2695,2765
128940,2696,2761
226034,2739,2799
86142,2740,2804
278058,2744,2797
199011,2816,2882
175616,2909,2968
144278,2911,2973
29202,2944,3022
62324,2964,3068
324497,2972,3020
363333,2995,3066
264272,2998,3075
282684,2999,3063
359958,2999,3073
110969,3003,3064
281725,3003,3079
13006,3010,3072
13638,3014,3084
88938,3015,3063
214997,3015,3079
343215,3015,3086
175174,3017,3068
78416,3021,3082
75113,3033,3105
10331,3035,3108
14173,3035,3115
188068,3049,3114
9499,3302,3369
313974,3388,3439
99293,3397,3463
29204,3403,3472
395180,3759,3820
333583,4503,4562
398965,4517,4568
158004,4716,4772
102257,4721,4773
126736,5061,5130
18007,5061,5151
278603,5086,5150
188398,5086,5164
256689,5086,5170
381631,5088,5150
300342,5090,5153
382487,5093,5160
136455,5100,5170
370270,5165,5254
52625,5188,5269
120371,5332,5390
212001,5487,5558
328923,5501,5552
75270,6626,6724
172083,6626,6733
24992,6627,6677
371996,6627,6694
31726,6627,6700
32220,6627,6713
114069,6627,6716
276130,6627,6722
65715,6627,6730
4752,6632,6712
199010,6633,6717
335019,6637,6711
164915,6645,6711
17902,6645,6715
391360,6649,6706
67785,6654,6705
212271,6654,6716
101732,6655,6719
172082,6655,6737
249437,6657,6720
44294,6957,7019
163731,7367,7432
145477,7375,7423
258946,7378,7429
178194,7670,7733
78915,8766,8827
333014,9186,9277
95184,9193,9256
235734,9273,9349
366244,9295,9356
286773,9295,9375
227494,9302,9386
330678,9319,9390
58216,9331,9389
301490,9816,9879
81252,9822,9901
220793,9844,9911
75269,9857,9945
12978,9873,9940
324640,9908,9993
390036,9910,9977
57436,9912,9971
242294,9912,9973
132246,9912,9976
279830,9915,9973
376294,9915,9977
391171,9918,9974
122430,10129,10212
44767,10129,10215
296948,10129,10224
83829,10130,10192
63848,10134,10184
62668,10137,10224
402258,10139,10225
60369,10146,10213
205055,10258,10318
16806,11252,11311
336792,11404,11455
13214,11572,11637
10366,11798,11854
346268,11832,11902
194659,11837,11902
308434,11845,11895
61956,11849,11902
65314,11850,11896
224902,11852,11901
44131,11854,11896
34972,11855,11901
203804,12126,12192
175175,12160,12230
145636,12722,12768
268485,12934,13001
192282,13434,13494
67784,13435,13506
177330,14618,14690
177329,14625,14688
359957,14630,14696
57435,14631,14698
21891,14732,14783
164672,14945,14989
290794,15557,15605
20980,15557,15614
393704,15563,15644
18006,15564,15621
62669,15564,15629
75271,15573,15646
370249,16422,16478
397943,16424,16490
88514,16428,16471
37532,16454,16514
175176,16471,16545
393620,17650,17724
284793,17651,17706
328924,17654,17728
144277,17660,17724
138039,17835,17896
242293,18023,18083
94917,18024,18079
41986,18025,18086
29203,18028,18115
94424,18032,18090
238878,18036,18091
396380,18357,18442
84849,18358,18421
29203,18358,18439
292647,18365,18426
369569,18733,18796
35929,19263,19310
29205,19752,19816
10848,19758,19812
29201,20757,20827
29201,20871,20942
123884,21095,21164
56266,21324,21392
132286,21358,21415
29205,22455,22526
10848,22458,22522
65716,22468,22527
333687,22771,22820
306985,23460,23521
333015,23466,23527
267900,23475,23536
188396,23476,23537
341743,23481,23543
277254,24133,24193
1203,24216,24281
354428,24486,24529
162783,24509,24572
341116,24511,24575
212000,24680,24749
128981,25023,25078
120370,25120,25183
321477,25875,25938
333584,25911,25973
278602,25915,25980
368537,25991,26055
52624,25992,26062
34595,25994,26057
324075,25996,26057
177113,25997,26048
295007,25998,26060
168685,26836,26900
24482,26838,26915
199009,26844,26914
2434,26846,26908
128410,26848,26935
93122,26857,26915
267918,28964,29012
312158,29503,29555
46987,29503,29558
80830,29503,29566
399352,29503,29570
122429,29505,29560
21795,29510,29559
138831,29516,29573
96896,29528,29580
301491,29539,29587
11045,29664,29720
311362,29670,29723
310656,29681,29744
354347,29691,29743
333195,29692,29755
351500,29696,29776
248493,29697,29751
174200,29719,29777
