360760,249,321
144205,324,392
54334,329,402
360759,330,440
74944,331,401
44046,343,408
251220,353,449
86154,370,420
51174,500,574
397,501,578
12081,501,607
141697,846,920
126718,1017,1074
51173,1222,1286
54333,1332,1402
216651,1335,1401
78035,1336,1400
368558,1338,1401
402834,1344,1406
169977,1403,1470
141496,1812,1883
54339,1829,1918
27681,1831,1890
27680,1848,1917
230779,1858,1920
275579,1884,1949
52972,1890,1934
41711,1894,1935
196569,2127,2180
54342,2127,2188
74945,2130,2182
123211,2150,2203
196568,2150,2205
54335,2165,2230
54341,2177,2266
230778,2235,2346
293919,2236,2299
368559,2252,2353
208046,2253,2349
290668,2254,2325
230777,2255,2347
97748,2257,2344
400966,2257,2348
113717,2258,2355
271269,2266,2347
192203,2272,2351
26004,2273,2336
147438,2276,2326
140840,2287,2344
269102,3088,3145
173689,3129,3202
275971,3157,3223
44913,3166,3235
230780,3189,3253
97942,3335,3396
269101,3477,3544
54336,3815,3883
243720,4491,4572
368561,4498,4607
48159,4501,4566
44044,4501,4570
76686,4507,4610
296943,4510,4571
49104,4511,4613
251743,4513,4569
111709,4514,4576
157012,4516,4608
160836,4525,4612
196118,4525,4630
185395,4534,4644
130387,4546,4612
397512,4548,4602
337852,4548,4621
125236,4549,4595
400968,4549,4610
185396,4549,4623
251221,4550,4609
196117,4551,4637
48157,4552,4630
367166,4558,4625
565,4732,4787
173688,4868,4936
397513,4869,4929
185397,4869,4934
271272,4880,4957
150231,5022,5086
159724,5029,5097
123212,5058,5131
257794,5059,5105
345225,5059,5121
86613,5066,5124
28513,5068,5125
269103,5073,5135
356482,5082,5143
368560,5082,5175
345082,5092,5152
222163,5093,5136
12833,5102,5155
76685,5113,5183
159722,5124,5214
216650,5157,5216
243719,5501,5615
49595,5517,5583
3331,5525,5597
93831,5528,5584
92757,5537,5599
154520,5540,5599
216646,5542,5598
173772,5546,5602
157250,5552,5627
42220,5557,5644
245937,5577,5640
257793,5590,5661
189855,5611,5681
113715,5624,5696
1956,5644,5688
173059,5651,5714
251609,5654,5698
113714,5657,5720
310493,5674,5737
174406,5696,5775
243719,5697,5806
76683,5712,5774
397511,5848,5910
182215,5913,5959
258692,5976,6060
231689,6001,6088
232232,6010,6079
42219,6011,6076
76684,6014,6075
65559,6505,6576
65560,6509,6576
165410,6866,6909
243720,7379,7446
150230,7385,7446
194563,7390,7459
403930,8031,8074
120207,8055,8122
173057,8065,8146
271271,8468,8514
2868,8691,8749
271270,8692,8759
100597,8736,8809
120208,8893,8948
160123,8893,8970
168061,8928,9007
159723,8937,8992
62174,8988,9064
341358,9677,9733
263852,9729,9789
566,9731,9786
567,9913,9973
274914,9977,10039
160122,9983,10054
207169,9993,10047
49102,9993,10054
35987,9996,10054
183821,10589,10672
144204,10882,10947
113716,10896,10961
220878,10912,10978
3332,10919,10992
100596,10921,10982
325755,10921,11013
247165,10922,10997
149144,10924,10992
356483,10928,10997
102678,10930,11012
400967,10932,11013
195480,10939,11014
74946,10949,10994
219445,10962,11023
44045,10965,11026
272787,10966,11029
236684,10969,11022
231690,10972,11044
49103,10984,11032
337853,11394,11446
159727,11396,11444
337854,11399,11486
216647,11630,11699
97943,11632,11696
272786,11633,11694
34742,11723,11788
564,11723,11798
382218,11728,11799
65558,11728,11813
144084,11734,11813
306929,11743,11797
159725,11761,11826
160125,11762,11824
260790,11943,11998
160124,11943,12041
153789,11944,12034
137496,11949,12010
54343,11968,12037
86615,12010,12094
86614,12018,12111
48158,12030,12073
154521,12036,12099
174199,12042,12098
195479,12044,12096
209644,12046,12093
113713,12046,12103
96129,12054,12096
400965,12157,12237
44043,12158,12230
230776,12160,12234
61052,12169,12236
54337,12190,12236
54340,12302,12349
54338,12417,12508
149143,12420,12498
230775,12420,12526
306927,12425,12488
39309,12430,12533
162512,12434,12524
216648,12437,12525
323076,12446,12531
93826,12448,12511
380878,12450,12516
144082,12450,12526
224346,12451,12532
92375,12453,12527
256308,12455,12518
15201,12461,12523
162513,12461,12525
78034,12467,12514
216649,12480,12542
28512,12500,12565
209643,12930,12992
84875,12930,12997
95792,12931,12999
257795,12935,12983
173058,12938,13003
319688,12939,13004
27682,13113,13184
27683,13273,13339
308106,13284,13340
190494,13287,13362
157011,13288,13371
76978,13290,13376
169976,13291,13340
270108,13298,13396
85059,13299,13358
376802,13303,13394
344593,13304,13388
265859,13310,13353
342887,13310,13371
274913,13320,13405
92377,13327,13400
310492,13328,13383
157010,13328,13396
135923,13329,13390
327232,13357,13419
397510,13360,13457
78033,13363,13426
168062,13366,13427
376801,13366,13431
46409,13366,13454
123213,13371,13433
380889,13374,13445
54241,13376,13457
159726,13377,13441
76682,13387,13468
306928,13391,13454
171739,13391,13459
387659,13395,13440
251639,13395,13460
100474,13395,13475
217729,13405,13467
100475,13407,13463
97941,13620,13683
165452,13624,13677
288222,13952,14016
48156,13960,14015
149142,13962,14026
403929,13963,14015
167878,13965,14028
306926,13965,14030
173687,13966,14008
231691,14040,14110
54344,14161,14242
144083,14163,14205
231692,14169,14232
25083,14169,14246
92376,14173,14228
70707,14178,14245
