16238,180,269
275033,181,247
29505,184,267
397522,187,248
66811,193,267
3396,197,263
122611,332,393
397,332,398
7276,334,394
234561,344,397
226117,480,531
106879,482,565
245682,493,566
387467,499,565
2379,508,565
400552,509,561
206187,644,688
161728,747,798
274772,869,962
274770,880,984
234559,886,962
274774,895,971
92982,896,978
348370,897,958
263421,921,964
352332,978,1083
249065,994,1081
52844,1016,1069
32565,1224,1278
238192,1225,1277
231980,1225,1284
16131,1225,1286
274771,1229,1290
176147,1232,1289
67879,1375,1425
193655,1549,1665
27128,1550,1606
264790,1554,1659
355827,1574,1662
52976,1583,1687
96210,1585,1675
233504,1588,1669
12437,1589,1653
94047,1590,1666
375140,1591,1660
61625,1595,1660
138691,1597,1666
347479,1604,1670
294274,1611,1672
222705,1613,1666
43999,1619,1682
115214,1640,1689
6914,1807,1852
236482,1807,1856
387745,1807,1867
339057,1807,1873
53637,1807,1887
173459,1808,1908
198581,1809,1876
277270,1924,1987
105018,1927,1987
372370,1930,1993
25467,2149,2208
200651,2426,2502
297522,2433,2504
173229,2437,2501
295817,2438,2513
302367,2441,2501
329792,2448,2512
319366,2453,2514
108529,2607,2686
53795,2608,2670
54299,2613,2672
106209,2613,2689
389995,2614,2675
38937,2620,2682
267985,2624,2666
366014,2631,2705
312538,2763,2828
113551,2777,2841
278982,2788,2911
406745,2792,2911
277142,2793,2866
65040,2795,2903
226680,2800,2863
6012,2804,2871
345082,2807,2870
26477,2820,2874
14876,2822,2896
2065,2837,2910
60274,2846,2918
6011,2848,2911
355828,2849,2910
16661,2891,2945
90103,2905,2986
365859,2916,2972
151706,2936,3007
52977,2941,3013
146119,2963,3056
263423,2965,3062
26822,2983,3041
266807,2999,3090
226677,3059,3102
74556,3069,3136
42037,3083,3151
12609,3096,3160
390838,3103,3164
234558,3186,3255
106214,3411,3494
106215,3411,3506
160733,3414,3474
205928,3420,3490
273650,3420,3500
181994,3424,3467
166931,3425,3500
337989,3426,3494
160731,3426,3516
39964,3428,3491
277143,3428,3504
277144,3430,3489
238193,3431,3484
287675,3431,3496
240875,3433,3508
297523,3434,3493
146121,3434,3495
6013,3438,3500
122610,3442,3507
137707,3491,3578
337950,3506,3571
233126,3511,3582
19713,3518,3583
309588,3526,3581
71725,3527,3584
233127,3531,3582
262346,3532,3584
101607,3534,3582
35691,3534,3584
92987,3750,3866
92986,3775,3874
236483,3778,3881
264789,3943,4014
226678,3947,3997
139052,3947,4016
3926,3950,4011
234759,3951,3999
27270,3952,4013
366015,3953,4001
382798,3957,4011
17607,3961,4024
289983,3981,4022
90115,4197,4241
382056,4250,4312
90118,4264,4341
90117,4264,4352
258772,4473,4556
337988,4492,4554
254375,4499,4569
209741,4499,4583
23641,4499,4589
178639,4503,4569
138100,4510,4576
23222,4515,4576
401601,4521,4582
96296,4522,4587
92985,4533,4620
332506,4534,4587
292445,4534,4600
146225,4536,4597
108531,4544,4633
130723,4546,4624
360092,4548,4615
146291,4549,4622
337268,4550,4613
374784,4550,4636
218744,4551,4623
179057,4557,4641
124790,4558,4627
74557,4560,4623
274773,4562,4632
112326,4562,4644
146120,4565,4629
68848,4566,4633
94048,4572,4625
178640,4572,4650
287672,4572,4654
371578,4573,4635
339056,4577,4635
89220,4590,4651
108530,4592,4655
75895,4593,4656
11920,4600,4655
207373,4601,4674
104238,4606,4655
102698,4962,5013
234557,4992,5050
92982,4995,5061
53855,5002,5077
363373,5005,5094
294846,5019,5084
244660,5020,5086
397621,5022,5090
278978,5026,5097
272851,5029,5097
264788,5030,5121
115177,5036,5132
140788,5043,5109
263422,5045,5129
111295,5050,5116
346138,5055,5117
55872,5060,5123
42523,5075,5126
207372,5157,5231
374165,5165,5227
712,5394,5453
378364,5397,5461
234560,5397,5490
391836,5406,5474
158875,5412,5475
182311,5413,5477
167478,5414,5476
303266,5415,5483
210315,5418,5478
92984,5419,5490
301209,5420,5487
7266,5422,5478
13127,5423,5485
114595,5434,5489
53636,5441,5487
373734,5559,5632
368076,5825,5885
191583,5850,5933
111298,5865,5955
146122,5893,5969
318767,5976,6052
308078,6056,6124
323693,6810,6879
45005,6970,7032
347652,6986,7070
215369,7089,7158
339312,7092,7165
30496,7093,7158
245683,7097,7161
277618,7097,7165
244812,7098,7145
239578,7099,7170
258842,7101,7149
230832,7104,7181
345775,7104,7185
115744,7113,7181
218742,7126,7185
42929,7245,7322
42930,7245,7325
173460,7259,7326
225905,7260,7324
173461,7266,7322
213140,7268,7324
164571,7279,7343
6014,7298,7345
90116,7303,7348
191582,7361,7425
92980,7439,7492
193377,7469,7541
202735,7475,7544
339642,7517,7588
92980,7602,7666
160732,7729,7804
245618,7858,7920
262082,7861,7922
344610,7878,7956
278981,8297,8366
406744,8298,8364
174290,8299,8357
351515,8303,8370
53857,8307,8372
108532,8316,8369
179055,8499,8565
68082,8502,8563
240873,8502,8602
300445,8536,8601
306769,8607,8691
294771,8610,8691
354734,8610,8694
253258,8613,8685
42073,8614,8691
84133,8614,8694
236484,8614,8704
249412,8615,8689
20099,8618,8693
324471,8622,8698
83002,8626,8694
83003,8629,8694
363950,8632,8713
339477,8636,8696
405990,8636,8713
379391,8638,8700
233129,8647,8727
285130,8650,8706
28010,8653,8697
253260,8655,8727
264583,8656,8725
35678,8657,8729
208127,8658,8721
201282,8658,8724
233128,8659,8747
51533,8661,8722
282393,8663,8724
406177,8663,8727
120051,8718,8779
371574,8846,8904
158613,8847,8910
389020,8851,8905
122609,8853,8904
102699,9318,9369
956,9322,9413
399910,9350,9412
6015,9350,9415
267647,9353,9418
299666,9358,9418
272174,9404,9466
161726,9410,9476
287673,9440,9522
178638,9460,9521
92985,9470,9548
137702,9495,9561
106566,9501,9562
374166,9503,9560
244662,10027,10090
90113,10254,10318
348368,10255,10304
161727,10581,10696
310919,10582,10635
108533,10603,10671
92983,10603,10687
215370,10785,10856
51586,10797,10880
45283,10812,10879
309507,10814,10876
299104,10824,10875
45764,10845,10930
235990,10846,10913
360939,10847,10922
164905,10849,10930
355829,10850,10932
329255,10856,10929
236487,10857,10935
106216,10874,10928
348369,10882,10930
92981,10967,11035
251117,10970,11019
244664,10985,11034
389692,11336,11394
27367,11336,11398
97309,11336,11402
322316,11337,11400
126394,11337,11407
111294,11337,11428
202976,11339,11409
55873,11343,11384
63547,11400,11444
345774,11449,11524
231743,11450,11546
226645,11451,11532
76314,11455,11514
153971,11456,11511
111297,11456,11526
294772,11456,11533
278979,11456,11545
295274,11458,11534
156567,11459,11515
28871,11459,11526
96627,11461,11535
351516,11462,11533
193657,11463,11554
28872,11464,11552
146123,11465,11566
215371,11466,11528
101698,11466,11543
240870,11466,11557
47874,11470,11570
317844,11471,11532
373735,11472,11527
11329,11472,11543
193656,11475,11553
93682,11478,11556
41210,11480,11557
121534,11483,11570
220321,11485,11583
245841,11486,11556
142538,11486,11566
81414,11487,11552
67153,11490,11566
201944,11492,11565
28870,11496,11570
402511,11498,11553
178641,11499,11582
108721,11500,11552
222324,11501,11554
31239,11502,11556
173231,11502,11566
232829,11504,11556
399911,11506,11566
112189,11507,11555
36998,11516,11578
292493,11521,11584
28008,12008,12072
82837,12009,12073
34568,12021,12117
52847,12026,12094
106565,12039,12106
226679,12049,12106
202732,12066,12141
215761,12112,12163
240874,12181,12267
120050,12187,12234
75897,12187,12248
178054,12188,12286
102703,12194,12260
137708,12201,12269
287674,12201,12273
234508,12202,12266
67845,12224,12280
110120,12330,12408
234509,12335,12420
397622,12341,12397
255537,12341,12400
158616,12356,12422
226681,12359,12425
329254,12379,12444
122900,12384,12433
366016,12386,12438
32200,12393,12450
210460,12395,12440
267986,12396,12468
90121,12457,12520
111292,12472,12521
336684,12523,12577
347406,12634,12689
278980,12749,12804
309508,12834,12909
53099,12848,12909
244659,12850,12912
90114,12854,12902
34985,12918,12976
148954,12923,12981
403301,13118,13208
43119,13121,13190
286805,13122,13163
322661,13124,13197
349367,13125,13187
155990,13126,13184
317846,13128,13191
180585,13128,13209
336685,13135,13220
56536,13140,13208
42931,13153,13220
336686,13154,13217
193376,13157,13220
240866,13158,13208
69037,13160,13218
53638,13160,13221
210567,13162,13204
336687,13162,13217
100596,13167,13218
151710,13329,13409
75898,13333,13419
233124,13336,13423
371577,13337,13425
287671,13338,13422
299667,13342,13415
261923,13343,13432
346139,13348,13439
179058,13348,13444
218739,13348,13449
27271,13350,13416
102701,13350,13442
284778,13354,13415
287670,13356,13433
166933,13357,13423
346140,13362,13433
94046,13362,13452
234758,13365,13436
389632,13367,13422
187815,13368,13438
143270,13369,13445
392749,13371,13435
48194,13372,13428
248902,13372,13453
30497,13373,13421
393390,13374,13424
332621,13377,13450
96295,13379,13444
240872,13380,13453
289984,13384,13432
249411,13384,13437
116150,13385,13439
234507,13385,13447
389631,13386,13428
54913,13386,13438
237140,13388,13444
317845,13389,13452
110162,13389,13456
251538,13390,13446
351514,13396,13467
92900,13804,13858
82064,13804,13862
151707,13808,13863
407594,13982,14050
90122,14247,14312
339055,14248,14316
92983,14354,14430
53854,14782,14853
179060,14797,14871
52845,14876,14959
92981,14881,14955
263470,14887,14957
92984,14895,14951
170229,14897,14957
27622,14898,14952
96628,14898,14962
91332,14899,14969
112690,14902,14965
329251,14973,15030
91683,15075,15179
309589,15077,15161
309590,15082,15172
91684,15086,15185
190,15106,15186
52975,15130,15217
137706,15131,15202
46128,15131,15206
43998,15131,15214
137705,15132,15200
160735,15135,15196
166932,15136,15212
267646,15138,15204
347405,15139,15197
955,15139,15210
347649,15147,15199
374783,15159,15215
278977,15162,15216
3892,15241,15293
137704,15254,15325
339641,15259,15321
37198,15260,15337
158614,15262,15318
56537,15268,15339
378104,15326,15395
111291,15334,15398
187454,15337,15397
405361,15342,15397
250537,15345,15393
240149,15664,15710
137703,15783,15855
92987,16243,16356
92986,16272,16365
347648,16348,16430
45006,16352,16422
218743,16359,16421
179056,16363,16419
297521,16363,16428
23195,16368,16429
264791,16371,16432
179054,16383,16428
43997,16821,16902
318766,16827,16902
183078,16834,16902
401060,16838,16904
53986,16839,16902
28009,16850,16905
233125,16863,16925
263471,16883,16953
197932,16912,16996
276201,16915,16977
173230,16915,16998
162773,16918,16975
405989,16918,16987
14157,16920,16986
98394,16920,16989
377007,16922,16986
83342,16923,16984
204916,16924,16982
601,16925,16990
178966,16928,16976
354990,16928,16989
319609,16936,16987
67878,17242,17294
151708,17341,17409
2647,17342,17396
235992,17347,17427
342166,17348,17404
221689,17348,17412
253257,17354,17439
243138,17357,17423
235470,17361,17425
102700,17370,17442
111296,17459,17515
232137,17462,17531
75896,17489,17570
235991,17606,17658
146124,17704,17763
351082,18091,18154
166975,18097,18177
285129,18101,18191
214000,18108,18162
94324,18112,18186
18315,18119,18183
148907,18123,18184
111290,18139,18201
1935,18469,18536
69162,18898,18965
202733,18901,18969
148486,18903,18967
108534,18952,19013
277145,18972,19018
338020,18975,19035
360938,18978,19027
161725,19005,19080
68954,19006,19078
12393,19020,19087
143967,19040,19103
161724,19046,19099
215372,19273,19364
347650,19276,19330
143269,19278,19336
84721,19284,19344
96294,19298,19391
151711,19302,19367
345689,19327,19399
188431,19331,19398
392748,19422,19510
68081,19455,19505
236485,19555,19618
36294,19559,19628
355830,19560,19624
274768,19562,19646
297526,19563,19624
297524,19563,19628
52846,19563,19635
69160,19567,19629
102702,19574,19629
229591,19586,19642
233121,19618,19680
384911,19626,19675
12392,19626,19697
113579,19657,19700
120543,19734,19806
273602,19745,19806
77217,19918,19982
240868,20117,20188
276214,20119,20168
352331,20124,20190
306173,20125,20171
297525,20178,20291
218740,20179,20296
178055,20189,20298
274767,20190,20291
55875,20191,20288
12607,20195,20276
12608,20195,20289
113843,20206,20290
355831,20208,20295
355832,20208,20301
297527,20214,20305
36294,20216,20293
274769,20217,20286
272173,20220,20288
143271,20224,20288
69161,20225,20311
23433,20230,20300
75728,20231,20276
347404,20238,20288
90119,20239,20310
299665,20240,20299
193375,20242,20310
61980,20243,20308
247104,20245,20303
66065,20247,20317
55876,20264,20323
355833,20266,20321
43996,20267,20320
68536,20270,20345
236486,20273,20344
111289,20275,20358
94045,20281,20353
331033,20283,20345
53639,20283,20351
24913,20698,20758
393681,20812,20871
23432,21165,21229
168776,21196,21261
92985,21219,21285
147746,21253,21337
329253,21254,21332
134052,21277,21329
92983,21401,21478
240865,21606,21654
167592,21620,21670
207898,21855,21904
62777,22071,22123
403300,22245,22310
294770,22260,22330
352330,22269,22326
53856,22277,22339
120052,22287,22356
202734,22293,22367
248901,22390,22457
11102,22561,22662
301634,22562,22683
226242,22567,22643
235468,22575,22650
338821,22578,22640
160736,22579,22681
11103,22580,22656
273651,22580,22677
357957,22580,22689
392747,22582,22667
55874,22586,22694
172016,22588,22647
120049,22588,22649
118721,22588,22682
115726,22593,22649
343556,22595,22663
314656,22601,22685
16894,22602,22693
407595,22604,22709
400866,22607,22671
217308,22611,22699
207929,22613,22691
33435,22615,22690
53100,22615,22695
19224,22619,22692
175840,22619,22705
240863,22620,22684
189472,22620,22696
71343,22621,22690
158615,22629,22704
240867,22644,22735
6016,22651,22704
147455,22697,22786
75577,22701,22796
202731,22710,22777
309509,22717,22800
233119,22720,22787
170750,22730,22786
53024,22731,22805
178642,22734,22819
240871,22737,22805
103854,22739,22785
8723,22739,22817
231318,22753,22819
105045,22756,22816
233120,22758,22824
12850,22759,22831
160734,22760,22835
289985,22761,22838
155858,22767,22828
151709,22768,22840
287491,22959,23039
201283,22963,23036
308748,22965,23032
229555,22966,23030
31050,22967,23034
389691,22967,23038
264957,22968,23029
253259,22970,23032
71726,22971,23035
339054,22974,23035
198582,22975,23036
318765,22975,23038
218741,22981,23048
265055,23321,23377
19615,23321,23384
244658,23407,23494
6395,23410,23473
25245,23412,23478
20098,23416,23476
214519,23417,23479
107239,23651,23716
43993,23651,23719
6017,23652,23713
322660,23652,23722
179059,23653,23717
43995,23654,23716
235469,23769,23848
365480,23798,23875
355946,23821,23898
102705,23824,23877
400867,23824,23888
53025,23826,23907
27272,23827,23905
181166,23832,23893
27273,23833,23891
42932,23833,23894
371576,23833,23896
396017,23833,23907
56540,23835,23905
30498,23836,23907
220322,23857,23905
272172,23947,24009
226079,23947,24014
6060,23949,24011
12606,23952,24010
240869,23954,24015
34144,23954,24017
90120,23964,24040
347651,23973,24046
351513,23977,24037
158617,23979,24045
316296,23992,24040
352329,23993,24038
329252,24051,24130
297528,24057,24135
267987,24062,24140
93901,24065,24129
310920,24066,24130
143272,24067,24113
274766,24067,24126
38237,24067,24131
217389,24069,24114
68080,24069,24136
56539,24070,24124
220323,24078,24135
355945,24426,24501
317843,24438,24541
77453,24449,24536
99085,24456,24547
43994,24481,24547
24854,24481,24562
56538,24482,24545
94043,24482,24550
310921,24485,24565
52848,24487,24576
297529,24499,24559
58706,24500,24558
94044,24598,24655
96293,24704,24754
12605,24704,24767
102704,24715,24767
111293,24731,24775
233122,24901,24980
233123,24902,24984
244661,24905,24955
352328,24908,24964
234604,24912,24975
201956,24917,24982
358143,24918,24984
247121,24924,24999
193374,24968,25031
141748,25001,25105
28869,25014,25073
196631,25022,25099
90523,25024,25079
27624,25047,25104
33436,25467,25551
263472,25467,25560
239061,25469,25542
295993,25470,25536
403633,25476,25540
387744,25479,25544
364473,25501,25573
272171,25513,25586
61981,25570,25631
39946,25572,25633
101606,25573,25624
55878,25578,25648
361870,25599,25669
300715,25600,25679
244663,25630,25698
68079,26111,26164
91682,26134,26195
23431,26139,26199
248621,26370,26432
299664,26371,26435
240864,26375,26436
397623,26547,26616
178643,26556,26614
122613,26559,26612
96230,26561,26616
94042,26561,26620
202729,26562,26628
249413,26563,26614
217388,26563,26622
30499,26565,26611
122612,26569,26626
263473,26679,26761
263973,26801,26877
226646,26823,26885
392109,26823,26899
371575,26833,26888
374782,26833,26895
202730,26834,26892
55877,26836,26893
119063,26838,26885
392110,26838,26898
294847,26840,26913
27129,26842,26890
233410,26843,26894
366017,27264,27349
182157,27271,27346
52974,27347,27394
