163519,303,371
298319,456,542
227997,466,532
54894,469,551
133927,487,545
181977,487,550
31343,488,549
188886,488,551
346986,488,559
345924,489,550
317425,493,554
267436,506,551
311723,558,653
367914,581,645
389635,581,651
301348,586,649
111376,586,656
143593,587,643
310767,591,652
353234,591,656
166884,591,669
19824,592,661
92798,595,659
97137,596,645
366267,596,660
52042,597,668
388736,601,676
323437,609,671
99101,613,661
197670,616,670
2454,616,673
375121,628,689
246431,671,747
247399,682,754
66933,689,756
381558,695,762
8777,704,767
30297,832,903
178428,832,916
262319,1013,1072
246431,1189,1245
255969,1590,1700
66816,1591,1664
402787,1609,1691
21654,1611,1696
349927,1613,1689
2453,1613,1695
33804,1616,1681
4761,1617,1683
223804,1626,1688
83808,1628,1689
106069,1773,1833
172251,2516,2557
229093,2524,2583
275369,2540,2602
167445,2560,2637
287262,2645,2704
262374,2858,2923
367828,2867,2953
246433,3254,3330
391970,3503,3585
134704,3699,3766
287522,3699,3770
97138,3699,3783
58511,3702,3754
48648,3708,3770
389634,3712,3784
142203,3716,3771
21809,3720,3779
343103,3724,3786
276567,3743,3804
379038,3744,3812
389223,4321,4395
224074,4369,4450
213322,4792,4842
349658,5137,5197
172528,5137,5199
214046,5139,5197
214045,5140,5195
219313,5144,5201
327060,5480,5541
131325,5677,5738
61001,6382,6455
103722,6385,6456
194467,6401,6463
309036,6402,6476
67257,6407,6467
52020,7387,7457
83986,7426,7514
90111,7447,7530
90110,7447,7540
64465,7448,7511
262896,7453,7531
323561,7454,7550
83987,7459,7511
216451,7470,7547
315764,7554,7615
147425,7558,7615
380128,7561,7628
185007,7568,7628
391005,8376,8436
286257,8376,8439
270078,8401,8466
300766,8409,8472
123657,8454,8513
326228,8626,8688
361039,8809,8866
134464,8811,8866
171,8815,8868
246433,9234,9296
9367,9493,9544
55138,9494,9548
79916,9496,9550
402361,9798,9862
21264,9819,9865
134972,9832,9894
311722,9977,10031
396689,9991,10053
156993,10025,10093
391004,10294,10341
167443,10943,10997
246434,10943,11014
379766,11349,11412
372420,11350,11411
5962,11361,11425
206800,11367,11433
257390,11398,11446
134706,11593,11670
134703,11642,11696
280133,11869,11936
147424,11870,11947
171347,12209,12262
183077,12213,12279
368177,12448,12516
167444,12714,12775
151083,13080,13151
55139,13081,13135
273177,13193,13254
149420,13202,13256
13184,13265,13340
336774,13270,13350
381889,13276,13333
205398,13285,13346
270566,13567,13645
240359,13569,13630
402360,13586,13650
402537,13590,13649
52021,13823,13901
232023,13829,13907
232024,13835,13907
209771,13847,13905
100173,13876,13932
34589,14006,14073
370892,14009,14073
134705,14011,14079
232608,14012,14074
309199,14015,14076
286620,14030,14078
64842,14030,14099
146174,14038,14109
156027,14041,14105
227723,14043,14110
387839,14048,14109
1197,14048,14112
292454,14050,14116
106282,14053,14110
235252,14055,14112
304965,14060,14126
289161,14307,14367
341678,14555,14606
128242,14672,14738
147446,14926,14983
276923,14927,14996
102922,15196,15245
402144,15403,15468
69653,15419,15475
288753,15435,15501
246430,15558,15651
49248,15609,15669
405796,15612,15669
32269,15667,15735
246430,15751,15842
229092,16087,16154
111488,16186,16250
95138,16772,16821
349929,16913,16974
349928,16916,16975
166815,17169,17232
261958,17171,17235
170145,17725,17785
13592,17725,17793
237445,18165,18232
338457,18895,18966
369864,19176,19237
87816,19199,19257
190261,19363,19428
230887,19736,19810
61002,19742,19800
92201,19750,19810
97946,19750,19815
325445,19755,19815
375405,20045,20115
246434,21067,21143
219314,21511,21572
3884,21533,21599
32267,21534,21596
32268,21544,21600
341773,21795,21862
219312,21798,21862
119609,21799,21863
200934,22172,22217
395643,22188,22249
246432,23133,23251
338250,23175,23237
135485,23176,23239
174059,23176,23241
205397,23176,23254
158514,23179,23252
37783,23181,23242
317168,23181,23246
10071,23182,23254
192936,23186,23248
167442,23266,23359
110618,23555,23607
393327,23567,23637
113379,23572,23635
188554,23583,23648
255968,23603,23675
246432,23865,23972
32829,23904,23971
389507,24376,24443
187616,24384,24443
237696,24385,24446
5961,24385,24450
342951,24386,24448
34831,24388,24455
3216,24389,24437
358213,24389,24453
340872,24627,24710
216453,24636,24712
256990,24652,24708
377997,24652,24713
129352,24671,24712
181978,24750,24812
55416,24750,24821
317170,24751,24799
317169,24751,24801
117742,24757,24819
334784,24766,24829
81120,24766,24834
90434,24780,24822
285084,24866,24928
249852,24902,24957
250430,25038,25099
395642,25823,25870
208563,26238,26308
101687,26241,26327
139961,26243,26326
373999,26246,26325
398836,26248,26322
221607,26260,26324
376833,26261,26322
167440,26443,26534
1226,26474,26534
323244,26484,26535
110708,26864,26931
11121,26929,27003
167441,27015,27118
404663,27025,27089
88543,27037,27107
32266,27053,27106
216452,27053,27115
43992,27070,27120
140092,27070,27131
197671,27284,27364
254680,27379,27448
