328789,98,169
283728,99,162
378656,100,157
392053,103,159
168829,110,160
48460,110,177
196217,111,168
324081,117,167
343576,118,175
125838,120,192
207933,121,183
235088,132,193
374111,187,248
391067,187,261
223725,198,263
259777,276,341
171430,277,340
32460,741,819
119176,746,824
85954,755,800
338380,1190,1236
181405,1324,1376
44622,1324,1388
185159,1324,1393
282346,1324,1397
268390,1324,1407
158904,1325,1377
314848,1326,1389
198320,1327,1385
44134,1327,1390
39445,1328,1396
290511,1331,1398
202254,1336,1397
163539,1492,1551
86119,1500,1559
135335,1505,1566
234003,1510,1552
45266,1519,1574
354977,1595,1715
170632,1640,1724
232403,1650,1714
133157,1662,1724
374105,1734,1791
374110,1735,1789
129640,1740,1786
185020,1741,1792
391068,1741,1794
309896,1774,1850
47632,1789,1852
394692,1795,1855
320797,1797,1875
185544,1802,1875
398821,1812,1876
148471,1813,1877
202604,1939,1982
217660,1940,1997
374113,1955,2010
58563,2354,2418
59552,2354,2429
358817,2355,2403
204548,2355,2446
375747,2356,2417
128799,2357,2456
75437,2358,2422
172665,2361,2457
143798,2363,2414
86996,2363,2463
100882,2367,2427
93564,2370,2431
241271,2371,2429
321220,2374,2431
101288,2377,2456
364006,2388,2445
204947,2390,2461
289988,2723,2792
386415,2726,2786
79656,2732,2804
347744,2734,2802
236776,2734,2826
56338,2738,2802
391066,2738,2808
56643,2739,2805
374112,2739,2813
304008,2740,2809
128421,2741,2799
380486,2741,2811
378096,2741,2818
185020,2742,2804
399073,2743,2807
185024,2743,2812
313686,2746,2827
313685,2751,2821
294412,2755,2817
204765,2756,2801
29741,2756,2818
169718,2757,2807
123857,2758,2811
138938,2758,2827
386850,2760,2824
239495,2765,2829
203659,2775,2835
224516,2775,2837
342874,2777,2841
128226,2778,2842
384267,3323,3372
207814,3353,3410
78324,4045,4128
378657,4053,4134
203292,4066,4124
394691,4068,4155
196363,4078,4147
137988,4226,4277
116307,4226,4290
214952,4555,4616
374109,4764,4842
165396,4786,4855
334741,4788,4853
185026,4789,4884
171240,4798,4860
386416,4801,4882
50787,4804,4868
303577,4805,4869
22182,4808,4870
335235,4813,4876
23360,4816,4879
185027,5003,5099
26299,5029,5094
83597,5036,5097
59708,5039,5094
337710,5042,5095
328790,5680,5737
75398,5701,5775
214656,5707,5764
227163,5713,5761
131317,5715,5776
20562,5732,5775
189197,5863,5938
405970,5864,5933
48275,5867,5937
15291,5876,5932
189198,5885,5936
34115,6042,6092
201521,6261,6332
100738,6541,6599
372676,6541,6614
202255,6542,6605
183386,6542,6612
119175,6544,6608
397909,6544,6610
397910,6544,6613
101171,6546,6594
91236,6547,6614
19437,6549,6612
42095,6550,6611
49889,6551,6612
282345,6552,6613
274714,6553,6614
41900,6565,6611
24626,6807,6884
374102,7313,7388
185025,7323,7404
92202,7364,7421
119985,7400,7481
385174,7459,7514
183385,7463,7516
231975,7586,7638
247412,7586,7640
297812,7823,7873
328791,7823,7875
368172,7823,7879
134620,7876,7939
93565,7877,7936
274249,7886,7941
134542,7897,7969
136842,7898,7957
166189,7899,7956
258525,7899,7968
32458,7900,7963
200809,7905,7969
3184,7909,7970
292431,7910,7963
190073,7917,7969
172666,8157,8226
170634,8160,8229
361441,8161,8243
86616,8162,8226
223726,8162,8236
379779,8162,8239
101289,8162,8252
355521,8163,8234
382256,8163,8255
96175,8164,8218
382540,8164,8226
41896,8167,8243
101290,8168,8252
92490,8170,8234
47850,8171,8240
229221,8172,8234
116736,8172,8238
101428,8174,8246
188279,8174,8249
214950,8181,8252
158905,8182,8245
95578,8182,8259
223313,8183,8248
73860,8185,8248
400130,8185,8259
72058,8190,8242
294676,8191,8255
374108,8197,8259
46929,8197,8261
342526,8198,8264
32459,8200,8261
15730,8201,8284
374104,8202,8253
197284,8216,8281
402559,8217,8280
65623,8220,8286
397912,8231,8300
68426,8233,8303
393736,8257,8320
217912,8336,8442
379534,8349,8437
311721,8372,8433
277624,8372,8446
5362,8375,8451
36615,8379,8441
139384,8389,8450
131318,8712,8788
2493,8716,8780
53478,8716,8787
2492,8717,8782
355520,8764,8847
254816,8937,8999
284771,8938,8997
97528,8941,9004
208614,8943,9004
113070,9031,9101
193436,9031,9104
131009,9032,9099
214431,9033,9095
238552,9034,9101
186585,9041,9096
355519,9051,9100
3183,9051,9115
281340,9063,9121
375131,9075,9139
247034,9344,9405
98951,9344,9413
185024,9344,9422
250119,9346,9408
374106,9357,9433
201183,9376,9439
216126,9510,9563
185308,9732,9806
176104,9744,9804
236777,9744,9807
79484,9747,9794
130491,9761,9844
147719,9762,9826
97071,9789,9853
125808,9817,9897
170633,9830,9896
198319,9834,9902
95545,9844,9913
15729,9864,9957
90992,10019,10110
149116,10158,10222
250655,10216,10299
215106,10360,10418
386418,10493,10546
378151,10576,10641
83841,10789,10863
185018,10933,10990
185022,11013,11082
185018,11018,11081
70038,11024,11086
96104,11067,11124
372000,11070,11139
126786,11121,11174
122908,11323,11392
259776,11326,11380
145080,11332,11409
207237,11334,11406
406848,11335,11417
207424,11336,11405
158333,11336,11411
391069,11339,11417
187664,11343,11402
334740,11344,11405
113135,11345,11417
222187,11346,11412
371729,11347,11406
310156,11347,11411
195943,11348,11412
109079,11349,11405
382257,11349,11410
166197,11349,11413
148503,11351,11412
193795,11352,11414
78632,11354,11414
27719,11356,11417
93068,11362,11403
12293,11362,11412
280435,11363,11406
335000,11364,11405
108246,11364,11415
163769,11521,11577
236493,11521,11583
9035,11521,11585
198316,11688,11771
199221,11695,11756
109688,11701,11768
269238,11702,11765
347230,11703,11778
58805,11704,11768
183384,12218,12281
59715,12250,12318
116463,12596,12666
108977,12671,12744
7404,12671,12749
223727,12672,12738
371840,12672,12741
382542,12673,12722
2994,12673,12735
176103,12674,12736
193794,12676,12740
400666,12679,12742
100744,12683,12741
31173,12684,12745
122907,12686,12738
383692,12687,12740
65543,12688,12762
374107,12855,12949
313948,12872,12942
315450,13032,13114
93765,13034,13104
253062,13308,13381
174593,13308,13384
13435,13312,13376
383693,13358,13421
61961,13374,13432
374103,13672,13732
226359,13672,13737
222523,13680,13735
195045,13971,14041
32454,13971,14063
295222,13972,14034
153464,13979,14041
141894,14149,14211
289989,14258,14328
333284,14340,14414
38269,14347,14424
1504,14353,14404
381495,14355,14416
289987,14362,14428
158334,14723,14793
397911,14726,14793
214951,14729,14791
189987,14730,14793
104095,14736,14793
78631,14739,14792
2419,14740,14793
246706,14742,14793
252155,14748,14793
93566,15104,15166
389765,15104,15170
1503,15105,15160
341262,15105,15167
96376,15106,15158
138442,15106,15173
360577,15106,15180
275886,15108,15160
11143,15779,15845
337351,15860,15924
91235,15864,15924
273884,16561,16610
185021,16616,16705
185025,16618,16710
354462,16680,16753
185022,16879,16941
174592,17040,17097
392319,17042,17096
97072,17045,17097
20411,17205,17284
386417,17207,17276
250651,17218,17297
56913,17221,17295
122545,17222,17291
101291,17225,17286
337922,17228,17289
243498,17241,17312
339385,17245,17306
355251,17598,17690
38270,17601,17650
203293,17609,17680
89399,17613,17680
392140,17620,17688
78326,17620,17705
320798,17623,17685
16082,17623,17719
308863,17624,17686
75308,17624,17701
244918,17629,17748
204018,17630,17707
406552,17633,17680
299102,17633,17720
142483,17635,17703
221119,17635,17711
209021,17635,17723
368737,17637,17693
125809,17637,17706
172781,17640,17715
47332,17640,17773
197305,17641,17702
290946,17641,17705
362403,17641,17733
257319,17641,17750
145622,17642,17722
394487,17644,17707
390861,17645,17744
75307,17646,17687
382541,17646,17748
78325,17647,17710
198317,17647,17721
59173,17648,17694
375795,17650,17727
112704,17651,17736
19407,17652,17720
247931,17653,17722
321907,17655,17721
258524,17657,17718
45165,17657,17734
196205,17658,17728
230840,17659,17746
356994,17660,17724
223838,17660,17733
175006,17662,17725
60955,17662,17754
10453,17664,17730
283105,17665,17728
88667,17668,17747
169984,17669,17761
140357,17670,17731
358816,17670,17739
215453,17671,17735
32457,17671,17762
272729,17672,17755
2744,17674,17744
224905,17674,17750
322965,17676,17745
232373,17677,17742
313335,17679,17751
238369,17679,17771
354465,17680,17765
221759,17682,17766
32456,17683,17751
234051,17686,17752
240970,17686,17760
32453,17694,17784
399142,17696,17759
120729,17697,17775
405883,17698,17759
364778,17701,17762
112705,17701,17776
371241,17704,17765
47006,17706,17783
11017,17708,17752
152269,17711,17757
75399,17711,17772
171428,17712,17764
204766,17713,17759
158335,17716,17785
131104,17718,17786
120730,17719,17789
96375,17830,17891
103856,17909,17960
217913,18001,18073
327789,18032,18086
189196,18035,18089
103516,18039,18108
84107,18048,18105
61245,18054,18102
93330,18055,18116
26335,18191,18245
90991,18522,18581
84108,19457,19526
386419,19462,19538
354463,19463,19533
389498,19464,19559
374100,19470,19588
338382,19475,19543
48823,19476,19535
185021,19476,19581
29742,19478,19548
72050,19478,19578
92355,19480,19584
227162,19481,19555
196028,19485,19553
269637,19487,19563
58804,19494,19571
133156,19499,19574
171429,19500,19544
100743,19500,19589
313684,19503,19565
392320,19509,19575
213750,19511,19580
18712,19513,19585
246608,19517,19582
380508,19520,19581
29593,19523,19580
36264,19523,19584
374101,19523,19590
315449,19524,19572
127966,19524,19586
1301,19526,19593
284474,19528,19586
326509,19533,19594
168691,19626,19708
283104,19637,19699
131008,19638,19704
309067,19645,19709
379536,19668,19724
80255,19669,19735
112893,19670,19738
269636,19793,19861
158477,19795,19863
343577,19797,19866
80256,19803,19864
288749,20145,20209
375794,20147,20215
313334,20148,20198
58803,20148,20209
357082,20158,20234
166080,20174,20236
239202,20618,20681
223728,20619,20695
100883,20652,20703
179646,20654,20714
386732,20696,20757
30150,20722,20772
103858,20761,20826
56660,20763,20843
179260,20771,20843
305025,20774,20844
110503,20791,20844
138441,21001,21058
176953,21143,21214
185023,21605,21662
59862,21630,21687
78178,21636,21696
303389,21800,21872
222965,21918,21988
131319,21927,21977
185019,22072,22139
324083,22087,22180
128420,22097,22140
79426,22451,22512
171680,22465,22526
127095,22478,22547
16708,22485,22558
124140,22487,22567
194355,22488,22553
207813,22490,22556
132436,22492,22561
338381,22493,22577
20412,22498,22562
284662,22503,22571
156613,22508,22570
297813,22509,22555
204767,22510,22566
286191,22511,22555
354464,22511,22567
113134,22511,22572
48823,22511,22575
185019,22807,22862
103942,23360,23423
203530,24981,25050
121660,25014,25071
111769,25018,25077
379535,25026,25092
100874,25039,25103
209020,25039,25134
106570,25040,25107
397176,25040,25111
311720,25041,25105
32455,25041,25120
318455,25044,25108
288959,25045,25104
312158,25045,25106
48461,25047,25111
175455,25047,25116
266099,25050,25119
284663,25050,25131
42599,25053,25115
118929,25055,25117
77969,25056,25131
224367,25059,25113
197919,25062,25126
42062,25063,25153
187878,25068,25144
368736,25070,25156
368735,25072,25154
8973,25079,25160
114322,25090,25153
73317,25090,25164
287687,25091,25152
106347,25091,25198
358815,25093,25169
249357,25137,25193
406710,25137,25210
125227,25139,25193
337574,25154,25212
391070,25154,25228
374097,25461,25532
374098,25461,25537
341392,25464,25532
12238,25480,25531
32452,25679,25740
374786,25741,25824
143799,25746,25806
81098,25753,25824
187877,25764,25837
124117,26651,26716
185026,26651,26734
311699,26653,26730
339653,26654,26716
363813,26654,26726
65408,26657,26719
67085,26671,26730
234058,26691,26734
234059,26866,26916
185027,27273,27365
84372,27321,27377
102682,27345,27407
365516,27494,27544
185023,27831,27892
367014,27958,28018
44345,27963,28070
19088,27968,28035
6323,28073,28137
355518,28100,28153
19087,28100,28164
374099,28103,28164
393540,28176,28232
283103,28177,28274
297814,28182,28273
265360,28212,28269
67441,28227,28274
361442,28502,28575
185545,28510,28580
26300,28512,28573
65808,28524,28589
312257,28528,28592
198318,28531,28597
392321,28532,28599
211547,28539,28593
55267,28541,28619
117505,28554,28623
355252,28569,28642
14565,28629,28680
187910,28630,28691
404395,28642,28686
372001,28661,28710
356926,28662,28713
254821,28663,28729
108062,28670,28759
397908,28686,28756
31919,28906,28959
343578,29098,29157
32716,29098,29163
118578,29098,29185
46301,29099,29160
168692,29099,29175
75539,29100,29158
80257,29101,29163
12294,29102,29169
262477,29104,29154
278934,29105,29176
187879,29106,29169
305024,29107,29162
149117,29108,29184
215105,29109,29176
25186,29123,29183
207794,29130,29183
102674,29138,29193
193796,29365,29427
389989,29799,29868
259775,29802,29861
141096,29817,29862
391071,29818,29878
209019,29824,29925
172667,29911,29997
83840,29912,29984
247014,29924,29983
262028,29932,29994
113133,29932,29997
171427,29935,29994
202229,29953,29997
