248936,499,564
155080,770,855
106403,771,850
28876,773,851
131472,776,840
15763,784,849
337733,786,847
233510,900,963
290198,903,965
290197,904,966
149946,1166,1234
230189,1226,1304
8449,1296,1344
46673,1306,1353
158003,1317,1379
64362,1730,1787
230188,1730,1823
166757,1733,1787
116017,1733,1802
116018,1733,1810
172377,1759,1836
92199,1774,1832
95552,2036,2100
46068,2047,2108
403407,2458,2524
29912,2459,2512
60123,2463,2524
115128,2463,2526
210955,2773,2856
85040,2776,2839
115129,2799,2929
298116,2810,2890
8131,2812,2924
7924,2815,2877
100812,2826,2878
394778,2866,2938
204167,2868,2926
293483,2868,2930
9749,2872,2927
111732,2876,2924
9748,2876,2966
159663,2901,2953
54604,2954,2995
254324,2956,3017
148039,2957,3015
253180,2962,3016
318213,2962,3024
127506,2974,3043
251057,2985,3038
174439,2995,3068
260462,3066,3139
310883,3135,3209
221746,3137,3212
106664,3478,3526
106665,3479,3527
130693,3751,3815
114059,3788,3851
131616,3840,3930
99682,3996,4058
301329,4144,4206
222337,4145,4212
358602,4147,4218
136242,4152,4213
80552,4158,4200
108232,4161,4202
303573,4212,4267
131616,4303,4373
254567,4397,4474
257421,4413,4474
314326,4413,4487
189111,4447,4509
333295,4591,4676
113029,4597,4688
24258,4617,4691
105443,4621,4692
258142,4624,4675
130561,4624,4677
8090,5173,5247
129270,5173,5253
226366,5173,5262
293962,5173,5267
9747,5173,5281
144425,5174,5243
17964,5174,5250
179276,5175,5238
332241,5175,5274
390546,5176,5271
131615,5177,5250
113315,5177,5261
393599,5196,5312
32986,5197,5301
293961,5199,5310
302309,5206,5284
115130,5212,5328
50378,5228,5306
115131,5242,5350
368918,5243,5300
193539,5260,5322
131615,5261,5346
