342708,225,324
185870,229,339
25584,236,308
397,237,322
112960,245,338
704,246,333
225166,253,364
58228,255,337
2254,260,372
25000,274,385
385815,279,344
159965,283,346
2379,323,385
171609,418,481
183497,418,500
369661,602,686
157339,614,703
25982,617,681
162601,620,677
74760,621,674
17934,626,682
262754,650,702
407405,716,836
25583,769,835
117812,989,1097
185871,1004,1102
175870,1026,1096
397,1031,1102
10764,1035,1101
29399,1204,1250
45349,1243,1351
400860,1258,1326
171604,1258,1329
171608,1258,1338
194113,1266,1331
194114,1266,1337
159962,1269,1328
250528,1272,1348
403477,1274,1324
119117,1274,1335
183996,1275,1333
296576,1276,1352
120990,1281,1349
380353,1287,1334
328965,1289,1352
58798,1299,1350
203285,1300,1356
255658,1304,1356
294670,1339,1400
188505,1351,1420
224491,1360,1418
153405,1360,1421
100147,1362,1423
158879,1363,1418
200201,1363,1425
407271,1364,1426
276976,1364,1434
222619,1365,1417
65906,1365,1420
326939,1367,1445
361457,1369,1440
373293,1372,1449
149194,1376,1442
280420,1530,1587
325653,1532,1579
29319,1634,1681
70293,1634,1695
155998,1634,1712
158487,1634,1734
117375,1635,1696
258052,1636,1708
58230,1637,1699
114738,1637,1701
149731,1637,1711
181448,1637,1716
144,1639,1696
402823,1639,1703
169471,1646,1697
220599,1648,1710
13761,1657,1714
82733,1659,1710
220600,1661,1712
160020,1846,1921
329000,1852,1923
328999,1854,1918
272621,1860,1922
27240,1866,1937
120250,1875,1963
32235,1927,2036
220048,1928,2030
276226,1939,2037
50901,1942,2036
344323,1943,2038
72324,1946,2035
66177,1948,2012
385428,1961,2022
220049,1972,2035
114701,2065,2155
348202,2066,2116
44995,2066,2144
156727,2078,2155
124543,2079,2148
276181,2081,2155
52626,2211,2263
407197,2413,2456
348550,2467,2523
394609,2717,2786
314610,2718,2779
328009,2720,2790
24940,2722,2796
204770,2723,2790
150540,2734,2789
217621,2741,2810
306019,2744,2811
99034,2747,2792
201124,2747,2807
293633,2748,2809
113611,2749,2811
131709,2823,2898
113610,2828,2896
273926,2835,2901
28869,2835,2906
373310,2836,2897
20439,2839,2900
99185,2839,2903
354131,2840,2902
321535,2840,2912
12097,2841,2903
344449,2842,2907
27781,2845,2912
276180,2845,2924
266230,2846,2903
263858,2850,2907
194568,2850,2914
407407,2854,2932
312610,2856,2903
225167,2856,2924
16212,2857,2937
27241,2859,2918
63681,2865,2936
202075,2866,2927
319090,2867,2929
4339,2867,2934
36372,2870,2934
242849,2871,2937
361458,2873,2936
258303,2874,2970
337755,2995,3046
348164,2997,3064
171602,3002,3098
227416,3006,3098
229561,3057,3098
330541,3127,3172
402484,3134,3227
169472,3454,3502
375862,3531,3591
407270,3533,3616
310682,3535,3612
75125,3539,3611
296575,3543,3605
136754,3546,3612
158488,3546,3616
321534,3567,3617
359262,3870,3913
369118,3870,3921
112978,4077,4122
228791,4445,4508
17935,4703,4779
147170,4703,4782
238708,4703,4787
403572,4706,4782
379794,4711,4782
200200,4712,4784
301314,4713,4816
359774,4714,4796
382915,4722,4819
161832,4727,4788
232072,4728,4811
297373,4748,4861
384845,4753,4814
101568,4755,4817
145970,4775,4848
46092,4784,4846
159962,4788,4867
328999,4788,4870
400383,4793,4867
58036,4802,4868
329000,4803,4876
63980,4811,4881
352734,4812,4876
310680,4819,4881
159964,4831,4882
257132,4846,4916
183498,4868,4955
367507,4886,4949
248885,4888,4952
195760,4888,4961
106907,4889,4951
75126,4891,4977
162621,4894,4948
234876,4899,4952
116769,4952,4996
177730,5167,5232
153042,5223,5334
79534,5240,5316
2918,5246,5308
243717,5246,5325
113363,5247,5318
158486,5248,5320
58037,5248,5326
153041,5251,5345
41314,5252,5319
372748,5256,5322
401639,5257,5324
219343,5258,5329
280061,5260,5323
216847,5270,5325
157611,5272,5320
333921,5275,5337
114685,5277,5334
88806,5402,5448
117813,5402,5462
336033,5426,5487
371040,5426,5495
168951,5441,5505
171605,5444,5489
291744,5454,5507
254861,5500,5581
153040,5505,5580
296577,5514,5582
139438,5515,5578
110757,5584,5648
171607,5917,6002
76467,5919,5996
403476,5929,5998
96008,5929,6003
385814,5933,5996
378472,5933,6007
215512,5934,6000
171606,5940,6017
334949,5944,6026
407406,5945,6030
46850,5948,6014
3135,5948,6027
366967,5949,6030
310681,5951,6017
3136,5951,6032
90843,5952,6023
311617,5962,6023
117376,5962,6026
103183,5963,6037
103182,5963,6042
58145,5971,6037
388255,5972,6065
398630,5973,6031
398631,5973,6034
120991,5973,6062
212466,5974,6045
389383,5979,6025
103181,5979,6037
200203,5980,6049
120989,5987,6048
35987,5987,6055
260911,6100,6180
58035,6104,6172
124752,6108,6177
194112,6109,6160
159967,6121,6184
367152,6124,6176
200202,6356,6428
404962,6357,6413
66805,6357,6432
54917,6357,6450
120311,6359,6425
235247,6359,6434
117374,6362,6447
38846,6363,6437
186850,6363,6442
229560,6363,6458
102122,6364,6418
103180,6367,6449
222788,6369,6453
82735,6372,6432
66783,6376,6448
385361,6377,6453
703,6379,6440
2584,6379,6445
323941,6380,6447
171610,6382,6445
226799,6383,6452
186851,6384,6446
70558,6387,6451
324992,6388,6450
206013,6847,6914
131710,6861,6925
254862,7108,7171
262771,7110,7188
44996,7113,7176
82734,7119,7185
122912,7203,7256
224492,7212,7256
290929,7378,7448
238707,7679,7744
326474,7706,7773
272747,7971,8053
259144,7974,8036
28365,7974,8055
121659,7975,8023
398013,7988,8054
25585,8002,8063
92551,8009,8101
274251,8010,8092
274250,8011,8084
224253,8016,8071
209348,8018,8090
288163,8040,8115
31461,8052,8123
62606,8053,8112
308040,8056,8108
177729,8057,8126
151218,8139,8218
151803,8143,8218
274252,8145,8219
209347,8153,8225
294292,8154,8218
213828,8156,8248
58229,8162,8219
345645,8165,8222
200204,8168,8220
36068,8176,8224
369225,8178,8235
340694,8180,8242
53396,8184,8235
407198,8191,8274
403478,8196,8262
20318,8196,8266
145777,8198,8261
39763,8200,8291
2507,8424,8476
8167,8598,8661
371365,8605,8667
219344,8843,8904
28870,8843,8921
171603,8846,8909
41808,8849,8910
360529,8849,8916
215513,8849,8919
705,8852,8917
366968,8854,8918
394385,8857,8939
273925,8858,8918
75127,8862,8917
28871,8862,8938
66782,8865,8907
28872,8868,8975
291745,8870,8942
136573,8871,8921
402486,8873,8921
39719,8874,8926
706,8874,8976
371041,8876,8937
407408,8877,8929
371039,8877,8939
402483,8877,8956
117373,8877,8961
402482,8880,8942
215514,8884,8954
256193,8894,8993
216586,8901,8986
43828,8904,8993
381589,8910,8996
206496,8911,8973
159963,8920,8982
8617,8928,8989
382220,9440,9486
402487,9556,9621
91208,9557,9622
49340,10286,10344
378509,10289,10350
395586,10296,10343
292614,10303,10366
26988,10314,10376
340727,10315,10387
41809,10321,10380
402488,10321,10387
250173,10321,10392
194111,10330,10392
22607,10508,10563
285239,10602,10664
400573,10605,10677
383535,10606,10669
50218,10606,10689
181001,10625,10688
134112,10630,10696
290980,10634,10695
357373,10634,10698
68500,10635,10683
95996,10635,10699
255901,10635,10701
360376,10637,10706
202076,10641,10703
3137,10950,11018
121931,10950,11022
222787,10950,11070
61896,10954,11011
185094,10954,11021
183496,10958,11013
75128,10958,11020
90809,10965,11021
43829,10965,11024
153110,10975,11074
278658,10982,11094
339172,10983,11089
7455,10995,11101
144147,11013,11076
153039,11018,11087
3134,11022,11089
198297,11022,11093
82736,11027,11094
20835,11030,11090
292615,11034,11092
175869,11034,11101
81880,11058,11112
220598,11058,11114
114686,11060,11114
