156154,279,340
198720,283,339
242597,284,341
395201,299,376
322632,309,372
258368,351,409
301736,352,408
114827,354,438
204403,365,430
274474,371,423
131709,371,446
280485,372,433
91102,372,438
117549,372,449
194839,374,446
91566,379,428
241171,379,444
198688,385,447
347713,392,457
11076,1505,1569
133005,1511,1569
257544,1796,1842
7041,1797,1845
109251,1873,1939
166323,1876,1946
308100,1880,1941
84566,1887,1940
232210,1899,1960
239797,1952,2025
178371,1971,2048
241169,2193,2278
126523,2427,2496
272211,2592,2681
33196,2605,2672
288251,2606,2684
188311,2614,2667
15403,2627,2718
352314,2630,2674
230971,2630,2694
21321,2631,2700
258773,2635,2679
307389,2635,2718
329545,2635,2734
310957,2642,2744
132382,2644,2734
99912,2647,2725
190903,2676,2731
89552,2679,2734
59116,2680,2746
138144,2694,2777
32193,2696,2743
24048,2698,2762
288252,2701,2766
92225,3059,3107
303532,3197,3258
161539,3273,3335
119160,3273,3346
17493,3273,3351
178315,3273,3359
332764,3274,3340
215173,3274,3365
172960,3276,3340
338610,3280,3350
62874,3282,3345
326741,3284,3345
386265,3299,3362
336462,3310,3360
194036,3316,3367
173585,3320,3373
216474,3321,3386
239644,3340,3398
215287,3416,3472
106607,3417,3462
393947,4206,4260
274365,4208,4306
37025,4211,4306
294897,4395,4491
27698,4421,4485
230967,4424,4486
112347,4424,4488
245445,4429,4486
309926,4433,4488
43853,4433,4493
180785,4436,4498
220087,4437,4508
188350,4442,4513
266609,4444,4514
230968,4445,4512
17697,4448,4516
202763,4502,4555
131710,4882,4942
283213,4882,4945
263003,4882,4952
365449,4886,4946
86230,4886,4949
16830,5355,5401
281381,5389,5486
126525,5426,5484
195928,5549,5610
310106,5552,5604
186824,5559,5614
64995,5715,5777
17457,5715,5788
175593,5716,5785
314776,5925,5987
65622,5926,5988
263002,5932,5995
45139,6286,6350
165053,6287,6358
161523,6287,6361
283212,6291,6364
97137,6292,6358
266610,6295,6371
142970,6297,6362
8305,6301,6360
221463,6305,6377
266612,6309,6372
284105,6311,6376
337855,6315,6377
142969,6316,6378
168857,6321,6384
2421,6789,6836
126641,6879,6936
208002,7073,7128
56654,7080,7134
79144,7103,7204
5596,7157,7208
230970,7166,7229
76233,7195,7249
397794,7298,7351
6499,7300,7364
100600,7423,7471
366035,7516,7578
402762,7516,7584
80207,7517,7606
119549,7518,7608
348471,7521,7582
137255,7521,7584
180244,7525,7594
350826,7527,7590
324974,7533,7600
180243,7538,7621
310720,7541,7623
62210,7542,7594
190354,7543,7622
149547,7550,7619
364606,7557,7619
232408,7561,7622
349221,7562,7618
84177,7682,7737
103606,7682,7745
222048,7762,7832
119161,7780,7850
111500,7784,7836
300901,8071,8120
328069,8072,8127
232410,8162,8224
241172,8173,8224
159551,8614,8657
78377,8615,8668
295454,8751,8799
311086,8798,8861
343175,8817,8880
182899,8822,8870
310105,8880,8938
351716,8924,9011
178587,8939,8998
240,8943,9008
111437,8956,9015
49969,8956,9017
169437,8963,9018
318326,9020,9091
275051,9042,9094
27697,9056,9127
302171,9085,9159
313165,9099,9156
112348,9101,9163
316046,9111,9196
230969,9112,9189
402456,9113,9204
77996,9115,9178
241170,9116,9195
95731,9117,9198
232409,9118,9204
142222,9123,9196
292349,9127,9194
248137,9129,9191
135988,9129,9199
231498,9134,9197
180327,9136,9197
24047,9147,9201
88595,9453,9509
80891,9505,9574
396458,9555,9612
361081,9584,9648
48564,9751,9826
92663,9752,9807
130989,9758,9819
343140,9767,9829
201183,9768,9831
153050,9769,9835
85153,9774,9837
80414,9923,9972
398587,9967,10013
132477,10227,10282
88594,10295,10354
381291,10520,10581
337856,10527,10580
159550,10588,10631
190895,10759,10811
328775,10759,10816
289914,10759,10824
116059,10759,10836
24046,10759,10843
83053,10761,10818
173,10761,10831
266611,10761,10834
97138,10770,10843
94841,10774,10831
212148,10796,10862
17492,10801,10863
70490,10815,10866
49505,10817,10867
310719,10817,10872
406528,10838,10899
79142,11131,11197
307892,11296,11364
216909,11317,11383
305333,11321,11384
305332,11322,11383
76232,11327,11383
236772,11331,11376
180923,11331,11378
230966,11342,11384
79142,12120,12179
186823,12202,12262
14367,12203,12266
185148,12203,12303
182460,12203,12329
62208,12204,12267
193062,12204,12269
4984,12204,12295
78478,12208,12285
32889,12209,12314
79144,12210,12322
89551,12211,12267
382254,12215,12287
227041,12220,12284
52854,12425,12518
370411,12428,12526
350882,12431,12530
14483,12433,12515
276224,12435,12499
231176,12436,12497
203812,12437,12529
113944,12440,12490
34424,12443,12532
65617,12448,12526
335584,12450,12511
343141,12456,12521
149474,12457,12523
307482,12460,12521
221462,12460,12533
181326,12461,12548
76231,12463,12529
138145,12464,12533
84168,12466,12530
325012,12467,12532
171952,12469,12545
69905,12472,12544
25815,12474,12550
178316,12654,12739
29957,12654,12745
142709,12654,12749
142710,12655,12723
29956,12655,12763
122502,12657,12744
168856,13077,13133
231936,13573,13639
83569,14180,14228
49968,14316,14377
159941,14436,14503
222579,14439,14507
401241,14468,14525
407295,14474,14541
361083,14725,14791
363703,14851,14918
328169,14859,14954
123716,14863,14926
35285,14863,14940
87337,14865,14929
380112,14865,14943
149549,14868,14943
149548,14871,14943
30571,14876,14917
87338,14879,14943
102318,14883,14959
195922,14892,14959
265332,14899,14964
405370,14991,15053
18744,15022,15067
198722,15230,15301
198721,15237,15309
78376,15292,15355
296945,15303,15351
240777,15312,15357
300637,15313,15355
121798,15314,15369
78531,15403,15456
177056,15718,15778
179350,15884,15951
209174,15884,15958
274364,15884,15962
283214,15886,15963
287773,15891,15945
138146,15895,15964
236963,16616,16697
25816,16632,16698
231495,16775,16843
149473,16786,16843
35353,16937,17012
35354,16942,17012
73640,17095,17162
382406,17233,17299
86238,17234,17289
156153,17628,17684
35360,17628,17714
179348,17635,17714
358731,17671,17733
37397,18222,18267
280096,18281,18329
178314,18297,18348
179347,18813,18870
35355,18813,18890
307785,18815,18871
62209,19197,19272
35357,19197,19278
62207,19198,19259
79368,19201,19263
350206,19201,19266
135939,19201,19277
173584,19202,19272
35356,19203,19267
200340,19204,19278
179346,19206,19277
37026,19206,19280
274287,19211,19281
307786,19214,19278
400079,19214,19280
222627,19220,19277
274363,19577,19659
216473,20020,20093
305522,20236,20305
159110,20248,20289
333662,20253,20317
371387,20254,20327
307784,20374,20443
389518,20408,20458
274362,20851,20943
12826,21065,21116
340830,21065,21134
214852,21066,21125
352779,21070,21139
138148,21250,21317
35356,21628,21697
37027,21634,21698
206307,21755,21799
41187,21755,21801
21380,22009,22073
86959,22280,22341
35354,22280,22344
307783,22280,22350
35358,22280,22358
58980,22281,22329
400080,22281,22340
46187,22315,22382
196071,22347,22414
209173,22349,22403
300636,22349,22408
35359,22376,22475
35360,22385,22467
179349,22686,22783
405371,22737,22819
327727,23192,23249
195929,23552,23618
75069,23552,23627
283215,23553,23637
27951,23557,23619
79143,23691,23760
138149,23723,23796
187970,23742,23822
366241,23744,23861
49966,23754,23825
135430,23754,23839
361085,23756,23845
295452,23756,23853
302468,23759,23826
98756,23759,23862
286137,23759,23869
295453,23761,23843
363702,23764,23856
242596,23777,23859
165054,23780,23855
172959,23783,23844
98755,23785,23851
286138,23786,23863
149550,23793,23855
240233,23796,23863
76230,23800,23864
318350,23803,23858
86958,23806,23871
139422,23807,23868
133714,23852,23903
223788,24057,24120
79141,24685,24772
302467,24692,24776
98754,24697,24777
295451,24710,24776
305566,24716,24825
49967,24881,24944
305567,24882,24943
231496,25028,25105
108751,25028,25108
223913,25029,25090
122209,25037,25101
46217,25037,25103
262350,25422,25485
345020,25424,25518
112349,25425,25493
50488,25434,25493
121174,25442,25565
208888,25443,25490
13412,25448,25492
274361,25448,25537
274360,25451,25540
387433,25453,25525
401272,25476,25537
286750,25569,25632
126642,25578,25640
394001,25580,25643
303987,25582,25644
302466,25586,25677
317635,25590,25675
79141,25594,25677
22534,25597,25662
305565,25764,25847
361084,25964,26029
314777,26132,26207
402457,26146,26216
361082,26152,26213
402404,26155,26219
143216,26162,26233
19245,26173,26217
245446,26383,26434
155652,26687,26758
297470,26692,26757
45199,26694,26754
243884,26695,26758
135938,26697,26758
187358,26697,26773
138147,27341,27404
209175,27393,27466
180556,27432,27518
366240,27828,27902
290825,27828,27941
28218,27829,27885
28217,27833,27885
136741,27836,27885
347217,27837,27880
35424,27837,27890
305564,27853,27946
126524,28195,28260
328645,28290,28361
223914,28303,28362
269438,28307,28390
301502,28312,28381
269439,28313,28394
21646,28314,28386
307333,28325,28371
366242,28336,28406
177290,28343,28427
366036,28345,28412
231497,28349,28411
68829,28598,28648
19246,28602,28654
79143,28606,28666
388780,28956,29012
296456,29801,29850
310104,29802,29865
