274030,416,478
26667,417,471
298526,418,479
207217,425,473
47993,446,503
158998,446,510
348604,451,532
297546,477,565
395111,481,548
7727,485,545
369189,525,577
151701,536,631
65146,541,611
7726,544,619
141462,546,612
34858,547,625
36769,551,615
168197,552,622
116433,554,631
403948,557,623
259729,561,635
325792,562,626
382361,565,627
331187,569,631
294852,570,634
39424,573,652
101750,575,638
42990,578,625
200904,578,647
195332,578,657
253258,718,778
265389,1121,1184
406213,1185,1263
192787,1199,1260
119419,1213,1297
101745,1214,1257
406753,1215,1281
65424,1216,1257
361328,1217,1280
232928,1346,1408
254984,1362,1421
348550,1809,1876
137210,1871,1964
306259,1876,1955
222492,1878,1945
65920,1895,1945
200600,1898,1942
222493,1900,1975
96826,1901,1963
123271,1904,1964
221990,1908,1988
65503,1910,1982
221616,1925,1971
147360,2000,2070
207218,2012,2077
388876,2026,2089
85106,2028,2088
16798,2033,2098
50313,2366,2421
50792,2486,2547
213456,2488,2551
175008,2488,2553
331617,2495,2558
123026,2676,2727
280161,3394,3468
125588,3611,3672
72250,3611,3685
26668,3611,3692
388041,3613,3674
302747,3615,3674
46850,3618,3674
389987,3618,3680
215901,3618,3686
259839,3621,3677
381953,3624,3685
92375,3628,3692
263626,3640,3686
206576,3649,3714
1878,3749,3814
186969,3758,3821
262362,3791,3870
135994,3845,3920
240757,3860,3921
370104,3920,3990
133959,3997,4057
53851,4001,4079
13829,4006,4077
262361,4007,4074
331641,4010,4077
76373,4012,4056
159466,4013,4075
308378,4013,4078
158997,4017,4074
70974,4018,4077
253257,4123,4202
172822,4186,4254
230056,4188,4250
322599,4630,4692
273535,4630,4714
250331,4631,4693
352664,4631,4717
115478,4634,4703
352663,4634,4717
254191,4639,4712
180516,4648,4710
233533,4650,4712
48309,4662,4706
222494,4826,4889
261759,4826,4922
221952,4828,4943
311998,4829,4938
261760,4835,4941
334841,4853,4917
180515,4855,4917
119418,4855,4951
345614,4861,4922
23300,4864,4941
145031,4869,4948
139970,4875,4940
123027,4884,4949
119420,5021,5073
353269,5192,5260
348600,5195,5272
281717,5199,5262
220091,5205,5273
402401,5211,5272
184771,5214,5264
354955,5401,5457
334840,5404,5450
371139,5410,5456
233705,5413,5458
53960,5413,5460
232694,5538,5602
389707,5543,5601
319271,5571,5636
84914,5572,5633
95802,5574,5631
297547,5620,5685
123272,5968,6046
352121,5978,6046
11275,5984,6059
154413,5989,6057
392965,5989,6061
312801,6293,6361
287506,6321,6395
147464,6439,6501
221991,6558,6626
308379,6865,6934
156123,6888,6968
241280,6890,6957
2953,6901,6945
242690,6904,6967
354956,6948,7007
173538,6951,7028
76054,6953,7006
320930,6956,7019
121475,6961,7019
134148,8476,8537
154960,8494,8557
168131,9389,9462
76372,9399,9481
43219,9411,9473
212017,9657,9727
9184,9676,9737
196628,9679,9739
10401,9680,9738
166005,9874,9937
26670,10029,10101
274029,10054,10116
226551,10128,10189
166209,10128,10191
253260,10128,10195
361327,10132,10194
133437,10133,10195
34872,10136,10196
200905,10449,10522
258132,10468,10551
14608,10475,10530
42767,10490,10554
212222,10568,10637
197362,11093,11155
67354,11111,11178
156023,11213,11284
187420,11218,11284
312802,11374,11450
350556,11385,11450
155993,11393,11463
42768,11396,11460
356552,11400,11485
329289,11408,11483
201836,11411,11479
241281,11413,11484
354957,11415,11506
351620,11419,11500
340539,11427,11488
2120,11427,11495
99181,11429,11491
258466,11450,11506
321563,11454,11504
208231,11513,11574
215902,11537,11598
207216,11556,11606
150605,11696,11750
200018,11848,11902
312386,11855,11903
224045,12118,12184
308380,12320,12379
119417,12523,12575
305174,13280,13347
222101,13290,13353
265388,13290,13360
383985,13296,13355
83809,13483,13547
42991,13489,13556
197728,13494,13555
285832,13496,13559
325145,13497,13553
168132,13498,13559
110935,13498,13561
166210,13731,13817
226264,13735,13796
166006,13735,13799
255096,13738,13798
277372,13753,13817
95188,13759,13820
160827,13762,13820
355437,13764,13819
227567,13773,13820
224045,13947,14001
402013,13960,14029
222100,13979,14034
229981,14061,14140
282579,14084,14163
255095,14193,14243
185909,14309,14372
195333,14309,14375
141121,14311,14375
142481,14332,14403
325276,14408,14471
158435,14409,14469
408009,14411,14463
55443,14411,14472
298527,14411,14477
299690,14411,14484
161673,14413,14470
291128,14414,14471
352661,14414,14474
300914,14417,14486
243971,14418,14473
158999,14424,14492
22351,14430,14488
219262,14436,14489
36394,14446,14509
408008,14448,14535
154414,14496,14575
319179,14735,14800
348605,15055,15119
2681,15056,15113
221617,15056,15120
102661,15056,15122
92841,15056,15128
253259,15241,15287
23298,15257,15343
207643,15263,15324
388875,15269,15336
108682,15280,15327
392267,15285,15373
215529,15301,15378
299689,15303,15377
384042,16055,16127
281934,16123,16187
215010,16130,16189
375798,16134,16177
282578,16140,16193
84991,16144,16185
329488,16452,16511
256346,16454,16505
189104,16458,16510
285262,16459,16504
226552,16460,16511
350555,16553,16618
298528,16632,16698
205191,16658,16732
145032,16662,16731
159000,16678,16726
42766,16789,16851
370105,16791,16854
274028,16792,16842
191569,16793,16854
273698,17102,17146
230057,17118,17173
232929,17121,17182
204266,17275,17360
26669,17280,17336
158151,17283,17349
368446,17285,17350
81373,17289,17338
93300,17289,17345
187419,17290,17342
348603,17290,17365
294280,17292,17343
380754,17292,17355
63344,17299,17378
46105,17312,17378
145030,17546,17600
168147,18168,18219
159001,18168,18222
226553,18271,18357
212351,18272,18382
121476,18276,18349
121477,18276,18375
191583,18278,18369
367385,18288,18398
272496,18289,18358
100401,18291,18371
325,18291,18384
313332,18301,18367
110260,18301,18414
92185,18302,18364
188263,18302,18379
229982,18303,18376
123028,18309,18374
38818,18309,18411
158434,18313,18383
3681,18313,18389
231089,18315,18379
103816,18315,18392
20960,18316,18385
82,18318,18379
224413,18318,18384
244552,18319,18394
321564,18323,18404
201837,18326,18404
21154,18327,18389
5336,18328,18391
232693,18334,18396
103817,18339,18390
214380,18525,18584
75862,18629,18676
22436,18645,18697
262363,18763,18828
119416,18797,18860
159465,18807,18886
145033,18889,18952
21153,18890,18951
23299,18892,18952
137132,18894,18952
153847,18899,18951
348120,19142,19266
348599,19205,19320
151700,19218,19304
361393,19244,19306
200535,19245,19319
297545,19246,19333
111853,19248,19311
14607,19249,19308
162703,19249,19320
100402,19255,19333
235488,19258,19320
46861,19262,19326
66548,19466,19532
93301,19467,19529
342556,19469,19560
173782,19472,19547
308381,19483,19560
175022,19486,19554
73163,19486,19561
180883,19500,19553
352662,19500,19561
19517,19515,19560
215009,19715,19782
217001,20652,20713
308079,20653,20705
95825,20655,20710
73830,21070,21147
329961,21108,21184
229983,21109,21179
400903,21111,21175
16780,21113,21183
257898,21115,21181
35989,21120,21196
154875,21121,21184
31239,21122,21182
76374,21125,21189
13348,21125,21195
93302,21127,21196
389600,21130,21191
396139,21132,21194
123812,21142,21193
80139,21142,21196
212018,21567,21627
123029,21567,21642
158150,21574,21625
222788,21746,21811
368445,21756,21809
218177,21756,21814
14609,21977,22044
368444,21978,22040
