51388,253,333
246836,255,353
253527,308,407
259818,312,399
227481,314,377
13842,315,419
44940,322,401
388511,342,417
159617,370,438
132220,534,596
326553,737,800
177539,743,804
53116,745,803
77322,975,1035
41638,975,1040
18498,975,1045
164964,976,1037
105575,1211,1297
108250,1211,1303
114045,1212,1294
76121,1213,1259
117924,1213,1289
91790,1213,1304
400533,1213,1311
43062,1214,1298
41639,1215,1270
24802,1216,1293
91791,1226,1345
62743,1230,1344
148027,1233,1304
40696,1235,1299
926,1239,1341
11167,1241,1334
7874,1242,1305
29641,1245,1302
43075,1245,1347
309436,1254,1351
5809,1256,1328
350080,1259,1324
135782,1270,1326
316846,1705,1796
67001,1715,1785
181591,1725,1787
70741,1731,1796
389581,1745,1806
190625,1803,1874
171752,1810,1874
270453,2420,2487
2192,2542,2605
384385,2542,2608
319813,2547,2606
243584,2683,2779
251907,2809,2898
255586,2817,2881
251906,2828,2894
188017,2847,2911
353116,2876,2945
353117,2884,2945
229078,2985,3081
352205,2997,3078
27405,3256,3321
240715,3835,3950
13842,3850,3944
332315,3878,3967
114695,4024,4110
361647,4057,4139
76120,4169,4222
144206,4170,4223
34520,4171,4247
361646,4176,4252
257561,4182,4244
98363,4182,4254
5225,4184,4253
299805,4210,4288
15606,4210,4295
332314,4238,4300
129335,4241,4300
202115,4245,4300
364480,4267,4320
98649,4356,4426
24532,4356,4435
103479,4373,4438
114379,4388,4453
70817,4458,4523
146807,4534,4593
236078,4585,4654
203650,4597,4684
78930,5020,5081
124470,5023,5086
119841,5114,5173
172431,5121,5170
41917,5127,5227
118641,5133,5222
372553,5146,5217
398612,5149,5221
371310,5158,5215
372537,5285,5346
60895,5286,5353
353095,5291,5352
174352,5292,5353
194769,5625,5696
365807,5633,5695
311840,5683,5739
42185,5825,5893
295602,5837,5901
199573,6002,6071
397714,6011,6077
218642,6012,6071
389481,6012,6073
254326,6016,6073
69464,6147,6201
43961,6147,6209
141837,6147,6216
2214,6147,6224
39874,6148,6202
346772,6148,6212
5981,6148,6235
91789,6149,6231
227056,6151,6219
60896,6155,6220
329233,6162,6224
167232,6162,6226
15607,6162,6230
344026,6165,6220
30896,6165,6228
51387,6167,6224
19207,6173,6234
293070,6389,6485
293069,6390,6531
350081,6392,6462
383232,6395,6477
80157,6408,6530
226366,6409,6496
113315,6416,6497
116635,6454,6513
300608,6644,6706
358701,6746,6810
159618,6746,6812
343492,6748,6793
40656,6748,6810
346654,6749,6814
