178755,173,249
332695,174,267
132990,175,218
366231,175,228
226813,175,239
114442,177,311
249236,194,289
326974,200,268
49379,202,295
364471,215,325
100995,216,281
390574,220,267
318341,221,312
86684,222,292
377498,228,294
9863,240,288
349694,261,369
330914,272,347
135308,276,362
112786,492,595
142048,508,592
223802,527,588
402901,528,591
106991,535,594
177869,536,593
50002,537,592
326305,537,600
391598,540,601
252974,543,602
230598,552,622
201032,567,635
249073,568,643
387234,570,639
41045,572,637
160073,695,763
156765,906,971
172002,920,975
357700,920,980
389139,927,985
238712,927,1012
356038,930,1000
313587,932,1004
315810,932,1016
327095,933,996
173356,933,1006
227306,933,1034
15543,934,1000
367123,935,1015
170331,936,986
118980,936,1021
244934,937,1010
134095,941,1003
133078,942,1011
39283,943,1005
208204,948,1009
140724,948,1015
302592,949,1017
67268,953,1014
8117,953,1021
249235,958,1030
121442,959,1020
68326,967,1024
396144,969,1042
130490,971,1036
364367,975,1071
151763,976,1045
11566,979,1040
249072,984,1032
98087,987,1042
45473,987,1051
374786,1000,1092
200444,1013,1098
310608,1016,1097
309504,1018,1092
295859,1019,1084
46410,1022,1083
280102,1023,1088
79370,1033,1092
386218,1051,1097
150487,1057,1141
372143,1059,1129
79369,1061,1126
180275,1116,1177
89187,1116,1181
63430,1146,1216
327476,1149,1200
129571,1151,1213
347065,1152,1214
185554,1215,1278
161752,1218,1279
148794,1218,1287
17107,1219,1292
92033,1220,1285
118979,1222,1294
253477,1223,1304
68484,1223,1308
5412,1225,1287
268141,1225,1294
140726,1226,1292
140725,1227,1314
28431,1235,1301
142049,1237,1305
176166,1238,1307
343680,1242,1305
134094,1243,1311
142567,1244,1307
96497,1247,1309
201033,1250,1312
106990,1262,1327
274471,1271,1334
254871,1286,1327
314445,1297,1359
144073,1303,1354
174198,1312,1366
267772,1360,1435
233963,1381,1425
26289,1384,1431
40112,1384,1458
191269,1390,1437
89722,1392,1448
205086,1395,1447
150486,1405,1473
37782,1413,1474
298957,1416,1499
298958,1416,1509
60623,1418,1480
154681,1421,1476
404869,1421,1491
402776,1431,1501
406562,1434,1497
254677,1445,1515
231006,1579,1635
65271,1584,1639
280238,1718,1780
98502,1996,2041
158432,2120,2218
132385,2123,2229
205384,2124,2165
293065,2124,2218
408253,2134,2229
408254,2136,2236
395407,2137,2216
144844,2139,2225
11102,2139,2241
203639,2143,2213
395408,2144,2226
249620,2147,2220
257054,2147,2225
131775,2150,2225
215426,2151,2212
86689,2151,2219
270542,2152,2213
361145,2152,2226
151268,2153,2230
393461,2153,2238
40990,2156,2217
66911,2158,2232
113728,2162,2227
257033,2164,2226
11103,2168,2244
326975,2169,2232
210731,2189,2232
105599,2387,2445
79368,2387,2451
105600,2388,2472
135939,2389,2470
105597,2395,2471
64995,2867,2923
264523,2867,2926
160074,2868,2918
207180,2868,2929
90842,2868,2938
146327,2868,2942
105597,2868,2946
31282,2868,2954
49378,2869,2930
17443,2869,2940
105598,2869,2988
255940,2870,2923
70053,2870,2931
31973,2870,2935
245486,2870,2974
332694,2871,2939
117130,2876,2935
78631,2876,2940
112397,2886,2982
299722,2902,2972
29404,2905,2983
214313,2906,2988
209522,2907,2995
501,2908,2983
83308,2917,2983
164914,2922,2983
119325,2923,2984
50631,2947,2998
268389,3896,3939
337999,3896,3942
105599,3977,4041
105600,3977,4069
173584,3978,4059
31281,3979,4074
389421,3984,4094
105598,3985,4104
296493,3991,4062
174242,3993,4064
174052,3998,4063
158433,4001,4062
1702,4009,4066
2419,4011,4067
263064,4011,4078
225982,4012,4062
174197,4012,4070
338712,4016,4096
63411,4023,4068
4948,4023,4086
364599,4027,4087
338711,4027,4098
2175,4028,4091
318359,4029,4094
92533,4031,4092
133183,4032,4099
254456,4033,4095
330552,4034,4112
35497,4039,4098
246454,4040,4094
295247,4041,4096
78439,4045,4094
258931,4048,4122
122129,4049,4131
304595,4062,4123
394502,4065,4126
18967,4392,4461
332693,4476,4542
121614,4477,4534
12447,4485,4540
17444,4485,4548
389420,4487,4551
15614,4488,4548
270168,4489,4550
80912,4490,4549
327402,4491,4546
197456,4683,4737
399802,4688,4757
396632,4690,4760
197457,4690,4766
260328,4695,4761
199734,4701,4762
43461,4708,4791
341295,4711,4783
46417,4720,4782
198204,4720,4790
16335,4875,4932
103227,4946,5015
44805,5177,5237
229476,5180,5237
230032,5191,5255
327875,5275,5348
142608,5284,5336
300759,5285,5346
407284,5317,5369
180338,5337,5412
160920,5348,5413
258312,5363,5417
61738,5381,5428
127082,5501,5551
120053,5501,5580
152586,5503,5552
247505,5503,5565
7867,5503,5578
267771,5507,5569
35705,5507,5574
324450,5515,5580
141152,5517,5580
291004,5604,5667
328184,5607,5670
336129,5608,5674
346057,5609,5670
60716,5611,5675
121615,5691,5756
343087,5693,5758
107776,5694,5757
323886,5703,5775
225940,5709,5770
406650,5709,5772
193354,5722,5790
28941,5723,5788
142800,5729,5794
291005,5876,5951
314219,5881,5952
231550,5889,5952
372076,5896,5944
141112,5906,5959
31280,6039,6095
60849,6254,6304
268142,6733,6791
181167,6835,6898
375883,6843,6924
34811,6848,6925
279145,6848,6935
34810,6849,6920
128052,6850,6936
408680,6851,6914
319235,6852,6919
37783,6852,6926
60169,6853,6928
199818,6853,6934
381422,6853,6937
206332,6854,6915
180405,6854,6920
328004,6855,6919
300044,6856,6953
12446,6858,6921
343218,6858,6952
377499,6859,6923
320512,6859,6930
216536,6859,6940
338659,6862,6943
274491,6864,6926
44804,6864,6963
254003,6865,6948
400453,6866,6928
276339,6867,6940
194518,6868,6942
320511,6870,6931
109919,6872,6934
124392,6873,6958
310879,6874,6935
92952,6884,6962
262366,6894,6967
49281,6896,6966
332858,6897,6975
82642,6901,6970
111507,6902,6976
342736,6903,6964
19226,6907,6971
31857,6908,6980
249166,6910,6976
311006,7348,7412
379999,7348,7432
379346,7350,7431
55475,7352,7400
7648,7352,7441
343654,7353,7416
