207385,167,219
380223,272,328
47975,336,450
277076,347,440
137371,347,445
3101,347,464
277077,348,451
5937,357,463
1305,372,464
53175,376,458
137,383,459
11098,384,464
153800,394,460
16522,399,464
313607,658,716
62481,681,759
289404,681,771
382543,684,771
280404,688,763
41877,688,779
149575,690,794
339990,691,776
321511,694,761
402394,698,764
111497,700,757
295627,701,758
86279,701,797
339992,704,784
211155,704,801
218027,707,770
99805,709,797
193185,715,761
405534,715,805
25661,717,800
282958,725,786
295238,729,788
260677,729,792
143591,785,865
326442,788,865
277078,788,877
6011,791,863
345967,792,874
197510,799,870
388243,810,878
153188,813,872
315583,813,892
240419,816,864
275138,816,880
378692,817,866
372786,821,876
211589,821,882
60575,823,884
184589,825,878
890,828,872
106158,828,898
275139,828,902
3103,829,904
103623,830,929
109185,831,907
344015,832,893
297034,837,927
153189,839,885
17619,840,939
390086,842,941
82312,845,908
225354,850,933
3102,854,939
275137,859,937
39683,868,927
5128,871,922
204211,879,924
87018,1495,1557
29564,1696,1765
407431,1701,1766
10330,1704,1773
320703,1706,1767
378560,1815,1897
274682,1816,1879
86775,1819,1894
126990,1823,1897
142877,1825,1881
41879,1845,1904
353157,2308,2367
333462,2350,2405
29989,3156,3220
94875,3160,3245
11097,3166,3256
97170,3171,3265
86572,3174,3300
317556,3178,3257
84203,3184,3274
231305,3187,3259
87003,3189,3266
107633,3190,3251
42732,3193,3290
260800,3202,3263
130167,3202,3265
255726,3206,3270
163651,3214,3290
91998,3223,3277
93836,3224,3300
119394,3225,3276
211401,3271,3334
86776,3302,3355
67588,3366,3428
339777,3655,3726
298979,3662,3732
370686,3821,3899
126991,3825,3890
41878,3851,3912
289405,3870,3942
145366,3879,3942
7187,3891,3948
35067,4430,4493
93835,4432,4487
388250,4645,4715
184590,4647,4721
388251,4650,4716
338896,4992,5048
19678,5005,5066
315582,5108,5173
250271,5121,5190
10329,5122,5184
203587,5125,5190
167888,5384,5462
275161,5401,5467
285104,5412,5476
51505,5434,5514
167370,5624,5686
94878,5690,5749
380222,5704,5777
378561,5708,5775
240766,5761,5824
398574,5784,5835
94876,6204,6264
13450,6438,6488
13451,6438,6490
110401,6448,6527
108276,6449,6538
177910,6452,6550
110400,6458,6525
63036,6525,6592
372024,6652,6708
94874,7401,7449
117983,8188,8238
392407,8189,8240
11561,8428,8496
2836,8569,8637
181482,8570,8641
191900,8571,8636
168205,8571,8648
181484,8573,8664
46409,8576,8650
167062,8589,8658
46436,8593,8643
107855,8594,8658
94731,8594,8668
157399,8597,8647
181483,8597,8663
397163,8598,8659
386200,8601,8659
16194,8614,8678
341397,8615,8680
307555,8642,8709
49227,8644,8708
367895,8645,8706
137973,8687,8769
309782,8703,8766
251727,8704,8770
285103,8713,8807
16195,8720,8779
94879,8722,8799
184192,8727,8795
32495,8728,8779
28209,8729,8794
285102,8734,8810
93838,8739,8818
167890,8744,8809
310055,9460,9513
368914,9469,9549
372617,9471,9541
192329,9472,9546
11359,9482,9549
13452,9487,9542
137972,10021,10070
159094,10201,10268
372025,10203,10264
143103,10538,10602
229193,10626,10704
47974,10630,10712
42733,10633,10700
18627,10638,10752
221749,10643,10707
224089,10643,10712
176595,10646,10712
41876,10647,10707
161575,10649,10712
256346,10649,10714
99804,10652,10711
93837,10656,10721
126989,10657,10707
100984,10659,10711
398298,10665,10722
398299,10666,10729
349333,10669,10738
225355,10672,10746
344948,10728,10800
107868,10755,10825
167889,10779,10885
6652,10790,10864
344245,10791,10847
368915,10792,10889
346270,10797,10870
16987,10802,10886
132430,10806,10875
3100,10830,10905
378559,10832,10894
349553,10832,10920
71047,10851,10917
4484,10859,10920
96286,10875,10930
153801,10880,10931
94877,10895,10962
160319,10898,10958
138546,10899,10960
177911,10932,10981
257813,10975,11027
123556,10983,11027
264545,11389,11458
339991,11531,11596
16196,11538,11601
332599,11820,11871
372026,12980,13053
287086,12990,13053
