176013,274,337
354739,283,347
40679,285,336
353182,376,450
397,380,457
354335,420,472
76293,631,686
151228,715,776
211254,720,778
120692,740,799
82665,1033,1096
321648,1034,1087
64337,1035,1103
346095,1037,1088
378527,1038,1100
54516,1204,1280
262766,1206,1271
336207,1206,1275
158677,1207,1277
119871,1217,1278
177649,1217,1281
361646,1350,1440
393582,1357,1438
5225,1358,1445
132647,1373,1446
408055,1375,1436
227417,1375,1447
328382,1382,1443
11804,1384,1448
399605,1385,1442
274521,1386,1447
122950,1386,1449
133537,1387,1440
243199,1391,1448
58528,1399,1442
25,1582,1649
73263,1583,1655
296275,1594,1655
195199,1595,1658
44143,1638,1701
128254,1638,1704
361647,1643,1712
306536,1798,1864
185918,1816,1865
385373,1957,2032
277557,1961,2034
136061,1964,2018
215684,1964,2025
10925,1964,2033
274238,1965,2026
164299,1965,2028
166679,1965,2031
49036,1967,2042
46068,1975,2033
330216,1975,2037
160578,1996,2060
116901,2023,2110
161663,2024,2082
203360,2024,2088
248314,2028,2113
47760,2036,2102
329896,2040,2105
274228,2042,2110
282280,2310,2379
314942,2316,2378
347229,2339,2390
398235,2443,2563
353183,2446,2579
229662,2448,2543
44397,2471,2586
162554,2471,2591
244032,2482,2596
349814,2487,2593
220927,2487,2610
397578,2488,2573
202378,2488,2605
653,2498,2610
12686,2501,2609
50355,2503,2611
397577,2509,2605
10104,2513,2588
1305,2513,2609
147199,2542,2603
16522,2544,2610
169165,2552,2610
71865,2732,2853
161898,2752,2874
248549,3213,3265
57511,3450,3518
237237,3451,3533
355347,3454,3517
21218,3465,3532
178433,3472,3526
165539,3472,3529
137745,3477,3533
23280,4028,4077
96189,4030,4111
346653,4032,4099
78022,4032,4110
81059,4036,4102
135514,4039,4104
3069,4041,4103
178710,4041,4107
41012,4042,4106
247501,4045,4107
274011,4046,4106
56162,4055,4114
289430,4219,4277
19345,4303,4367
177926,4303,4373
329297,4304,4357
354991,4307,4373
47664,4308,4370
161228,4317,4373
13097,4318,4380
6421,4381,4446
171150,4603,4690
75464,4620,4688
35136,4620,4694
257371,4621,4691
275218,4622,4685
169166,4624,4695
341355,4625,4693
408357,4626,4688
275135,4629,4697
72343,4631,4694
101625,4672,4749
229968,4676,4743
288335,4688,4751
277248,4708,4762
171150,4712,4796
286189,4724,4796
343346,4880,4941
265584,4902,4964
231261,4943,4994
341537,5062,5119
46440,5066,5131
144254,5073,5130
344481,5075,5148
402728,5090,5155
41678,5092,5163
245009,5104,5166
275219,5243,5309
160233,5345,5401
342991,5354,5437
243218,5378,5425
359292,5379,5438
374132,5380,5443
91461,5384,5435
3127,5404,5465
275217,5550,5628
9668,5909,5971
241624,5917,5978
353184,5920,5980
259327,6202,6269
170167,6207,6266
25008,6209,6260
207604,6360,6457
381241,6361,6431
38351,6362,6418
47156,6364,6439
71866,6364,6491
207174,6365,6428
123171,6367,6444
113315,6386,6458
383128,6389,6448
