329740,108,176
13942,109,156
90268,113,215
90268,114,193
142139,114,219
143555,114,237
259684,120,219
381443,123,216
199010,130,229
361056,134,232
272571,148,213
291131,149,218
41147,158,230
259840,160,221
209538,160,226
21795,163,225
259123,163,231
407858,166,223
15409,178,244
263396,184,247
291971,185,246
165914,186,248
199160,186,261
33575,187,232
274062,187,243
274061,188,258
230703,189,248
287634,190,243
329732,193,256
274115,195,250
43655,196,260
177987,198,259
143556,271,336
130195,282,363
105594,285,348
156213,285,368
329741,288,370
293473,294,363
103714,294,370
339917,296,361
69476,299,365
140501,302,370
77689,307,368
296934,311,368
19334,317,367
11085,326,403
231825,347,406
276462,349,408
11084,353,451
278281,358,451
172674,359,444
214546,364,451
398404,369,440
251400,374,444
45592,378,449
244009,381,439
246169,408,469
250402,491,552
336416,1364,1430
103696,1367,1428
124769,1367,1430
191419,1367,1433
262186,1367,1440
72974,1368,1437
116036,1368,1444
43537,1371,1449
370187,1375,1437
301849,1376,1440
84115,1379,1446
243112,1380,1436
20650,1383,1444
137625,1383,1447
201020,1386,1437
201595,1386,1450
30903,1388,1440
359886,1388,1444
912,1389,1441
359887,1395,1443
63646,1521,1566
388264,1537,1596
61601,2340,2418
189245,2383,2461
114329,2387,2466
201255,2403,2467
223422,2404,2470
201256,2406,2467
338533,2411,2475
11082,2429,2494
388728,2432,2495
165631,3251,3310
82,3253,3297
168118,3253,3309
58325,3265,3320
152488,3276,3326
139798,3450,3496
10857,3450,3502
106447,3878,3939
172416,4638,4741
336100,4644,4708
3701,4649,4743
190019,4681,4755
224585,4684,4748
49587,4685,4741
259124,4685,4754
11083,4686,4748
206544,4691,4741
47857,4693,4752
201082,4694,4755
307205,5087,5148
292206,5094,5150
361057,5441,5508
207831,5443,5515
152499,5445,5507
30178,5446,5512
133728,5447,5515
118237,5451,5515
401026,5460,5514
401025,5462,5514
43654,5656,5722
323169,5801,5864
394084,6121,6184
228266,6379,6445
31130,6383,6445
381291,6787,6845
12209,7022,7074
62321,7026,7087
76653,7029,7080
234076,7029,7087
188296,7043,7108
139725,7044,7110
192899,7643,7717
140519,7661,7721
63647,7728,7809
166055,7731,7807
139958,7732,7799
290816,7734,7795
154407,7734,7804
236156,7735,7802
8934,7738,7801
57595,7738,7825
206961,7739,7807
322254,7739,7823
374813,7741,7805
6585,7742,7786
173594,7759,7822
31781,7764,7825
149693,7991,8057
53096,8812,8879
361733,8820,8894
270317,8829,8918
369417,8835,8905
57592,8841,8903
148604,8844,8909
139984,8848,8908
12059,8874,8936
123434,8880,8947
244917,8891,8952
285831,9851,9913
45372,9852,9912
11086,9852,9921
369381,9853,9916
281517,9858,9912
173707,10395,10460
152489,11184,11290
91346,11219,11281
91345,11219,11300
165912,11219,11314
267186,11220,11285
376700,11228,11291
61217,11233,11297
394989,11234,11294
22341,11234,11298
22950,11234,11303
226333,11235,11309
106004,11241,11317
200056,11242,11299
364539,11243,11295
22951,11247,11326
181414,11248,11299
64953,11248,11316
171486,11252,11313
157673,11253,11317
336951,11253,11326
346066,11253,11334
173708,11275,11333
325175,11276,11358
199009,11277,11343
291995,11621,11728
243693,11624,11697
291996,11627,11729
39643,11630,11696
48027,11630,11702
170818,11631,11717
392295,11650,11723
166056,11656,11700
392965,11656,11724
52504,11656,11733
200334,11657,11716
361564,11657,11722
38263,11657,11730
106965,11663,11726
276461,11665,11733
105994,11668,11720
176563,11668,11729
165913,11669,11718
63157,11670,11732
346067,11671,11718
305817,12780,12866
22952,12938,12992
226721,12939,12993
305817,13666,13754
185669,16228,16294
31184,16230,16326
235277,16236,16297
125306,16237,16337
143421,16241,16341
338867,16242,16334
334605,16243,16307
373267,16246,16329
197862,16247,16336
96735,16248,16317
299616,16249,16310
85897,16249,16325
318928,16253,16331
215815,16256,16321
117481,16258,16328
131612,16259,16324
297736,16265,16330
133058,16391,16447
356057,16394,16447
378517,16394,16476
61216,16395,16451
206545,16400,16447
339376,16424,16484
34396,16510,16574
116235,16516,16567
61600,16516,16574
43656,16517,16564
199011,16580,16647
12562,16668,16726
4372,16672,16733
317501,16675,16738
402135,17087,17150
141817,17101,17159
401425,17107,17168
403342,17108,17169
165911,17108,17171
120341,17116,17195
290297,17119,17181
385084,17746,17807
308055,18719,18764
398405,19305,19374
148772,19853,19922
47856,19866,19941
250403,20045,20091
302609,20249,20329
405347,20253,20299
185102,20266,20340
368575,20413,20482
127379,20519,20598
236157,21125,21174
13943,21441,21497
395623,21446,21513
148340,21461,21522
200335,21837,21879
232471,22582,22636
195297,22644,22734
35339,22650,22728
351545,22666,22730
286780,22894,22952
298144,23471,23536
148339,23473,23551
123433,23479,23563
132726,23485,23547
54869,23489,23593
129509,23494,23594
402136,23495,23560
134015,23497,23559
302803,23499,23566
121519,23501,23562
237020,23509,23608
15230,23516,23602
103306,23518,23592
307617,23525,23599
99226,23527,23607
111211,23530,23595
39644,23530,23608
286897,23531,23593
121123,23533,23603
307206,23534,23610
207117,23535,23604
257942,23540,23599
263395,23541,23604
56579,23542,23612
164611,23544,23608
329733,23546,23613
98801,23552,23613
20518,23553,23595
357481,23554,23607
312352,23555,23625
118239,23556,23635
118238,23557,23641
57964,23565,23632
242409,23569,23642
549,23997,24047
176377,24241,24294
146709,24264,24331
32733,24269,24316
85898,24315,24377
114330,24748,24808
303278,24764,24831
218058,24771,24838
72973,24776,24833
361565,24859,24904
31987,24859,24920
259008,24859,24924
79793,24859,24930
79794,24859,24937
245324,24860,24922
27245,24861,24920
200060,24862,24934
96310,24863,24929
297954,24874,24943
338523,25316,25363
257941,25319,25410
104873,25357,25419
104872,25359,25425
127649,25381,25446
176957,25445,25524
106362,25455,25539
45550,25467,25529
7563,25477,25538
98800,25480,25538
183607,25480,25541
90719,25486,25541
114331,26044,26111
374007,26051,26116
252886,26206,26265
133651,26227,26291
166334,26416,26487
165017,26445,26511
303277,26447,26510
369418,27020,27071
246042,27022,27077
923,27024,27076
330595,27399,27460
34395,28183,28243
259685,28215,28274
107569,28220,28271
348935,28561,28617
63648,28563,28614
33574,28564,28634
206307,28570,28615
231824,28595,28655
207830,29065,29137
319784,29076,29142
16437,29204,29293
372917,29213,29288
227913,29225,29287
403341,29226,29290
163766,29228,29292
204816,29234,29295
211165,29378,29450
46678,29379,29440
62402,29382,29450
11924,29385,29450
257526,29388,29446
8814,29389,29462
142138,29391,29452
85903,29391,29455
382383,29393,29447
186179,29405,29446
382382,29406,29448
115264,29406,29455
400479,29409,29462
