260247,163,225
330005,167,225
99286,167,235
110026,315,382
343859,322,376
91830,838,937
151654,841,918
160678,852,905
264561,872,950
19674,879,947
400355,881,949
271511,909,1015
148288,946,1023
388836,952,1013
280591,952,1017
354842,952,1051
166805,953,1025
30706,954,1030
75348,954,1041
148289,955,1033
102233,956,1017
354844,957,1025
354843,958,1057
235037,962,1029
210343,963,1023
299494,965,1015
396648,965,1038
30733,972,1024
19675,973,1038
334810,975,1040
19614,977,1055
291343,979,1043
30721,980,1029
296357,985,1032
234132,988,1034
301064,1069,1126
255941,1069,1135
84534,1069,1151
196257,1070,1127
105271,1072,1138
405458,1089,1171
319137,1110,1164
17588,1113,1204
49151,1120,1212
192624,1121,1190
276124,1126,1227
358114,1132,1191
12837,1133,1193
102779,1134,1213
195454,1135,1191
32613,1136,1208
32999,1138,1224
206220,1139,1212
376408,1140,1203
169661,1143,1192
150215,1143,1235
404457,1146,1217
360690,1146,1225
265234,1147,1238
225344,1150,1229
65564,1158,1241
326533,1160,1242
286035,1162,1225
15996,1164,1228
405459,1165,1224
30342,1165,1245
286037,1167,1228
142233,1168,1233
349068,1169,1225
382537,1169,1243
273081,1175,1243
30705,1180,1245
225342,1192,1267
184111,1210,1261
401534,1213,1270
15372,1214,1269
183805,1214,1278
137745,1250,1314
50647,1250,1319
52379,1625,1718
66805,1631,1702
55666,1631,1714
71266,1635,1713
93898,1635,1719
360691,1645,1718
45915,1657,1717
52381,1658,1722
71086,1659,1720
385488,1659,1744
192841,1662,1722
265410,1664,1741
224949,1683,1726
202949,1731,1785
375605,1734,1795
110691,1754,1834
31800,1757,1813
57649,1757,1837
318733,1758,1833
360687,1959,2042
253184,1970,2040
238616,1971,2044
148292,1971,2047
286036,1972,2049
144054,1976,2047
271730,1980,2045
271479,1982,2044
290904,1985,2046
371978,1985,2048
154342,1987,2056
264560,1988,2042
189356,1991,2058
360875,1993,2048
291494,1994,2039
360874,1994,2041
44920,1995,2056
160679,1995,2071
122307,1996,2053
375603,2011,2102
90020,2013,2095
102191,2079,2150
144053,2210,2278
27482,2212,2277
229206,2218,2284
37791,2219,2293
216769,2220,2299
264562,2222,2308
181816,2242,2296
19380,2242,2308
224559,2605,2653
258439,2734,2784
146869,2735,2785
271731,2735,2788
18632,2893,2959
265724,2925,2992
44916,2930,3030
349069,2931,3007
76129,2942,3005
225343,2946,3035
360688,2947,3014
282689,2947,3020
265723,2956,3017
343858,2960,3029
101339,2960,3035
10890,2962,3032
337944,2964,3029
405456,2964,3034
376000,2966,3031
78201,3057,3103
122809,3057,3113
107680,3059,3112
48030,3067,3117
250007,3071,3128
29132,3076,3125
225346,3097,3168
267827,3123,3192
269146,3139,3209
28015,3141,3193
304399,3143,3192
405457,3144,3208
94891,3146,3209
366217,3149,3222
271733,3193,3275
351294,3194,3258
254038,3212,3275
343860,3214,3257
50648,3361,3432
366749,3365,3421
19061,3656,3712
235035,3743,3821
75350,3749,3824
299496,3750,3830
255942,3750,3848
312953,3752,3851
160839,3753,3824
160680,3754,3830
37793,3755,3818
182860,3755,3840
349905,3756,3812
218739,3756,3865
271480,3757,3822
235038,3757,3843
370174,3759,3846
271481,3760,3835
65565,3762,3848
75349,3762,3860
148294,3763,3853
44917,3763,3856
148290,3765,3841
354436,3765,3874
94893,3770,3830
137630,3773,3853
360692,3775,3860
301062,3775,3881
360693,3775,3885
3789,3777,3849
238346,3779,3848
392385,3780,3829
30712,3780,3832
134657,3780,3856
299495,3780,3860
174349,3780,3871
126391,3781,3830
28014,3781,3843
400390,3781,3880
286034,3782,3877
44918,3784,3872
372497,3784,3890
276879,3785,3862
182861,3786,3849
81309,3788,3859
337935,3788,3868
41975,3788,3898
230583,3789,3856
18479,3789,3863
99517,3789,3878
102192,3790,3891
360876,3791,3864
122893,3791,3882
164359,3792,3851
337943,3792,3856
4953,3793,3860
82065,3794,3849
291493,3794,3873
152736,3796,3843
135435,3796,3868
130340,3797,3851
19120,3797,3873
65562,3797,3889
129567,3798,3859
319140,3799,3869
322058,3799,3885
94892,3800,3880
19119,3801,3874
387214,3803,3885
386016,3804,3869
148287,3804,3897
230100,3806,3889
26051,3807,3887
395474,3809,3895
71085,3810,3873
373063,3813,3879
207353,3814,3875
14443,3814,3878
230101,3814,3893
230099,3814,3898
276644,3817,3892
122894,3818,3904
183121,3819,3891
122892,3823,3927
18619,3824,3888
326531,3825,3891
330669,3827,3906
330668,3832,3914
277873,3837,3920
349070,3838,3887
81311,3838,3908
81310,3839,3916
394233,3860,3927
344303,3868,3931
400959,3889,3965
276125,3907,3975
267830,3916,3982
230582,3917,3998
57200,3920,3989
14229,3924,3993
60794,3929,3997
11504,3932,3995
273080,3933,4006
324634,3940,3998
286094,3940,4007
120692,3948,4000
267436,3950,4012
15997,3951,4021
87766,3952,3995
135434,3952,4014
37790,3952,4019
349067,3957,4021
366216,3992,4051
258645,4005,4051
366748,4121,4230
364481,4122,4183
189358,4122,4218
67540,4122,4225
251742,4123,4214
277874,4125,4171
324233,4129,4191
298525,4134,4189
75507,4135,4209
24966,4139,4213
304219,4141,4211
68511,4144,4217
218576,4146,4206
280874,4147,4244
339671,4148,4207
268361,4148,4210
20965,4148,4218
55177,4151,4210
292069,4152,4220
115476,4157,4219
335209,4157,4222
167150,4159,4232
242258,4163,4227
272950,4165,4224
268360,4169,4221
337936,4169,4232
258437,4176,4232
102193,4176,4235
30707,4179,4221
283539,4181,4235
239013,4341,4437
172342,4355,4438
28013,4382,4444
68080,4395,4459
153840,4396,4464
260888,4405,4460
107590,4411,4480
258438,4421,4503
239014,4462,4541
276126,4467,4525
263201,4476,4546
257697,4484,4553
57454,4493,4555
331041,4495,4554
254037,4501,4566
293147,4596,4677
239013,4611,4701
30708,4749,4818
239015,4753,4806
310828,4755,4815
20917,4758,4817
6238,4761,4813
164363,4967,5030
160676,4969,5036
30710,5002,5090
276641,5008,5098
164357,5009,5088
105270,5010,5075
260887,5010,5094
154344,5011,5070
152737,5011,5099
358093,5012,5079
93962,5016,5082
337939,5016,5090
176714,5017,5069
257699,5018,5091
337940,5019,5095
351296,5021,5084
351295,5021,5096
50646,5022,5089
351293,5024,5101
337937,5028,5090
257423,5028,5092
94890,5030,5095
74840,5033,5093
124790,5033,5095
50011,5034,5097
52378,5036,5099
102776,5037,5100
54438,5046,5120
387217,5048,5105
257698,5049,5099
337938,5060,5107
160674,5068,5141
267829,5068,5151
65563,5074,5137
394231,5076,5148
260654,5084,5162
164358,5105,5180
260889,5112,5173
337001,5113,5206
190473,5120,5181
42766,5122,5174
387216,5139,5194
184114,5166,5226
229604,5216,5268
91018,5276,5319
94894,5785,5854
267831,5792,5840
19046,5793,5860
159194,5811,5892
52380,5925,5974
272482,5933,6009
304398,5935,6013
271734,5936,5988
107239,5936,5997
401535,5937,6011
124795,5937,6014
101305,5942,5996
226033,5942,6009
271732,5942,6013
387215,5944,6010
93987,5946,6010
141409,5948,6011
276643,5949,6010
230098,5950,6011
264563,5995,6091
264564,5995,6094
238617,6002,6073
60793,6017,6082
230590,6019,6083
238618,6021,6092
327403,6022,6080
286028,6024,6088
81745,6027,6092
189357,6034,6096
164360,6103,6162
360686,6104,6159
337941,6107,6159
337942,6111,6157
167149,6424,6487
65154,6425,6482
134658,6427,6488
93900,6845,6887
210480,6850,6914
367741,6852,6896
42767,6916,6972
253076,6932,7019
151655,6936,7005
113713,6945,7008
388837,6952,7013
366833,6960,7044
276650,7167,7238
227961,7186,7256
57504,7323,7387
110079,7556,7607
218465,7564,7623
312956,7713,7785
341940,7722,7773
195344,7745,7807
337945,7900,7977
102778,7942,8016
358115,7951,8010
169101,7988,8072
330667,7989,8044
312132,7993,8064
168881,8000,8062
239014,8000,8074
84520,8017,8073
196258,8021,8072
259466,8021,8102
41367,8035,8094
357193,8035,8101
337002,8195,8254
257700,8517,8572
192623,8522,8586
301598,8528,8576
345260,8538,8588
332033,8787,8893
351264,8806,8864
218742,8827,8888
271735,8828,8885
30711,8829,8887
262275,8846,8893
388389,8934,8982
225232,8935,8981
179538,9136,9228
65750,9150,9234
186316,9152,9237
93830,9157,9224
94895,9164,9233
93899,9164,9236
239015,9168,9234
273008,9170,9240
354435,9175,9231
135433,9178,9237
196261,9195,9240
382530,9195,9252
93901,9201,9253
190334,9210,9281
229397,9219,9284
373738,9321,9385
232041,9416,9481
382534,9473,9536
382529,9503,9565
50649,9574,9647
38908,9713,9779
44474,9713,9784
30201,9713,9787
164361,9716,9791
101891,9716,9798
253183,9721,9798
210482,9722,9770
159118,9745,9801
353548,9753,9799
401536,9816,9884
391184,9836,9906
28501,9836,9909
150216,9846,9908
65566,9970,10032
276649,9982,10023
1804,10045,10104
154343,10264,10332
70636,10268,10327
19382,10268,10338
269143,10268,10344
222519,10270,10336
322059,10276,10339
370175,10281,10340
61543,10502,10565
326532,10508,10568
288535,10528,10591
14272,10614,10670
225869,10642,10697
44911,10781,10831
114667,10782,10844
68414,10937,10987
113714,11063,11122
101892,11208,11279
241658,11208,11302
30714,11209,11293
229004,11211,11261
394407,11212,11274
258594,11214,11277
312955,11216,11290
225345,11218,11293
287334,11236,11319
276122,11242,11296
72795,11243,11308
72796,11243,11319
44914,11247,11310
41766,11251,11312
101068,11251,11319
292641,11253,11317
77651,11254,11326
174348,11387,11453
19383,11388,11449
276121,11390,11452
276639,11394,11449
7437,11395,11443
207709,11615,11677
148295,11617,11691
207255,11618,11701
290906,11620,11687
23395,11627,11668
255943,11627,11721
210481,11640,11720
75347,11644,11704
160675,11644,11737
269144,11644,11741
102778,11645,11718
160681,11645,11725
75346,11645,11734
44910,11646,11711
30709,11656,11717
15993,11673,11730
222520,11673,11737
27854,11675,11758
321230,11680,11736
148297,11684,11756
184110,11696,11774
301065,11704,11765
239016,11704,11785
345329,11715,11781
102775,11721,11782
276648,11760,11830
238621,11780,11863
182862,11822,11876
29134,11828,11889
129568,11831,11885
164354,11832,11889
385489,12060,12121
118097,12151,12196
100716,12152,12198
401537,12291,12369
230588,12294,12377
180420,12300,12362
337003,12301,12366
102777,12301,12385
276645,12302,12363
74841,12306,12374
358113,12307,12369
200602,12307,12376
84535,12309,12371
27801,12309,12374
48769,12309,12385
404456,12311,12372
243249,12312,12376
357469,12313,12374
297345,12313,12382
152735,12314,12377
148298,12315,12381
351291,12318,12380
124008,12321,12381
286033,12326,12424
197517,12329,12381
248703,12336,12388
218740,12354,12473
15994,12363,12470
321231,12368,12470
178055,12373,12477
102780,12374,12469
288534,12376,12475
276646,12385,12468
29135,12386,12470
93902,12391,12480
230589,12393,12465
230587,12397,12477
44919,12398,12472
196256,12402,12472
301061,12414,12476
255944,12416,12467
375604,12649,12697
253396,12650,12699
101069,12732,12777
35316,12735,12781
185892,12967,13031
169807,13049,13112
19385,13205,13291
144505,13208,13298
5387,13220,13303
243253,13222,13318
354434,13223,13306
394232,13224,13299
153191,13229,13291
88299,13229,13295
65567,13235,13302
286032,13236,13298
202437,13236,13316
110821,13239,13301
276127,13240,13306
75679,13242,13303
48508,13242,13321
102234,13243,13304
243252,13243,13328
371979,13245,13331
8791,13246,13312
77652,13247,13334
18633,13250,13339
222518,13252,13326
19384,13254,13321
350176,13256,13337
211608,13257,13334
124029,13259,13327
113140,13265,13321
24822,13266,13339
183090,13271,13334
230585,13272,13335
24819,13277,13339
327397,13383,13460
394234,13396,13457
267832,13464,13520
401538,13511,13576
148291,13513,13575
113715,13577,13634
93831,13619,13673
24820,13627,13689
210342,13776,13820
30715,13995,14057
357470,14113,14183
32995,14113,14190
269149,14113,14200
140646,14114,14161
299499,14116,14190
362438,14126,14178
271482,14127,14172
374721,14127,14186
55175,14239,14310
55176,14243,14335
75345,14462,14523
330666,14470,14551
65155,14484,14548
8167,14610,14691
182859,14613,14678
230586,14617,14667
252478,14628,14695
337947,14628,14701
276640,14629,14693
258595,14630,14704
152742,14634,14701
192619,14635,14697
196259,14638,14698
196260,14639,14699
200398,14639,14726
152741,14643,14719
225347,14644,14707
183190,14652,14716
264565,14720,14791
282691,14721,14784
243251,14745,14829
230592,14746,14805
366218,14746,14809
354433,14747,14808
339672,14749,14808
15992,14749,14810
184113,14749,14838
271736,14749,14847
15995,14753,14814
271737,14755,14833
387218,14756,14823
351677,14760,14843
32997,14764,14842
334155,14780,14842
23749,14782,14872
288532,14785,14852
81308,14787,14861
81307,14788,14873
299498,14789,14878
260890,14789,14889
182863,14791,14853
33291,14792,14880
70785,14796,14882
44913,14797,14867
164362,14798,14860
102235,14805,14866
360694,14805,14873
98324,14806,14887
185553,14809,14873
282687,14810,14883
266477,14811,14874
354432,14815,14878
136857,14817,14883
258593,14827,14889
15989,14830,14919
15988,14831,14917
44915,14891,14968
122897,14896,14968
154346,14900,14977
286031,14901,14955
269147,14912,14971
57157,14915,14969
160677,14917,14985
282688,14937,15009
152738,14982,15049
235036,15009,15074
5225,15025,15078
312958,15197,15283
120241,15199,15269
44912,15201,15257
330665,15201,15264
94896,15211,15282
319139,15222,15294
122895,15224,15269
276120,15224,15286
276638,15224,15298
73738,15224,15306
192620,15224,15313
192621,15225,15296
2108,15234,15302
241660,15237,15293
74258,15238,15314
301063,15243,15330
323319,15245,15302
126392,15248,15309
52376,15282,15361
192618,15323,15402
230584,15383,15460
75342,15385,15448
291491,15385,15454
366219,15386,15461
343864,15388,15456
319141,15395,15456
343861,15402,15457
351289,15402,15472
164353,15411,15457
28016,15411,15460
93903,15412,15480
243248,15422,15486
334153,15426,15487
152740,15431,15489
122899,15460,15528
13280,15461,15532
260891,15464,15528
98416,15466,15530
273009,15707,15759
354431,15707,15766
276123,15707,15774
269145,15729,15798
267828,15860,15919
230591,15861,15916
276119,16004,16061
291492,16198,16271
122898,16897,16959
45005,16898,16962
286026,16902,16961
394236,16910,16964
18618,16927,16997
204145,17072,17123
148296,17085,17172
264566,17091,17155
337005,17092,17177
37795,17111,17179
235041,17164,17256
235040,17165,17251
258592,17175,17248
36093,17177,17268
406265,17181,17244
45556,17181,17249
30716,17184,17293
209490,17185,17248
225348,17186,17270
41877,17186,17280
251488,17187,17248
126736,17187,17258
312957,17190,17254
299497,17193,17255
101890,17193,17282
387221,17199,17288
81748,17201,17286
387220,17204,17288
376410,17210,17298
141728,17213,17288
29133,17213,17308
192622,17217,17285
53095,17217,17295
376409,17217,17305
231508,17220,17308
373389,17222,17285
152739,17225,17290
243250,17231,17293
226031,17231,17309
148293,17232,17314
286030,17236,17303
136390,17240,17305
154345,17247,17309
37792,17251,17315
44907,17256,17328
238620,17267,17330
32998,17292,17350
153190,17335,17414
239016,17336,17420
268664,17537,17590
235042,17544,17610
319138,17786,17884
207703,17814,17875
19718,17830,17884
267941,17831,17875
267939,17831,17879
267940,17832,17873
93021,17832,17878
203370,18212,18257
18634,18492,18564
382536,18492,18582
160759,18492,18585
334154,18492,18589
370176,18493,18574
196262,18499,18577
291489,18505,18584
189360,18506,18580
407981,18509,18568
394408,18509,18580
75343,18514,18580
376001,18517,18584
225349,18520,18584
280873,18524,18588
337004,18587,18665
18616,18588,18660
21512,18592,18655
30718,18594,18664
191885,18599,18661
56579,18606,18673
373390,18610,18674
131717,18611,18666
339942,18615,18670
235039,18617,18678
102773,18617,18681
109565,18619,18678
30713,18623,18674
226032,18623,18680
400678,18624,18677
127020,18624,18682
150711,18669,18738
317551,18686,18753
261630,18690,18737
81306,18701,18805
269150,18703,18769
321232,18710,18779
322524,18712,18768
405460,18717,18787
321233,18873,18942
108299,19308,19369
30169,19319,19380
68266,19420,19481
68265,19420,19485
102771,19718,19760
47816,19719,19763
366750,19721,19769
358112,19724,19775
329805,19796,19870
18634,20260,20312
233841,20360,20426
267833,20381,20451
189359,20382,20476
218743,20387,20451
337948,20391,20490
337946,20394,20457
312954,20395,20485
286025,20396,20454
27596,20398,20487
61544,20399,20447
148299,20399,20475
360695,20399,20480
330664,20399,20500
44909,20401,20476
269148,20401,20496
32996,20402,20504
405461,20403,20471
42768,20404,20462
18614,20404,20465
18617,20407,20472
30717,20408,20476
179537,20410,20490
382533,20412,20488
75341,20414,20500
238619,20415,20484
210341,20416,20478
36341,20444,20528
82473,20446,20503
164352,20452,20550
398757,20456,20502
406639,20458,20540
271483,20460,20538
253182,20466,20519
360696,20481,20569
63151,20483,20550
276647,20878,20970
271484,20879,20973
124007,20879,20989
77653,20882,20945
282690,20882,20971
241659,20882,20992
204748,20883,20965
75340,20883,20969
210340,20884,20967
255945,20887,20964
27801,20898,20978
330663,21073,21134
286027,21113,21187
182074,21179,21269
257696,21197,21285
182073,21198,21268
76128,21200,21270
103149,21202,21280
282692,21205,21274
258591,21206,21277
357471,21212,21277
238622,21213,21287
102772,21215,21281
29970,21216,21285
238623,21219,21310
283029,21220,21281
334000,21220,21284
81749,21221,21275
80464,21227,21284
360877,21238,21311
301066,21239,21282
312105,21239,21284
218741,21239,21292
382532,21323,21393
268233,21525,21605
391183,21530,21645
19381,21545,21644
41876,21546,21610
184112,21546,21622
18615,21550,21609
197518,21560,21661
251487,21560,21665
290905,21562,21676
30055,21565,21674
195346,21568,21639
382535,21569,21667
65157,21570,21648
297346,21572,21676
52377,21574,21671
264567,21575,21666
382531,21575,21669
49991,21576,21638
366751,21576,21672
253181,21579,21643
93188,21582,21659
385491,21583,21652
89950,21586,21673
122900,21590,21672
75344,21593,21683
341442,21595,21661
110822,21596,21684
346010,21598,21653
233353,21600,21664
343862,21607,21669
93832,21609,21677
153192,21612,21673
321912,21613,21685
101149,21620,21681
47182,21620,21686
292640,21623,21701
343865,21624,21686
192616,21629,21719
387219,21635,21720
251489,21638,21714
25511,21656,21707
159193,21656,21717
376002,21657,21720
13001,21665,21740
53096,21666,21736
121001,21669,21747
406640,21677,21749
192615,21678,21753
14273,21679,21742
183804,21680,21752
105269,21808,21865
394235,21808,21879
102774,21815,21882
41879,21820,21886
394409,21821,21882
385490,21821,21889
15987,21823,21875
288533,21827,21908
312959,21942,21986
332032,22042,22091
192617,22057,22151
351290,22058,22160
24821,22060,22110
230777,22061,22167
113717,22065,22173
343863,22099,22203
30720,22106,22184
30721,22117,22184
262276,22333,22390
52375,22333,22404
67476,22334,22398
190474,22334,22410
343866,22336,22415
257694,22337,22401
226030,22338,22400
358092,22338,22409
184109,22339,22433
311162,22342,22417
164351,22343,22401
358090,22346,22429
358091,22354,22411
286024,22356,22430
164356,22359,22428
276637,22360,22430
88298,22362,22434
160683,22364,22425
299500,22365,22452
51380,22366,22431
360689,22368,22430
113716,22369,22432
30719,22370,22423
65156,22371,22429
258436,22372,22421
380503,22373,22452
41878,22384,22433
15991,22865,22931
246036,22867,22936
358094,22892,22960
18635,22894,22952
81747,22899,22969
351292,22902,22997
160870,22903,22963
258590,22903,22965
263202,22903,22967
134659,22904,22971
264369,22905,22964
276455,22908,22973
6653,23043,23098
81746,23043,23172
257695,23045,23156
82589,23046,23166
275734,23046,23174
122896,23057,23172
185149,23062,23128
93833,23066,23160
380504,23067,23143
257944,23068,23145
383261,23073,23145
382528,23079,23154
184029,23080,23146
261629,23083,23153
179536,23086,23153
164355,23086,23208
89540,23087,23172
229859,23089,23171
22686,23089,23175
57648,23092,23154
37794,23096,23181
160682,23098,23169
391185,23104,23174
94560,23104,23182
197519,23105,23156
149126,23108,23170
44908,23108,23179
272951,23110,23173
342024,23113,23176
195345,23116,23197
241751,23118,23184
52374,23119,23180
264568,23120,23188
15990,23137,23215
276642,23138,23190
183803,23141,23203
401540,23141,23213
54655,23145,23210
291490,23145,23215
207283,23146,23211
148627,23150,23212
401539,23151,23214
233454,23154,23215
218744,23156,23214
292070,23169,23215
286029,23347,23392
233926,23357,23411
274788,23358,23420
139459,23371,23421
129526,23406,23453
