14511,224,311
159660,234,307
58228,240,327
2254,240,363
202449,298,433
51273,304,413
11287,319,437
229801,321,439
93404,336,457
377300,346,456
215191,348,462
232022,349,466
6462,355,469
162554,357,483
157474,361,478
22213,386,489
189460,395,513
47457,399,489
1305,400,493
342640,404,492
134805,406,490
203821,413,523
105577,531,608
238971,531,615
104415,541,660
84937,545,668
129632,547,614
108250,547,645
55424,548,639
64831,549,615
28164,571,699
292071,580,677
270034,687,753
291704,688,747
35635,694,769
205003,696,751
346166,701,769
15981,702,750
6461,702,771
245576,716,773
35987,720,770
343280,720,773
304779,745,798
74904,786,868
195464,797,869
277792,800,862
61864,807,871
155390,808,862
27830,808,885
240906,809,858
126553,814,915
23089,821,929
104414,825,933
307563,832,895
322244,837,917
47458,842,931
107677,850,918
196798,1217,1276
252094,1235,1326
131470,1248,1335
315054,1449,1504
389670,1556,1648
394866,1578,1642
1341,1589,1660
159927,1589,1667
53474,1597,1651
103319,1614,1692
30238,1617,1671
359541,1948,2006
384107,2043,2121
205004,2071,2117
182415,2073,2126
288291,2076,2135
270033,2076,2147
372556,2078,2146
48977,2109,2180
102197,2127,2175
81688,2127,2178
382651,2131,2199
260067,2132,2227
110222,2143,2215
102196,2143,2225
247268,2145,2211
227314,2146,2210
191546,2148,2215
128276,2151,2211
347825,2152,2220
142078,2152,2241
391081,2154,2226
375558,2155,2218
389286,2158,2221
14462,2158,2226
221113,2159,2224
215002,2161,2212
230284,2163,2225
396258,2167,2258
288532,2170,2236
136658,2172,2255
28080,2174,2239
85426,2175,2238
379558,2175,2261
91829,2176,2237
86173,2176,2248
407852,2179,2242
125027,2180,2250
318968,2181,2255
334830,2182,2237
187029,2183,2244
247242,2189,2258
153977,2193,2255
134278,2388,2468
358568,2394,2488
346167,2396,2498
134279,2401,2508
81919,2402,2511
306439,2404,2495
288534,2404,2515
25384,2407,2463
12607,2407,2490
12608,2407,2501
205001,2417,2526
205002,2423,2527
103318,2430,2523
196797,2435,2546
196796,2437,2540
59997,2483,2559
204997,2485,2552
172342,2486,2579
12605,2494,2573
364203,2496,2579
12606,2509,2573
60158,2512,2569
224706,2646,2705
359199,2647,2698
348217,2647,2700
46822,2647,2702
319464,2763,2851
96629,2769,2858
166648,2801,2883
204998,2807,2869
32210,2811,2897
47459,2814,2885
88184,2817,2874
60634,2819,2879
42254,2819,2886
240854,2819,2894
358569,2821,2901
309687,2828,2876
95021,2830,2874
66780,2830,2882
222118,2830,2885
32722,2832,2892
359556,2833,2885
14512,2835,2876
214861,2837,2893
284638,2843,2888
49965,2851,2900
350534,2903,2960
121978,2905,2965
6818,2907,2954
269346,2914,2976
45573,2938,3002
407910,3077,3138
42914,3088,3143
49595,3099,3178
357961,3119,3173
24781,3186,3282
373002,3366,3421
256826,3384,3442
384107,3430,3511
103320,3489,3581
45575,3710,3773
272573,3871,3954
204996,3961,4032
32723,3968,4044
36902,3972,4043
151274,4283,4334
163625,4288,4354
81689,4289,4357
164295,4350,4436
394937,4360,4433
95022,4361,4438
32728,4362,4427
114641,4366,4428
31815,4375,4421
396822,4377,4438
61352,4379,4425
241729,4380,4441
258655,4384,4440
82495,4392,4442
195982,4555,4617
164293,4597,4678
164294,4601,4678
356657,5066,5120
175298,5069,5142
177053,5173,5241
6463,5249,5306
53396,5253,5305
274253,5253,5322
176517,5267,5310
159930,5270,5314
295009,5536,5600
204999,6351,6422
253609,6352,6418
222661,6361,6419
30237,6361,6424
373003,6365,6426
45574,6365,6428
5427,6600,6664
337037,6600,6672
337038,6601,6669
302128,6605,6667
117878,6676,6739
102195,6869,6933
88183,6887,6972
98287,6910,6972
138593,7129,7182
249475,7218,7279
198764,7219,7280
102194,7220,7295
306436,7234,7320
395128,7236,7327
99490,7245,7304
306341,7246,7309
330030,7246,7311
225063,7247,7333
99488,7249,7336
60636,7250,7317
102198,7252,7321
30236,7256,7339
131471,7260,7336
127170,7280,7337
95024,7514,7555
295008,7515,7577
343296,7524,7588
182941,7526,7568
380418,7599,7660
159928,7609,7677
161074,7611,7682
252093,7612,7668
358570,7612,7672
389288,7612,7674
142077,7612,7687
167620,7629,7684
112068,7632,7676
205000,7641,7684
247624,7682,7745
12609,7684,7744
50772,7684,7755
73270,7780,7846
302170,7864,7948
244972,7876,7956
218853,7881,7953
215190,7883,7950
344869,7885,7948
175299,7900,7974
306438,8025,8082
22183,8084,8141
159929,8090,8141
60635,8099,8141
98214,8238,8325
282381,8239,8322
222660,8255,8322
81687,8258,8321
175184,8386,8441
370731,8407,8461
288535,8407,8477
290079,8412,8459
32726,9441,9528
355423,9444,9518
258654,9462,9541
161425,9466,9530
337036,9466,9566
356082,9467,9531
150584,9467,9558
32211,9467,9574
356084,9468,9534
282383,9469,9545
120176,9470,9532
356083,9471,9531
163626,9478,9584
182272,9480,9544
126454,9483,9547
299917,9483,9586
125472,9484,9557
32725,9484,9583
155391,9494,9576
168508,9502,9567
176524,9502,9578
179813,9506,9596
13171,9507,9574
305606,9511,9604
172343,9517,9579
74903,9521,9595
305609,9526,9602
84994,9588,9683
330045,9596,9681
2232,9598,9659
222681,9599,9682
113129,9601,9676
114551,9602,9670
346168,9605,9670
14513,9606,9678
218469,9608,9670
350535,9617,9680
15982,9621,9698
305608,9630,9703
305607,9631,9701
213964,9634,9706
258652,9640,9707
24821,9643,9710
53599,9860,9933
295010,10075,10143
161584,10075,10151
74902,10080,10156
385461,10086,10149
111671,10091,10146
155392,10099,10143
32724,10103,10144
8568,10104,10155
394869,10106,10159
364566,10313,10357
53983,10332,10400
105346,10361,10415
288533,10368,10450
364204,10594,10661
9714,10602,10661
67783,10632,10687
360914,10740,10851
22184,10743,10805
67781,10744,10824
22185,10744,10855
330044,10745,10809
161585,10746,10847
90835,10748,10809
99491,10748,10827
157909,10749,10834
396469,10754,10808
237435,10756,10801
2233,10756,10843
57569,10758,10838
29789,10764,10849
252096,10767,10814
53600,10769,10816
79986,10773,10857
112070,10774,10837
119245,10778,10845
176526,10779,10841
270760,10785,10856
112069,10788,10846
161427,10789,10861
176528,10790,10859
231669,10792,10855
182274,10793,10856
58230,10794,10857
153793,10798,10856
176527,10806,10856
172346,11022,11071
63638,11131,11188
196568,11133,11194
172345,11135,11194
222659,11139,11211
196799,11144,11209
111670,11153,11208
389287,11156,11217
296210,11156,11220
35066,11157,11214
32041,11157,11216
352878,11157,11224
320593,11159,11222
258653,11159,11239
8569,11160,11221
270032,11160,11229
38237,11161,11220
194585,11161,11226
401708,11161,11256
362986,11162,11254
357669,11165,11228
357672,11166,11260
394938,11172,11240
86136,11173,11246
172347,11173,11253
375566,11179,11260
157473,11190,11252
32727,11191,11260
141510,11196,11261
157472,11198,11254
95025,11198,11262
113130,11201,11277
53984,11208,11262
61865,11209,11260
110931,11209,11264
81920,11281,11336
394870,11448,11524
357673,11461,11534
394868,11465,11524
172344,11469,11545
282384,11471,11542
396259,11473,11526
337039,11473,11536
189493,11475,11545
12522,11476,11537
168507,11478,11540
282383,11479,11557
397092,11479,11581
309452,11480,11528
356081,11480,11543
159931,11481,11544
330047,11482,11546
397091,11482,11580
305605,11483,11544
282382,11483,11553
153978,11484,11560
362761,11486,11553
362760,11486,11557
357674,11488,11566
161428,11488,11589
302148,11489,11552
32212,11490,11556
114550,11491,11555
72317,11491,11560
12524,11492,11553
342455,11493,11535
111669,11493,11548
182273,11493,11555
16070,11493,11557
61866,11494,11599
88185,11495,11559
386995,11495,11568
182269,11495,11574
182270,11499,11566
215192,11500,11573
362762,11501,11603
330046,11503,11564
196569,11503,11574
7514,11504,11566
182271,11505,11570
114549,11506,11568
88060,11506,11582
213963,11508,11570
41655,11508,11576
218468,11510,11574
305604,11511,11599
315055,11514,11576
52364,11521,11584
161429,11525,11589
125698,11525,11591
213965,11526,11588
289074,11530,11595
289075,11538,11595
56198,11680,11751
386996,11693,11754
53598,11697,11751
8570,11697,11763
194922,12447,12504
253176,12448,12509
306437,12477,12551
224705,12558,12628
22184,12590,12645
371171,12613,12655
349843,12764,12828
75643,12767,12831
262498,12772,12848
92313,13016,13111
11288,13017,13095
215194,13021,13083
261833,13021,13100
215193,13023,13092
356080,13025,13089
262329,13025,13095
397650,13025,13108
71468,13026,13110
401707,13028,13095
58229,13033,13096
299916,13040,13102
364202,13040,13107
258651,13060,13125
109778,13065,13119
4167,13181,13223
125016,13193,13269
191443,13194,13255
161426,13196,13258
270031,13196,13260
296920,13198,13274
169381,13199,13288
373004,13206,13262
11384,13210,13271
374977,13226,13271
264574,13401,13466
372326,13418,13467
2045,13494,13559
283634,13617,13688
211998,13626,13687
291703,13738,13827
309688,13739,13825
214860,13740,13794
397090,13740,13806
258650,13740,13818
71468,13746,13840
357670,13746,13860
259898,13747,13846
82988,13752,13813
2489,13754,13796
322245,13755,13840
38537,13757,13859
275257,13762,13849
407832,13762,13856
53982,13769,13838
337040,13788,13863
61086,13790,13861
358571,13806,13881
302147,14094,14154
394867,14352,14453
67782,14558,14630
14514,14558,14673
24780,14559,14613
90049,14559,14621
176525,14559,14625
12523,14560,14658
44997,14560,14667
252095,14562,14628
99489,14562,14649
13170,14562,14657
309453,14563,14645
95023,14566,14621
105364,14573,14652
357671,14584,14648
