123062,201,271
329251,208,274
336128,213,272
253424,216,266
22027,230,296
118837,343,408
6088,896,966
136325,1272,1337
333509,1302,1371
333510,1303,1367
160513,1303,1369
234158,1304,1376
207230,1434,1522
207229,1443,1540
159490,1446,1495
240818,1477,1543
143714,1706,1764
94794,1711,1760
6085,2208,2269
234159,2211,2269
6090,2216,2270
62237,2486,2550
62236,2489,2555
319533,2505,2557
62235,2513,2577
323491,3004,3060
306110,3208,3288
219610,3209,3281
251007,3240,3287
20887,3411,3474
74793,3699,3764
27324,3713,3775
29368,3714,3780
43223,3734,3801
365658,3737,3801
89580,3744,3798
287586,3744,3803
389542,3745,3808
62767,3747,3810
324167,3751,3808
66806,3757,3803
130681,3759,3810
284177,4161,4228
128900,4435,4494
146871,4445,4507
355455,4811,4878
284177,5059,5121
6087,5478,5533
86283,5730,5794
109349,5732,5799
342698,5736,5796
366288,6427,6490
297003,6427,6497
62234,6428,6492
34832,6430,6497
366289,6435,6487
30354,6435,6497
375158,6435,6526
240293,6436,6520
319532,6437,6513
169743,6438,6502
60502,6438,6532
6857,6440,6535
200847,6441,6532
231935,6449,6503
27703,6455,6544
169059,6457,6556
177613,6458,6542
312276,6461,6522
254726,6461,6524
351954,6461,6531
144307,6465,6555
378913,6466,6533
126673,6470,6528
60891,6472,6535
368972,6483,6548
89581,6621,6698
300582,6622,6683
312249,6630,6691
210693,6639,6739
374201,6643,6686
172385,6645,6702
267228,6663,6759
359615,6668,6730
332759,6669,6722
146223,6672,6743
109350,6672,6762
322877,6672,6786
253725,6673,6748
98768,6673,6757
135761,6675,6755
292966,6675,6763
12837,6679,6758
232954,6680,6776
267226,6681,6780
247131,6684,6808
148559,6687,6762
391184,6687,6768
43174,6689,6764
310468,6691,6772
177615,6691,6817
229790,6693,6754
101017,6694,6755
365937,6695,6756
109438,6695,6809
198728,6697,6763
345614,6704,6760
354912,6707,6802
161179,6714,6825
285601,6723,6835
235083,6728,6834
62233,6729,6821
62765,6745,6837
169881,6748,6809
219343,6748,6829
336611,6749,6823
49183,6750,6825
193454,6751,6815
200848,6754,6812
205612,6754,6825
97017,6755,6842
260312,6757,6821
260311,6763,6825
146873,6764,6838
62090,6764,6841
118911,6765,6845
279193,6766,6828
135965,6768,6830
165107,6768,6836
247129,6771,6841
151099,6774,6848
214255,6831,6896
84995,6833,6874
100258,6846,6897
382085,6852,6913
334338,7055,7150
284179,7065,7164
212084,7079,7145
253593,7083,7150
240294,7084,7162
391183,7288,7386
54675,7295,7383
365797,7304,7372
95836,7314,7415
287585,7320,7415
267227,7321,7412
214498,7327,7399
214497,7329,7381
351955,7333,7405
220238,7336,7410
65938,7347,7416
54460,7348,7421
224330,7377,7440
278207,7401,7466
122782,7416,7486
117656,7511,7558
137040,7519,7582
382086,7542,7591
86279,7659,7722
264863,7697,7749
259057,8072,8132
81687,8140,8196
177191,8150,8212
130682,8158,8209
263248,8369,8417
390023,8597,8647
234161,8681,8775
284181,8683,8774
359369,8691,8774
212937,8702,8767
215153,8703,8768
55530,8705,8766
43175,8705,8768
146872,8707,8763
16456,8723,8766
86550,8804,8849
365844,9064,9161
373184,9066,9159
179170,9068,9130
100259,9070,9124
38848,9070,9133
329572,9072,9148
170190,9073,9122
373183,9073,9163
284183,9074,9135
259713,9076,9123
356518,9079,9137
172384,9100,9166
179167,9102,9153
30863,9102,9167
265236,9103,9159
307777,9105,9149
84299,9106,9186
1123,9118,9181
284179,9122,9222
373185,9136,9210
373186,9140,9190
86280,9324,9390
214496,9342,9406
278209,9356,9417
62763,9357,9433
62238,9362,9429
10558,9392,9472
200849,9412,9485
161180,9436,9492
101016,9460,9542
212085,9481,9561
232953,9489,9554
344184,9492,9567
259058,9496,9571
122568,9512,9585
159784,9513,9588
369880,9529,9591
65210,9530,9604
287587,9530,9616
176413,9531,9591
54019,9531,9618
33355,9532,9622
85785,9535,9612
303390,9535,9615
28666,9536,9619
98769,9537,9595
95839,9538,9608
406968,9538,9613
2947,9540,9607
219362,9540,9611
43175,9544,9622
63399,9548,9624
130683,9549,9611
6086,9549,9616
124401,9550,9649
116384,9552,9613
137042,9555,9630
219609,9556,9615
219608,9556,9618
366175,9557,9619
52131,9559,9625
179169,9560,9621
117855,9561,9624
81688,9562,9626
743,9563,9625
406127,9563,9627
284184,9564,9622
744,9568,9619
76214,9569,9631
359372,9569,9633
373182,9571,9632
382394,9573,9628
285578,9577,9634
137041,9580,9631
98770,9583,9687
336610,9598,9670
240291,9742,9868
240292,9745,9864
240290,9748,9868
392648,9779,9841
319534,10265,10334
295276,10266,10324
377914,10269,10329
365843,10350,10401
87531,10415,10493
201667,10417,10494
122567,10423,10494
146144,10430,10492
234053,10435,10499
34139,10436,10503
149528,10439,10494
19560,10440,10500
334872,10441,10494
279194,10441,10504
193452,10441,10516
300087,10443,10521
193453,10444,10513
161966,10451,10518
51435,10452,10513
393743,10454,10517
161967,10454,10520
111254,10455,10513
37191,10456,10518
177614,10671,10749
253594,10735,10784
54784,10908,10969
171973,10924,10980
35691,11168,11221
9368,11316,11399
398035,11323,11397
91723,11328,11399
204592,11328,11407
127411,11332,11410
143283,11334,11424
300211,11335,11413
361822,11339,11400
237825,11347,11422
300212,11350,11435
187980,11351,11413
322077,11357,11419
62281,11358,11421
97045,11358,11423
97046,11359,11425
365302,11359,11439
139661,11361,11424
101741,11364,11425
371952,11365,11434
169058,11367,11436
369715,11367,11450
105865,11382,11444
127674,11550,11610
226800,11752,11806
292019,11771,11838
241591,12303,12371
6218,12305,12370
23393,12307,12395
219344,12313,12375
322876,12317,12378
302286,12317,12380
247130,12317,12387
212087,12318,12414
138108,12319,12382
399689,12322,12399
53925,12325,12386
144675,12327,12428
129702,12330,12433
237823,12331,12425
74122,12334,12385
55529,12334,12426
266975,12335,12443
55528,12336,12430
92233,12339,12435
350443,12340,12402
52132,12348,12435
388140,12354,12440
35062,12356,12421
98524,12357,12442
365657,12359,12438
3343,12360,12426
373739,12362,12423
53467,12363,12442
290227,12366,12438
202826,12376,12438
123060,12376,12445
74365,12379,12443
295277,12386,12451
404090,12499,12550
277956,12648,12693
370723,12811,12858
378914,12834,12934
234228,12866,12932
18282,12866,12940
359614,12888,12973
46562,13023,13073
86551,13023,13079
373840,13025,13080
168439,13025,13090
36791,13025,13102
344183,13041,13107
86277,13078,13147
123061,13079,13142
253595,13270,13351
62239,13272,13329
284176,13493,13589
341315,13495,13584
143715,13507,13584
308233,13511,13597
234230,13516,13605
399688,13577,13635
331525,13592,13656
89866,13801,13893
203164,13802,13864
25417,13806,13875
394164,13809,13872
161430,13809,13897
406602,13810,13871
118838,13815,13879
304302,13817,13879
5616,13828,13902
406527,13830,13910
151352,13832,13900
284176,13845,13956
12937,13859,13908
308233,13872,13963
212086,13875,13978
74363,13877,13941
260309,13878,13958
12544,13880,13937
366290,13880,13962
307778,14147,14244
10561,14148,14211
341782,14149,14210
234162,14176,14264
40699,14181,14253
359368,14182,14233
284181,14183,14264
329573,14187,14259
371036,14195,14259
159783,14196,14260
301022,14197,14254
151101,14199,14251
302611,14203,14265
19561,14206,14264
100260,14335,14378
216705,14345,14387
86284,14451,14505
47977,14569,14638
284182,14590,14640
161177,14671,14770
245081,14677,14732
36265,14679,14767
62240,14684,14748
225486,14685,14757
94110,14685,14770
332757,14689,14766
76213,14691,14777
217452,14692,14773
10560,14698,14759
53469,14698,14777
86281,14699,14762
250057,14717,14773
219364,14719,14770
99628,14719,14775
232955,14721,14778
212088,14721,14782
81071,14850,14950
180822,14871,14935
68373,14890,14955
251006,14893,14945
198727,14901,14965
405171,14909,14983
365845,15422,15492
118188,15461,15532
344185,15461,15542
207231,15486,15551
10559,15487,15559
175162,15488,15590
282415,15491,15556
327216,15491,15567
172388,15491,15594
247132,15493,15568
54680,15495,15567
146870,15497,15547
89579,15497,15559
406322,15497,15595
85409,15502,15597
172387,15505,15599
240296,15509,15564
298953,15515,15576
146868,15526,15609
81072,15530,15605
130684,15532,15608
224329,15536,15597
170567,15539,15615
122566,15540,15595
295278,15561,15608
239610,15867,15910
106815,15870,15914
355796,16085,16145
351956,16085,16161
322875,16087,16144
392649,16088,16160
225466,16090,16140
220379,16097,16139
24355,16356,16417
214494,16406,16472
338816,16779,16833
329574,16948,17014
302209,16948,17039
371037,16949,17012
259501,16950,17023
224605,16951,17018
236684,16953,17014
240295,16953,17023
344186,16953,17045
123057,16954,17013
386980,16954,17019
123058,16955,17044
130169,16957,17040
65939,16960,17037
53005,16962,17044
390109,16964,17025
295599,16967,17031
251994,16967,17035
136492,16968,17041
363619,16971,17031
154045,16975,17037
189228,16981,17037
62241,16984,17042
224449,16998,17044
406969,17093,17156
23393,17266,17326
227904,17266,17335
402983,17268,17333
278208,17269,17331
406128,17269,17354
78887,17270,17327
309845,17270,17329
161722,17273,17328
86278,17280,17327
388802,17281,17325
87533,17281,17331
95838,17281,17352
6089,17281,17369
367104,17282,17345
259031,17283,17360
154044,17285,17347
87532,17286,17333
256771,17294,17362
256772,17294,17370
78886,17296,17344
264112,17297,17352
39845,17297,17373
115270,17298,17345
251993,17299,17366
74364,17482,17530
204649,17619,17665
60892,17652,17720
396445,17659,17717
62766,17667,17752
146145,17674,17749
245083,18508,18569
96739,18514,18589
322049,18515,18568
339528,18557,18618
285579,18623,18695
212938,18648,18713
355471,18791,18867
374269,18794,18858
27325,18817,18861
130665,19094,19150
364769,19285,19367
260785,19540,19604
240022,19567,19646
151318,19568,19644
66658,19575,19629
351957,19657,19748
202939,19667,19764
344187,19669,19728
95835,19670,19748
216704,19673,19729
65940,19674,19745
366177,19674,19781
219606,19678,19751
43176,19679,19742
146867,19679,19746
99085,19679,19766
332758,19680,19741
206842,19680,19761
352310,19682,19743
146869,19682,19749
329252,19682,19768
240297,19682,19772
172386,19689,19763
329575,19689,19766
123057,19693,19764
359612,19701,19763
207822,19712,19759
284183,19713,19768
57691,19715,19773
225487,19716,19795
219607,19717,19759
358289,19717,19793
118284,19730,19814
41057,19918,19980
273158,19920,19983
306826,20057,20132
122127,20085,20168
89582,20086,20154
21174,20099,20156
81689,20103,20167
89583,20103,20200
22938,20123,20197
148315,20142,20192
359613,20163,20216
86548,20168,20241
37226,20376,20440
154043,20376,20444
240819,20402,20487
81074,20742,20829
81073,20749,20829
81075,20805,20876
44801,20828,20908
53003,20860,20907
238893,21046,21118
271139,21057,21118
329254,21513,21564
373179,21560,21626
115675,21782,21844
359371,22114,22191
60893,22116,22177
109436,22128,22211
214049,22140,22209
383111,22142,22236
260942,22227,22288
374200,22272,22357
85408,22278,22354
113316,22282,22357
17180,22285,22356
109351,22293,22345
239611,22295,22343
329576,22298,22358
387491,22302,22358
161181,22398,22449
189243,22923,22994
237824,22924,23000
15538,22926,22986
3684,22933,22977
323935,22934,22978
128899,22935,23007
284182,23075,23137
109440,23083,23146
319535,23084,23158
47978,23087,23157
6091,23112,23173
108134,23118,23190
332754,23120,23171
169393,23121,23188
403137,23124,23189
219363,23125,23187
43178,23126,23188
123056,23127,23206
86549,23135,23203
62764,23145,23207
6218,23152,23220
143716,23152,23227
59987,23157,23225
290226,23161,23225
220380,23161,23235
300583,23162,23231
76212,23164,23241
371038,23167,23229
205376,23170,23233
81076,23170,23239
189227,23171,23243
245080,23176,23224
44131,23177,23239
295222,23180,23241
32890,23180,23261
193000,23182,23259
55527,23185,23253
389492,23185,23287
306574,23187,23250
245082,23190,23252
389493,23226,23303
252151,23227,23281
44076,23228,23295
248807,23246,23302
253596,23246,23305
406601,23256,23304
220381,23373,23446
53006,23391,23470
184409,23456,23534
58470,23462,23510
161187,24704,24781
262561,24726,24828
118190,24728,24823
374199,24731,24833
359367,24735,24813
253618,24735,24825
10468,24738,24804
389543,24740,24828
369882,24743,24804
369881,24743,24812
359370,24743,24826
237907,24744,24808
24424,24744,24829
62242,24748,24804
86282,24748,24827
366176,24749,24814
65941,24751,24830
14563,24752,24816
240297,24752,24837
384757,24755,24803
118560,24755,24818
365659,24755,24830
384756,24756,24805
212919,24756,24810
284180,24756,24836
70054,24759,24815
124277,24759,24826
177617,24760,24843
122565,24762,24825
295274,24763,24840
376070,24764,24819
240021,24769,24836
373180,24771,24826
101015,24775,24836
100261,24777,24844
214495,24779,24843
27270,24780,24826
179168,24782,24869
18102,24823,24907
284178,24833,24938
234160,24839,24926
307779,24878,24956
349932,24990,25051
118839,24994,25072
336613,24997,25055
403138,25009,25075
108134,25010,25071
53007,25010,25083
295275,25012,25107
403139,25013,25074
7186,25014,25076
202938,25016,25129
270081,25017,25075
219361,25017,25104
408077,25019,25119
332440,25023,25127
141929,25029,25120
377915,25032,25143
392650,25035,25101
332756,25035,25129
332755,25038,25129
332439,25039,25135
377916,25041,25167
76211,25043,25129
112027,25048,25150
181438,25049,25137
122563,25049,25141
389544,25054,25125
18125,25054,25153
383323,25054,25161
82376,25056,25137
7849,25056,25148
95837,25064,25151
189022,25066,25154
118189,25066,25161
138105,25073,25135
282416,25077,25161
383324,25078,25141
161178,25079,25126
71434,25080,25145
316818,25080,25192
5061,25084,25165
54676,25084,25172
336612,25088,25152
333639,25090,25151
179613,25091,25152
91937,25093,25168
200850,25096,25160
78591,25096,25169
219605,25100,25166
121010,25111,25172
384758,25113,25182
384759,25124,25197
177616,25208,25272
55391,25219,25272
391185,25364,25419
329253,25780,25854
216627,25784,25838
240020,25826,25898
253493,25837,25898
53468,25945,26028
234229,25947,26019
117795,26056,26124
62850,26057,26118
54681,26057,26132
109437,26059,26128
124398,26067,26128
47979,26090,26151
124400,26137,26222
284178,26142,26265
341316,26176,26242
111944,26451,26512
225859,26453,26524
293604,26472,26533
334337,26537,26646
232956,26741,26810
135204,26837,26929
359611,26840,26905
3884,26841,26912
161768,26845,26909
111943,26934,26997
338312,27091,27153
227905,27102,27179
260308,27107,27188
260307,27108,27185
99375,27118,27186
369883,27120,27174
54020,27120,27183
287584,27122,27186
95834,27128,27184
215993,27369,27464
373181,27450,27532
3884,27457,27524
382998,27515,27582
396346,27529,27581
260306,27533,27584
340010,27719,27783
307780,27730,27780
404114,27730,27795
240820,27730,27835
240821,27748,27858
279378,27753,27834
116977,27757,27819
105750,27762,27830
303391,28064,28124
1122,28185,28238
177618,28428,28501
86597,28428,28507
260310,28430,28514
86596,28434,28518
124399,28445,28506
304091,28462,28538
46582,28473,28538
115270,28474,28535
161182,28732,28806
39294,28741,28803
167813,28743,28806
390490,28758,28823
239130,28763,28805
44802,28769,28831
311058,28772,28838
29367,28773,28860
109439,28792,28865
267229,28803,28858
18101,28824,28878
212918,28829,28895
208106,28838,28888
310006,28850,28929
369884,29001,29057
54951,29023,29065
86285,29039,29095
54677,29052,29148
54678,29056,29166
54679,29058,29128
122564,29125,29201
43177,29139,29207
253597,29146,29207
284184,29306,29371
62762,29315,29379
406129,29319,29387
207964,29320,29391
46369,29323,29387
244324,29402,29472
41598,29504,29554
208108,29531,29601
208107,29534,29602
62481,29539,29605
61657,29560,29623
231462,29560,29626
239612,29560,29631
89584,29564,29625
240396,29578,29625
143284,29578,29631
123059,29608,29690
154071,29612,29699
37005,29628,29680
281139,29640,29696
253598,29642,29701
27326,29831,29901
58189,29831,29905
70055,29842,29964
54743,29871,29958
53004,29879,29967
206843,29882,29964
65028,29886,29985
316476,29890,29953
329255,29890,29957
118283,29892,29955
156878,29895,29954
80911,29895,29969
393744,29895,29985
374198,29895,29992
284180,29897,29978
117079,29898,29968
342699,29901,29962
319536,29908,29972
151102,29908,29993
388208,29916,29995
135203,29929,29992
336127,29929,29997
