362694,178,262
215412,180,241
94073,183,253
228880,195,258
261652,197,270
147513,205,266
13429,207,269
10469,220,310
55140,223,328
277905,226,290
145941,233,312
78630,235,305
203515,242,326
258158,243,320
316348,244,311
92172,250,341
329010,264,330
83396,266,321
284170,277,346
192067,282,344
31005,672,718
325346,1085,1134
83613,1447,1503
45048,1448,1508
38804,1448,1520
244107,1448,1529
14950,1449,1500
121426,1449,1526
141303,1464,1526
136426,1584,1630
26786,1854,1902
308959,1854,1918
137538,2047,2109
391899,2054,2119
54363,2064,2106
120408,2161,2233
331765,2181,2258
384133,2331,2421
384134,2334,2436
17962,2868,2926
66164,2871,2914
264754,2898,2958
69241,3036,3104
87561,3045,3120
117870,3306,3350
316365,3504,3562
121556,3579,3646
454,3905,3970
227267,3906,3973
286145,3908,3969
9207,3908,3971
354018,3909,3970
200158,3910,3971
65011,3917,3969
101071,3917,4001
72576,4284,4350
342890,4285,4349
249580,4288,4374
386267,4290,4350
101636,4293,4365
196660,4306,4383
93360,4309,4396
201411,4311,4384
120573,4317,4385
131379,4317,4401
130094,4318,4380
185542,4319,4395
50432,4333,4384
84049,4340,4390
89135,4341,4393
386268,4341,4406
273278,4342,4397
315941,4344,4412
34891,4346,4416
239674,4372,4441
398160,4378,4445
285145,4391,4452
339069,4679,4760
368992,4782,4848
195323,4788,4850
396909,5013,5101
227268,5014,5084
246644,5020,5096
75693,5034,5098
124722,5486,5530
403795,5488,5544
281591,5543,5632
453,5560,5648
170376,5802,5856
113228,6310,6393
149469,6311,6378
239672,6315,6391
353800,6315,6400
92171,6316,6384
16672,6322,6399
403796,6323,6418
239671,6327,6404
121555,6330,6404
72390,6332,6394
262519,6332,6398
452,6342,6414
70817,6344,6404
220205,6346,6410
115171,6347,6408
95605,6348,6401
110510,6348,6409
153534,6353,6406
195324,6355,6441
374449,6698,6742
222162,6851,6913
394325,7627,7709
284073,7628,7713
109507,7634,7690
93358,7634,7695
165214,7635,7718
79386,7638,7696
326964,7641,7726
127442,7656,7731
141770,7657,7729
125624,7659,7744
273280,7661,7732
125623,7663,7744
372402,7666,7750
55505,7668,7719
398249,7741,7812
252905,8154,8215
80173,8487,8540
71302,8654,8747
307976,8655,8721
212860,8665,8763
304093,8670,8760
181781,8676,8721
152507,8677,8754
242814,8680,8739
401120,8680,8755
65191,8682,8757
227605,8683,8759
27631,8684,8748
341296,8686,8749
71303,8686,8753
93359,8687,8751
67905,8688,8754
254766,8689,8753
9496,8693,8757
17485,8697,8758
325713,8698,8761
241408,8838,8904
216976,8841,8904
288935,8897,8949
304153,9464,9534
124844,9466,9553
2244,9467,9555
82,9477,9527
194681,9486,9550
278284,9509,9566
278283,9510,9567
71835,9522,9578
275745,9568,9629
401714,9570,9618
101687,9571,9643
275549,9573,9635
118786,9585,9646
155199,11532,11610
244688,11534,11605
32228,11539,11609
24414,11557,11632
217563,11571,11635
38979,12569,12634
368991,12573,12635
396887,12584,12662
269715,12601,12668
121557,13616,13682
216816,13810,13872
326297,14087,14141
94937,14102,14165
285145,14184,14257
239673,14689,14751
160969,15550,15618
371913,16036,16082
152506,16287,16349
105547,16312,16370
4477,16314,16371
272850,16314,16375
106189,16481,16554
215424,16481,16564
31773,16482,16543
76330,16482,16545
166936,16483,16544
142949,16484,16566
328493,16498,16562
300849,16500,16561
265424,16503,16566
111889,16505,16562
187939,16514,16575
201783,16517,16560
83351,17967,18014
106096,18303,18356
17486,18507,18573
175014,18508,18571
379010,18514,18577
6301,18522,18605
306901,18525,18602
6300,18540,18608
215425,18546,18591
176440,18546,18599
87560,18559,18610
395497,18860,18929
16034,19094,19156
216446,19098,19166
198321,19102,19184
234108,19105,19161
142166,19106,19163
31154,19110,19167
19179,19111,19173
8970,19309,19386
66166,19541,19596
36761,19544,19602
275896,19556,19600
269411,19641,19699
264343,19658,19703
309234,20283,20337
183339,20286,20336
71834,20289,20357
21128,20290,20365
83901,20292,20369
284074,20294,20406
226491,20295,20357
397672,20304,20399
397673,20314,20404
326964,20324,20409
176172,20327,20375
339067,20329,20410
130093,20331,20403
156938,20334,20433
141772,20335,20401
399151,20335,20414
47099,20339,20411
6619,20340,20440
99854,20341,20402
383064,20341,20405
55504,20341,20417
363192,20341,20445
146483,20342,20404
264167,20342,20457
2755,20344,20417
381366,20345,20407
372514,20346,20411
281599,20346,20427
386556,20349,20446
156937,20350,20443
66165,20355,20416
264166,20356,20440
227269,20357,20426
365079,20358,20421
275973,20362,20426
155197,20363,20451
232583,20365,20428
451,20371,20453
281523,20372,20450
130092,20381,20452
273279,20382,20444
281672,20384,20453
156936,20762,20854
386269,20763,20869
214316,20769,20856
236152,20781,20855
395496,20784,20868
51303,20789,20869
115168,20811,20867
99855,21127,21202
52874,21142,21209
124723,21159,21224
162495,21160,21254
245443,21174,21258
209307,21189,21252
1691,21189,21263
209308,21192,21253
211008,21193,21254
221928,21254,21323
326129,21254,21327
176615,21254,21336
122809,21264,21327
5429,21265,21324
120409,21268,21329
61155,21272,21334
204792,21279,21337
45049,21281,21333
157028,21285,21332
334390,21410,21521
396908,21429,21533
146484,21431,21509
94074,21452,21517
91652,21465,21516
80656,21668,21749
101072,21763,21838
199360,21769,21835
214531,21997,22056
674,21998,22063
44069,22000,22062
49641,22001,22067
204790,22005,22068
80655,22120,22188
8701,22584,22639
181479,23136,23210
92170,23145,23215
175460,23147,23223
151096,23151,23212
377603,23153,23208
36678,23159,23212
347355,23161,23224
129546,23170,23227
51639,23249,23324
219252,23363,23419
17487,23445,23518
140425,23463,23530
155198,23465,23524
115169,23711,23784
115170,23716,23793
4946,24319,24408
58437,24651,24698
249393,24724,24803
261651,25159,25207
141771,25561,25640
204791,25584,25632
51302,25692,25793
239674,25736,25793
152505,26074,26144
408687,26237,26293
101635,26351,26414
237295,26400,26469
246392,26559,26625
176439,26614,26677
178238,26616,26684
139570,26625,26702
141302,26629,26692
329277,26634,26702
326963,26727,26799
185543,26791,26870
38977,27027,27095
38976,27195,27256
154469,27301,27348
381367,27558,27618
141773,27708,27776
394354,27710,27771
66167,27847,27918
309233,27852,27917
23440,27858,27921
9441,27860,27921
326963,28000,28059
13338,28139,28204
181478,28157,28204
267795,28472,28517
279459,28916,28962
94938,28916,28990
339068,28919,29006
251404,28921,28978
176136,28921,28986
9442,28921,28990
221731,28922,28985
155791,28924,28989
38978,28925,29006
308585,28927,28992
343078,28928,28991
121558,28934,28990
201412,29598,29669
141301,29606,29670
5430,29809,29867
87562,29809,29878
