290394,188,251
296969,337,417
306181,351,404
202846,352,428
211339,356,417
26087,360,415
37608,360,433
72724,363,423
212668,366,433
228246,854,919
112198,877,929
47060,941,998
29776,941,1006
195911,941,1014
29777,941,1029
29780,942,1003
281169,943,1020
200684,945,997
238345,945,1015
29781,947,1009
202850,952,1006
274527,952,1016
29778,955,1014
247161,955,1020
199525,960,1016
314012,1004,1078
86224,1007,1104
10019,1017,1078
211516,1022,1084
228242,1023,1104
135887,1025,1100
400721,1025,1116
327752,1031,1087
238338,1037,1105
12083,1163,1235
89498,1166,1243
246762,1170,1232
329037,1174,1239
2946,1179,1262
167267,1191,1262
23029,1350,1404
56071,1351,1400
260496,1351,1403
362324,1351,1405
45451,1351,1432
68850,1351,1436
264727,1355,1416
6576,1364,1426
38325,1369,1444
187750,1373,1433
64178,1373,1446
93132,1376,1437
38326,1386,1452
302057,1386,1491
325422,1388,1446
2426,1390,1447
261422,1390,1476
302056,1392,1462
6577,1401,1446
196955,1402,1460
156126,1403,1476
156125,1403,1496
327748,1405,1468
95267,1406,1480
135883,1409,1467
95268,1414,1507
178083,1417,1540
332284,1421,1515
380201,1429,1505
297395,1434,1540
273259,1442,1529
229223,1452,1533
112203,1457,1525
302058,1457,1533
273261,1457,1546
236281,1459,1526
202842,1460,1537
131495,1463,1532
380199,1465,1540
68853,1467,1542
327749,1467,1547
143355,1468,1524
195910,1474,1530
236282,1476,1546
317801,1479,1543
273256,1481,1551
273257,1483,1547
229222,1487,1530
270049,1487,1541
99499,1490,1585
325423,1491,1569
89492,1493,1572
391668,1498,1573
153487,1506,1568
270048,1559,1623
377619,1576,1638
377620,1576,1642
217352,1577,1641
357316,1577,1644
34514,1578,1636
178467,1578,1650
212797,1579,1627
195908,1579,1654
323511,1580,1651
23032,1581,1638
29783,1583,1645
229224,1587,1663
362323,1588,1676
97610,1589,1659
15306,1590,1646
43867,1590,1662
217493,1590,1672
111621,1591,1651
126675,1591,1676
202845,1594,1639
238337,1595,1642
89501,1595,1647
79865,1595,1674
358233,1596,1650
12968,1596,1658
341718,1596,1679
101051,1600,1685
204316,1615,1687
323512,1622,1685
323845,1623,1686
401488,1625,1673
28716,1630,1686
390083,1630,1689
111620,1632,1677
67981,1760,1821
47065,1761,1825
173279,1798,1873
124790,1812,1874
47063,1815,1909
217351,1817,1920
226544,1821,1888
156127,1824,1888
10020,1825,1920
47062,1826,1909
38328,1827,1911
226545,1830,1899
131481,1830,1917
48638,1830,1921
156127,1832,1898
231556,1834,1922
126677,1838,1919
178081,1843,1904
256060,1849,1907
115802,1854,1915
88869,2000,2077
2787,2007,2061
195911,2037,2120
247135,2041,2109
327750,2047,2115
200685,2050,2109
29784,2050,2145
383802,2051,2113
89493,2051,2135
38331,2052,2141
199525,2054,2126
29779,2055,2136
38329,2055,2144
282934,2059,2114
29785,2059,2145
231555,2061,2133
236280,2062,2124
354431,2065,2132
195906,2065,2141
275378,2066,2167
202847,2067,2150
45394,2069,2126
256059,2074,2139
110626,2074,2148
135881,2075,2144
126687,2077,2140
156128,2099,2215
192551,2131,2194
299130,2144,2260
323513,2146,2220
195914,2150,2242
195913,2162,2281
255057,2193,2260
234319,2267,2333
6395,2267,2336
135876,2315,2412
135886,2316,2392
24885,2331,2389
341717,2333,2404
341716,2337,2412
339320,2347,2402
195908,2347,2412
112200,2367,2417
93128,2369,2444
281823,2375,2445
273263,2389,2455
22726,2396,2456
39763,2405,2504
238339,2414,2488
297394,2417,2482
186841,2420,2478
183063,2432,2490
350389,2432,2547
196956,2441,2495
280382,2443,2526
275134,2443,2529
261419,2443,2534
234320,2450,2518
12598,2460,2526
261421,2479,2552
273258,2483,2535
211517,2484,2555
59998,2485,2561
131496,2490,2586
169352,2492,2553
144205,2494,2558
169353,2494,2589
400720,2497,2559
177174,2498,2550
135878,2501,2587
83222,2513,2585
29775,2525,2586
164123,2526,2578
120778,2526,2596
89499,2529,2590
325420,2531,2592
19567,2531,2607
335173,2533,2596
406738,2535,2602
193375,2535,2617
195906,2537,2621
297396,2539,2619
210567,2542,2604
85632,2542,2618
383799,2544,2623
68857,2545,2617
97744,2547,2608
199861,2547,2612
372248,2551,2616
292321,2553,2615
325421,2748,2816
228240,2779,2848
275133,2784,2848
240507,2789,2854
232703,2992,3050
76546,2993,3074
383800,3014,3094
309209,3017,3088
228244,3026,3149
23393,3032,3110
314011,3035,3100
354432,3035,3104
314013,3037,3115
10021,3040,3103
35272,3042,3152
212799,3043,3113
365472,3050,3114
93130,3050,3175
238340,3051,3120
25803,3054,3112
400725,3059,3126
401484,3061,3150
12599,3073,3173
324489,3075,3160
375540,3078,3169
281117,3084,3146
110625,3090,3156
323510,3097,3147
325425,3098,3168
337387,3101,3194
178080,3102,3160
93134,3103,3158
249163,3107,3172
77984,3108,3153
89491,3113,3188
115803,3119,3181
93129,3124,3186
37609,3211,3273
378850,3294,3348
106414,3527,3582
272809,3528,3584
195914,3528,3608
37612,3532,3614
195913,3532,3647
359276,3570,3637
193374,3572,3629
390064,3582,3641
126676,3591,3646
226543,3591,3656
2196,3592,3661
211340,3593,3656
171874,3594,3645
247162,3594,3651
204317,3612,3683
335172,3616,3698
37614,3642,3702
330707,3642,3732
246763,3653,3713
29786,3669,3748
16156,3684,3748
135873,3702,3769
380202,4258,4334
112202,4369,4458
337388,4370,4465
135880,4371,4443
337389,4377,4465
222190,4383,4443
383807,4384,4447
166407,4386,4450
249502,4387,4457
195917,4393,4459
237492,4403,4468
89490,4405,4479
379870,4408,4453
135872,4410,4468
237261,4410,4471
201834,4414,4461
75577,4439,4517
153490,4442,4508
364855,4445,4507
255058,4446,4509
81237,4551,4612
202851,4551,4626
228238,4555,4661
270050,4558,4621
51963,4558,4634
163908,4558,4642
358232,4559,4637
156136,4561,4622
105748,4562,4623
237937,4568,4621
59918,4568,4623
354433,4573,4623
47061,4580,4643
153488,4581,4636
126688,4589,4655
126679,4599,4659
327754,4631,4719
290395,4656,4720
185032,4674,4719
208515,5131,5192
195920,5170,5267
228253,5176,5274
94556,5180,5230
317178,5181,5257
72425,5184,5247
238342,5186,5265
173877,5186,5294
238886,5190,5253
195921,5192,5267
255059,5196,5282
135882,5197,5258
280380,5197,5276
228255,5197,5290
10026,5199,5265
26793,5201,5285
195919,5203,5311
23028,5205,5297
93241,5207,5257
195916,5208,5299
332285,5209,5292
297591,5210,5270
381257,5210,5305
173282,5211,5273
383803,5212,5267
131501,5212,5275
171873,5212,5277
406737,5213,5276
212798,5214,5294
8637,5215,5276
371825,5217,5292
226045,5219,5295
85634,5221,5270
350385,5221,5321
362322,5222,5311
86225,5224,5305
280383,5225,5316
228239,5225,5324
273260,5226,5294
314014,5227,5318
86456,5229,5292
145422,5229,5313
274526,5229,5321
156138,5230,5293
249161,5231,5327
202855,5241,5302
156129,5244,5309
37613,5244,5337
285044,5261,5331
249787,5261,5340
23027,5262,5303
10027,5263,5319
246761,5263,5323
273264,5264,5340
131498,5267,5332
131499,5267,5344
135874,5272,5318
167999,5275,5320
385633,5280,5341
371827,5560,5627
238346,5583,5642
126678,5589,5643
379916,5597,5648
315582,5838,5903
191174,5841,5892
164904,5851,5910
29782,5851,5927
400722,5872,5927
108197,6115,6174
281172,6196,6254
297398,6200,6300
310472,6201,6287
371826,6202,6308
133957,6204,6261
226049,6204,6310
290515,6210,6320
361494,6211,6279
12082,6212,6327
226047,6213,6278
202852,6213,6333
226046,6215,6328
12081,6217,6331
156137,6218,6281
68855,6218,6312
173879,6221,6320
400724,6222,6316
169354,6223,6332
195918,6223,6338
377623,6224,6288
39763,6224,6295
135885,6225,6281
38332,6237,6328
135884,6239,6292
401485,6239,6300
281474,6239,6323
89496,6241,6314
163907,6247,6332
22840,6258,6307
89503,6259,6344
383801,6260,6321
156130,6264,6328
344728,6264,6337
104700,6265,6335
64177,6265,6339
287047,6266,6348
202843,6267,6328
59995,6277,6338
256061,6277,6345
400723,6278,6329
89497,6279,6333
383805,6279,6367
354436,6283,6373
229226,6284,6344
208896,6310,6382
335175,6312,6387
50004,6320,6381
330673,6332,6375
284230,6354,6438
195909,6370,6458
401384,6391,6455
202854,6391,6473
238343,6393,6458
86455,6400,6479
164002,6408,6477
35927,6411,6471
89178,6411,6485
78963,6411,6489
326178,6425,6487
59996,6468,6523
383804,6715,6765
238092,6933,7013
34192,6940,7004
305317,6941,7010
139840,6947,7017
193376,6947,7021
86227,6955,7014
160870,6955,7017
92614,6962,7038
150405,6964,7012
391173,6964,7030
146124,6973,7054
202853,6974,7051
326827,6990,7068
335174,7026,7105
228248,7029,7092
354434,7029,7105
208516,7030,7091
238344,7030,7093
383806,7035,7102
6578,7042,7136
232704,7045,7104
85633,7049,7128
326828,7050,7114
312111,7051,7123
32567,7055,7120
32568,7055,7135
400245,7056,7110
93126,7057,7117
195917,7058,7141
112206,7058,7165
16617,7059,7103
73109,7060,7129
354950,7060,7145
323842,7061,7154
23031,7064,7143
10023,7064,7154
53164,7065,7127
96927,7065,7165
353198,7066,7129
256056,7068,7159
163825,7069,7125
396339,7070,7111
226089,7070,7128
29791,7070,7138
314016,7070,7142
8638,7071,7134
294493,7074,7128
112199,7081,7147
31898,7083,7144
86454,7083,7156
280381,7097,7169
48638,7107,7213
74677,7109,7168
93127,7110,7227
236882,7111,7208
229225,7114,7198
380200,7115,7212
112210,7115,7217
380197,7116,7197
270051,7117,7170
196957,7118,7230
349492,7120,7185
327747,7121,7205
256057,7121,7231
284231,7122,7183
10024,7123,7252
249160,7124,7187
134145,7124,7196
126680,7126,7187
256064,7126,7212
156124,7130,7186
10025,7130,7238
317788,7131,7178
126689,7132,7189
93131,7132,7193
359277,7132,7195
12084,7134,7196
54342,7137,7198
148294,7139,7248
177175,7148,7209
29789,7149,7246
377621,7150,7238
246764,7152,7245
126594,7155,7229
261418,7158,7219
385615,7159,7259
2198,7161,7225
281473,7161,7249
57691,7166,7239
378851,7167,7253
246765,7169,7258
217538,7171,7249
12080,7173,7235
228245,7175,7234
228251,7175,7247
11592,7176,7261
273266,7179,7252
89502,7179,7266
238348,7179,7279
86223,7181,7244
317177,7183,7265
83092,7186,7250
195909,7186,7275
144204,7187,7263
327753,7188,7252
211518,7188,7271
401385,7192,7240
126684,7192,7250
228254,7195,7262
89500,7196,7266
37610,7203,7266
323843,7205,7266
86226,7243,7305
390066,7364,7425
238887,7440,7495
195916,7456,7528
385631,7461,7538
228243,7468,7546
350384,7468,7554
204315,7469,7527
358231,7469,7533
47064,7469,7541
131500,7469,7557
228241,7469,7569
68851,7470,7532
98316,7470,7538
108983,7470,7543
31148,7471,7535
29787,7474,7536
143356,7474,7540
401487,7474,7558
226051,7475,7546
246760,7475,7560
34653,7476,7552
80787,7480,7555
93133,7489,7554
210566,7490,7584
249162,7492,7568
199525,7497,7554
246759,7500,7569
195915,7501,7549
327746,7506,7573
65041,7595,7660
156139,7595,7666
6579,7598,7668
96295,7598,7672
65269,7600,7650
169357,7600,7654
173878,7601,7682
93243,7601,7689
198940,7602,7660
261420,7602,7715
312110,7604,7648
360249,7604,7669
20127,7604,7674
281170,7605,7668
390063,7606,7667
81048,7606,7669
93135,7606,7687
156141,7608,7691
163911,7612,7675
159933,7650,7724
37611,7738,7795
97079,7739,7796
228256,7740,7798
76546,7744,7838
207244,7752,7834
204318,7754,7822
299129,7756,7837
135879,7768,7833
217209,7776,7835
59997,7776,7851
173280,7787,7852
9184,7791,7855
382527,7801,7868
153489,7801,7887
364939,7807,7873
44371,7809,7871
52739,7811,7873
317789,7815,7878
266711,7824,7881
93242,7919,7982
43251,7935,7979
400731,7939,7989
195912,7948,8006
38330,8076,8141
148294,8076,8168
269086,8080,8158
65565,8082,8169
400727,8087,8170
31899,8093,8150
181995,8094,8167
194061,8095,8145
377627,8095,8147
11592,8095,8157
126681,8105,8146
135875,8105,8171
271344,8110,8173
24821,8112,8170
9395,8112,8173
126691,8115,8171
177087,8115,8174
86571,8127,8235
365474,8138,8203
39588,8143,8217
350391,8174,8238
226546,8174,8262
232705,8188,8251
310473,8212,8268
173876,8212,8273
68849,8212,8302
213482,8213,8267
226048,8213,8286
212917,8216,8282
361495,8216,8290
2197,8216,8294
91490,8217,8275
38327,8217,8280
226050,8217,8287
39763,8223,8298
376775,8242,8308
236283,8245,8320
394940,8248,8303
297397,8250,8312
382460,8250,8315
385632,8382,8445
54151,8388,8462
126686,8409,8467
350390,8426,8483
238888,8446,8504
29788,8562,8649
269439,8564,8617
86457,8588,8650
256058,8624,8692
135871,8649,8719
212800,8650,8748
156131,8651,8735
332283,8652,8737
400730,8653,8739
10029,8790,8859
10030,8798,8859
365473,8801,8859
281173,8976,9039
126683,9010,9070
105747,9018,9084
377624,9022,9083
377622,9022,9090
163912,9030,9085
400728,9030,9096
36404,9049,9098
65122,9050,9114
195905,9050,9124
126169,9054,9106
394942,9130,9232
178082,9130,9248
380198,9134,9214
212802,9149,9226
350382,9151,9221
87423,9151,9240
112205,9152,9245
371828,9153,9226
228257,9157,9254
377625,9157,9267
112204,9161,9236
377626,9164,9268
195910,9165,9232
29793,9165,9253
228249,9165,9272
337390,9166,9257
169355,9170,9289
314015,9172,9279
169356,9173,9275
228250,9178,9274
332282,9180,9244
123692,9182,9246
275132,9185,9266
147881,9190,9275
153491,9193,9269
153492,9193,9278
178084,9193,9281
264678,9198,9282
347,9199,9262
42144,9200,9260
389383,9202,9263
212803,9208,9287
195912,9210,9285
65822,9210,9289
125472,9212,9279
172884,9214,9277
256062,9215,9293
406736,9216,9277
38237,9216,9301
317176,9217,9281
354435,9220,9281
93245,9221,9284
256063,9221,9293
173281,9226,9293
112201,9227,9288
361496,9229,9290
173278,9235,9298
408692,9366,9478
281822,9367,9430
330672,9367,9457
166109,9373,9434
112208,9373,9449
377373,9376,9462
126766,9377,9440
398973,9382,9444
217044,9392,9453
3635,9393,9462
102630,9395,9448
42143,9395,9464
238347,9398,9457
256295,9399,9462
217045,9401,9462
224296,9401,9467
163909,9401,9472
390084,9402,9492
234318,9405,9492
54283,9406,9484
48706,9408,9478
187446,9411,9483
188512,9412,9473
150995,9412,9481
195919,9412,9515
126682,9421,9504
234317,9421,9515
245359,9424,9492
163910,9432,9511
195915,9435,9503
68854,9436,9515
131497,9445,9507
317179,9445,9526
357315,9448,9517
80788,9453,9525
400246,9468,9528
52958,9471,9520
281171,9475,9520
143357,9478,9523
195905,9480,9564
400726,9617,9680
394943,9619,9709
135877,9641,9708
193377,9689,9754
327751,9720,9789
191038,9726,9786
153493,9736,9783
68856,9802,9861
297399,9807,9854
68854,9807,9858
350383,9862,9911
67982,9879,9978
89178,9898,9972
18282,9900,9974
228252,9903,9979
125161,9906,9979
126170,9923,9970
178079,9923,9985
35986,9924,9981
29792,9924,10016
274528,9925,9980
212804,9925,9983
359278,9946,9997
80789,9947,10031
195918,10044,10157
12079,10046,10148
48055,10048,10109
130280,10051,10149
400729,10056,10144
323509,10070,10155
337392,10073,10149
143664,10073,10167
354224,10076,10148
195910,10085,10148
110627,10095,10169
128119,10097,10158
200686,10098,10184
362321,10099,10162
323508,10103,10147
326829,10107,10168
360250,10108,10169
93136,10110,10154
85194,10110,10171
315583,10110,10174
61737,10111,10177
12078,10112,10175
256066,10115,10169
273265,10119,10160
226548,10119,10173
173875,10119,10179
37419,10119,10190
252127,10120,10183
228258,10121,10177
323507,10121,10187
187751,10124,10174
326900,10126,10172
48592,10126,10177
256065,10126,10179
296970,10126,10181
30377,10127,10175
112209,10135,10206
126690,10169,10243
156140,10171,10223
226547,10190,10278
228247,10196,10268
172885,10200,10278
13494,10209,10277
16118,10213,10270
93137,10214,10274
87684,10221,10278
43789,10232,10278
89495,10235,10278
86229,10324,10380
167266,10330,10380
383808,10332,10396
195907,10360,10455
95211,10361,10427
212801,10361,10431
143121,10362,10410
10022,10362,10426
67213,10363,10427
131502,10366,10430
18760,10371,10450
314019,10387,10454
195904,10419,10499
112207,10670,10767
131106,10673,10715
377794,10675,10758
8639,10684,10746
211520,10684,10759
126593,10689,10761
211519,10690,10757
195904,10827,10893
296972,10830,10902
281472,10847,10937
54150,10852,10923
161546,10852,10952
281471,10853,10939
56066,10859,10927
85386,10863,10929
95269,10864,10928
325426,10867,10931
325427,10867,10933
89494,10868,10930
75341,10876,10968
365475,10881,10939
195920,10881,10983
314074,10885,10996
202856,10886,10949
90465,10886,10953
135870,10886,10966
350387,10886,10982
398580,10886,11004
168791,10893,10978
309208,10894,10969
195921,10896,10987
350386,10897,11008
23030,10899,10960
390065,10901,10963
10028,10902,10998
131503,10902,11006
202849,10903,11003
394941,10909,10979
202848,10912,11003
109949,10913,11001
93244,10914,10969
17590,10915,10982
325424,10915,11017
357314,10916,10979
375207,10917,10997
126763,10919,10973
29790,10919,11003
44381,10923,10990
393386,10930,10994
364494,10932,10993
274529,10935,10993
305062,10935,10996
238341,10941,10997
137899,10961,11016
350388,11056,11153
252124,11064,11138
280379,11076,11156
323844,11078,11140
135869,11080,11164
252125,11081,11149
401489,11082,11147
62129,11083,11160
337391,11085,11162
169351,11086,11157
296971,11088,11146
358230,11090,11173
317175,11094,11152
130693,11101,11158
143358,11101,11175
54152,11103,11164
195907,11103,11203
252126,11106,11170
171872,11137,11206
68852,11191,11282
137900,11195,11275
314018,11198,11262
401486,11199,11269
48055,11202,11268
314017,11206,11296
86228,11207,11263
290396,11210,11278
125286,11217,11279
273262,11224,11297
329038,11224,11317
243737,11246,11315
126685,11248,11313
268894,11251,11316
86458,11326,11380
341715,11344,11405
202844,11374,11464
