169619,339,432
29252,340,448
7916,371,460
179325,403,467
263194,480,579
379623,533,650
31723,547,650
71315,549,667
232115,556,642
354539,556,659
256014,558,652
360023,559,664
107713,560,651
263195,563,674
77824,582,646
307138,582,668
126044,583,647
11218,589,669
283449,591,654
105896,591,657
23370,591,664
174023,591,726
307135,593,648
301547,595,676
24504,602,661
52537,688,803
397,696,768
24395,697,808
108142,700,817
2254,719,831
307137,720,835
236396,746,831
207545,773,875
183690,773,901
143684,774,908
2379,775,838
112469,775,851
306086,776,842
4656,776,847
326251,776,860
272754,776,872
173567,779,890
33976,780,897
178890,785,902
346755,785,915
332760,789,896
10269,794,923
256756,801,934
31724,819,952
143683,833,957
4657,841,951
10104,857,938
247519,862,965
1305,869,953
43269,907,1012
132543,913,998
94256,1068,1179
51033,1069,1149
4658,1075,1169
141606,1080,1192
248288,1084,1171
926,1085,1168
296388,1094,1169
926,1095,1192
143682,1100,1192
312609,1103,1189
89288,1107,1192
5809,1110,1175
277911,1268,1345
275529,1268,1387
315,1270,1377
71314,1274,1398
157969,1276,1372
221863,1276,1390
33114,1278,1345
98388,1278,1397
399350,1280,1338
93085,1281,1342
45366,1281,1349
31283,1288,1346
173568,1290,1352
51034,1290,1398
380175,1292,1390
22103,1294,1377
52811,1297,1375
291634,1298,1366
263101,1298,1396
1825,1299,1384
177166,1302,1394
141516,1303,1367
358581,1304,1362
25940,1304,1375
1825,1308,1396
279374,1312,1380
174024,1314,1398
40845,1315,1382
124257,1317,1379
307136,1319,1377
121100,1320,1382
321455,1325,1382
356426,1329,1382
31725,1331,1382
342427,1341,1395
168852,1486,1578
200855,1492,1559
118184,1503,1556
89286,1513,1596
89287,1523,1609
256757,1524,1606
395797,1554,1654
89285,1557,1655
286976,1559,1672
254245,1562,1659
216395,1562,1670
221866,1564,1645
121101,1568,1652
228395,1571,1636
5790,1572,1641
121102,1573,1664
179324,1577,1642
381607,1580,1672
356427,1585,1655
104464,1588,1656
400175,1590,1653
263633,1591,1652
256758,2074,2172
76617,2098,2163
139309,2098,2176
109014,2103,2167
197719,2104,2169
148634,2108,2193
263632,2109,2170
184432,2110,2176
70409,2113,2182
408144,2114,2185
157142,2116,2182
408142,2118,2186
51578,2118,2198
379538,2120,2191
222800,2120,2195
208346,2120,2202
239477,2125,2192
385477,2136,2210
326886,2158,2237
155341,2452,2520
232501,2493,2535
314980,2497,2548
326886,2529,2604
120578,2573,2629
350080,2582,2645
71313,2587,2652
123657,2686,2750
168202,2687,2739
322764,2688,2748
231116,2688,2753
272753,2689,2750
225245,2690,2751
321454,2690,2754
406485,2691,2763
367657,2701,2756
326888,2820,2885
218796,2832,2912
124547,2836,2921
2839,2847,2917
105817,2854,2915
251716,2854,2919
132970,2855,2926
326890,2857,2923
106522,2857,2945
2838,2858,2918
316461,2863,2924
10950,2864,2927
400961,2865,2939
281834,2866,2927
129385,2881,2943
102973,3555,3634
256163,3585,3637
273181,3604,3665
245456,3618,3681
8701,3624,3678
82438,3624,3685
263817,3624,3690
165646,3629,3694
332,3637,3700
394531,3639,3700
269024,3640,3703
152305,3641,3702
288887,3743,3819
28421,3757,3837
408143,3770,3832
30802,3770,3834
51634,3772,3830
121909,3772,3832
131490,3772,3842
241390,3774,3864
108800,3775,3838
313805,3775,3841
20520,3783,3865
278172,3785,3845
91589,3793,3880
391594,3795,3879
16698,3798,3886
352055,3801,3873
332939,3801,3880
148048,3804,3878
176635,3805,3875
8996,3808,3898
226130,3809,3881
104449,3809,3905
33963,3810,3872
236166,3810,3879
173950,3810,3887
18432,3811,3877
348984,3813,3876
318093,3814,3893
205963,3816,3878
231190,3816,3880
140333,3818,3882
92562,3822,3883
213711,3822,3898
183936,3838,3897
78463,3974,4027
406362,4103,4152
291632,4130,4202
326888,4202,4261
6785,4334,4391
134208,4351,4410
301409,4371,4432
170282,4604,4666
107712,4627,4698
175231,4630,4705
108003,4638,4709
11939,4648,4698
288302,5059,5119
284615,5061,5129
312462,5064,5154
259576,5070,5131
306784,5095,5154
282603,5402,5474
53091,5614,5676
326890,5625,5690
102972,5626,5682
371422,5628,5694
93081,5637,5699
288301,5640,5697
185190,5644,5697
169620,5653,5697
222801,5771,5850
128949,5792,5867
177923,5795,5861
105676,5795,5868
79566,5796,5847
26115,5797,5850
152710,5798,5852
393779,5798,5862
151413,5798,5865
79565,5800,5851
91357,5801,5874
291633,5961,6042
105675,5962,6028
51035,5965,6043
263193,5971,6060
386581,5987,6048
282871,5994,6055
277940,5996,6057
277939,5997,6059
332582,6000,6055
50655,6078,6135
143681,6180,6251
271860,6181,6266
91851,6185,6253
131825,6189,6255
341426,6196,6260
138048,6198,6269
138049,6203,6265
73109,6203,6282
27355,6203,6286
4602,6205,6267
4603,6205,6276
162878,6205,6291
224104,6206,6269
335379,6206,6280
64155,6210,6300
143368,6215,6279
326889,6216,6301
331325,6224,6299
334884,6226,6304
2840,6233,6292
390453,6236,6298
331324,6236,6314
183294,6237,6300
228722,6242,6306
381096,6242,6308
147664,6365,6413
227038,6627,6676
231867,6667,6755
273182,6672,6743
389306,6679,6760
354238,6686,6752
35438,6691,6772
176636,6694,6757
169621,6703,6770
293078,6704,6766
229030,6713,6777
197653,6848,6913
92471,6857,6913
105895,6858,6918
319753,6865,6914
348842,6870,6921
157333,6880,6933
71316,7168,7234
350951,7402,7479
263775,7403,7470
314489,7404,7472
282993,7505,7555
116604,7505,7577
316,7507,7569
135605,7544,7617
91166,7550,7623
188595,8051,8127
183295,8190,8245
165442,8297,8365
328913,8606,8656
404605,8709,8774
228721,8758,8862
85844,8762,8839
65234,8763,8848
63116,8764,8845
18587,8767,8838
143680,8769,8866
185048,8772,8837
55174,8772,8859
395795,8774,8848
298931,8778,8844
5275,8778,8855
326889,8778,8863
120973,8781,8848
124546,8789,8851
390454,8797,8859
182198,8798,8911
335380,8799,8865
226777,8801,8871
321456,8803,8869
89289,8803,8885
264112,8813,8875
26649,8874,8946
117503,8890,8957
143679,9209,9271
326887,9397,9483
74087,9561,9618
239115,9751,9808
18586,9815,9870
117,10095,10146
398439,10118,10198
354239,10150,10214
74086,10155,10203
13762,10258,10328
102587,10272,10326
179816,10281,10354
163019,10286,10355
207509,10288,10354
239829,10291,10354
362465,10370,10436
326329,10441,10493
277938,10448,10493
108244,10631,10702
103374,10631,10710
326887,10670,10756
118620,10773,10841
347667,10785,10855
18433,10790,10854
404333,11332,11393
381241,11621,11689
350081,11624,11682
129721,11624,11689
347666,11625,11689
