324514,195,250
35167,198,251
296235,267,335
175995,269,326
326244,642,689
139897,774,837
58391,781,849
330253,782,844
53646,790,851
103010,791,856
255482,793,867
70154,794,846
176793,797,850
346784,798,839
212112,835,898
266656,852,913
201396,852,916
3486,852,918
88175,853,917
125264,1071,1125
398804,1127,1190
22558,1488,1589
304980,1490,1570
229892,1512,1575
1805,1515,1581
253992,1516,1585
73901,1516,1588
61735,1574,1640
329104,1593,1639
372515,1706,1794
241380,1709,1775
372516,1710,1801
110221,1753,1815
54910,1888,1940
25099,1889,1965
90104,1890,1938
336396,1892,1965
299812,1895,1989
314253,1898,1964
377009,1922,1972
237657,2316,2380
399285,2321,2382
239475,2322,2384
296236,2331,2382
51121,2879,2934
236742,2886,2929
253993,3477,3558
62725,3948,4003
321618,3960,4021
328574,3975,4037
7896,4267,4343
299813,4275,4338
184392,4465,4544
294859,4513,4568
368159,5084,5145
142628,5313,5400
120692,5333,5395
185352,5334,5397
236743,5340,5417
406906,5411,5470
198424,5420,5480
135938,5567,5629
369269,5568,5632
185351,5578,5629
228289,5578,5631
107719,6334,6398
288873,6334,6416
101292,6335,6390
391661,6343,6408
79732,6347,6412
283487,6352,6442
399284,6367,6441
281719,6703,6793
247268,6708,6783
7532,6708,6812
69771,6717,6794
281720,6726,6790
349074,6727,6791
262764,6728,6790
375145,6733,6794
340562,6734,6797
57003,6734,6804
402377,6736,6802
190185,6740,6801
80462,7246,7310
28591,7261,7311
326586,7305,7373
224790,7309,7372
115218,7310,7404
118581,7313,7374
42097,7313,7387
173072,7317,7407
123182,7320,7384
37387,7321,7411
39215,7323,7410
236741,7325,7397
147605,7332,7410
143573,7333,7394
19764,7335,7396
305538,7336,7414
160685,7340,7401
129038,7341,7402
248376,7345,7406
168602,7346,7411
273713,7348,7409
81513,7349,7410
250913,8360,8414
70617,8366,8424
47552,8374,8436
170575,8466,8526
337685,8472,8531
340252,8601,8664
261362,8604,8667
253992,8609,8664
41778,8706,8753
408327,8780,8871
340966,8780,8877
67964,8781,8842
237658,8781,8860
81302,8783,8844
36434,8785,8868
228287,8786,8849
369959,8788,8881
59263,8795,8879
61299,8798,8857
182432,8800,8870
279522,8800,8877
62394,8803,8866
11020,8803,8869
301222,8804,8881
205397,8805,8886
256812,8813,8892
32781,8814,8877
328618,8817,8875
197918,8819,8882
305745,8822,8883
370100,8822,8893
194216,8825,8886
57996,8827,8873
166111,8828,8881
45362,8829,8893
144137,8889,8969
26447,9193,9252
370561,9211,9273
340538,10027,10094
215316,10036,10105
91004,10044,10107
30894,10048,10110
253989,10061,10147
228288,10211,10262
162463,10212,10261
306340,10355,10443
35726,10365,10432
56872,10368,10432
337478,10387,10434
108747,10672,10764
283741,10678,10739
367506,10689,10752
137253,11282,11345
306087,11294,11343
189931,11294,11355
46541,11398,11471
378887,11421,11487
48866,11614,11664
372517,11627,11703
367253,11652,11719
31280,11655,11728
253991,11669,11766
253989,11677,11766
398805,11688,11766
286378,12124,12192
191003,12124,12204
50548,12136,12210
340537,12171,12223
96329,12172,12235
110967,12173,12227
333697,12271,12321
228286,12295,12363
215315,12701,12756
192921,13083,13141
198978,13083,13175
79368,13086,13147
135939,13086,13163
406905,13086,13192
31281,13087,13170
35356,13089,13151
31282,13091,13170
191752,13095,13167
297028,13103,13148
54330,13104,13157
20439,13267,13320
297491,13271,13343
41832,13273,13342
124093,13281,13358
168603,13282,13344
385794,13283,13340
45363,13283,13357
392211,13284,13339
203708,13291,13350
123552,13296,13349
245834,13331,13397
239089,13334,13397
167098,13588,13666
283576,13992,14052
76831,13992,14064
27283,13993,14041
189688,13993,14071
393358,13997,14064
334872,13999,14063
178105,14000,14062
326298,14015,14075
119435,14018,14065
278265,14034,14088
46137,14034,14091
377083,14098,14167
149638,14103,14172
292906,14103,14180
300649,14103,14183
120480,14104,14189
271003,14106,14191
203831,14113,14180
188347,14116,14178
299315,14118,14188
335543,14129,14190
169886,14506,14568
406948,14506,14571
406947,14508,14571
316937,14509,14580
162210,14525,14567
288872,14941,15036
66134,15198,15261
76778,15202,15254
46683,15212,15257
142282,15318,15384
75627,15354,15419
307714,15363,15417
137310,15693,15780
362269,15713,15801
190414,15716,15794
27440,15719,15787
362268,15721,15802
288505,15725,15798
115217,15726,15792
370099,15741,15810
323666,15743,15807
66867,15758,15810
338702,15842,15906
253988,15846,15936
113326,15851,15909
268962,15931,16016
200620,15953,16013
378886,15976,16025
114000,16030,16089
291159,16034,16082
28961,16050,16113
42576,16056,16120
369344,16060,16137
191202,16064,16127
392567,16069,16136
337684,16086,16142
406946,16086,16144
135411,16114,16177
76777,16686,16757
76776,16686,16764
321617,16690,16800
289518,16691,16755
304395,16691,16787
124092,16695,16760
197919,16699,16762
313343,16699,16774
50866,16702,16768
9596,16704,16765
385964,16717,16780
265377,16726,16807
299314,16732,16815
22557,16733,16795
323667,16735,16817
266266,16740,16814
35168,16740,16827
134178,16741,16803
323668,16742,16816
205398,16745,16824
35169,16746,16829
50086,16750,16822
147509,16794,16874
50605,16924,16986
137768,17102,17193
121125,17110,17191
402323,17110,17216
402324,17134,17215
114297,17152,17214
340536,17153,17215
187576,17162,17216
239381,17281,17333
253988,17282,17376
222714,17285,17342
166523,17289,17352
12427,17290,17358
253991,17549,17635
253993,17561,17640
36433,17565,17645
234168,17570,17639
111766,17717,17788
66135,17717,17802
256813,17722,17784
136248,17724,17771
290511,17732,17804
3701,18029,18103
214232,18033,18096
45500,19069,19122
169142,19346,19418
169143,19346,19430
359957,20213,20264
364953,20492,20580
123952,20494,20562
402322,20495,20578
101418,20500,20578
57380,20500,20593
367505,20504,20592
256814,20507,20587
295856,20516,20601
185350,20520,20626
354665,20521,20608
185353,20523,20587
118134,20523,20619
102972,20525,20587
173094,20527,20589
69107,20532,20593
308676,20537,20626
127666,20545,20634
369185,20545,20640
279521,20546,20643
182760,20547,20652
143361,20549,20620
199681,20551,20612
401988,20551,20631
147508,20551,20643
98692,20555,20626
113325,20557,20621
200430,20558,20646
170574,20559,20620
30581,20560,20639
44833,20560,20650
279524,20562,20641
362267,20564,20639
30582,20566,20655
369960,20587,20655
341267,20617,20702
337148,20621,20700
407751,20625,20716
134181,20629,20702
135412,20634,20694
304394,20636,20697
143360,20637,20701
184121,20640,20701
76775,20641,20718
22556,20657,20718
369961,20920,21020
226911,20955,21023
154511,20959,21032
165744,20960,21017
377011,20962,21031
347270,20966,21029
203304,20978,21031
20647,20979,21030
83625,20982,21049
333514,20984,21026
377010,21093,21174
367863,21332,21398
28985,21333,21378
385625,21333,21387
250042,21333,21397
167128,21334,21384
107686,21334,21388
21331,21334,21396
361009,21334,21398
107685,21334,21401
69180,21335,21394
225679,21336,21417
3261,21337,21399
302632,21342,21387
255149,21343,21388
136699,21343,21403
137071,21344,21417
283488,21700,21761
9132,21944,22033
321616,22059,22135
226662,22061,22127
304393,22066,22134
63936,22067,22137
390500,22077,22128
297492,22077,22134
183601,22077,22138
355439,22088,22156
385916,22091,22155
238500,22092,22159
377086,22101,22148
104287,22193,22265
391232,22196,22274
50420,22203,22280
365245,22204,22276
168955,22205,22285
32948,22207,22286
79796,22210,22286
322439,22214,22282
408635,22218,22285
320733,22222,22288
247804,22227,22305
149554,22237,22281
120979,22239,22305
135032,22247,22290
21332,22570,22637
297490,22577,22631
10305,22869,22925
251879,23114,23178
130115,23124,23179
77801,23420,23485
322416,23422,23492
145730,23437,23518
295854,24075,24168
295855,24096,24169
340535,24115,24174
61213,24752,24820
171419,24755,24824
203733,24756,24820
299735,24786,24877
364832,24799,24861
45364,24832,24914
197920,24851,24936
400061,24852,24925
279523,24853,24916
262133,24863,24927
69182,24882,24937
215317,25364,25433
314517,25371,25425
264409,25487,25562
147510,25487,25570
122226,25489,25552
165900,25492,25554
149903,25494,25558
174020,25496,25567
150642,25499,25561
253990,25504,25586
242644,25507,25571
310051,25525,25612
294860,25527,25607
134180,25531,25616
83626,25533,25605
153197,25535,25619
23671,25536,25621
83627,25538,25620
190383,25539,25581
25310,25547,25618
312488,25548,25621
125624,25548,25631
2755,25554,25619
125623,25554,25631
69181,25555,25627
295092,25559,25621
336394,25572,25617
123951,25574,25626
134179,25694,25740
30775,25696,25740
39025,25698,25790
176878,25743,25790
164732,25746,25810
344911,25752,25828
125225,26031,26091
302631,26037,26091
336395,26047,26096
115216,26156,26214
346087,26156,26216
336408,26157,26211
392946,26157,26221
50735,26158,26238
116830,26159,26226
45553,26166,26238
14923,26170,26252
321225,26170,26259
29424,26175,26238
305537,26177,26238
236744,26180,26226
280645,26186,26253
282256,26190,26252
187518,26190,26264
112645,26379,26431
219430,26379,26444
11572,26380,26458
377760,26383,26463
336072,26384,26439
31601,26384,26458
102973,26509,26583
313342,26519,26615
279715,26974,27036
347046,26975,27051
23428,26975,27057
371237,26975,27061
301589,26976,27023
27282,26977,27037
266280,26977,27047
60151,26979,27026
65773,26979,27032
71962,26979,27035
378885,26979,27040
355438,26980,27046
391098,26980,27057
355772,26982,27040
189930,26985,27038
154682,26986,27059
207034,26987,27035
110222,26989,27062
96330,26990,27041
236745,26990,27052
215314,26992,27039
17957,26992,27044
38289,26992,27056
272302,26993,27061
228080,26994,27059
191753,26995,27042
197425,27112,27167
49268,27292,27359
187222,27309,27361
184122,27309,27394
38289,27339,27393
100651,27339,27396
279714,27344,27394
70627,27344,27401
342139,27346,27395
245564,27734,27793
248206,27742,27801
32622,27748,27800
76830,27764,27816
48564,27920,27978
372518,27928,28000
265379,28059,28116
299718,28195,28276
358397,28195,28286
30378,28196,28264
402378,28219,28264
164217,28244,28309
253990,28332,28410
340965,28346,28402
30583,28357,28428
406949,28361,28434
51120,28367,28426
267526,28368,28423
265378,28369,28434
360529,28373,28434
2651,28386,28429
388509,28429,28490
45365,28540,28619
253987,28676,28762
198008,28695,28762
253987,29170,29250
25098,29334,29390
266557,29334,29392
365106,29334,29394
114298,29334,29403
108690,29334,29417
280632,29334,29425
248488,29335,29391
256599,29335,29406
71961,29335,29445
50424,29337,29409
93361,29338,29404
381432,29339,29410
248205,29339,29419
381433,29345,29398
51119,29360,29430
359958,29426,29498
4860,29432,29498
65774,29435,29507
241379,29445,29514
126380,29448,29515
74733,29452,29513
1649,29452,29517
265380,29480,29544
70618,29601,29656
235261,29605,29708
201451,29707,29770
175996,29719,29764
