400302,80,129
258969,131,192
138079,140,202
365412,155,227
107265,240,306
364706,398,464
366471,401,469
23158,401,486
364707,402,476
140533,404,483
17966,407,478
139365,407,481
140867,408,476
103438,412,489
167563,416,509
377761,428,489
139536,428,491
115886,429,492
159349,433,492
163038,433,508
134694,434,495
261750,436,502
157670,439,502
283623,443,505
96493,444,506
28251,2800,2870
285256,2817,2879
49113,2819,2909
273684,2821,2894
115116,2822,2900
115115,2824,2912
208841,2831,2905
9438,2831,2921
186708,2832,2894
94209,2846,2926
24871,2871,2936
18276,3000,3061
347625,3022,3084
154775,3027,3089
15641,3030,3092
225294,3084,3137
210496,3085,3149
150193,3086,3137
16134,3087,3154
28259,3089,3156
1306,3092,3155
385733,3099,3164
325169,3100,3176
149463,3103,3149
225295,3109,3192
397976,3112,3183
51279,3217,3297
324855,3231,3310
79032,3240,3308
407472,3242,3318
167706,3244,3308
25071,3247,3308
136226,3248,3289
66355,3252,3313
198627,3255,3316
16135,3255,3322
306151,3255,3325
322048,3256,3342
43877,3257,3354
72749,3258,3334
375074,3260,3322
399140,3260,3339
62965,3263,3339
396133,3267,3342
358053,3268,3329
230755,3271,3332
337563,3272,3337
366127,3273,3335
74498,3279,3368
109186,3297,3358
258689,3909,3979
169968,3948,4012
70251,3982,4052
134693,3991,4058
381366,3993,4056
288367,4384,4425
307187,4490,4582
194731,4527,4590
363005,4528,4589
301495,4545,4592
281210,4552,4595
289489,4552,4598
240322,4554,4597
43610,5207,5260
394024,5207,5296
12822,5209,5263
370190,5211,5265
200402,5212,5260
320956,5212,5263
397598,5212,5268
65894,5688,5746
272403,5693,5762
208346,5783,5851
208765,5808,5876
206339,5810,5884
170720,5819,5871
257218,5822,5887
163216,5825,5881
25809,5828,5878
43118,5829,5897
88827,5833,5880
103437,5843,5895
25994,6233,6303
317425,6235,6290
296856,6235,6292
230700,6235,6304
359685,6236,6285
17539,6554,6619
225292,6555,6620
133490,6556,6623
314619,6558,6624
266137,6566,6632
149562,6865,6935
236758,6871,6940
341327,6890,6957
325168,6894,6960
51926,6902,6964
53674,7026,7084
388728,7036,7087
4819,7181,7280
118941,7186,7280
118942,7196,7286
58757,7212,7279
230166,7217,7314
142716,7221,7284
101568,7230,7275
133491,7234,7298
230165,7234,7323
397288,7235,7305
293017,7236,7298
97004,7236,7300
119904,7324,7381
32586,7335,7401
169444,7582,7645
28252,7582,7656
70865,7584,7651
79031,7586,7654
11092,8168,8219
407863,8168,8221
255832,8168,8223
156597,8170,8236
223119,8171,8222
142799,8173,8227
196366,8184,8237
111865,8551,8612
357112,8737,8803
304388,8738,8800
113332,8755,8818
396138,8759,8823
18275,8762,8823
380028,8763,8825
138078,8771,8829
54386,8779,8846
50036,9345,9398
2003,9611,9680
238079,9612,9697
233233,9795,9842
238567,9795,9856
191703,9796,9858
49608,9796,9864
347063,9797,9857
273488,10330,10371
238080,10330,10389
85587,10444,10526
225293,10736,10805
273516,10743,10810
282085,10747,10815
393759,10748,10813
263005,10753,10800
93629,10755,10817
336653,10769,10846
11027,10823,10913
213795,11333,11411
90863,11334,11393
98363,11343,11411
361006,11350,11411
209622,11727,11795
188278,11730,11791
296857,11744,11794
46988,11845,11903
253204,11856,11918
10848,11859,11924
408055,13449,13495
103060,13634,13687
397599,13873,13960
387725,13883,13947
196274,14300,14377
298844,14312,14377
332511,14341,14426
80083,14348,14414
132726,14350,14423
197380,14365,14416
357050,15062,15114
108101,15186,15255
320187,15187,15253
238568,15187,15259
253215,15188,15251
407945,15253,15323
191702,15390,15440
381367,15390,15458
377314,15390,15470
300940,15391,15445
49609,15397,15473
114910,15400,15468
3736,15414,15484
157671,16231,16294
10324,16246,16290
377315,16249,16304
219881,16265,16315
145950,16324,16383
285362,16526,16600
193724,16587,16697
202523,16604,16668
315511,16610,16698
209944,16629,16699
359684,16637,16719
360216,16638,16699
91586,16645,16706
238471,16651,16738
331585,16663,16709
149540,16683,16777
273534,16693,16771
236294,16694,16773
153030,16700,16776
34688,16702,16769
181468,16704,16776
11085,16705,16761
389340,16707,16776
25070,17132,17196
145951,17212,17284
309516,17446,17502
168116,17482,17549
344123,18031,18107
289774,18127,18184
93945,18129,18189
396132,18720,18792
88504,18725,18809
16242,18727,18793
270208,18735,18793
96841,18829,18911
285361,18842,18919
70250,18869,18940
80082,18912,18974
22182,18913,18967
16241,19015,19067
109345,19377,19444
365156,19515,19581
16241,19564,19626
41457,19604,19680
144291,19608,19675
183668,20157,20212
94670,20750,20819
139537,20751,20801
17784,20751,20823
119331,20752,20803
79033,20760,20823
17783,20761,20802
231848,20891,20953
309515,21074,21130
41966,21081,21133
80891,21195,21264
388028,21204,21264
269782,21274,21336
74499,22046,22100
297003,22046,22103
231849,22354,22412
132690,22383,22444
17965,22472,22518
243691,22474,22539
380729,22482,22550
28429,22492,22553
338444,22798,22876
196272,23583,23645
307186,25197,25264
348709,25198,25266
221669,25209,25268
16242,25758,25814
150158,25762,25815
296858,25763,25850
359683,25768,25810
358121,25768,25853
350832,25770,25831
207060,25773,25851
69228,25775,25836
204756,25776,25855
119424,25782,25852
54348,25786,25850
78364,25797,25859
297899,26112,26217
372709,26488,26558
388677,26932,27015
197381,26933,26998
196273,26937,27017
34689,26941,27010
275370,26941,27024
332861,26942,27026
315510,26944,27014
347375,26944,27022
322497,27120,27184
197886,27140,27222
226116,27186,27246
119727,27567,27667
406857,27616,27699
47192,27847,27923
258688,27848,27928
188619,27850,27925
225291,27850,27948
28428,27871,27929
144369,27879,27922
245296,28371,28429
257013,28440,28488
