138082,169,226
9175,271,329
212128,273,336
395525,497,552
397,498,569
10903,498,592
327845,500,558
360744,501,589
28580,505,608
13951,506,572
103836,516,596
14253,563,639
2379,574,639
372387,711,771
292391,712,764
401509,756,890
292892,760,865
55424,768,856
121178,771,863
141516,1005,1055
321968,1006,1052
66488,1146,1211
295622,1147,1244
197524,1156,1244
221581,1157,1223
164523,1158,1233
372386,1173,1237
314111,1174,1258
25978,1191,1254
149569,1760,1823
128591,1761,1822
177431,1761,1826
248932,1761,1846
242342,1765,1825
280644,1891,1962
370206,1902,1992
202715,1919,1981
238792,1929,1983
27481,1982,2033
98547,2262,2306
118789,2264,2306
354153,2297,2357
297815,2335,2404
113602,2338,2403
351962,2342,2405
112799,2344,2407
158727,2345,2405
167309,2349,2401
260665,2703,2766
28498,2707,2769
63327,2714,2767
123185,2715,2769
149579,2908,2963
158728,2915,2992
73390,3704,3765
212945,3956,4007
58680,3958,4007
405989,3960,4019
407221,3978,4023
311052,5351,5450
314767,5357,5427
184305,5357,5448
208613,5359,5442
2003,5360,5437
167308,5361,5457
362901,5361,5461
92064,5363,5442
216108,5364,5440
47099,5387,5445
24342,5387,5450
205442,5388,5446
402955,5388,5449
155046,5389,5447
42865,5393,5451
314110,5394,5454
283709,5396,5447
262995,5404,5458
325098,5414,5490
259531,5414,5498
336193,5417,5496
243747,5419,5483
49396,5419,5501
283708,5422,5493
258751,5424,5491
382649,5442,5503
70800,5444,5509
380316,5444,5512
65894,5447,5504
147886,5451,5508
346650,5454,5506
25783,5693,5754
171901,5697,5785
360025,5699,5762
293673,5700,5761
95124,5707,5764
350725,5707,5767
260240,5707,5785
142149,5708,5769
371660,5750,5822
14252,5753,5843
103402,5765,5849
175026,6050,6112
116441,6060,6121
405990,6066,6148
144935,6068,6131
132452,6084,6150
336318,6103,6187
334651,6135,6191
70665,8153,8222
370224,8285,8338
292172,9267,9329
81564,9652,9739
350726,9662,9739
297565,9673,9743
232298,9887,9998
155044,9911,10021
249570,9917,10003
336194,9918,9993
184304,9919,9986
112799,9920,9991
336195,9922,9985
242419,9925,9982
99759,9925,9995
404356,9930,9991
381153,9930,10016
58681,9934,10006
113603,9934,10015
99758,9936,10016
155045,9937,10034
382647,9938,10010
121177,9941,10019
190263,9945,10014
20607,9949,10015
12250,9950,9995
153305,9950,10014
402903,9951,9993
373652,9952,10013
299015,9953,10016
373046,9953,10022
70666,9954,10006
147885,9954,10013
73222,9955,10016
40068,9956,10005
41212,9956,10032
106537,9957,10017
263258,9957,10019
390142,11942,12003
185832,11960,12029
59348,12436,12491
201797,12537,12633
201798,12538,12629
354154,12539,12609
221580,12547,12598
59500,13087,13138
55582,13511,13574
390566,13989,14043
218148,14406,14465
28661,14411,14460
308048,14412,14464
349075,14415,14469
3690,14426,14473
278094,15317,15373
288719,15350,15400
287323,15604,15666
34371,15780,15847
118182,16105,16169
25851,16254,16317
273029,16259,16323
297564,16265,16326
308116,16268,16357
346296,16270,16333
7261,16272,16333
191280,16274,16347
227323,16276,16337
360745,16283,16345
357378,16283,16349
308115,16283,16355
55650,16283,16367
126916,16286,16353
370225,16498,16560
191278,17103,17162
46007,17371,17462
242418,17394,17466
373660,17410,17464
81295,17417,17478
99756,17420,17466
314021,17617,17709
62582,17625,17686
125593,17625,17690
373659,17641,17702
24407,17642,17694
366943,17645,17710
163246,17848,17911
387386,18711,18777
389598,18713,18772
6377,18817,18885
7262,18969,19050
147884,19701,19770
377287,19732,19790
283087,20769,20828
317270,20799,20865
314109,20800,20864
249838,20802,20851
185831,20819,20880
161708,20984,21031
382648,21133,21195
302891,22214,22277
99757,22219,22289
95323,22230,22289
401447,22239,22301
268351,22244,22300
54107,22275,22321
305091,22552,22619
73223,22552,22622
263952,23023,23099
263953,23026,23099
158729,23040,23100
88858,23068,23145
130155,23075,23138
238360,23078,23142
297563,23241,23302
66487,23267,23351
338371,23283,23351
167306,23299,23353
45330,23674,23717
74734,23674,23737
384685,23815,23895
191279,23824,23893
254135,23858,23921
136672,23956,24046
13209,23963,24050
167307,23971,24044
375781,23974,24043
4200,23976,24049
375780,23983,24046
95123,23986,24049
308876,24859,24930
97232,24863,24930
69101,24873,24934
