133409,160,208
228317,342,404
325357,345,434
325358,353,435
107910,353,445
58434,370,432
365823,372,440
34143,373,445
284990,376,438
33117,377,447
93886,382,449
308261,621,685
163522,673,748
203750,696,752
148277,698,746
34141,699,757
37190,702,754
225564,702,757
221444,704,772
323870,704,779
195287,705,767
177299,722,774
155572,781,872
382192,786,851
214371,813,886
107909,862,920
59826,875,942
93885,892,942
129271,1079,1155
253833,1109,1171
225565,1111,1197
225566,1119,1197
343091,1143,1201
286724,1190,1249
271348,1190,1251
184084,1205,1249
216640,1602,1674
212353,1604,1722
225563,1628,1696
163521,1644,1738
78385,1647,1707
309598,1651,1743
256793,1676,1737
59825,1676,1742
309597,1676,1746
174363,1680,1742
225567,1681,1736
112700,1691,1743
236812,2249,2331
309599,2481,2549
255161,2537,2608
197188,2557,2611
244027,2557,2634
365934,2564,2632
198408,2566,2641
118283,2582,2643
345774,2593,2665
198407,2594,2640
18525,2595,2657
336175,2598,2653
53557,2598,2664
220209,2601,2655
108723,2602,2663
305898,2602,2669
64030,2604,2661
310392,2606,2661
249890,2609,2670
10634,2610,2671
385136,2612,2673
340405,2612,2675
34145,2710,2769
93887,2710,2772
214589,2713,2771
10818,2714,2763
41655,2716,2768
214587,2717,2772
76978,3032,3136
23973,3033,3100
344742,3048,3112
343240,3048,3136
284989,3051,3123
161045,3054,3108
323872,3055,3112
369637,3058,3119
38326,3060,3109
3963,3061,3110
300104,3067,3130
19656,3071,3142
107911,3114,3175
93884,3116,3167
252910,3200,3270
170319,3355,3415
365935,3355,3418
10819,3356,3433
10817,3357,3416
371582,3357,3428
79238,3361,3445
157172,3367,3418
34652,3367,3426
157412,3367,3459
107912,3368,3430
295058,3373,3453
295059,3376,3453
93599,3377,3467
92235,3378,3429
236813,3378,3464
198409,3379,3462
178533,3380,3428
102372,3380,3470
192625,3380,3473
249891,3382,3432
175069,3382,3450
214586,3385,3463
280590,3392,3463
383827,3401,3462
275211,3409,3471
234066,3415,3474
67845,3417,3476
323871,3422,3533
273081,3424,3472
243518,3424,3475
118284,3431,3516
372094,3431,3546
294790,3433,3485
376781,3456,3523
256794,3463,3560
265535,3471,3542
397039,3471,3559
346854,3472,3548
273080,3473,3554
378141,3477,3547
196576,3478,3540
206088,3484,3543
316628,3487,3551
312221,3504,3563
177300,4222,4310
247304,4224,4306
325356,4225,4299
325354,4226,4302
325355,4228,4292
365933,4237,4298
225568,4237,4300
61625,4252,4304
75472,4427,4469
49765,4689,4751
376587,4737,4815
163522,4812,4884
33118,4820,4903
161680,4821,4872
165658,4821,4895
87752,4824,4893
34144,4830,4891
153200,4831,4885
177298,4831,4899
270267,4845,4908
239015,4847,4895
313090,4847,4929
18526,4863,4906
383221,4866,4926
170318,4866,4930
406850,4871,4926
87751,4872,4940
134862,4894,4955
270268,4980,5048
34142,4980,5060
214588,4981,5031
88479,4983,5048
339608,4983,5051
216225,4983,5055
357034,4986,5029
165657,4988,5047
369638,4990,5059
345775,5004,5073
406849,5014,5080
88480,5020,5076
163521,5025,5121
197187,5030,5094
93888,5034,5096
99926,5034,5117
255160,5051,5120
48567,5057,5119
309600,5058,5120
