141927,832,914
278626,867,924
258752,1003,1064
386610,1005,1069
63758,1008,1069
276446,1010,1071
78423,1013,1072
8184,1150,1241
8185,1152,1244
311593,1209,1268
305791,1714,1773
328751,1968,2035
30072,1969,2032
364314,2643,2691
232381,2654,2721
246265,2666,2735
134678,2676,2749
254657,2687,2733
217234,2694,2751
10896,2695,2777
25821,2749,2826
146379,2776,2841
153256,2781,2835
88125,2913,2968
299626,2913,2984
343260,2913,2990
174350,2915,2964
77402,2935,2979
121487,2982,3046
250284,2986,3044
121486,3197,3293
305364,3383,3434
178310,3384,3440
121484,3407,3484
191621,3415,3491
293322,3438,3521
276447,3445,3563
343261,3469,3536
8184,3482,3576
273096,3485,3562
121484,3895,3968
20649,4003,4055
364104,4226,4297
67539,4240,4291
235499,4248,4295
224506,4519,4574
191620,4568,4650
327925,4572,4673
16576,4573,4635
101453,4574,4636
408780,4593,4655
206175,4597,4655
297199,4600,4658
388510,4619,4682
310478,6165,6222
121485,6538,6607
147978,6792,6868
121486,7041,7137
51565,7217,7262
318081,7267,7330
404353,7364,7417
50957,7368,7432
362353,7968,8049
121485,8031,8092
78424,8758,8799
121487,8767,8821
