176543,165,260
15206,180,241
351460,199,261
363834,245,369
295826,247,345
334333,249,365
176542,271,377
92905,285,373
176852,290,366
57917,291,370
406682,291,377
173508,325,400
390580,336,405
102096,580,642
2379,580,658
37632,583,658
118906,590,657
2379,595,657
152568,597,658
244850,773,849
349292,783,837
128050,784,854
348638,873,937
330690,877,937
108334,957,1017
17087,961,1019
148749,1010,1089
318056,1012,1108
306400,1050,1112
16885,1050,1124
90241,1062,1131
337719,1062,1134
275820,1076,1126
94216,1084,1131
90361,1331,1392
41675,1444,1516
150740,1446,1509
144496,1450,1522
51488,1455,1520
382103,1791,1881
311815,1808,1880
151531,1820,1880
220228,1844,1920
58586,1888,1958
187034,1892,1968
249135,1920,1999
132436,1925,2011
258187,1928,2014
330689,1930,2009
133626,1932,1998
263899,1934,2027
161772,1936,2018
58556,1941,2004
171894,1942,2027
31652,1944,2062
229617,1950,2018
104615,1950,2029
244667,1952,2042
152243,1954,2018
56183,1965,2038
366061,1968,2063
324938,1974,2063
34858,1974,2067
386696,1975,2072
194613,1978,2054
342079,1978,2057
179041,1978,2072
108182,1980,2066
192864,1981,2043
377616,1986,2050
61332,1987,2048
109658,1993,2068
368697,1999,2086
171895,2004,2061
171896,2006,2062
77278,2006,2071
258186,2024,2065
333624,2204,2266
392906,2287,2362
222499,2300,2396
324279,2366,2429
80282,2368,2451
220951,2370,2438
283657,2371,2449
130377,2383,2451
302359,2385,2447
136361,2386,2451
26143,2601,2667
152241,2612,2707
404510,2623,2706
98363,2626,2699
86683,2626,2706
216584,2630,2703
30093,2630,2730
393314,2634,2699
333259,2635,2707
75117,2651,2730
235666,2658,2742
311503,2659,2705
290094,2659,2730
152242,2666,2713
67958,2666,2731
58361,2667,2729
67959,3382,3474
142675,3449,3505
200137,3451,3506
63053,3453,3524
335141,3455,3505
26671,3457,3504
74732,3457,3520
273908,3459,3522
297323,3460,3516
311635,3465,3508
94790,3465,3520
6589,3471,3528
333625,3473,3521
30095,3481,3528
236242,3572,3633
92906,3945,4017
126088,4231,4277
60258,4625,4689
236243,4909,4980
244852,5149,5221
16886,5284,5357
75116,5289,5362
216585,5309,5368
148748,5344,5425
172055,5354,5419
69484,5359,5429
169791,5360,5452
75144,5361,5424
285289,5367,5448
125826,5371,5447
5989,5372,5433
261294,5665,5739
173291,5673,5739
281160,5675,5741
260231,5682,5747
25512,5701,5745
337863,5896,5968
124397,5903,5968
55295,5909,5970
370835,5909,5975
17501,5910,5973
69483,5976,6055
273189,6131,6196
118907,6132,6198
30094,6134,6216
146882,6138,6198
72347,6140,6199
291618,6141,6200
187033,6144,6210
105158,6146,6215
56088,6147,6211
17546,6147,6217
60553,6149,6216
105159,6152,6215
225521,6153,6200
325663,6154,6198
136298,6155,6217
261958,6156,6215
318545,6173,6215
94217,6293,6353
48172,6310,6373
263892,6395,6457
41676,6404,6455
181207,6838,6892
397220,6838,6898
345315,6838,6927
389438,6839,6887
141194,6839,6902
274360,6839,6917
32973,6840,6900
144497,6840,6903
274361,6840,6914
250018,6841,6892
344426,6841,6894
4078,6841,6907
141195,6841,6910
182275,6841,6920
102494,6843,6921
250122,6843,6930
148747,6846,6933
274365,6846,6938
48536,6848,6922
261770,6855,6908
240345,6857,6928
48535,6859,6938
205924,6869,6937
287887,7253,7315
381917,7261,7313
81702,7266,7329
341514,7768,7825
274362,8060,8150
201899,8060,8156
50104,8291,8334
335754,8293,8346
95351,8330,8421
363419,8340,8423
274364,8341,8419
39971,8344,8422
274363,8636,8717
7896,8696,8776
287085,8823,8885
126463,8825,8901
244851,8827,8910
86982,8843,8905
3882,8850,8911
147086,8850,8915
404509,8851,8927
404508,8857,8921
