135439,402,464
377089,469,536
392790,592,675
355906,596,650
342072,599,659
148065,602,645
250127,606,673
2379,611,675
350338,619,676
144701,745,814
402477,746,819
346144,786,894
275467,788,891
376719,793,861
153875,794,881
55484,794,898
142792,798,868
117924,800,877
16625,801,913
15584,804,915
201579,809,915
67230,811,886
239023,814,884
35756,820,877
57164,820,881
379416,821,883
203758,821,897
225798,826,912
109976,827,908
24530,830,897
360186,831,911
926,835,905
398569,838,901
376720,1002,1059
395907,1002,1061
391824,1002,1084
58780,1002,1090
1825,1002,1094
112907,1002,1107
142812,1003,1062
25940,1003,1074
363484,1004,1063
266231,1005,1073
17872,1006,1098
120337,1007,1072
96172,1008,1087
303439,1011,1065
34429,1011,1096
297166,1012,1057
315796,1016,1083
257757,1197,1258
208210,1212,1264
183799,1389,1434
99153,1670,1736
146400,1726,1784
371500,1772,1817
89762,2271,2371
12822,2276,2342
339180,2276,2357
110747,2280,2343
72284,2293,2387
298685,2298,2361
77514,2300,2416
195010,2333,2414
170173,2341,2439
181491,2357,2422
369405,2357,2427
369406,2357,2435
10887,2358,2417
399259,2358,2421
54628,2359,2471
108749,2359,2483
220636,2360,2422
342547,2361,2434
61107,2373,2464
193582,2375,2467
63607,2376,2463
240912,2378,2490
342409,2381,2470
95506,2387,2467
29748,2390,2473
270116,2391,2469
196277,2394,2474
401006,2394,2502
3211,2395,2468
99785,2396,2472
84210,2397,2460
197721,2397,2479
152409,2398,2467
119992,2401,2499
223310,2406,2470
138189,2409,2471
195284,2409,2473
136860,2412,2516
274436,2415,2477
391624,2416,2509
383429,2416,2518
163641,2417,2478
119991,2420,2505
244840,2422,2508
108747,2422,2518
39215,2423,2512
251846,2424,2486
38856,2427,2508
369241,2430,2493
282828,2431,2492
390803,2432,2514
72283,2435,2510
10889,2435,2515
17871,2436,2501
243297,2437,2502
91112,2437,2511
58153,2441,2515
31917,2442,2503
183784,2442,2529
347906,2443,2512
178071,2445,2510
10890,2446,2521
148064,2447,2508
136859,2447,2513
70021,2447,2535
378720,2448,2509
35755,2450,2512
146398,2456,2519
65557,2475,2536
55233,2482,2611
66429,2492,2535
231467,2504,2591
369408,2532,2596
301155,2533,2594
98916,2540,2600
358397,2540,2627
343800,2610,2677
155643,2621,2685
369632,2625,2686
311761,2630,2687
291613,2631,2704
253169,2631,2710
214156,2686,2753
83246,2687,2748
179218,2687,2751
342717,2688,2761
207555,2691,2752
76073,2694,2756
100884,2701,2744
162326,2703,2755
372483,2706,2757
113804,2707,2790
353338,2709,2809
222467,2716,2764
136861,2759,2836
207760,2763,2825
369240,2767,2846
93400,2771,2852
185095,2774,2846
207761,2775,2826
248402,2780,2844
18865,2876,2944
109510,2883,2943
226788,2889,2942
140578,3103,3182
13598,3118,3192
333487,3122,3194
142972,3124,3188
237188,3127,3192
3870,3132,3207
86704,3137,3198
207355,3137,3248
397415,3139,3197
6603,3148,3250
195597,3151,3254
29665,3162,3233
133461,3164,3228
15921,3165,3244
332890,3166,3274
367129,3167,3228
395512,3167,3241
319641,3170,3259
356785,3172,3235
16027,3173,3261
296237,3174,3237
163320,3174,3269
44800,3175,3243
191612,3175,3262
163358,3175,3266
106802,3176,3238
156649,3176,3255
4081,3176,3271
91113,3177,3249
15920,3177,3253
163356,3177,3259
290265,3178,3268
363485,3179,3240
406426,3180,3254
67232,3183,3262
249547,3184,3283
163357,3185,3248
124345,3185,3260
330228,3186,3255
128797,3186,3258
15922,3186,3274
79549,3188,3292
325781,3189,3250
257526,3189,3258
391823,3191,3253
390019,3195,3257
190381,3196,3258
173502,3196,3260
342548,3200,3293
163642,3203,3284
20707,3203,3302
153823,3206,3297
65617,3206,3301
332717,3209,3300
243606,3212,3287
301891,3214,3311
86798,3217,3291
90217,3219,3300
331552,3220,3289
95507,3220,3295
330596,3228,3295
359125,3230,3299
212705,3232,3296
93399,3233,3303
71346,3242,3303
370145,3262,3303
272934,3388,3452
82700,3390,3453
156648,3391,3450
33621,3398,3453
250996,3402,3456
15409,3745,3792
337097,3932,4004
337098,3937,4020
197698,3940,4009
55721,3944,3994
64842,3944,4008
336978,3946,4008
374393,3952,4018
39889,4221,4291
138399,4222,4299
395908,4226,4291
28992,4228,4300
162327,4229,4297
269786,4232,4291
386956,4233,4287
46987,4240,4286
109653,4240,4289
392779,4342,4410
30212,4343,4413
407232,4344,4415
247843,4348,4405
325003,4351,4409
209777,4436,4495
397908,4445,4523
10888,4469,4539
132436,4473,4533
224828,4475,4540
119990,4486,4540
8983,4486,4542
164460,4503,4559
344905,4534,4594
24089,4535,4604
407095,4560,4649
128984,4595,4657
136661,4600,4658
195283,4608,4678
13574,4609,4656
394116,5150,5211
106638,5169,5239
84742,5172,5243
404052,5173,5225
123936,5173,5245
186644,5177,5245
337362,5182,5247
79068,5186,5250
212706,5192,5254
44796,5193,5261
309798,5197,5270
140130,5205,5269
348525,5387,5437
91563,5387,5440
340876,5515,5576
397416,5520,5594
365968,5526,5587
315554,5526,5598
226463,5528,5603
111670,5532,5595
339826,5547,5625
277660,5726,5775
175407,5726,5782
279748,5873,5940
356990,5926,6013
197697,5935,6002
1106,5942,5999
23454,5946,6007
67231,5949,6010
248403,5949,6012
86799,5963,6040
297575,5975,6050
83245,6240,6294
390020,6411,6492
357387,6427,6493
349035,6428,6502
377898,6441,6506
339179,6443,6506
363633,6448,6509
151378,6448,6512
317080,6448,6518
397909,6449,6524
345322,6457,6526
344682,6464,6540
146399,6547,6622
120163,6594,6655
216721,6618,6685
52200,6646,6702
87018,6660,6704
18640,7269,7331
392780,7270,7357
227509,7270,7373
345321,7272,7342
351002,7273,7355
399574,7283,7350
356055,7309,7373
290154,7333,7394
394971,8324,8371
4083,10366,10434
201580,10437,10505
376158,10440,10502
24090,10476,10548
207556,10483,10548
108748,10737,10798
133460,10738,10804
23453,10741,10804
112222,11410,11476
212707,11479,11528
369407,13097,13142
373729,13284,13361
337096,13291,13360
26843,13398,13497
187917,13399,13457
119989,13410,13477
284840,13415,13482
337363,13418,13481
57404,13422,13483
18641,13423,13488
27891,13423,13495
269012,13426,13490
322330,13426,13493
95508,13441,13506
162326,13445,13507
118372,13445,13509
91212,13448,13515
57405,13463,13524
142813,13464,13525
365938,13465,13526
56356,13467,13528
250171,13545,13611
392068,13548,13609
329827,13556,13627
391868,13560,13629
181490,13560,13651
53452,14225,14283
397910,14308,14360
211564,14991,15054
86703,14994,15058
317232,14995,15057
344895,14995,15066
353430,15009,15081
203982,15098,15158
136826,15119,15168
136844,16608,16674
284286,17036,17087
400077,17652,17707
88841,17654,17713
200732,17656,17707
216720,17656,17709
291927,17660,17712
216281,19401,19460
186712,19512,19579
19305,19519,19587
147304,19551,19625
168482,20486,20532
123833,20486,20534
395909,20486,20537
102082,20799,20862
17043,20814,20885
193242,20815,20908
339827,20820,20898
337095,20821,20890
281092,20821,20909
332206,20868,20959
165094,20871,20941
342073,20887,20950
351703,20900,20979
340053,20914,20982
188060,20917,20979
100885,20917,20982
103856,20919,20981
18691,20919,20983
201693,20919,20985
227510,20940,21002
108746,20949,21020
59127,21112,21181
320870,21125,21191
2752,21140,21203
352623,21421,21489
46606,22491,22545
77635,22493,22555
150328,22514,22564
195285,22517,22572
269788,23314,23374
317150,23317,23375
395722,23317,23378
191968,23415,23481
300097,23418,23484
26442,23420,23484
35866,23421,23480
291235,23444,23505
331340,23453,23506
285339,23578,23633
191221,23612,23673
399575,23640,23705
399576,23830,23897
197720,23831,23888
56846,23831,23892
162324,23842,23908
162325,24057,24118
55722,24313,24374
106803,24435,24501
167060,24447,24506
86800,24449,24512
189252,24466,24542
383969,24485,24549
212708,24727,24779
83522,24745,24809
338646,24752,24837
113805,24754,24825
162327,24764,24833
399717,24771,24847
27341,24772,24826
252878,24772,24840
374265,24777,24855
124516,24785,24837
78103,24788,24855
41870,24805,24874
34987,25248,25308
44604,25424,25487
22301,25427,25496
191613,25429,25495
212003,25434,25496
142814,25434,25515
369244,25436,25509
369245,25438,25502
190383,25439,25501
124517,25443,25523
204845,25453,25530
60240,25456,25520
208831,25456,25525
112133,25456,25530
276204,25462,25527
144597,25472,25554
99154,25630,25707
333115,25684,25758
13575,25701,25772
98917,25703,25767
114523,25704,25765
390021,25711,25759
374309,25711,25777
270345,25716,25778
188478,25910,25984
284841,25926,25987
258534,25947,26004
4082,26163,26213
269787,26286,26347
73883,26286,26352
290156,26286,26377
112553,26290,26356
398702,26292,26353
174762,26294,26362
150329,26313,26425
348524,26323,26403
18644,26323,26413
290155,26324,26385
207554,26324,26387
103535,26324,26389
392208,26324,26415
83612,26325,26388
269715,26353,26420
176537,26582,26635
18642,26787,26855
55234,26788,26864
191143,26796,26884
191144,26796,26889
374308,26798,26864
139585,26799,26862
141868,26802,26863
31146,26807,26873
320943,26821,26887
18643,26831,26892
227547,26841,26903
248142,27132,27176
103680,27132,27182
397911,27471,27536
336641,27476,27545
34555,27486,27539
162324,27792,27863
227029,27793,27852
23455,27793,27855
397912,27807,27880
333687,27826,27892
107354,27836,27890
191222,27864,27932
291234,27865,27927
83566,27865,27929
164684,27865,27953
203983,27870,27932
384017,27872,27936
329244,27874,27948
43238,27877,27943
153824,27884,27936
43239,27884,27947
329245,27885,27948
119555,27889,27959
323580,27891,27955
150213,27933,28027
216420,27951,28011
39890,27953,28025
343793,27957,28021
97461,27964,28026
55667,27967,28038
311931,27970,28035
243888,27973,28020
19937,27980,28040
119988,28049,28119
338647,28054,28121
210384,28055,28118
391118,28277,28341
86702,28284,28340
162325,28292,28343
407526,28922,28994
319758,28922,29047
184239,28924,29037
283388,28941,29062
118813,28947,29077
11935,28957,29043
349221,28958,29012
180823,28960,29021
180816,28966,29036
103681,28971,29073
104253,28972,29068
110268,28974,29057
320483,28976,29047
67647,28977,29066
39520,29003,29064
348719,29007,29070
