5370,94,173
5369,110,187
5367,120,222
264029,140,205
403556,145,217
5364,147,233
342673,150,220
266009,152,218
5368,154,222
337417,156,216
7308,159,223
140222,162,225
301663,165,233
368047,165,237
142885,166,221
386256,167,234
53689,167,250
164490,170,245
5363,171,235
223388,171,239
109623,183,244
242032,183,252
50206,183,261
77150,184,256
177622,187,236
285084,187,257
103933,191,256
334874,196,249
94108,205,256
5366,218,316
334815,574,630
128980,583,636
85740,601,679
266008,647,709
27432,652,720
247214,652,731
108204,656,727
309930,658,716
338526,660,711
251533,660,734
171851,660,737
294280,673,736
384594,709,770
102500,1080,1161
102499,1099,1155
138630,1099,1160
267041,1102,1161
171868,1105,1183
171439,1114,1174
221893,1115,1201
223045,1118,1199
8978,1119,1182
222019,1148,1210
148398,1153,1244
290717,1168,1239
80145,1172,1240
155360,1173,1247
111046,1176,1243
339072,1179,1240
281690,1180,1241
49927,1182,1243
47142,1184,1247
238314,1198,1267
195212,1205,1278
1878,1205,1281
139307,1207,1276
394021,1209,1277
329021,1210,1272
104027,1210,1279
108205,1218,1282
222723,1220,1282
342127,1222,1282
232536,1588,1648
213747,1589,1650
308158,1596,1659
133169,1606,1659
169644,1607,1657
55537,1609,1660
322623,2133,2174
333259,2135,2224
260636,2144,2217
156162,2156,2225
245786,2158,2247
187569,2166,2229
245785,2166,2247
394500,2174,2239
222476,2174,2248
76158,2176,2245
149892,2177,2238
305631,2182,2245
171437,2183,2246
262528,2188,2234
352012,2561,2612
5375,2564,2616
73043,2641,2705
335307,2641,2708
97573,2641,2721
255978,2642,2703
308670,2642,2723
156160,2644,2709
24206,2645,2730
237839,2647,2710
288384,2648,2728
149893,2656,2719
237818,2658,2728
243163,2658,2742
286054,2659,2745
238508,2664,2728
354779,2665,2736
163639,2669,2739
25191,2669,2746
111044,2678,2747
125441,2683,2746
29292,2691,2747
73198,2716,2768
88594,2806,2881
220259,2811,2879
263213,2811,2885
195213,2814,2888
70912,2815,2880
64806,2823,2885
159872,2828,2887
355209,2833,2886
156161,3008,3067
43028,3008,3072
150721,3009,3071
327443,3025,3126
327446,3073,3145
50204,3632,3698
61967,3633,3694
334044,3633,3721
149891,3634,3698
230943,3639,3738
100524,3640,3701
211471,3640,3703
185277,3641,3702
186059,3641,3704
408703,3649,3723
154522,3666,3749
368584,3667,3739
100895,3668,3745
50205,3670,3748
33241,3671,3734
14303,3671,3736
32466,3672,3753
97401,3672,3764
376646,3672,3783
87656,3673,3735
93855,3674,3738
397702,3676,3759
139418,3676,3780
228018,3677,3740
175545,3678,3741
378843,3681,3743
399492,3685,3747
356345,3695,3759
305630,3713,3787
27440,3716,3785
348966,3721,3784
337601,3731,3787
5365,4021,4092
370988,4219,4290
237840,4239,4303
385569,4243,4320
9556,4261,4337
255413,4264,4333
314733,4264,4348
340963,4268,4348
7041,4271,4332
142941,4276,4346
321586,4282,4344
29387,4283,4343
197896,4285,4344
120741,4286,4343
208828,4288,4339
354759,4294,4346
344887,4296,4343
216520,4516,4570
71134,4743,4807
212446,4759,4812
81858,4759,4818
156314,4990,5042
5372,5570,5642
256157,5573,5638
79634,5573,5641
387587,5573,5652
264837,5585,5660
224276,5587,5648
112138,5587,5661
264356,5590,5652
36238,5591,5653
124814,5592,5659
72283,5593,5656
283309,5593,5671
145479,5594,5655
104842,5601,5680
5371,5690,5785
303623,5793,5856
248559,6286,6351
23061,6458,6520
52166,6458,6544
348610,6459,6521
158847,6477,6519
139417,6482,6529
247215,6528,6600
201685,6922,6974
382251,6931,6986
352371,7178,7238
35648,7341,7394
270730,7344,7395
64091,7344,7403
6101,7348,7411
384629,7348,7413
176395,7348,7418
128968,7356,7448
181343,7364,7424
140965,7395,7486
145727,7395,7490
5377,7405,7486
1520,7406,7488
337600,7406,7491
248544,7411,7501
407555,7411,7523
356779,7413,7474
284096,7413,7509
345181,7416,7484
247216,7436,7491
295015,7456,7514
173440,7459,7519
76938,7466,7519
152319,7475,7544
153782,7491,7544
77405,7984,8039
184825,7997,8065
242033,8004,8059
245438,8022,8085
235253,8023,8087
293524,8025,8089
219104,8030,8102
293883,8054,8131
42765,8060,8126
176147,8061,8130
14330,8062,8125
155359,8070,8125
144004,8075,8121
201871,8327,8393
190145,8328,8389
303122,8657,8705
130164,8675,8716
299253,8745,8806
75572,8769,8820
3296,8770,8839
49928,8777,8838
321347,8783,8852
37575,8927,8985
70767,8930,8991
385791,9081,9135
190147,9804,9866
88595,9851,9919
399756,9852,9941
399755,9855,9937
153511,9873,9945
386219,9877,9939
169360,9885,9949
180749,10423,10486
120417,10429,10480
327444,10635,10700
272414,11027,11085
346195,11143,11204
79079,11144,11205
343318,11301,11367
46302,11302,11377
123611,11305,11368
347049,11311,11369
259783,11323,11378
171155,11328,11389
5378,11337,11403
130348,11524,11588
374519,11529,11606
282468,11544,11601
7938,11545,11606
65103,11547,11609
349872,11570,11629
258552,11578,11659
203823,11579,11636
352631,11587,11660
351026,11587,11665
351346,11591,11642
166189,11609,11679
403557,11612,11661
153783,11612,11666
240241,11612,11674
104735,11613,11683
55522,11614,11678
313677,11615,11682
212544,11616,11662
75573,11616,11672
158625,11616,11685
321585,11620,11674
149890,11620,11689
161782,11623,11671
228104,11624,11699
3854,11638,11699
47900,11749,11798
280032,11749,11801
55521,11753,11805
140404,11821,11893
114175,11829,11906
61728,11835,11910
77406,11843,11904
77407,11855,11926
344809,11865,11929
305689,11883,11936
64090,11900,11963
27407,11905,11969
27048,11906,11972
226099,11965,12041
386257,11980,12057
127740,12011,12075
5376,12021,12091
356289,12107,12187
321587,12112,12174
25603,12114,12164
313676,12116,12188
158848,12138,12187
404239,12234,12284
147089,12256,12326
176136,12274,12326
335339,12285,12339
75630,12479,12548
263214,12482,12543
114176,12483,12537
315823,12484,12546
81721,12487,12550
56738,12489,12557
404401,12492,12540
118530,12493,12553
213204,12494,12541
227888,12494,12549
75631,12494,12555
16670,12495,12550
305629,12496,12560
379268,12501,12557
176917,12501,12562
100523,12696,12776
142942,12704,12768
1878,12708,12765
251276,12718,12767
142158,12718,12782
62452,12719,12783
104028,12720,12776
327442,12768,12825
327443,12777,12864
240425,13332,13417
225100,13480,13541
255979,13484,13553
255380,13485,13545
406414,13488,13565
68560,13827,13870
293525,13829,13870
79925,14047,14099
180993,14050,14125
396476,14056,14129
46676,14056,14133
282467,14057,14140
135208,14060,14137
1494,14067,14136
62394,14202,14252
149889,14293,14372
92978,14294,14339
399891,14294,14358
96349,14294,14360
321299,14297,14361
262033,14303,14354
98283,14303,14383
101164,14310,14376
149888,14317,14398
286055,14498,14561
333886,14498,14570
353287,14500,14561
306869,14500,14573
76937,14502,14563
9226,14503,14560
352011,14512,14578
352010,14515,14576
227613,14515,14579
322172,14516,14577
327445,14553,14619
284095,15075,15160
172660,15094,15164
367731,15117,15164
171438,15120,15193
127739,15131,15207
327441,15213,15304
158603,15784,15848
15016,15785,15846
174308,15791,15854
190146,15852,15900
120909,15911,15967
174950,15919,15972
337599,15934,15981
338634,15943,15992
14916,16078,16138
137768,16281,16373
37580,16290,16367
136897,16608,16667
37579,16608,16676
173602,16608,16685
127216,16609,16691
124488,16610,16672
290326,16610,16679
173603,16610,16682
143716,16610,16686
42778,16610,16695
322065,16619,16685
95143,16621,16683
171695,16621,16695
364020,16627,16692
144426,16632,16695
233467,16792,16874
208557,16795,16857
169359,16798,16875
179533,16803,16867
326747,16803,16874
179534,16803,16880
385163,16805,16866
200938,16807,16868
200937,16807,16872
394914,16808,16880
187493,16824,16919
379269,16826,16887
203636,16829,16897
181344,16837,16909
176603,16840,16910
229080,17100,17180
256784,17671,17742
177726,17672,17746
137160,17683,17745
372050,17686,17752
170056,17687,17751
184531,17688,17753
137945,17950,18018
385162,18087,18148
123610,18098,18163
361525,18108,18163
235364,18124,18190
247217,18240,18300
335338,18477,18541
322066,18555,18618
361455,18567,18619
83461,18568,18633
277354,18574,18635
253632,18634,18685
120910,18634,18696
110503,18636,18701
107086,18655,18723
83462,18691,18755
91266,18719,18782
37577,19165,19254
381118,19189,19255
356346,19190,19252
280033,19190,19266
186060,19192,19253
147090,19192,19256
358504,19195,19270
163146,19200,19290
25192,19202,19299
108206,19217,19292
394915,19235,19301
244211,20009,20064
270731,20010,20063
165437,20010,20066
153784,20020,20065
64092,20046,20109
247218,20072,20179
213279,20078,20180
235542,20081,20169
97576,20083,20179
16523,20084,20167
9109,20086,20175
97575,20088,20170
148462,20090,20175
37578,20090,20179
19953,20093,20178
9225,20096,20180
147091,20101,20180
232089,20105,20177
26885,20109,20179
112372,20116,20172
84739,20126,20170
1418,20242,20285
37581,20395,20451
5373,20673,20753
327442,20682,20748
297666,20684,20745
154523,20830,20878
328514,20924,20981
51120,20924,20994
258879,20924,20998
386441,20926,20977
211369,20928,20994
81428,20931,21001
176035,20939,20983
327446,20981,21041
90334,21254,21318
262902,21258,21342
243353,21273,21343
203635,21277,21338
327434,21346,21478
133170,21354,21447
90335,21372,21434
242035,21375,21448
327431,21379,21475
327440,21411,21471
81857,21534,21618
146888,21535,21608
299392,21541,21615
402666,21550,21617
327431,21600,21682
327444,21614,21682
5374,21623,21682
347209,21712,21760
348456,21712,21772
5380,21713,21762
52239,21715,21777
382249,21739,21790
327437,21744,21800
266485,21747,21820
222017,21793,21849
297667,21796,21848
156159,21874,21946
202294,22071,22138
146887,22078,22179
274586,22116,22177
148020,22117,22168
155868,22125,22193
113133,22161,22232
145480,22279,22334
107085,22313,22372
63409,22482,22525
394687,22563,22661
67664,22567,22642
242034,22568,22632
327439,22592,22678
5383,22593,22644
327438,22604,22715
327441,22611,22710
284780,22617,22683
357653,22624,22685
93703,22917,22979
1521,23274,23357
187492,23275,23359
9774,23278,23356
21500,23279,23358
327435,23280,23363
56388,23283,23375
255980,23296,23358
14940,23299,23360
399892,23302,23417
215802,23311,23412
55366,23353,23414
105839,23354,23421
354760,23355,23404
3856,23355,23411
182307,23362,23410
3855,23364,23411
255981,23587,23644
79633,23587,23659
111588,23605,23671
182305,23609,23674
226334,23609,23686
286056,23610,23673
264048,23610,23677
15153,23610,23682
36912,23611,23688
234140,23612,23667
277425,23612,23676
139419,23616,23675
139400,23617,23685
385164,23622,23682
14304,23624,23698
182921,23625,23667
161783,23628,23679
119554,23650,23703
282114,23653,23719
123612,23743,23804
384630,23822,23887
19034,23911,23990
286586,23913,24006
402665,23925,24003
317666,23927,23989
135209,23928,23994
187570,23930,24001
56389,23935,24008
314265,23939,24002
148399,23946,24009
223195,23949,24000
65619,23955,24008
182306,24224,24284
126634,24390,24439
126635,24391,24460
53850,24393,24450
338011,24394,24457
167283,24394,24462
213205,24458,24507
257668,24477,24551
287015,24479,24544
316570,24483,24545
308454,24484,24547
185958,24485,24546
257669,24491,24552
263215,24500,24561
327434,24720,24859
155814,24728,24812
327431,24771,24848
162779,24779,24862
327432,24783,24834
248545,24784,24847
260635,24789,24873
77151,24798,24866
95831,24803,24864
258880,24807,24866
161230,24808,24871
5381,24809,24874
175934,25729,25805
145728,25730,25793
50063,25731,25799
202590,25738,25828
238228,25742,25801
230961,25749,25833
40918,25756,25820
327436,25757,25856
287016,25763,25830
112903,25768,25831
241487,25770,25838
382249,25771,25827
286080,25771,25852
382250,25771,25860
327437,25773,25847
313795,25777,25853
5379,25779,25860
37576,25788,25852
349873,25788,25865
327432,25790,25851
5382,25790,25866
309656,25798,25860
138622,25806,25875
6240,25867,25928
244179,25870,25932
280034,25953,26041
132846,26114,26196
52501,26150,26236
171156,26155,26242
327433,26314,26364
81720,26345,26405
21663,26496,26548
290243,26502,26574
265143,26505,26568
40394,26515,26573
87657,26722,26786
329907,26741,26829
281387,26754,26829
225099,26757,26824
22983,26763,26824
77404,26764,26833
398198,26768,26832
319397,26770,26852
101250,26772,26834
393496,26792,26855
240765,26793,26865
247469,26809,26903
280036,26813,26890
237841,26813,26899
97574,26818,26881
280035,26822,26903
9774,26822,26916
327435,26822,26921
1391,26824,26912
361570,26835,26901
38879,26842,26905
280238,26855,26910
382248,26867,26985
381119,26919,27000
358505,27083,27141
222115,27102,27164
63353,27103,27173
388736,27107,27168
259901,27109,27194
60445,27114,27187
303624,27115,27196
222018,27137,27199
193089,27137,27216
124402,27153,27241
65504,27157,27227
247219,27159,27238
240785,27160,27226
15016,27272,27338
80232,27276,27333
128834,27283,27342
58261,27400,27452
219039,27414,27455
46746,27463,27526
227409,27587,27654
327439,28078,28161
327438,28095,28186
315382,28111,28186
36239,28115,28170
108207,28371,28430
176396,28371,28445
193724,28376,28474
399754,28387,28454
181690,28388,28478
309470,28395,28456
186062,28407,28474
402667,28411,28472
327445,28453,28525
352370,28455,28519
327440,28458,28525
182335,28652,28718
104736,28655,28732
367141,28674,28735
63851,28687,28735
298693,28689,28734
185276,28692,28736
105601,28833,28899
256645,28859,28916
140471,29419,29487
191161,29428,29505
72284,29432,29507
63354,29433,29516
103332,29470,29532
327436,29493,29583
327433,29507,29569
5384,29531,29623
386258,29558,29628
63352,29570,29631
316478,29574,29630
216922,29587,29635
97084,29590,29658
11516,29592,29671
186061,29593,29656
407999,29598,29667
176397,29603,29664
104843,29603,29676
284781,29605,29668
297665,29771,29841
