5972,154,242
32249,154,254
259704,155,245
100652,155,258
292732,156,209
155339,156,227
72802,158,238
11460,160,286
220043,161,258
379665,163,226
270100,178,247
304750,178,287
407688,179,252
136428,180,259
239128,180,270
211882,181,244
194125,181,250
337118,182,266
134889,224,279
308724,459,510
221939,460,559
179596,463,534
387450,465,522
36930,466,530
48327,466,542
188641,468,538
369395,470,532
248976,472,536
97082,481,559
300085,496,559
365840,498,559
34426,501,558
323828,505,558
150064,785,856
204093,786,870
392364,792,853
58846,793,856
306706,799,867
304912,807,878
22655,812,877
113947,812,893
167920,815,897
368148,822,880
182830,822,902
149087,823,866
229688,826,887
161470,827,910
385879,834,911
69326,836,901
97081,837,898
122384,838,902
359223,857,937
190987,887,941
146138,938,1000
202632,942,1002
374212,943,1004
145024,945,1001
267783,948,999
142966,948,1005
190856,951,1001
186448,984,1043
40049,1084,1129
368547,1084,1139
156787,1084,1149
35906,1085,1142
75073,1086,1162
177987,1088,1131
294794,1088,1142
8856,1088,1159
211327,1090,1155
370662,1092,1160
211234,1095,1162
60763,1096,1158
98426,1096,1191
110408,1097,1151
276241,1120,1186
214675,1128,1195
368149,1132,1183
206450,1350,1400
281677,1351,1413
81729,1353,1402
41964,1353,1409
304228,1353,1422
182831,1355,1439
234389,1356,1425
317129,1358,1415
356349,1358,1438
284002,1358,1456
183610,1361,1406
149823,1367,1434
161470,1368,1443
161472,1374,1440
342409,1374,1443
2656,1384,1445
245072,1389,1468
4602,1390,1443
261889,1390,1471
116714,1395,1460
314165,1399,1464
11032,1402,1457
65228,1403,1461
59148,1403,1473
345500,1404,1465
321010,1407,1490
396346,1414,1486
320098,1415,1473
171776,1417,1473
100653,1418,1483
245071,1419,1477
265718,1419,1489
69325,1422,1477
9832,1428,1496
135331,1448,1519
55953,1474,1562
286757,1475,1532
354616,1475,1538
6422,1475,1549
369229,1498,1571
408098,1500,1567
129097,1503,1559
96246,1505,1562
203706,1508,1567
5973,1512,1575
346677,1512,1582
271325,1518,1559
171378,1520,1590
18938,1522,1576
364321,1538,1611
199258,1539,1608
255105,1541,1602
26576,1560,1624
140152,1955,2009
116943,1956,2015
20600,1956,2017
161473,2219,2281
126603,2225,2283
270752,2237,2327
356499,2289,2354
222830,2296,2373
83104,2343,2414
373333,2810,2874
225291,2859,2959
83103,2867,2968
371675,2881,2956
356348,2882,2959
187145,2883,2939
64941,2883,3000
216820,2890,2952
120887,2890,2960
203442,2891,2962
187143,2893,2944
339352,2895,2958
37024,2896,2961
302989,2901,2942
35817,2923,3014
84863,2930,3016
44013,2934,3011
183611,2934,3017
349808,2934,3026
183612,2935,3006
88079,2935,3019
50854,2935,3024
69281,2936,3002
284533,2936,3014
141578,2946,3032
194873,2950,3022
286839,2953,3027
221964,2959,3021
232038,2965,3049
136911,2967,3031
242875,2968,3032
347714,2970,3035
148234,2974,3032
204706,2975,3038
325446,2975,3054
76979,2976,3037
161472,2984,3053
102720,3121,3193
304749,3124,3187
71593,3129,3185
87321,3167,3241
187137,3189,3260
49237,3495,3569
206449,3501,3567
274338,3614,3681
207163,3622,3678
34425,3932,3996
129992,3935,3998
373904,3946,4002
203365,4073,4115
319877,4074,4147
270753,4124,4182
327239,4131,4191
377798,4274,4324
345501,4276,4325
314164,4276,4334
167919,4415,4478
319508,4456,4507
161471,4597,4683
403518,4602,4656
161473,4612,4669
126604,4619,4677
408099,4623,4689
127849,4631,4716
331888,4648,4759
295321,4663,4743
109325,4671,4753
122385,4686,4749
178655,4687,4748
319879,4687,4784
126876,4688,4755
135330,4689,4777
167921,4728,4783
187144,4731,4793
94704,4980,5042
183614,4998,5086
370373,5001,5061
319878,5003,5053
385877,5212,5277
214676,5385,5462
318253,5395,5462
64491,5398,5461
191990,5403,5463
50385,5410,5472
96245,5419,5487
385402,5429,5491
272913,5440,5489
161471,5574,5660
230549,5603,5676
142637,5617,5678
100504,5635,5682
387451,5916,5970
313615,5916,5981
146919,5935,5978
373905,5939,6003
42158,5973,6022
116944,6055,6103
27440,6155,6225
100651,6156,6218
189413,6156,6240
292602,6157,6224
115843,6157,6252
96733,6159,6221
186447,6160,6223
210028,6161,6253
174904,6164,6228
81728,6165,6229
240908,6166,6227
155197,6182,6271
295323,6191,6249
275832,6648,6698
55695,6648,6753
187880,6649,6729
60536,6655,6748
295322,6658,6772
204548,6662,6765
169199,6664,6727
60537,6664,6773
370663,6677,6766
129096,6678,6763
373332,6679,6776
93564,6680,6746
306704,6682,6779
3734,6691,6763
153124,6692,6777
208597,6697,6771
142952,6700,6769
395772,6701,6778
408097,6711,6777
5848,6713,6763
35480,6713,6783
296120,6862,6923
178122,7111,7180
57962,7116,7177
86373,7121,7182
130652,7125,7185
202240,7147,7233
310617,7148,7220
339856,7150,7222
150047,7153,7215
203443,7173,7222
306705,7237,7318
51103,7239,7332
232503,7240,7302
51102,7240,7304
42646,7243,7315
258259,7243,7322
2657,7246,7307
200177,7248,7318
125934,7249,7315
371579,7249,7320
201259,7250,7314
216922,7250,7317
232039,7250,7325
271896,7253,7326
267784,7254,7335
378009,7256,7320
367112,7257,7315
168297,7258,7323
234899,7258,7343
55823,7259,7328
266835,7261,7335
194124,7262,7349
338194,7265,7327
154907,7266,7328
57445,7267,7342
345924,7268,7321
155932,7268,7347
313982,7270,7333
240909,7278,7334
9276,7279,7338
26577,7279,7340
322334,7280,7342
103240,7281,7344
57444,7282,7345
83982,7288,7346
235172,7498,7577
276427,7499,7552
347280,7505,7554
348162,7792,7846
251349,8523,8600
364320,8524,8593
310616,8527,8582
372178,8561,8627
306703,8611,8678
122386,8626,8675
50853,8807,8878
33711,8812,8881
320928,9000,9062
302842,9001,9073
394256,9002,9077
232792,9875,9927
68950,10122,10187
151092,10465,10520
140153,10465,10533
5225,10465,10551
98363,10466,10544
232156,10467,10532
108686,10467,10566
83102,10468,10530
172198,10468,10545
122598,10470,10558
262382,10470,10564
64940,10470,10567
336109,10471,10534
115508,10473,10558
151091,10473,10569
183088,10474,10538
53601,10475,10551
295812,10479,10548
404488,10480,10545
183613,10480,10567
375176,10481,10553
335141,10482,10546
240907,10483,10550
160476,10487,10550
261888,10488,10575
385880,10489,10568
174905,10491,10565
126721,10494,10553
95090,10496,10559
93287,10499,10553
398087,10513,10575
320927,10515,10577
291922,10643,10706
114324,11165,11227
9094,11165,11242
13839,11167,11230
124153,11168,11229
75011,11169,11236
164882,11173,11235
84629,11175,11238
169990,11177,11239
99957,11187,11240
100763,11187,11248
255467,11189,11251
68384,11190,11239
155198,11191,11252
59929,11208,11250
259703,11258,11330
395773,11259,11321
122599,11272,11335
385878,11840,11912
82512,12164,12227
211275,12169,12223
228029,13405,13453
12276,13406,13459
11427,15194,15244
204094,15194,15250
55513,15198,15247
127848,15653,15707
162845,15657,15706
102846,15659,15712
10494,15951,16013
84262,15951,16024
351372,15951,16028
390984,15961,16013
373906,15966,16014
4981,15966,16035
258260,15982,16038
292603,16388,16449
168656,16423,16485
322900,16427,16482
222252,16429,16486
146066,16433,16481
218288,16436,16487
188640,16643,16712
400929,16643,16715
94705,16644,16708
392366,16644,16720
392365,16645,16711
284591,16646,16708
117323,16646,16713
280111,16648,16708
76059,16650,16711
120888,16663,16722
63369,16746,16811
325684,16750,16813
325982,16752,16825
95089,16753,16810
46334,17409,17458
8857,18195,18253
390240,18228,18280
225292,18319,18373
13757,19738,19820
339315,19740,19789
302845,20897,20984
302844,20902,20995
331569,21588,21638
125933,21861,21935
282707,21870,21933
403519,21871,21942
184707,21874,21937
289823,21875,21936
167918,21883,21954
368150,22443,22502
377799,22444,22505
225294,22535,22596
320929,22536,22590
136427,22538,22620
134998,22539,22593
185042,22539,22601
408096,22539,22606
380351,22540,22591
1306,22543,22619
155199,22544,22602
60535,22544,22604
8908,22547,22627
255468,22548,22599
178090,22548,22610
148634,22550,22634
238349,22554,22609
353339,22555,22596
215458,22555,22618
93157,22556,22620
224679,22558,22619
238525,22560,22639
225387,22563,22625
337117,22563,22630
225295,22564,22658
42647,22566,22633
70756,22570,22631
351371,22756,22823
400257,23101,23165
264781,23179,23226
266821,23316,23373
356213,23320,23370
48760,23321,23363
302843,23323,23397
137543,23341,23402
335954,24278,24341
324824,24284,24355
140945,24289,24354
342237,24386,24446
108685,24395,24478
225964,24416,24473
219658,24419,24481
164881,24422,24485
174903,24422,24487
345723,24422,24493
211328,24424,24487
42159,24424,24506
274339,24425,24495
258660,24426,24488
125935,24431,24505
57138,24439,24500
228030,24449,24506
3264,24480,24545
161469,24606,24689
230721,24622,24692
286838,24638,24697
161469,24767,24843
195311,24816,24857
50386,25615,25674
333369,25628,25691
225293,26436,26502
152115,26438,26492
385881,26438,26502
131805,26439,26508
261890,26442,26514
43614,26442,26519
290705,26450,26519
43613,26461,26529
187136,26466,26516
258371,26738,26792
125145,26744,26805
250358,26746,26808
402011,26761,26809
66191,27042,27106
258278,28737,28815
2658,28757,28850
