282597,158,239
236314,160,266
140789,172,226
404712,177,267
106158,181,249
18479,186,258
174489,186,268
317626,195,256
329792,242,302
259151,274,335
114879,284,357
294292,285,361
43822,287,348
214178,298,373
341410,298,386
123345,303,363
61582,307,373
337057,311,375
163673,312,373
327055,323,416
22289,330,381
299070,331,419
244464,334,447
404713,338,441
393324,338,450
9303,355,454
97328,355,473
383483,361,419
299069,372,495
258274,398,518
299068,410,523
197402,416,519
229613,416,537
34504,420,542
5937,432,541
1305,439,517
137,451,517
273754,454,520
137,460,542
145511,470,578
234689,476,548
287784,481,563
234690,500,563
291831,509,563
131133,514,567
8791,515,561
337058,519,602
299168,970,1033
208609,973,1037
169272,974,1036
135591,974,1039
404711,974,1068
49888,976,1039
80962,977,1050
229614,978,1040
208608,979,1074
165954,979,1083
29441,981,1036
197400,990,1074
22071,999,1055
322631,1000,1043
322630,1002,1084
47993,1006,1071
252985,1008,1090
22070,1009,1066
197401,1012,1074
55725,1013,1077
8662,1015,1072
246496,1015,1078
37115,1017,1086
366227,1053,1134
364624,1159,1226
377145,1190,1258
85106,1199,1259
199578,1276,1338
160123,1278,1357
191473,1279,1349
136068,1282,1344
237050,1292,1344
237049,1292,1350
166415,1292,1356
31430,1296,1358
148849,1298,1349
114812,1304,1351
129391,1307,1358
4630,1307,1363
363397,1312,1378
362939,1315,1379
331329,1322,1379
51644,1325,1376
163672,1325,1378
65453,1326,1377
236313,1405,1469
244789,1406,1478
349438,1415,1478
219149,1419,1484
111099,1420,1501
163291,1430,1502
48642,1438,1500
143019,1455,1499
27732,1457,1500
69941,1816,1906
125638,1819,1903
166154,1823,1907
209429,1830,1892
336477,1830,1894
198419,1835,1899
91958,1835,1911
408570,1836,1900
314378,1841,1902
285044,1846,1913
123344,1862,1914
