370259,893,943
60365,1002,1045
166261,1272,1335
167705,1328,1396
306687,1356,1422
383945,1676,1733
166261,2053,2103
344174,2315,2367
93011,2315,2378
208430,2315,2393
207760,2374,2439
100353,2377,2447
100352,2378,2453
299653,2474,2537
271328,3662,3733
327758,3998,4060
64208,3999,4067
57101,4001,4069
376652,4880,4945
166265,4894,4945
122111,5026,5133
276694,5034,5118
276693,5035,5134
209120,5039,5100
234058,5049,5111
15008,5049,5144
177535,5050,5140
113890,5056,5129
230705,5066,5127
82667,5066,5129
4736,5072,5133
245675,5083,5144
87347,5097,5148
207460,5216,5280
381534,5296,5353
166260,6705,6791
166260,6776,6856
151646,6905,6977
241591,6942,6999
285778,6942,7007
122382,6943,7009
101153,6954,7009
403152,7154,7200
200726,7156,7217
322142,7157,7204
192797,7163,7220
45018,7168,7229
123041,7169,7230
303315,7590,7653
327618,7601,7651
289059,7602,7650
154385,7603,7652
265438,9118,9229
74014,9148,9215
52673,9149,9218
7164,9151,9217
10384,9153,9217
341334,9154,9226
156045,9162,9226
306686,9164,9226
299710,9165,9231
8385,9166,9227
349489,9167,9230
3911,9169,9231
306685,9171,9233
159688,9171,9238
97954,9175,9237
214551,9177,9241
97473,9183,9244
181958,9197,9249
261197,9199,9248
100417,9199,9271
398333,9270,9331
125813,9271,9341
5252,9288,9343
192495,9289,9333
338310,9869,9938
166264,9880,9980
234450,10431,10499
154745,10469,10531
132965,10507,10565
54221,10516,10559
61416,11271,11336
364020,11384,11438
223057,11486,11544
146687,11486,11546
311655,11486,11548
166262,11486,11552
238063,11486,11557
205697,11486,11562
68517,11487,11549
212291,11487,11554
159750,11504,11561
299711,11603,11681
291474,11618,11682
16633,12011,12060
400362,12018,12089
27242,12371,12454
199885,12378,12449
284550,12380,12483
212292,12381,12465
7752,12381,12471
22988,12382,12448
339212,12383,12459
332132,12384,12452
363624,12385,12457
44231,12385,12461
270688,12385,12470
380160,12385,12479
344175,12387,12473
3910,12388,12482
398659,12390,12458
247658,12392,12455
347759,12392,12460
213322,12395,12459
213934,12396,12457
391955,12399,12508
54220,12400,12462
264897,12400,12464
377113,12403,12467
283560,12407,12470
128355,12410,12475
58695,12411,12474
243949,12412,12477
92321,12413,12489
366492,12413,12492
380161,12414,12506
314607,12416,12496
307302,12416,12519
207761,12419,12480
99611,12420,12481
98569,12421,12482
211893,12421,12501
237787,12424,12507
714,12426,12504
307302,12428,12510
240384,12430,12491
205885,12430,12496
314606,12431,12517
292191,12439,12505
122000,12665,12716
147720,12743,12802
244845,12743,12824
256092,12909,12965
281097,12917,12959
363891,12923,12991
363480,12931,12987
357976,12931,12998
403225,12932,12992
296535,12933,12993
175202,12948,13012
275057,12952,13014
290948,12959,13021
166263,13097,13185
245674,13106,13180
119015,13112,13180
252326,13122,13180
138855,13147,13224
205698,13172,13227
391954,13630,13689
59080,13634,13696
348328,13635,13705
166262,13651,13717
372940,13868,13952
28866,13879,13958
306824,13885,13953
82019,13893,13956
281881,13895,13957
5960,13897,13950
90503,13905,13955
384009,14306,14373
230793,14505,14575
122001,14509,14570
159690,14510,14572
338311,14516,14579
135,14521,14584
368868,14526,14576
97560,14723,14781
211428,14731,14792
134429,14731,14801
365996,14735,14801
309849,15444,15500
133854,15682,15782
288763,15687,15742
41941,15689,15758
249735,15717,15781
226215,15724,15769
199884,16042,16107
85821,16177,16250
59118,16179,16245
252327,16180,16237
137318,16184,16252
182308,16314,16370
273181,16574,16634
212293,16576,16631
251864,16577,16642
71187,16578,16638
290436,16643,16720
290437,16645,16730
117146,16648,16719
232861,16651,16700
96168,16666,16728
192971,17096,17156
401291,17096,17180
222843,17097,17149
14623,17097,17167
361268,17098,17170
17969,17098,17177
121204,17101,17167
294934,17110,17173
121079,17114,17175
92316,17120,17175
77278,17121,17182
195721,17121,17184
344176,17123,17184
166263,17226,17319
197537,17243,17304
166264,17399,17488
151186,17746,17829
206061,17753,17809
388074,17753,17828
287905,17757,17819
30355,17758,17810
57801,17760,17830
331718,17760,17849
386728,17782,17856
28315,18583,18632
116300,18583,18634
236063,18583,18636
100921,18835,18908
295783,18858,18909
30728,19212,19282
192980,19225,19277
122344,19309,19386
181105,19636,19707
6383,19801,19876
72318,19832,19889
5253,19849,19913
316994,19996,20057
286960,19998,20061
287904,20011,20077
46901,20370,20434
4156,20371,20432
212290,20475,20547
61414,20493,20560
222181,20502,20558
5882,20632,20698
222246,20644,20705
140723,21060,21125
88068,21227,21290
273255,21227,21303
264896,21228,21294
213935,21231,21305
337605,21234,21332
332131,21235,21305
403849,21235,21315
153268,21242,21306
293240,21245,21314
361338,21249,21338
400223,21547,21614
172005,21548,21598
252122,21549,21602
124580,21555,21628
169075,21557,21620
122483,21588,21677
37019,21610,21678
81168,21631,21698
276940,21632,21696
280640,21636,21686
276294,21638,21703
53026,21701,21763
20044,21833,21909
41576,21847,21910
214549,21848,21891
214550,21849,21926
345776,21872,21963
345777,21873,21977
6619,21901,21999
397089,21926,22001
270687,21929,22006
132904,21933,21999
26545,21936,22002
271329,21939,22014
19250,21939,22028
39635,21942,22021
175278,21945,22037
319725,21947,22019
369874,21950,22020
112868,22139,22206
315956,22145,22203
237538,22155,22206
159689,22174,22226
381533,22458,22540
133926,22559,22645
285679,22572,22633
203671,22572,22657
339363,22574,22636
127653,22579,22665
355995,22581,22664
203304,22584,22648
290435,22586,22646
7753,22591,22652
284551,22637,22712
234049,24340,24392
204278,24479,24542
224100,24480,24552
384188,24489,24545
25763,24716,24781
302863,24732,24802
147289,24757,24815
375038,25029,25082
345253,25031,25090
260955,25111,25169
138854,25124,25197
128168,25192,25253
392386,25201,25258
159687,25203,25269
63754,25354,25420
61415,25471,25524
273182,25473,25524
264594,25473,25537
155547,25475,25536
211429,25481,25542
234059,26271,26338
307431,26272,26335
85871,26278,26340
223361,26280,26344
166265,26288,26350
329707,26295,26350
289823,26305,26346
323351,26547,26605
303316,27391,27458
85820,27918,27974
