397,452,519
249869,515,584
155278,960,1033
276424,961,1036
22331,963,1038
101888,964,1036
232620,965,1028
75902,967,1028
220076,967,1037
171560,971,1034
127285,973,1030
344487,973,1036
209663,975,1032
173016,976,1026
226995,977,1037
21203,1510,1581
12183,1510,1600
293556,1511,1574
79786,1515,1602
320814,1527,1577
91401,2242,2287
276612,2248,2293
19164,2842,2894
376120,2844,2904
408782,2847,2904
222764,2848,2899
396520,3468,3517
4409,3590,3641
291174,4359,4429
22391,4369,4444
291453,4371,4437
261561,4392,4448
110440,4394,4449
102333,4464,4543
129752,4476,4529
63950,4486,4553
104976,5226,5290
298093,5427,5482
398062,5427,5484
59164,5440,5499
17443,5577,5653
276611,5588,5649
263963,6512,6597
43699,6578,6651
137109,6580,6649
368184,6581,6668
234204,6582,6646
344495,6582,6655
379599,6591,6686
408156,6597,6658
376121,6598,6665
56618,6599,6669
207564,6605,6667
337425,6606,6677
299924,6606,6684
196131,6610,6671
401568,6611,6682
76420,6615,6668
364037,6615,6681
401569,6618,6683
299923,6620,6684
84997,6623,6684
253090,7050,7111
309572,7154,7216
311744,7425,7476
127044,7425,7485
127426,7432,7496
124965,7432,7506
388567,7433,7483
215423,7445,7506
10956,7536,7597
21222,7537,7599
141638,7553,7595
131069,7575,7647
292349,7602,7648
154134,8261,8323
134729,8987,9035
94589,8987,9040
349635,8987,9065
119403,8988,9049
37413,8988,9071
187124,8989,9079
198663,8990,9055
114739,8990,9060
37544,8990,9068
183964,8991,9109
116089,8992,9066
335182,8993,9061
251903,8993,9077
183965,8993,9107
23467,9000,9081
75638,9001,9072
63936,9002,9082
281554,9007,9081
161816,9009,9072
156314,9009,9079
163683,9011,9080
243806,9018,9079
2958,9025,9092
226200,9026,9101
49198,9037,9100
253091,9039,9104
63557,9041,9103
366665,9045,9098
251593,9045,9107
358986,9045,9110
102369,9047,9108
119404,9342,9403
71196,9849,9891
92202,10103,10169
330009,10107,10169
225998,10111,10169
342164,10112,10168
63426,10597,10665
365486,10701,10789
102137,10702,10773
11505,10718,10783
5034,10719,10781
68587,10728,10780
7162,11009,11079
183963,11016,11079
352679,11017,11078
38324,11017,11096
84492,11018,11079
29762,11018,11111
127064,11019,11074
44751,11020,11081
159031,11022,11101
17444,11024,11080
151893,11030,11121
98397,11032,11098
396160,11032,11120
218444,11037,11099
26720,11056,11121
316636,11214,11278
309980,11240,11328
23429,11241,11287
2520,11245,11324
192718,11247,11313
393446,11248,11312
334475,11250,11318
335655,11251,11316
20866,11252,11320
112752,11252,11324
106811,11268,11342
45632,11286,11367
19009,11337,11417
370380,11476,11556
331895,11483,11547
362955,11500,11552
304785,11851,11925
47167,12045,12104
178563,12058,12119
2379,12061,12117
335047,12090,12153
202065,12308,12360
49598,12316,12360
408747,12324,12409
172614,12332,12397
356392,12504,12562
354632,12537,12598
351723,12627,12683
20285,12631,12691
401375,12631,12695
57272,12633,12691
182507,12635,12698
285331,12810,12863
152409,12813,12863
401322,12824,12893
93025,12834,12891
141637,13158,13221
308882,13167,13252
311743,13299,13354
324964,13306,13356
311745,13309,13357
145249,13384,13441
102332,13694,13781
331896,13713,13786
81200,14136,14200
1678,14153,14200
76421,14407,14514
80289,14409,14474
216378,14422,14493
194447,14485,14562
235829,14489,14564
1677,15570,15644
147091,15571,15652
49673,15575,15655
69469,15577,15657
270417,15579,15643
292874,15582,15651
29816,15584,15648
378835,15585,15642
216239,15589,15643
249173,15613,15668
135626,15643,15726
178564,16285,16364
136240,16305,16370
308881,16320,16370
300889,16873,16930
291034,16873,16932
389326,16874,16922
111190,16874,16935
79749,16874,16939
98011,16874,16943
161817,16989,17058
37413,16991,17062
242115,17003,17065
115216,17003,17067
226199,17015,17065
245913,17021,17087
82054,17149,17218
374374,17151,17217
211701,17174,17234
292873,17179,17228
240907,17315,17383
314325,17344,17407
375080,17389,17455
122358,17583,17644
135988,18060,18111
148246,18061,18108
240908,18065,18114
197115,18257,18339
363393,18935,18984
66766,19187,19231
115217,19729,19783
30267,19737,19780
102138,19738,19779
223694,19991,20059
56541,20076,20136
398939,20076,20138
219259,20400,20461
63951,20625,20701
235830,20644,20711
289197,20963,21041
349800,20982,21052
262322,20991,21052
2303,20993,21050
5035,20998,21039
194170,21186,21272
4629,21198,21270
200956,21649,21714
189850,21649,21740
219954,21650,21713
299928,21653,21715
203338,21655,21724
254268,21670,21735
295230,21672,21736
214400,21678,21732
233278,21679,21750
144433,21680,21735
319340,21681,21744
293052,22127,22175
325791,22130,22195
393582,22130,22198
63952,22133,22200
83734,22204,22287
115218,22211,22305
19690,22221,22282
139003,22222,22284
49268,22223,22306
14487,22225,22298
136817,22226,22324
39324,22230,22293
274741,22233,22294
118706,22233,22302
135625,22234,22305
34489,22234,22319
240909,22236,22309
159842,22237,22306
37518,22238,22303
144432,22240,22309
232621,22240,22313
78075,22241,22302
324965,22248,22327
389732,22250,22348
309813,22251,22318
232623,22256,22337
389733,22256,22359
116328,22257,22325
335048,22262,22324
45856,22267,22331
232829,22271,22333
206436,22274,22342
216305,22276,22339
62836,22276,22344
227991,22278,22340
23948,22281,22331
232622,22287,22349
350713,22299,22361
226239,22314,22380
298136,22509,22575
56619,22510,22581
210134,23768,23833
218667,23775,23852
166798,23778,23844
348352,23781,23852
126120,23787,23852
325545,23801,23868
16698,23802,23868
