393075,1112,1187
158338,1130,1186
181813,1345,1412
41147,1346,1408
41148,1347,1415
161002,1349,1410
123769,1349,1417
30240,1350,1412
213282,1355,1417
253010,1359,1422
219058,1577,1638
159376,1673,1748
107778,1974,2052
115240,1985,2054
68517,1990,2046
304434,1996,2071
304576,2068,2130
117201,2131,2194
247859,2213,2288
5178,2218,2287
250018,2223,2288
269461,2229,2289
64162,2230,2293
94005,2232,2307
396681,2238,2298
191710,2239,2313
9300,2246,2310
184393,2508,2577
381047,2572,2659
176789,2599,2675
8565,2610,2698
190555,2613,2674
285615,2629,2698
275501,2637,2716
66620,2646,2717
275502,2653,2716
162724,2677,2720
288376,2782,2828
119329,2853,2916
369607,2864,2918
295364,2977,3044
317908,2979,3046
244494,2983,3047
171962,2986,3047
151420,3076,3124
16852,3543,3650
353189,3543,3659
27238,3546,3607
34691,3548,3601
210926,3548,3624
261155,3548,3629
25101,3549,3600
44365,3549,3606
387838,3551,3659
134408,3556,3660
143252,3557,3621
69381,3564,3652
206482,3565,3636
327885,3565,3658
301977,3565,3661
359562,3566,3639
16683,3566,3654
186361,3568,3637
342853,3571,3651
66112,3574,3638
47966,3574,3659
134407,3581,3660
47967,3582,3666
153361,3584,3677
244355,3587,3648
47968,3593,3674
216669,3596,3660
51121,3597,3666
16853,3598,3680
108730,3599,3675
3198,3610,3682
222001,3613,3677
301975,3613,3691
192749,3614,3678
207070,3615,3685
44566,3621,3691
353989,3634,3692
365030,4025,4088
4503,4028,4088
257880,4031,4088
215196,5254,5315
33244,6886,6949
172002,6895,6964
34899,6902,6964
301976,6904,6978
35322,6906,6983
103441,6911,6974
269453,6912,6992
303522,6914,6977
285616,6914,6995
155756,6916,6977
148632,6917,6978
26158,6919,6998
109722,6920,6981
73856,6920,6991
5179,6922,6984
44366,6923,6991
201973,6923,6995
247610,6929,7007
400138,6932,6995
44367,6933,7006
51119,7108,7197
189181,7110,7196
92791,7113,7194
262569,7114,7212
244083,7121,7197
308877,7129,7188
300941,7131,7196
51120,7140,7203
69476,7143,7196
4502,7171,7250
239090,7178,7241
38425,7178,7256
241922,7178,7264
247270,7184,7246
49240,7188,7263
185556,7193,7258
283833,7196,7255
48074,7382,7453
118151,7659,7723
53811,7660,7732
29489,7664,7726
155505,7667,7733
289237,7685,7728
59539,7842,7901
110035,7844,7900
110038,8083,8134
7972,8352,8407
64067,8352,8411
232162,8352,8421
407491,8354,8423
385477,8372,8436
239305,8372,8447
394897,8373,8450
274888,8384,8447
222049,8483,8525
222050,8803,8877
398997,9173,9231
326698,9368,9472
26159,9386,9468
116300,9396,9462
279268,9640,9692
41419,9813,9876
343251,9839,9907
291099,9843,9912
6341,9843,9923
283908,9861,9912
223928,9862,9934
302342,9872,9947
310112,10083,10128
110037,10323,10378
66558,10460,10524
43028,11151,11228
276675,12636,12697
190554,12639,12691
284865,12882,12949
47742,12885,12949
231976,12885,12958
318630,13084,13127
73855,13383,13436
10076,13517,13573
382979,13520,13587
58004,13520,13595
53967,13525,13589
353325,13529,13591
12571,13545,13609
198988,13582,13667
198987,13588,13667
134715,13607,13666
204594,13607,13668
209368,13610,13665
150629,13705,13775
222051,13710,13772
135778,13710,13781
33273,13716,13790
310113,14166,14234
402537,14168,14229
110036,14173,14227
90554,14244,14327
65735,14254,14328
126424,14261,14341
106660,14265,14331
46748,14267,14338
216668,14270,14370
49035,14271,14343
126425,14271,14347
188835,14273,14360
248868,14274,14350
10119,14276,14344
6743,14276,14361
6744,14276,14365
248867,14278,14359
188488,14281,14353
304406,14293,14349
36361,14294,14352
234075,14294,14375
176500,14295,14405
169372,14296,14384
176683,14303,14364
215172,14305,14402
95463,14306,14370
319610,14307,14366
276552,14307,14384
385760,14308,14381
187661,14310,14372
401972,14310,14379
113639,14312,14385
110058,14313,14374
241921,14313,14379
192750,14313,14382
357535,14314,14377
128840,14317,14386
185702,14320,14403
404168,14322,14385
290926,14322,14398
191174,14325,14398
403500,14329,14397
272053,14336,14399
96129,14340,14383
192486,14340,14386
236534,14506,14557
220547,14627,14692
391087,14630,14691
7972,14633,14691
172972,15279,15345
233725,15280,15371
171073,15289,15375
352593,15291,15385
368720,15292,15357
276553,15293,15353
22382,15295,15369
155831,15298,15363
48464,15303,15381
355936,15306,15381
310114,15314,15382
89479,15318,15391
244356,15404,15446
400139,15845,15909
73854,17003,17058
357536,17107,17184
132690,17108,17174
257013,17109,17172
49371,17110,17174
174230,17110,17188
41731,17118,17190
249075,17122,17182
57194,17141,17211
11487,17590,17655
284993,17782,17864
284994,17786,17880
44368,17808,17871
290452,17815,17880
23640,17818,17881
159377,17839,17944
247609,18015,18074
398289,18015,18081
285617,18101,18166
407738,18108,18166
309733,18431,18494
357534,18432,18486
323209,18434,18490
71525,18575,18625
37240,19133,19211
125765,19135,19213
57834,19136,19189
239104,19139,19203
402164,19139,19206
398558,19140,19220
131294,19144,19221
139854,19581,19642
303523,19590,19657
306154,19771,19832
127572,19774,19836
49632,19774,19839
48993,19776,19833
181726,19776,19838
41896,19779,19846
306118,19780,19831
370698,19780,19856
64068,19781,19838
144291,19781,19843
39584,19782,19836
51900,19782,19842
392585,19783,19844
180425,19783,19846
121312,19783,19855
365031,19788,19854
246534,19789,19852
297362,19790,19855
373282,19791,19849
99168,20123,20174
126891,20123,20188
375409,20130,20247
96515,20141,20198
254280,20160,20212
15642,20688,20754
298665,20693,20754
127571,20698,20760
173024,21625,21685
356797,22587,22640
57195,25033,25087
407492,25560,25619
39406,25565,25627
7885,25581,25642
244733,27221,27320
216667,27287,27348
388000,27418,27482
375112,27915,27976
244733,29202,29288
