253270,159,215
376262,162,233
224804,170,218
135579,187,243
188365,331,407
318977,331,416
336602,332,409
254957,335,405
137,352,416
342655,352,420
74479,366,417
217578,546,611
91211,553,596
167198,642,711
394385,642,730
151034,645,707
298604,648,716
320146,650,714
139499,650,758
258437,651,715
187566,652,736
235984,653,719
408403,654,712
186619,656,736
192034,659,734
264945,660,737
329184,660,744
86847,660,755
39012,661,732
101941,664,712
3789,666,736
10890,669,736
303355,669,748
61884,670,779
187565,672,738
264947,680,745
212629,684,748
50590,689,778
388574,692,779
81471,692,792
106298,695,765
296018,698,778
376261,702,783
252339,713,792
44236,714,788
99805,714,804
360515,719,778
390866,721,781
85966,726,786
356933,726,793
351725,730,790
337771,739,788
124971,892,969
292685,894,965
212541,896,959
279702,896,961
343549,900,952
358810,900,968
60091,906,967
337565,925,975
308777,1097,1148
218533,1147,1218
92539,1155,1219
187568,1233,1301
100928,1256,1338
146071,1261,1337
372932,1265,1336
10287,1270,1335
354894,1275,1335
318468,1276,1336
135578,1278,1336
224378,1279,1331
227344,1283,1336
45150,1754,1801
116364,1754,1807
52899,1775,1834
89102,1871,1922
141496,1941,2005
69877,1967,2029
218535,2180,2274
161497,2193,2239
187567,2200,2274
81478,2341,2430
316125,2346,2437
343551,2366,2437
264948,2369,2432
178326,2372,2440
280021,2376,2438
218534,2382,2470
373022,2419,2487
81477,2524,2577
56661,2535,2582
126831,2538,2581
392394,2565,2628
218532,2591,2672
218533,2597,2670
20031,2611,2693
292681,2628,2709
372934,2629,2711
374774,2632,2695
335368,2633,2710
7289,2638,2711
308778,2640,2714
224377,2643,2710
145916,2651,2699
141495,2657,2718
399974,2714,2784
216193,2715,2776
141839,2717,2778
161498,2725,2795
332786,2726,2787
113408,2726,2789
392393,2732,2795
137581,2733,2779
223469,2733,2797
27732,2740,2781
364995,2740,2793
138382,2744,2792
62185,2755,2811
279703,2835,2898
335966,2996,3059
9073,3004,3073
348474,3005,3053
242813,3005,3071
207372,3018,3078
104859,3021,3082
37491,3354,3407
356980,3358,3422
218532,3604,3681
343548,3616,3673
217067,3712,3786
374859,3729,3835
292684,3795,3858
296015,3922,3971
104258,3936,3985
9074,4041,4129
240531,4043,4119
188364,4047,4097
343550,4051,4133
81476,4085,4160
22664,4101,4175
400903,4102,4151
207373,4102,4172
392442,4103,4182
381467,4108,4184
65559,4108,4188
166960,4117,4182
194047,4119,4186
329185,4127,4188
53983,4128,4201
332788,4145,4202
381468,4147,4208
309177,4150,4205
239057,4151,4207
91,4152,4195
292680,4197,4279
118865,4430,4501
110343,4435,4500
113407,4444,4499
203725,4446,4503
239542,4452,4500
15627,4454,4523
348475,4454,4531
21351,4456,4508
402607,4456,4514
292115,4460,4511
160956,4460,4515
217579,4528,4597
31820,4536,4597
55436,4549,4597
181832,4549,4621
278696,4563,4642
69306,4658,4719
256622,4658,4726
346979,4659,4731
363226,4669,4733
194048,4680,4752
139090,4693,4762
408405,4826,4886
280023,4847,4919
340761,4979,5033
100976,4980,5056
58558,4985,5065
68802,5001,5066
31380,5003,5087
314158,5004,5058
196928,5004,5095
65320,5005,5105
149517,5006,5085
86846,5007,5099
197778,5010,5094
181830,5012,5077
73050,5016,5077
134143,5019,5109
221248,5022,5106
264946,5022,5126
309178,5023,5087
39013,5023,5100
36539,5026,5089
62184,5026,5099
280139,5028,5089
296017,5031,5102
134144,5032,5125
30192,5033,5113
9075,5033,5130
197777,5034,5095
363381,5034,5106
202902,5034,5123
124218,5035,5092
145917,5037,5097
376260,5037,5099
57515,5037,5113
298603,5037,5116
81480,5037,5133
171269,5039,5111
221247,5039,5126
53982,5040,5091
134146,5040,5109
196325,5043,5098
252838,5046,5088
54786,5047,5089
358809,5047,5117
329207,5048,5130
2127,5054,5105
81472,5055,5124
227437,5056,5121
381469,5057,5125
160959,5061,5125
227517,5063,5124
374071,5063,5126
87511,5063,5128
258436,5064,5125
374773,5065,5121
39317,5085,5141
249160,5361,5415
134145,5362,5420
101944,5362,5428
86845,5367,5416
296020,5372,5475
392395,5374,5456
296022,5375,5474
252837,5382,5457
221249,5409,5478
256621,5418,5480
280025,5418,5504
91914,5421,5496
45585,5427,5483
187948,5428,5482
101942,5429,5504
81475,5496,5548
215526,5501,5548
186618,5503,5555
101943,5503,5567
218535,5557,5638
224376,5589,5667
335367,5592,5669
191982,5613,5662
65560,5627,5690
100930,5661,5717
192035,5662,5726
195548,5675,5761
218534,5678,5754
356716,5988,6047
327837,5988,6057
157342,5989,6055
114505,5992,6057
46562,5998,6066
399187,6004,6068
86844,6006,6076
27934,6007,6071
99804,6012,6079
106178,6013,6075
65319,6015,6077
145915,6251,6333
53984,6253,6314
78990,6255,6339
249161,6558,6640
121688,6562,6633
332789,6563,6623
224375,6564,6618
178324,6567,6648
219869,6569,6618
54787,6572,6621
92760,6572,6651
69878,6576,6670
86848,6577,6628
408406,6577,6638
197779,6578,6650
215524,6580,6649
332787,6581,6653
249163,6779,6833
308779,6783,6854
181831,6789,6858
178323,6790,6852
134142,6791,6834
372933,6799,6870
358811,6802,6898
27848,6804,6869
99059,6817,6878
60092,6817,6918
215525,6820,6885
223470,6826,6886
280024,6830,6893
296016,6835,6934
302212,6838,6928
98094,6838,6934
224379,6842,6930
134147,6843,6926
239541,6844,6923
388575,6847,6915
10559,6848,6913
332791,6848,6939
56662,6850,6927
30717,6851,6912
118864,6851,6916
309180,6851,6922
87684,6852,6925
139500,6855,6921
174369,6856,6918
346584,6858,6943
346585,6858,6952
161496,6859,6916
292682,6864,6925
240528,6867,6951
240529,6867,6957
65558,6871,6960
186851,6872,6914
86849,6873,6934
9650,6877,6968
292679,6888,6976
63777,6889,6951
156450,6893,6957
240530,6899,6969
91930,6967,7029
81479,7064,7115
60090,7064,7125
191983,7065,7112
343552,7247,7310
309179,7248,7301
316126,7250,7312
258439,7255,7317
258438,7265,7351
100929,7308,7364
292683,7365,7423
181833,7375,7440
296021,7376,7448
66967,7384,7433
388576,7384,7447
186620,7386,7442
82466,7389,7440
236329,7899,7942
354895,7945,8044
316128,8145,8225
316127,8151,8208
65452,8153,8207
239056,8244,8304
131620,8322,8383
145914,8329,8391
296019,8329,8406
198137,8330,8398
94016,8370,8421
44210,8730,8774
278697,8844,8893
118353,8913,8998
252835,8916,9014
163798,8921,9010
81473,8921,9015
372935,8925,8995
13494,8930,9010
227438,8942,9007
280026,8944,9011
86850,8945,9008
332790,8945,9014
81474,8951,9013
249162,8951,9022
134141,8952,8997
193057,8952,9014
166307,8959,9012
178325,8976,9046
101945,9019,9080
135580,9211,9267
408404,9233,9287
339608,9249,9316
145918,9252,9312
264949,9256,9321
252836,9257,9322
55435,9261,9322
157343,9263,9310
303354,9266,9317
280022,9269,9322
256623,9272,9314
65321,9274,9317
35489,9275,9322
