158141,180,252
280524,186,274
126151,194,270
4597,196,260
106027,198,249
197161,198,253
178480,199,252
894,200,268
55992,201,249
294414,201,274
39900,202,272
172677,203,275
895,203,284
181506,204,265
320022,205,274
28902,206,250
333462,207,276
121887,208,272
194675,208,287
371603,210,272
300243,211,275
271751,228,289
397,398,470
317864,399,521
283946,399,526
10903,400,488
172676,401,516
35636,403,495
129542,403,503
279670,404,492
259910,405,488
291124,406,509
289602,412,527
218592,413,498
2254,420,521
120365,421,526
319824,424,504
396024,425,530
21548,426,505
36159,426,550
357478,448,519
151471,448,558
329119,452,563
4671,461,578
36069,463,526
152408,470,571
55993,471,578
101836,473,554
338373,473,558
379844,473,591
105493,474,573
203807,476,577
56473,476,588
338372,478,599
182846,479,578
222230,480,595
299069,484,609
371630,517,624
379845,519,635
5245,519,643
356159,521,626
219249,522,617
236470,528,620
399788,534,620
653,536,635
298686,541,634
79699,541,647
26573,543,608
1305,551,632
199869,557,628
299010,558,662
137,568,633
177568,589,658
319896,593,712
188663,606,709
276797,627,710
157150,634,713
57056,646,709
260939,648,717
177569,651,718
264891,708,785
70127,719,794
214443,720,790
318295,723,788
91042,725,790
323553,726,797
132137,726,842
155368,727,805
220464,730,802
400210,733,795
180164,733,801
5244,735,803
87243,736,797
203806,736,850
178142,745,836
23199,746,823
65059,1063,1118
399787,1063,1121
11979,1063,1128
377552,1063,1134
231485,1063,1142
328589,1066,1131
161041,1066,1141
5246,1067,1125
305928,1068,1158
294038,1121,1191
222231,1224,1321
196834,1226,1289
38019,1227,1279
348363,1228,1276
106028,1260,1323
64371,1265,1361
7206,1273,1332
155188,1276,1373
269240,1279,1345
313111,1289,1381
250017,1324,1397
216295,1332,1398
93207,1339,1393
456,1341,1398
146082,1342,1396
245081,1493,1558
132136,1496,1603
269895,1505,1579
132135,1509,1620
103463,1510,1574
265133,1511,1573
297919,1514,1621
33551,1522,1605
174840,1533,1617
280557,1534,1615
184194,1544,1606
287677,1547,1610
245080,1548,1611
32251,1550,1611
32252,1552,1613
203808,1557,1618
182673,1559,1629
46106,1559,1644
143009,1560,1621
61400,1560,1624
61399,1564,1625
308126,1565,1629
262830,1570,1638
307241,1571,1635
208969,1573,1637
101835,1576,1639
896,1576,1645
72467,1578,1639
36733,1579,1642
389524,1587,1652
399029,1591,1661
346736,1591,1674
279701,1596,1672
163163,1914,1973
382513,1988,2076
267370,1993,2057
382514,1997,2066
152406,2001,2065
152407,2001,2076
13226,2011,2072
147408,2011,2088
4595,2012,2079
228007,2022,2087
111786,2024,2088
251487,2182,2282
228724,2182,2290
203805,2183,2276
75867,2186,2252
344365,2191,2263
131391,2194,2291
8785,2200,2260
4596,2200,2273
125342,2201,2263
328121,2204,2270
236769,2206,2294
181149,2213,2282
231484,2219,2266
169695,2232,2303
367688,2890,2954
317189,3031,3098
186563,3036,3123
397004,3043,3109
352496,3116,3175
297347,3126,3216
231486,3127,3190
49433,3127,3193
397588,3127,3201
130451,3127,3209
278453,3127,3220
21978,3131,3196
346520,3138,3227
46107,3144,3196
96182,3147,3229
148171,3149,3235
279757,3152,3197
395443,3156,3198
235276,3164,3219
276552,3167,3224
67297,3266,3327
87940,3272,3348
249841,3275,3343
197160,3276,3339
179539,3276,3341
137115,3282,3344
329120,3286,3348
271592,3415,3484
101409,3422,3491
52556,3424,3490
62720,3432,3484
32246,3433,3492
403762,3436,3485
363719,3786,3844
99770,4714,4789
18297,4719,4792
208795,4736,4789
45816,4737,4795
106302,4739,4825
185513,4743,4798
276796,4748,4845
390896,4752,4828
278454,4757,4824
289581,4759,4825
203809,4760,4828
178807,4761,4821
60551,4770,4830
280556,4781,4847
185514,4783,4845
361619,4885,4931
78633,4886,4986
284110,4888,4942
361620,4894,4965
328588,4894,4969
45265,4894,4988
192650,4895,4997
129233,4898,4984
359941,4921,5016
103462,4922,4990
313112,4922,5007
398015,4926,5023
33688,4933,4984
166211,4933,5003
55424,4934,4999
7350,4937,4996
53101,4937,5004
75868,5116,5167
6458,5212,5261
188400,5271,5338
38018,5307,5382
201492,5440,5506
9483,5509,5563
163162,5515,5567
224190,5533,5578
351563,5654,5715
382611,5851,5910
254433,5908,6034
315655,5912,5965
27382,5916,5980
236633,6273,6346
93800,6282,6347
281629,6302,6364
233496,6761,6822
385510,6776,6844
349778,6782,6847
103464,6786,6852
7910,6862,6910
162522,7250,7312
179655,7257,7334
371863,7271,7320
257129,7273,7333
276091,7278,7345
248932,7286,7368
233209,7296,7341
375902,7413,7506
14547,7442,7506
287678,7442,7514
254431,7442,7529
314839,7443,7507
150083,7444,7499
187635,7457,7514
292004,7629,7706
254431,7674,7766
348113,8066,8130
28744,8079,8141
254430,8085,8177
105122,8131,8179
254430,8270,8342
122424,8296,8347
360216,8396,8442
113185,8494,8569
65150,8721,8780
234867,8726,8787
128791,8858,8921
223443,8996,9049
78555,10579,10651
116091,11118,11192
343878,11120,11187
154485,11125,11192
63928,11214,11278
101837,11334,11427
268076,11347,11429
216573,11349,11463
72468,11351,11423
203319,11354,11398
225619,11354,11402
296198,11357,11418
4670,11357,11466
217538,11370,11427
46108,11390,11460
6652,11394,11463
133797,11397,11464
46109,11404,11465
251488,11405,11463
150665,11405,11468
323925,11408,11465
309021,11632,11697
173486,11637,11707
292003,11638,11695
356158,11638,11710
311721,11644,11698
297920,11647,11699
73895,11652,11702
297522,11654,11719
219250,11657,11718
72139,11666,11739
197159,12094,12159
293409,12249,12301
246849,13045,13098
323034,13059,13122
347433,13519,13574
95360,13796,13862
59063,15044,15101
352497,15584,15645
181507,16593,16695
154486,16602,16673
346567,16605,16674
301898,16607,16670
51340,16793,16859
356067,16805,16867
210650,17700,17759
131392,17700,17762
71469,17700,17792
213675,17707,17769
319897,17714,17778
250919,18077,18123
51341,18391,18440
264629,18391,18449
49973,18395,18448
86489,18396,18467
239393,18408,18467
137151,18599,18657
6331,18615,18675
357145,18950,19037
404874,18993,19049
214444,19150,19214
36160,19188,19257
118765,19246,19318
171958,19382,19442
377801,19403,19472
104267,19656,19699
37514,19987,20038
338706,20127,20209
246040,20133,20194
230974,20163,20220
408147,20247,20335
184938,20250,20309
105171,20256,20331
305007,20267,20349
9404,20268,20330
339378,20269,20332
210993,20286,20343
7112,20379,20452
404875,21017,21066
61566,21785,21835
158142,21785,21850
249506,21795,21860
346735,22212,22274
130452,22393,22451
31239,22394,22450
101115,22397,22452
55747,22401,22449
404291,22402,22454
73589,22619,22669
73588,22620,22670
254432,22623,22743
155187,22776,22837
239691,22902,22967
112309,23052,23133
163165,23061,23117
264630,23110,23164
17643,23751,23820
76552,23758,23822
61116,23760,23820
396009,23761,23814
3567,23880,23929
227390,24091,24149
210522,24091,24153
245083,24097,24153
21792,24103,24146
60696,24103,24162
16141,24124,24178
168830,24247,24290
254433,24425,24549
103697,24446,24511
373291,24448,24514
130966,24450,24515
404292,24494,24549
163164,24499,24547
147193,24518,24608
86490,24547,24608
167887,24772,24839
252777,24776,24830
157410,25145,25208
256097,25149,25213
225964,25152,25208
162523,25152,25220
183619,25161,25226
282993,25179,25248
154228,25183,25239
243169,25186,25250
4672,25189,25252
187241,25691,25745
103465,25753,25815
160704,25780,25844
85129,25942,26015
219696,25944,26009
256907,25947,26014
16140,25947,26019
260736,25957,26003
141946,25958,26011
301930,25961,26052
334482,25982,26054
33689,26450,26508
318182,26780,26823
397584,26820,26884
219251,26827,26890
245082,26834,26907
25741,26837,26925
276553,26848,26909
245149,26917,26978
194607,26989,27079
194606,27007,27079
171568,27010,27089
162519,27012,27082
331718,27012,27102
311720,27013,27066
245166,27207,27285
51020,27212,27306
253804,27269,27364
174487,27495,27543
323591,27586,27643
251489,27589,27649
254432,27610,27732
69297,27746,27821
314840,27758,27814
368664,27818,27867
205978,27822,27868
68232,27822,27876
56488,27874,27931
60275,28288,28357
233497,28299,28344
393826,28305,28371
295043,28307,28365
297348,28309,28368
234329,28316,28362
88462,28700,28746
32981,28791,28857
207163,28794,28855
14530,28816,28902
107043,29540,29604
347431,29751,29814
261384,29760,29821
203271,29765,29832
