325262,464,526
295908,467,529
48227,474,528
92923,474,541
153485,480,522
213072,480,547
279662,490,537
66966,774,841
165405,845,912
165405,1005,1082
267431,1032,1091
128227,1065,1107
400002,1065,1115
205828,1066,1118
77935,1134,1195
380085,1785,1832
387342,1790,1832
219519,2018,2090
305469,2031,2089
287792,2036,2091
325261,2040,2091
333387,2044,2098
27122,2624,2693
165611,2681,2746
220388,2686,2766
271149,2694,2758
213070,2695,2756
303,2695,2760
316320,2696,2757
325263,2697,2761
222760,2711,2789
316225,2713,2778
213071,2719,2791
153790,2720,2782
333387,2721,2776
85244,2956,3041
293951,2957,3013
244799,2957,3039
382513,2968,3055
380629,2980,3042
395014,2982,3043
395013,2989,3052
213068,2989,3057
282326,2991,3059
282784,2991,3078
348525,2992,3053
220389,3009,3078
245476,3085,3148
48228,3093,3156
148024,3095,3157
255284,3095,3160
348653,3096,3159
143328,3105,3172
219379,3214,3259
398298,3215,3277
408688,3215,3279
358049,3216,3281
331181,3217,3273
41017,3220,3284
114101,3530,3585
312491,3864,3920
237020,5031,5112
385504,5033,5115
140540,5040,5108
79162,5044,5104
327524,5044,5107
121350,5045,5113
282736,5048,5113
153709,5050,5115
134193,5057,5122
317826,5060,5118
132919,5061,5103
395012,5061,5122
47463,5062,5125
147337,5064,5119
365855,5070,5120
363347,5071,5122
287185,5071,5136
127770,5076,5133
293952,5077,5132
134707,5211,5272
78225,5263,5325
63393,5387,5438
136950,5390,5438
127636,5475,5548
28871,5482,5548
269153,5649,5715
371980,5652,5741
289048,5656,5712
173333,5658,5709
293953,5669,5733
217363,6133,6202
194541,6133,6227
363346,6134,6209
348524,6145,6207
316226,6152,6223
140058,6160,6223
11957,6164,6228
305470,6168,6234
192294,6170,6242
280864,6188,6255
224687,6312,6373
194542,6426,6528
183718,6431,6494
70917,6434,6496
221282,6435,6524
20480,6436,6553
169401,6439,6526
278824,6441,6514
304,6442,6522
271348,6445,6526
278825,6447,6521
381630,6449,6524
115765,6454,6519
151383,6467,6536
169400,6469,6532
96060,6471,6521
232748,6473,6559
268211,6499,6568
137785,6500,6566
102982,6628,6695
102983,6630,6694
382514,6644,6696
194543,6645,6712
62792,6651,6712
125105,6652,6733
282785,6655,6715
392264,6670,6729
338162,6741,6804
377493,6743,6806
103711,6745,6803
398657,6745,6806
118398,6859,6916
336948,6864,6926
405467,6963,7042
403174,6983,7039
11958,7155,7218
390122,7155,7221
70563,7157,7219
147336,7159,7220
92922,7339,7407
162635,7348,7421
66965,7838,7896
20479,8028,8091
81278,8062,8117
149001,8160,8214
254078,8172,8231
349061,8175,8258
201667,8217,8283
104528,8247,8289
333601,8406,8454
394913,8989,9052
404230,9257,9305
398656,9426,9520
316321,9434,9503
114595,9440,9501
353049,9441,9519
327760,9442,9500
234485,9442,9503
238380,9446,9497
38798,9457,9519
107769,9458,9521
395109,9460,9522
296069,9461,9527
94936,9464,9526
153484,9477,9557
38799,9478,9534
326337,9503,9585
333339,9514,9593
68967,9516,9580
36,9519,9588
165613,9521,9598
288543,9526,9598
200631,9537,9598
87111,9543,9598
18282,9878,9942
92379,10110,10205
282662,10127,10216
310056,10129,10220
305909,10135,10212
238109,10136,10214
196389,10494,10561
194674,10494,10592
387343,10496,10559
222537,10518,10592
238412,10520,10593
15591,10521,10581
186031,10521,10588
230727,10523,10604
269015,10525,10600
306791,10527,10592
60499,10528,10591
305472,10535,10598
173334,10543,10605
20481,10677,10754
282784,10697,10787
66967,10757,10824
55750,10757,10834
56613,10757,10848
392482,10757,10851
312490,10759,10831
165612,10759,10844
298744,10767,10859
363348,10769,10851
168706,10770,10836
404842,10770,10847
387344,10771,10832
62793,10771,10840
218177,10775,10839
117684,10780,10850
398299,10789,10846
173332,10790,10845
287237,10801,10864
195659,10932,11002
248093,10937,11000
217364,11137,11218
194544,11148,11196
57692,11159,11221
345344,11255,11338
383268,11327,11379
189837,11335,11399
349850,11340,11409
305471,11479,11561
301733,11494,11560
79163,11497,11559
213069,11498,11560
33723,11543,11614
387345,11760,11832
189462,11761,11830
725,11762,11818
125615,11781,11867
58800,11842,11908
175990,11845,11916
45077,11853,11916
380938,11945,12026
162636,12144,12206
219772,12146,12209
175991,12403,12493
56160,12404,12482
29592,12412,12476
316227,12412,12497
338163,12416,12478
59883,12417,12490
87109,12418,12511
318796,12419,12479
220390,12422,12505
287793,12424,12500
173538,12424,12513
27120,12426,12481
103882,12426,12510
404843,12427,12516
87110,12429,12511
283439,12437,12512
135582,12440,12503
303037,12441,12504
227440,12442,12506
312489,12443,12508
27121,12444,12516
287794,12446,12515
279693,12829,12884
403173,12836,12884
