76629,146,202
40428,204,278
249397,217,279
256732,220,283
139405,224,287
167729,225,282
183499,228,293
325004,233,289
115833,239,295
267,335,411
91274,335,414
200495,336,428
201898,405,545
66906,450,543
140482,454,558
147934,456,541
9610,467,555
8475,475,558
193412,477,559
123123,480,541
147933,483,535
140481,505,558
387350,622,760
226983,624,727
140484,631,692
90338,631,748
2379,632,699
226373,634,712
247883,635,756
226401,636,737
183690,637,759
16160,639,710
201897,639,782
78711,640,762
8476,640,769
368608,643,770
167336,646,750
250838,648,774
320833,652,783
176937,656,771
92624,657,788
2910,658,754
146284,659,781
247884,673,805
34746,688,805
220927,693,813
15329,710,813
10104,719,797
1305,726,812
101628,728,804
51076,733,793
137,737,806
250839,885,964
98386,894,1020
195369,897,965
250840,899,1002
222099,930,1033
250841,933,1028
142516,935,1031
20719,945,1032
151158,1077,1189
277028,1077,1193
15005,1078,1136
201896,1081,1168
98387,1081,1184
98388,1081,1201
353226,1082,1158
33114,1085,1147
1816,1086,1180
142514,1088,1143
288091,1089,1151
142515,1089,1154
127282,1090,1156
34747,1093,1166
151159,1095,1193
36106,1096,1169
1825,1101,1193
57699,1102,1160
178728,1102,1166
30675,1104,1155
52388,1106,1164
265623,1106,1167
23217,1106,1170
177166,1106,1194
375752,1107,1163
58780,1107,1197
35767,1114,1179
77554,1121,1190
267787,1243,1297
168847,1244,1307
359607,1248,1323
91881,1254,1329
173349,1257,1318
283788,1264,1337
403993,1267,1329
87946,1269,1343
190021,1273,1345
38903,1274,1351
217690,1276,1353
7344,1277,1349
321749,1278,1372
52561,1298,1356
53882,1298,1363
237112,1307,1370
266304,1309,1371
353043,1311,1368
351451,1313,1383
14762,1314,1371
129995,1320,1371
123122,1499,1571
182295,1507,1568
191536,1523,1582
110323,1777,1839
396712,1867,1932
13138,1869,1914
192940,1872,1916
383627,1876,1955
321473,1877,1940
224273,1882,1932
368609,1891,1943
177779,1895,1966
71119,1940,2007
8319,2245,2313
394203,2245,2327
173773,2246,2307
297840,2246,2317
61845,2247,2309
139404,2251,2307
140483,2251,2337
180602,2254,2315
114210,2256,2324
72058,2270,2320
50042,2272,2338
21895,2276,2326
190888,2284,2368
72722,2294,2358
400071,2296,2358
160233,2297,2360
394204,2297,2369
127665,2299,2398
64556,2309,2373
192629,2312,2373
61494,2312,2376
243284,2312,2378
35728,2313,2375
118417,2313,2400
327462,2314,2398
187352,2316,2380
293440,2320,2373
110089,2322,2406
46912,2324,2403
13845,2327,2395
265160,2328,2392
110090,2334,2413
8466,2335,2406
64253,2338,2400
51755,2340,2389
129518,2340,2396
317139,2340,2402
137133,2341,2399
292610,2344,2392
242616,2345,2399
214022,2345,2409
252958,2346,2407
338438,2346,2431
147748,2353,2429
187353,2355,2408
154019,2359,2422
151932,2360,2410
101117,2392,2447
263945,2400,2462
80812,2411,2470
317138,2686,2750
175401,2708,2776
165261,2712,2775
42988,2715,2780
153816,3003,3080
301499,3024,3079
74526,3030,3079
34208,3033,3094
20969,3043,3098
4450,3045,3099
229392,3046,3107
43528,3047,3108
324982,3116,3172
29713,3380,3432
61493,3383,3445
87611,3483,3527
168229,3489,3552
317848,3577,3632
130428,3727,3785
134801,3728,3790
153810,3743,3809
192628,3766,3845
266925,3769,3842
110086,3779,3840
55492,3904,3977
168848,3911,3965
114693,4365,4420
408564,4369,4428
348843,4438,4492
396021,4440,4549
83616,4456,4535
46911,4456,4547
124326,4456,4552
127505,4460,4538
37780,4460,4549
302633,4468,4567
39252,4469,4544
271650,4486,4547
96532,4487,4558
31523,4494,4549
197886,4499,4592
3690,4501,4552
159232,4506,4566
48564,4550,4622
383088,4554,4622
351688,4555,4618
50213,4556,4617
76200,4557,4621
115587,4559,4636
195530,4577,4639
90468,4741,4810
389884,4984,5057
111766,4991,5055
57015,5017,5092
381845,5032,5089
322928,5069,5131
327461,5074,5135
59949,5075,5137
109058,5077,5133
44800,5078,5134
83006,5356,5418
208012,5356,5422
177627,5356,5426
30801,5357,5421
42100,5358,5419
316210,5358,5424
208102,5367,5419
263362,5370,5426
368587,5373,5425
18066,5379,5437
350697,5391,5457
29240,5394,5457
45013,6232,6301
61492,6234,6285
42103,6256,6300
184479,6311,6372
386086,6317,6371
16251,6421,6486
357319,6421,6521
18779,6441,6508
379365,6447,6513
223218,6454,6522
194184,6455,6525
64575,6537,6631
47121,6539,6593
46570,6563,6631
96950,6944,7015
28140,6945,7017
8473,6948,7020
182294,6966,7055
131439,6974,7046
131440,6974,7049
393533,6982,7048
177628,6992,7053
375689,7089,7153
353492,7093,7154
107634,7406,7488
301324,7419,7489
117168,7424,7482
93582,7425,7487
4973,7430,7484
109623,7540,7586
394318,7540,7599
97093,7540,7622
310488,7541,7597
172264,7562,7626
314203,7573,7652
48562,7608,7656
56100,8055,8121
8474,8064,8131
182293,8198,8261
89376,8230,8312
213052,8243,8289
83853,8259,8318
128289,8273,8319
35727,8756,8844
7443,8783,8845
48563,8783,8874
252959,8985,9048
258858,8995,9056
52278,9032,9095
374812,9099,9168
292803,9227,9295
115015,9352,9408
24550,9354,9420
367828,9415,9501
1009,10180,10240
140468,10184,10261
47894,10188,10256
89597,10188,10259
78553,10188,10267
341944,10191,10260
1646,10192,10254
90211,10195,10259
151161,10199,10263
76604,10200,10264
236257,10201,10262
160877,10201,10289
321758,10204,10283
78710,10205,10266
315884,10207,10277
208908,10208,10262
105217,10208,10270
400072,10208,10284
235611,10209,10260
270415,10211,10284
389799,10211,10289
53363,10214,10274
80813,10218,10290
77017,10221,10284
342566,10222,10288
277679,10223,10285
221756,10242,10296
72483,10464,10510
127966,10465,10522
76201,10480,10529
75533,10487,10537
154038,10743,10835
335608,10802,10849
199676,10819,10862
177013,10912,10998
202057,10986,11053
151160,11005,11072
394317,11065,11150
387351,11081,11148
34170,11082,11146
427,11088,11150
364138,11200,11263
233331,11200,11275
352180,11201,11264
3081,11211,11273
3861,11373,11476
145877,11377,11438
331426,11408,11462
