208250,160,228
215352,171,232
175795,172,236
258809,176,229
16161,176,235
13691,180,230
191745,188,288
5936,208,288
77824,340,402
215712,340,406
72451,350,419
325783,463,559
240062,476,567
77820,523,608
281257,526,600
294055,528,603
365009,533,611
272274,533,620
240061,540,629
202508,541,613
41959,545,608
206111,548,626
115845,548,636
13111,549,634
5935,551,630
36915,551,638
175792,556,617
264230,558,620
102646,558,637
197266,560,612
97858,560,645
311406,561,649
273398,566,622
238693,570,636
110327,572,662
110329,572,666
110328,575,736
99039,581,664
151473,587,705
221416,596,695
147520,596,701
46078,596,707
167227,596,712
167228,601,718
131558,609,707
208253,612,701
2379,613,671
97864,613,718
526,613,726
340448,616,741
365258,626,744
110330,637,809
77825,639,774
376085,670,796
240063,673,795
325956,674,801
151474,675,805
653,678,794
34504,679,816
147521,682,814
30398,689,806
12686,691,812
5937,691,816
169181,696,797
1305,698,817
10104,703,784
83666,703,815
83044,710,838
134805,712,796
219128,726,796
204345,726,828
137,727,817
16522,740,813
177387,750,823
402477,753,822
809,754,813
196038,761,816
171949,777,832
289769,805,873
43641,811,880
376084,812,882
208252,822,883
36918,920,983
48033,920,985
2145,922,985
4089,1042,1111
248719,1046,1134
90437,1051,1128
325957,1054,1141
31480,1061,1175
250469,1066,1152
95485,1067,1135
926,1068,1174
90436,1070,1170
179538,1170,1249
165065,1174,1245
3789,1178,1247
281255,1179,1228
315635,1179,1296
183595,1180,1221
39382,1180,1242
167226,1181,1237
57691,1182,1244
227413,1184,1230
167229,1197,1282
98267,1201,1270
234921,1235,1299
110331,1238,1355
390016,1246,1355
70370,1252,1302
226490,1253,1298
165068,1253,1320
175793,1255,1324
315634,1256,1356
87965,1257,1347
365010,1261,1327
222413,1264,1328
87966,1265,1322
70371,1265,1345
221799,1267,1341
221798,1272,1357
120124,1273,1360
169182,1278,1353
294341,1285,1351
70372,1287,1345
35691,1296,1343
187627,1298,1354
407061,1312,1378
309940,1386,1452
20357,1618,1670
362147,1704,1759
369646,1704,1761
281256,1759,1855
191746,2149,2209
97862,2434,2524
261566,2443,2531
77823,2454,2539
354943,2720,2776
281258,2894,2957
352122,3071,3135
323585,3082,3147
407062,3186,3250
188158,3204,3285
134659,3209,3268
151475,3211,3292
179536,3213,3282
372445,3215,3283
140125,3217,3286
83665,3219,3288
381882,3222,3283
348368,3224,3285
188741,3308,3378
308932,3351,3413
186005,3355,3418
126909,3550,3626
160839,3551,3622
131557,3552,3648
177395,3556,3641
332076,3558,3652
140240,3565,3617
151472,3573,3635
202749,3574,3644
343459,3578,3641
340443,3578,3649
354942,3581,3649
108030,3583,3652
219316,3585,3653
325782,3587,3671
248381,3588,3650
343108,3590,3652
93538,3592,3653
251034,3594,3653
97860,3599,3663
110332,3599,3676
326479,3600,3669
46919,3600,3673
340444,3601,3692
191744,3602,3680
288569,3606,3702
145339,3608,3669
110333,3609,3676
240064,3612,3700
97863,3615,3676
221890,3616,3679
219098,3619,3675
11713,3621,3694
110541,3627,3673
272275,3630,3691
22102,3635,3701
63706,3780,3848
399051,3781,3846
191747,3781,3851
288573,3781,3855
249311,3783,3847
63705,3784,3836
284678,3786,3846
48426,3790,3847
36998,3793,3866
242581,3795,3865
18823,3797,3867
196039,3798,3885
110773,3799,3875
194732,3804,3869
384169,3807,3851
378379,3869,3930
112661,3869,3947
8161,3875,3937
93262,3877,3943
60479,3889,3947
304403,3892,3938
202750,3962,4029
272268,3964,4019
217290,3992,4040
175794,3993,4056
36913,4056,4128
344593,4074,4143
323888,4076,4144
101698,4086,4170
343458,4087,4150
301916,4096,4150
386826,4608,4659
240065,4718,4784
298781,4728,4774
73927,4764,4825
290999,4965,5029
282467,4966,5051
214539,4997,5058
171615,5001,5053
87437,5001,5062
318039,5003,5068
354945,5154,5248
126904,5163,5238
325958,5178,5238
184678,5181,5239
256889,5181,5244
306060,5188,5250
338093,5200,5264
291377,5254,5304
126905,5302,5395
12852,5315,5395
258810,5551,5678
110543,5556,5649
110542,5564,5683
36917,5594,5657
378380,5603,5664
362146,5603,5682
133151,5604,5685
175796,5607,5665
180413,5607,5725
30192,5608,5686
136884,5608,5719
332077,5612,5700
140124,5613,5696
40023,5613,5714
44381,5615,5687
136087,5616,5696
288570,5616,5718
292203,5617,5685
248382,5617,5723
134430,5618,5680
93540,5619,5684
174065,5619,5705
380353,5620,5681
385354,5621,5727
7891,5621,5733
11713,5623,5704
288571,5623,5735
345624,5625,5703
208251,5626,5690
202748,5627,5692
226775,5628,5723
176841,5629,5729
92942,5630,5681
288572,5630,5741
155585,5632,5696
313660,5633,5719
357282,5635,5698
327209,5635,5704
192642,5635,5724
67905,5636,5717
402035,5638,5701
97865,5638,5748
113703,5640,5702
151048,5641,5703
126903,5651,5750
286216,5653,5729
360914,5654,5777
331224,5658,5755
44932,5669,5726
147446,5670,5737
349228,5672,5736
111978,5673,5763
86570,5674,5752
229007,5686,5761
144633,5686,5803
215351,5688,5752
258814,5688,5762
376086,5688,5767
288574,5689,5754
299936,5690,5755
354944,5693,5754
198669,5697,5761
115846,5699,5763
269472,5700,5788
136883,5701,5762
100990,5701,5767
400164,5704,5766
341783,5706,5793
180842,5709,5782
12288,5718,5785
148679,5724,5817
319027,5729,5813
292564,5730,5789
262423,5730,5811
372479,5732,5838
252685,5741,5809
73928,5744,5835
282468,5745,5810
322196,5750,5811
93715,5750,5823
325959,5753,5818
265678,5763,5827
173372,5768,5826
265677,5769,5820
348181,5781,5833
376083,6039,6124
326480,6041,6090
131700,6043,6120
142673,6069,6164
186562,6073,6165
340446,6077,6178
97861,6082,6199
340447,6085,6201
203281,6089,6170
55960,6098,6180
203280,6100,6186
39535,6101,6198
165067,6102,6172
333044,6104,6165
126903,6113,6202
126904,6125,6193
150083,6129,6197
311407,6140,6201
55959,6140,6207
221795,6143,6198
99043,6161,6215
12851,6395,6490
258811,6402,6490
126905,6406,6490
110543,6409,6491
13494,6416,6490
87968,6424,6488
179537,6429,6491
43629,6533,6596
99040,6539,6595
354946,6576,6631
390995,6579,6681
272269,6584,6691
93263,6588,6673
272295,6608,6672
11930,6608,6696
97859,6610,6697
219130,6612,6708
256891,6618,6709
272271,6632,6700
77822,6635,6695
87967,6648,6728
282984,6665,6726
36999,6674,6740
288575,6841,6903
229006,6848,6959
188159,6854,6915
115847,6854,6920
362148,6857,6907
221797,6857,6927
185426,6857,6936
140126,6857,6939
100366,6857,6953
18198,6858,6930
203534,6860,6923
136561,6862,6925
372446,6863,6911
54305,6863,6918
340445,6863,6922
272356,6864,6929
117193,6865,6907
357283,6865,6917
108031,6868,6930
255,6871,6928
301799,6871,6932
185425,6871,6945
14070,6872,6934
158693,6872,6938
258812,6873,6925
406010,6873,6937
8042,6874,6929
43626,6874,6938
23296,6875,6936
43627,6876,6931
85850,6876,6934
394739,6876,6944
36916,6879,6942
72156,6880,6941
72157,6880,6946
210303,6891,6953
18199,6945,7000
407668,6956,7036
93539,6959,7038
219317,6962,7038
348369,6969,7031
54856,6975,7040
93264,6981,7036
140830,6983,7046
188157,6985,7046
188161,6995,7049
120123,6997,7049
131162,7003,7053
195218,7005,7063
36914,7005,7065
126907,7120,7189
41532,7318,7386
221891,7341,7407
364542,7468,7541
26881,7521,7575
335194,7557,7618
221796,7560,7618
346706,7588,7652
127714,7590,7651
9582,7594,7655
99041,7787,7865
147518,7812,7883
235501,7884,7941
219100,7907,7972
83326,7908,7988
148155,7911,7988
388583,7916,7983
126909,7916,7991
220772,7922,7987
212772,7922,7999
112851,7927,8008
115180,7935,7983
289343,7936,8007
56041,7938,8001
312592,7941,7998
18197,7941,8005
388584,7942,7989
29292,7944,7996
110334,7944,7999
123254,7944,8007
272270,7945,8004
269474,7955,8021
258813,7961,8025
136827,8006,8092
15925,8031,8098
208994,8055,8117
272276,8062,8124
158964,8065,8121
30399,8077,8121
99042,8182,8252
374870,8185,8254
202751,8188,8242
354364,8259,8335
119571,8285,8334
7080,8289,8337
141553,8289,8341
189376,8399,8467
272273,8405,8483
198671,8411,8486
188160,8429,8509
139380,8443,8511
60480,8456,8507
77821,8456,8520
293659,8741,8802
407669,8742,8803
93541,8745,8830
219913,8746,8822
111978,8747,8828
106714,8747,8833
14260,8749,8826
198673,8751,8825
340698,8751,8835
390996,8754,8832
180461,8757,8818
221793,8760,8814
48032,8760,8830
252632,8761,8819
255930,8763,8828
136882,8769,8873
287266,8773,8834
215353,8778,8855
38818,8796,8876
126590,8810,8872
102648,8837,8947
291403,8838,8885
43630,8838,8951
71805,8842,8951
165066,8858,8951
126908,8860,8947
102647,8863,8939
229088,8863,8949
10838,8868,8941
59892,8870,8947
63635,8872,8951
51488,8875,8942
69503,8875,8949
162073,8906,8950
167230,9147,9209
318568,9148,9239
34033,9149,9242
194020,9157,9241
171616,9159,9223
109298,9172,9234
407691,9196,9238
154499,9295,9373
48427,9297,9368
229008,9299,9363
147519,9307,9366
17608,9311,9353
256890,9704,9773
43628,9712,9774
126907,9747,9814
208254,9819,9902
11932,9838,9902
160840,9971,10035
221794,9991,10057
11931,9996,10049
106587,9996,10056
75966,9997,10071
366125,9997,10074
248384,10015,10074
41917,10090,10179
202510,10104,10181
219127,10106,10185
83667,10107,10211
219129,10109,10184
121125,10194,10272
100835,10401,10482
219126,10418,10479
43023,10422,10481
288576,10422,10501
110544,10991,11038
318569,11014,11074
403989,11073,11132
214540,11087,11155
97866,11175,11233
215355,11183,11254
126906,11186,11262
408292,11280,11334
384168,11642,11694
183596,11693,11749
388585,11975,12046
245983,11976,12042
26333,11979,12045
215354,11986,12041
369192,12021,12085
73929,12030,12081
198670,12282,12382
126908,12288,12375
311408,12291,12347
69503,12313,12376
43640,12315,12380
219099,12316,12377
360184,12317,12379
99044,12328,12391
69444,12331,12401
165563,12333,12379
110545,12386,12457
362149,12390,12480
126906,12403,12474
62595,12513,12575
348370,12515,12575
269473,12609,12653
105352,12868,12951
281259,12986,13056
198672,12986,13061
248383,12987,13039
105353,12990,13042
63634,12994,13083
202509,12995,13051
302438,12995,13074
272272,12997,13054
8041,12997,13082
99045,12998,13062
289344,13004,13077
165069,13006,13099
167201,13007,13084
5938,13007,13110
260844,13011,13080
117194,13021,13081
62914,13021,13084
217291,13023,13083
369647,13024,13077
219131,13026,13116
5939,13038,13149
385836,13048,13111
203533,13052,13116
235502,13055,13163
151476,13067,13152
