355025,127,198
95818,129,207
160274,129,222
127223,339,402
313404,343,403
360496,432,517
389082,438,514
295645,441,503
1413,447,525
202801,447,534
314084,452,525
88959,459,525
254213,476,543
271918,483,544
1410,484,535
41177,484,545
259320,486,545
90126,486,547
756,487,544
32978,488,545
236645,489,548
73503,489,551
225813,586,648
401084,586,650
361721,586,690
397,587,647
10589,588,666
2254,588,705
387696,589,662
120365,590,710
259321,647,710
18272,988,1052
55424,988,1059
236237,989,1049
142377,991,1056
275684,998,1102
926,1008,1088
926,1016,1102
5809,1024,1085
283665,1359,1434
10256,1359,1439
76814,1361,1437
257028,1364,1438
32384,1373,1437
195489,1381,1439
79333,1386,1434
100493,1388,1438
399396,1397,1442
251719,1472,1547
192224,1485,1552
1412,1491,1547
75431,1497,1559
188886,1505,1555
205158,1505,1562
248820,1516,1562
327374,1516,1591
348041,1520,1594
226075,1599,1671
19174,1610,1674
116570,1615,1678
183464,1690,1763
225812,1691,1757
211339,1711,1762
2850,1713,1764
1411,1948,1996
359612,2351,2411
7977,2501,2568
322274,2539,2597
389141,2867,2959
758,2937,3022
183462,2949,3027
58452,2950,3009
90185,2952,3017
327375,2954,3020
203901,2958,3019
158927,2962,3023
339926,2966,3007
195490,2970,3028
219814,2980,3056
175064,3333,3391
300162,3341,3398
214141,3680,3747
202474,3970,4011
1247,4138,4202
314083,4278,4354
314082,4279,4352
242110,4299,4362
167926,4336,4422
333579,4345,4419
250777,4355,4422
219399,4356,4430
236235,4370,4434
315909,4379,4441
327093,4380,4434
144,4380,4438
395343,4586,4647
214142,4586,4652
39588,4587,4660
113217,5215,5286
36157,5225,5316
239275,5254,5317
218368,5256,5331
288195,5257,5318
9537,5274,5339
192879,5279,5348
312163,5289,5352
26848,5293,5344
274914,5302,5370
380721,5336,5417
317658,5491,5554
2710,5499,5568
352394,5520,5599
88960,5523,5582
375603,5523,5614
180276,5525,5571
90020,5525,5602
14353,5525,5609
181207,5532,5596
161801,5532,5614
206004,5539,5610
274913,5539,5614
57756,5543,5618
378712,5544,5645
160394,5546,5616
283199,5550,5616
210992,5550,5631
389081,5572,5629
37898,6069,6145
295464,6075,6135
361720,6076,6139
380720,6079,6145
295646,6085,6158
332096,6088,6165
3632,6092,6135
351979,6099,6161
347362,6127,6198
180647,6139,6189
261727,6140,6206
116454,6335,6397
347660,6443,6504
30468,6444,6500
83092,6466,6522
348836,6467,6526
274336,6469,6523
160304,6609,6689
116130,6610,6670
37899,6612,6704
256444,6619,6695
292562,6625,6706
183384,6642,6709
227234,6655,6715
213003,6661,6715
134160,6670,6716
392372,6861,6927
167806,6867,6933
48897,7063,7164
37246,7140,7220
400315,7143,7208
313776,7146,7235
228312,7148,7216
199171,7156,7219
224601,7165,7237
314081,7169,7234
396484,7170,7228
26849,7172,7243
199295,7177,7221
8546,7179,7233
162693,7181,7235
359613,7188,7249
151099,7194,7261
192881,7196,7250
380711,7348,7403
235257,7434,7525
313491,7440,7495
226076,7440,7504
202802,7440,7519
376676,7458,7512
195491,7458,7519
122414,7460,7517
234534,7460,7519
333578,7464,7530
192880,7490,7585
168749,7510,7587
312162,7514,7572
29254,7516,7577
329864,7529,7589
383169,7536,7598
108588,7578,7639
1557,7613,7676
154437,7798,7884
260366,7813,7906
89749,7824,7889
380711,7877,7943
97813,7887,7944
132565,8064,8157
187299,8073,8127
76687,8075,8138
318314,8076,8160
264229,8076,8165
168117,8077,8139
1414,8077,8151
384475,8077,8163
243898,8079,8141
302238,8085,8147
20932,8086,8154
132564,8087,8179
132771,8090,8178
36351,8091,8149
235258,8104,8187
396486,8126,8191
340247,8128,8193
360295,8132,8201
11880,8134,8203
336263,8420,8473
262416,8453,8516
380714,8453,8536
94917,8470,8539
211092,8473,8538
80232,8474,8535
22027,8477,8540
164490,8479,8541
16198,8480,8538
359611,8481,8541
164489,8482,8538
389142,8497,8559
315742,8693,8735
122225,8697,8759
29255,8862,8925
290984,9068,9133
272050,9069,9123
210206,9069,9126
398171,9075,9133
199882,9384,9445
47167,9395,9447
350616,9398,9445
380722,9485,9555
117951,9492,9553
398550,9493,9575
337022,9502,9575
380714,9576,9655
116075,9603,9655
183385,9875,9938
223920,9877,9941
67417,10083,10131
201665,10495,10562
158710,10510,10565
72175,10524,10580
219400,10588,10649
380712,11165,11280
283723,11370,11443
324117,11386,11447
361722,11394,11447
340248,11493,11591
277394,11510,11553
246956,11534,11605
183386,11539,11612
236102,11547,11615
79334,11549,11617
187191,11555,11613
380712,11814,11929
111349,11895,11948
395342,11992,12057
78373,11995,12052
226077,12004,12055
340125,12004,12066
250775,12007,12054
378713,12193,12268
158928,12200,12264
257423,12208,12266
265184,12348,12412
262802,12352,12431
9375,12581,12645
274883,12607,12688
116569,12609,12670
108610,13200,13269
372048,13201,13278
319806,13201,13315
89682,13205,13290
50465,13207,13297
26617,13213,13274
257738,13221,13299
14355,13238,13300
349217,13529,13611
317659,13538,13581
91687,13629,13678
53557,13629,13685
241363,13630,13673
224602,13630,13683
24424,13630,13715
380718,13630,13735
329130,13635,13710
5616,13880,13956
272423,13887,13944
303053,13887,13956
204869,13905,13963
58110,13909,13975
333577,13932,13995
380719,14087,14188
236236,14096,14191
757,14419,14480
168748,14423,14478
243620,14426,14482
11128,14434,14495
92802,14438,14495
236239,14441,14507
116568,14441,14512
290982,14446,14530
404661,14805,14891
53080,14812,14888
183559,14817,14886
51233,14835,14897
55698,14838,14886
260789,14854,14901
333576,14854,14932
374961,14855,14916
310595,14855,14927
286298,14857,14940
164105,14858,14921
4876,14863,14925
367005,14865,14939
343437,14868,14932
97897,14881,14942
128767,15205,15277
8547,15208,15294
237644,15209,15277
225814,15213,15296
265186,15217,15304
359615,15224,15295
132139,15225,15293
119044,15225,15300
371542,15246,15308
340249,15248,15309
164346,15250,15325
144769,15251,15313
389143,15253,15307
180277,15262,15325
211340,15264,15345
362880,15415,15495
96846,15442,15505
9714,15443,15504
244023,15445,15504
383170,15446,15495
344653,15446,15510
88961,15447,15513
339927,15480,15567
248920,15526,15587
214140,15528,15602
195488,15531,15603
124790,15553,15603
247105,15878,15936
183463,15880,15936
382737,15880,15949
347822,15882,15943
360294,16439,16496
168750,16468,16514
290981,16468,16534
367470,16504,16571
340327,16522,16570
67416,16858,16903
10264,17016,17099
274334,17082,17183
312164,17100,17168
257739,17109,17209
246846,17119,17183
312652,17120,17163
162694,17121,17166
29524,17124,17190
257424,17128,17182
27984,17140,17201
148853,17141,17190
364982,17174,17256
402825,17192,17291
360365,17207,17270
242080,17298,17373
380715,17806,17927
125584,17864,17918
262631,17864,17926
344652,17882,17946
104137,18418,18481
274335,18420,18494
102585,18514,18567
361732,18528,18601
151362,18545,18617
359614,18546,18624
313492,18640,18729
375604,18650,18714
290983,18650,18724
8547,18650,18727
382736,18656,18713
271804,18659,18723
14354,18790,18871
140788,18791,18842
318917,18793,18860
318916,18793,18867
242064,18858,18938
380720,18875,18931
147826,18946,19012
50612,19388,19453
360296,19445,19559
70747,19462,19546
116567,19463,19529
55700,19467,19538
158929,19486,19569
225183,19490,19566
389083,19505,19576
375605,19518,19570
320703,19520,19578
367471,19524,19587
50464,19579,19654
389085,19588,19660
207217,19593,19660
394237,19595,19651
250776,19596,19654
178478,19597,19679
122415,19600,19655
302206,19602,19672
111350,19610,19674
305390,19612,19681
327376,19613,19674
259322,19617,19691
192252,19618,19677
16271,19622,19671
78372,19622,19681
116456,19622,19686
116455,19622,19691
79775,19624,19680
377475,19625,19694
58911,19626,19680
285386,19627,19683
295647,19631,19691
32979,19631,19693
116565,19632,19701
380717,19749,19839
380721,19760,19835
58428,19994,20039
408687,20972,21033
380715,20974,21090
35008,20991,21056
380713,21302,21378
85509,21305,21373
73861,21309,21390
262803,21328,21390
380710,21330,21426
229206,21333,21397
383171,21337,21397
103292,21360,21424
379611,21482,21535
55699,21504,21559
313405,21731,21801
80933,21744,21810
396485,21751,21811
129072,21791,21852
279720,21813,21874
380710,21820,21900
392373,21823,21879
383769,21860,21936
386896,21898,21944
147082,21900,21988
125970,21902,21974
192253,21910,22009
164553,21914,21982
58599,21919,21976
40465,21922,21983
400829,21923,21990
303495,21927,22009
3284,21929,22007
305623,21938,22023
203799,21943,22007
134276,21946,22023
344650,21949,22009
367472,21949,22025
389145,21950,22008
85148,21958,22025
359877,21963,22024
226078,21967,22052
132773,21973,22042
389084,22006,22093
286609,22037,22112
231420,22040,22116
146939,22041,22100
344005,22042,22107
95819,22042,22112
121616,22043,22114
265399,22044,22101
192877,22049,22117
274333,22049,22122
38781,22050,22102
344231,22051,22113
306505,22053,22118
299990,22060,22112
116566,22062,22151
344649,22077,22146
380718,22098,22213
382227,22103,22152
132772,22106,22197
367570,22289,22369
372148,22295,22345
278039,22295,22364
343438,22296,22395
322093,22297,22362
22671,22298,22360
205159,22298,22371
221521,22299,22361
316918,22299,22365
160305,22299,22369
377685,22299,22382
290602,22304,22354
73002,22305,22368
371067,22308,22367
317660,22310,22373
207902,22314,22382
260368,22316,22364
302239,22316,22378
6345,22317,22397
387697,22318,22384
380713,22339,22427
200596,22340,22408
192878,22431,22473
11160,22685,22730
265185,22733,22808
285800,22859,22967
311585,22865,22928
380716,22874,22990
187508,22892,22941
110382,22895,22957
117950,23210,23286
395750,23216,23281
193682,23225,23292
185856,23363,23428
89683,23380,23460
289331,23382,23449
289332,23382,23453
278492,23396,23459
121617,23556,23642
388388,23560,23670
314359,23589,23654
37899,23591,23668
292562,23596,23669
226080,23597,23667
214139,23597,23671
85526,23606,23656
2379,23606,23676
66779,23607,23661
236238,23614,23683
354108,23889,23952
205312,23905,23986
392504,23910,23975
403,23920,23991
60964,23924,23996
150038,23944,24003
352395,23969,24045
99499,23969,24051
339928,23978,24046
159291,23987,24069
400314,23997,24071
2298,24024,24079
6457,24024,24082
355026,24049,24116
102778,24049,24125
248652,24054,24139
149731,24059,24120
250774,24061,24133
333575,24067,24129
173759,24074,24140
188372,24086,24141
307630,24472,24535
207218,24679,24732
192890,24679,24757
315911,24684,24747
226079,24689,24775
257740,24706,24776
335629,24709,24772
160307,24718,24783
204576,24718,24794
8824,24724,24786
207216,24724,24788
204574,24724,24791
392505,24728,24792
204575,24738,24799
400428,24817,24878
325403,24847,24914
245121,24851,24930
313675,24859,24927
150320,24860,24950
368944,24879,24949
311038,24884,24983
380719,24889,24988
98399,24922,24989
396487,24973,25040
205157,25049,25120
11159,25159,25223
63515,25159,25233
285799,25178,25234
380722,25326,25399
212734,25481,25532
204576,25564,25622
89684,25724,25797
340328,25855,25919
226081,25857,25921
315910,25900,25964
302177,26077,26156
316435,26094,26158
191851,26137,26180
389144,26323,26397
277625,26326,26397
289623,26328,26403
214726,26329,26396
376678,26334,26401
393598,26339,26400
156908,26347,26402
295648,26347,26410
288498,26347,26412
376677,26350,26421
378714,26353,26412
292561,26354,26403
210826,26354,26414
105573,26358,26417
354466,26358,26440
349061,26374,26456
344651,26631,26690
197077,26631,26694
187228,26632,26680
382738,26632,26695
192876,26632,26717
195485,26643,26711
168751,26660,26717
248921,26744,26798
248640,27106,27161
759,27107,27157
396488,27107,27163
29256,27112,27163
241364,27397,27460
71624,27400,27460
132774,27403,27459
211091,27472,27541
332097,27473,27537
392506,27491,27561
71204,27749,27804
4006,27750,27808
380716,27757,27873
195487,27766,27816
326615,27766,27823
285802,27767,27850
325404,27769,27837
380717,27773,27858
195486,27780,27844
245120,27781,27851
212631,27785,27831
331722,27954,28021
307456,27960,28052
248651,27964,28039
150039,27966,28035
16894,27973,28053
71624,27976,28041
285801,27980,28040
214138,27985,28045
333574,28505,28554
225815,28704,28780
57301,28724,28790
156660,28724,28822
291503,28727,28780
159290,28727,28797
183465,28796,28848
2065,28923,28977
160306,28924,28973
245119,29026,29077
262804,29142,29199
300762,29150,29201
144770,29154,29223
361724,29161,29252
224603,29212,29282
51343,29229,29294
351940,29250,29316
295649,29476,29537
361723,29479,29537
2065,29482,29538
248018,29487,29537
6011,29488,29538
292563,29584,29657
