28389,61,114
54356,61,126
161996,61,132
290320,61,153
239743,64,150
8078,64,168
350129,64,174
161997,68,179
359890,83,184
304873,93,185
225506,94,145
75436,105,182
8079,105,185
290319,112,184
369548,117,185
336479,342,416
315752,343,392
178073,343,394
99109,343,403
22046,344,407
193412,345,406
42587,346,407
123454,346,412
192330,447,505
397,447,515
224004,447,543
35636,447,548
202285,447,554
18542,448,499
152722,448,533
10903,448,538
128122,449,535
389857,449,544
307341,450,503
285655,450,521
10589,454,538
268639,454,548
222999,455,545
4660,458,560
5842,468,568
95107,478,567
222693,490,566
353905,493,567
210582,505,549
193416,635,696
185041,635,724
168563,636,694
42366,654,724
129663,666,719
110502,969,1022
75851,1267,1321
205340,1480,1567
59341,1483,1539
205338,1485,1587
358434,1487,1568
37114,1496,1597
11086,1503,1575
12183,1503,1593
15055,1505,1577
182660,1507,1582
173493,1510,1574
294146,1510,1605
33240,1515,1604
224189,1516,1569
78985,1516,1578
111127,1517,1592
10256,1517,1597
253730,1518,1580
98281,1526,1595
389213,1530,1604
216814,1554,1618
72653,1555,1619
152115,1878,1942
304118,1878,1965
357414,1879,1976
72616,1880,1947
49268,1882,1972
224190,1885,1949
259031,1885,1970
334774,1891,1965
397591,1892,1974
117345,1895,1958
267801,1898,1961
147508,1899,1981
225113,1905,1968
345668,1910,1972
404250,1913,1975
222694,1918,1979
198395,2662,2742
198394,2691,2757
307340,3025,3075
346614,3027,3075
219809,3460,3512
343556,3470,3525
15601,3596,3687
271923,3600,3663
121345,3608,3673
122277,3612,3679
129786,3612,3685
38127,3618,3690
15602,3626,3687
250230,3817,3881
292964,3818,3880
268415,3820,3882
255343,3825,3880
255344,3829,3887
152113,4197,4265
159854,4209,4294
268255,4282,4344
129191,4284,4344
351784,4589,4648
238847,4592,4651
283293,4732,4779
29296,4732,4787
151582,4751,4800
51998,5246,5309
321335,5554,5648
321334,5563,5648
321660,5656,5720
105075,5672,5753
336410,5673,5744
191727,5690,5768
276175,5697,5797
303353,5726,5788
343218,5726,5821
102634,5730,5792
353089,5731,5796
115926,5731,5801
30479,5733,5794
325963,5738,5799
315753,5738,5816
359774,5740,5804
303039,5740,5823
297991,5742,5807
176685,5754,5819
150214,5759,5807
212124,5765,5806
198394,6100,6152
352750,6118,6179
91460,6123,6177
147509,6155,6224
330361,6478,6544
401730,6616,6700
212125,6630,6701
35119,6641,6711
397636,6642,6705
401731,6643,6709
4973,6645,6709
82690,6647,6709
23262,6647,6714
55368,6656,6708
264663,6663,6720
395112,6771,6835
347072,6775,6833
393307,6801,6869
145850,6809,6872
270566,7015,7098
31845,7713,7769
191726,7732,7796
130756,7735,7798
15603,7740,7811
870,7746,7813
168458,8209,8260
273131,8244,8310
72067,8246,8309
218780,8248,8334
280386,8253,8317
291225,8265,8328
296447,8268,8333
121991,8268,8349
264752,8270,8344
267742,8276,8345
121992,8279,8347
102635,8279,8353
36992,8280,8349
193413,8284,8345
143073,8287,8352
268416,8288,8354
328641,8288,8360
408283,8297,8358
198393,8299,8358
271616,8308,8355
269336,8308,8361
393306,8321,8362
224005,8397,8450
360012,8544,8596
328512,8549,8598
179904,8558,8647
113960,8563,8629
156187,8566,8621
164767,8567,8639
295355,8568,8623
13079,8568,8642
36153,8589,8643
316070,8595,8656
78228,8791,8857
193347,9124,9175
112798,9126,9177
28390,9137,9191
45663,9204,9276
254663,9217,9303
198393,9229,9296
405021,9239,9302
106904,9371,9436
106905,9372,9437
42367,9382,9442
240189,9385,9440
303041,9385,9458
301151,9440,9500
364991,9442,9509
207748,9444,9520
330163,9445,9499
175166,9459,9513
5257,9534,9602
171402,9537,9602
65111,9745,9801
361157,9750,9815
78222,9761,9814
298128,10065,10141
298127,10066,10158
109169,10074,10151
348923,10078,10155
26582,10080,10180
303038,10085,10154
255345,10097,10158
408310,10099,10168
98981,10100,10166
246198,10116,10177
129719,10116,10187
369607,10119,10187
357001,10122,10192
94504,10123,10188
107220,10129,10195
96057,10158,10232
244306,10221,10289
27405,10226,10279
381039,10243,10290
82178,10254,10316
92130,10556,10610
66185,10633,10690
253928,10948,11009
19953,10948,11027
9225,10948,11032
228962,10948,11054
59342,10949,11010
304874,10951,11016
177924,10951,11059
163858,10954,11024
67785,10955,11020
128521,10959,11041
306228,10961,11024
253927,10965,11021
271513,10966,11025
351095,10985,11046
351096,10991,11055
316848,10994,11067
204950,10995,11065
303040,11078,11151
348924,11091,11180
332737,11094,11155
78223,11167,11227
383848,11184,11262
6696,11186,11258
166087,11277,11348
83728,11338,11407
375724,11530,11603
102636,11719,11787
359482,11725,11783
47305,11749,11803
406320,12427,12496
300830,12459,12525
174182,12462,12527
255342,12465,12527
107221,12465,12529
23083,12468,12530
113473,12476,12543
221790,12480,12545
109171,12722,12766
362756,12945,12988
406321,12946,13000
359889,12947,13003
91360,12950,13003
220279,13485,13574
67784,13510,13577
279592,13518,13580
71514,13521,13589
202284,13522,13583
268256,13527,13579
11664,13530,13605
106305,13534,13576
45576,13534,13581
28085,13535,13594
405706,13549,13610
84620,13581,13637
79816,13894,13949
75850,13894,13956
38378,13896,13951
92595,14200,14241
98256,14265,14324
379609,16157,16211
113920,16158,16219
175167,16475,16537
89562,16498,16543
123948,16744,16804
95108,16751,16827
175515,16754,16820
401732,16755,16839
150729,16759,16822
353907,16761,16825
163361,16767,16837
116483,16769,16819
54050,17290,17352
152114,17291,17358
72949,17297,17362
171403,17298,17382
275483,17298,17385
45664,17299,17357
319719,17299,17378
42081,17303,17380
68484,17310,17377
150708,17312,17364
307318,17316,17379
50338,17319,17369
353906,17345,17408
311309,17347,17418
4818,17349,17425
381508,17366,17426
181442,17392,17470
279593,17426,17474
274148,17916,17994
404789,17917,17971
258464,18207,18264
109170,18212,18268
109172,18247,18308
245748,18256,18320
163360,18257,18318
319718,18625,18678
186126,18634,18684
285654,18634,18697
152112,18641,18729
198777,18651,18703
238848,18652,18719
152253,18656,18726
102637,18665,18728
133756,18669,18732
310954,18675,18751
366141,18681,18749
393308,18686,18748
198395,19493,19559
230436,19500,19559
389244,19602,19671
94827,20644,20722
179788,20644,20725
134732,20645,20707
107680,20650,20725
60714,20658,20724
370411,20659,20749
378885,20663,20733
350882,20664,20747
153888,20670,20755
9226,20671,20748
205339,20671,20761
140302,20673,20745
122276,20675,20760
25236,20676,20717
332736,20676,20725
357378,20678,20739
264994,20679,20741
8688,20687,20760
161222,20914,20973
27564,20937,21010
242444,20946,21012
152111,20947,21002
50605,20958,21019
358095,22137,22178
354193,22139,22181
194129,22478,22539
59041,23130,23204
94239,23252,23319
216813,24198,24265
25581,24202,24274
351097,24208,24275
122275,24209,24277
86497,24211,24274
66784,24220,24283
173738,24224,24283
67686,24411,24485
356349,24411,24500
244308,24425,24510
49267,24426,24524
29295,24427,24518
67687,24429,24494
240912,24429,24524
244307,24431,24514
392759,24433,24508
360803,24434,24515
39142,24435,24518
89563,24440,24512
394976,24442,24506
39140,24444,24509
297992,24445,24517
98255,24448,24511
303042,24453,24518
382772,24453,24525
27231,24455,24510
95109,24455,24516
143082,24457,24539
356348,24457,24549
240012,24460,24547
150596,24478,24541
44826,24480,24527
354192,24484,24560
212549,24487,24552
203937,24489,24556
354191,24491,24562
119013,24853,24908
352681,25232,25311
94543,25241,25310
219810,25251,25304
311898,25532,25583
114101,25602,25665
27338,25612,25693
173935,25616,25671
259942,25627,25678
45665,25686,25753
344045,25687,25735
200805,26327,26382
109835,26609,26662
335931,26612,26687
385763,26959,27014
186127,26985,27039
217563,26987,27039
91966,27069,27124
148206,27081,27129
205337,27323,27399
304552,27346,27419
270333,27348,27412
173934,27361,27429
42368,27363,27432
103996,27364,27436
128836,27369,27432
336409,27371,27422
149965,27375,27437
78505,27766,27827
393305,27766,27831
122273,27766,27847
264753,27766,27855
321162,27768,27837
202283,27773,27836
359891,27774,27838
3436,27775,27837
100522,27781,27846
171112,27782,27840
77109,27782,27847
113633,27783,27836
316071,27784,27830
235580,27784,27841
187506,27787,27837
319861,27787,27863
389245,27880,27950
15188,28820,28879
324316,28829,28907
147510,28833,28911
21011,28838,28911
6432,28841,28910
271202,28842,28904
238849,29347,29390
133464,29347,29399
82177,29352,29408
51997,29359,29407
321163,29484,29550
75011,29684,29728
39141,29705,29754
64843,29711,29781
352682,29732,29788
143074,29796,29889
107229,29834,29890
320940,29837,29898
122274,29842,29897
224093,29846,29915
193348,29856,29907
405020,29858,29920
