1305,215,305
137,230,307
158454,404,487
164423,405,450
122187,405,464
339254,407,469
158455,449,570
166020,456,548
55424,464,551
307168,475,553
239023,477,554
145268,480,556
6925,489,588
311562,492,566
926,494,585
131730,497,588
145267,509,587
60692,511,584
5809,513,581
290229,521,588
189219,710,809
274245,712,779
332498,1076,1164
372821,1096,1167
204614,1311,1373
232733,1322,1383
48095,1322,1385
134504,1323,1387
165674,1326,1403
137613,1370,1439
332492,1427,1532
225528,1809,1865
163096,1813,1872
350766,1930,2025
97946,1932,2005
358377,1934,2001
15435,1934,2014
396799,1934,2025
177833,2123,2168
332500,2273,2357
40895,2327,2401
310153,2330,2405
58367,2331,2427
378683,2332,2394
245056,2333,2409
201151,2335,2406
203184,2338,2412
369148,2339,2404
54639,2339,2416
378684,2340,2405
267824,2345,2408
234033,2353,2410
28673,2358,2420
355618,2360,2416
261771,2366,2427
380381,2367,2428
272104,2414,2475
2466,2741,2808
399677,2746,2814
178362,2748,2803
204612,2748,2822
226595,2750,2813
223270,2750,2830
164488,2751,2816
281200,2898,2958
162188,2899,2957
59719,2912,2995
154510,2949,3014
137721,3017,3083
43260,3026,3083
332492,3280,3381
12780,3480,3532
283068,3481,3536
170880,3483,3535
203183,3498,3542
360732,3503,3578
375573,3518,3603
128443,3539,3602
334814,3539,3605
270508,3542,3602
36898,3548,3595
270666,3622,3733
324450,3965,4011
280563,3965,4021
70928,3965,4031
52218,3965,4038
362316,3966,4012
264287,3967,4034
374348,3969,4056
78383,3970,4032
366829,3980,4050
625,4035,4088
5840,4039,4096
334428,4046,4108
376210,4050,4112
55155,4057,4114
343987,4587,4642
204615,4613,4671
332498,4618,4700
55596,4627,4706
55597,4630,4706
386314,4811,4892
137720,4830,4895
184482,4883,4981
222700,4899,4976
96105,4902,4973
120492,4911,4975
295154,4922,4989
165952,5120,5190
165953,5120,5195
259766,5127,5204
374211,5131,5201
52185,5133,5205
72521,5139,5222
332505,5166,5234
381701,5512,5582
76103,7310,7371
332497,7470,7561
92574,7470,7568
320086,7472,7527
332493,7479,7591
332496,7481,7594
240340,7482,7570
236464,7489,7572
332503,7509,7648
177843,7517,7578
332502,7571,7665
174049,7814,7879
96989,7815,7867
134697,7819,7889
125970,7819,7895
314434,7832,7903
369147,8191,8257
246394,8192,8263
332500,8192,8266
381284,8197,8274
314433,8203,8284
202564,8225,8312
204616,8248,8313
241055,8303,8410
347867,8306,8396
263664,8357,8417
219901,8374,8465
343716,8377,8441
319561,8382,8447
382396,8384,8469
1064,8385,8446
162189,8387,8448
140447,8387,8451
70682,8388,8450
168544,8389,8451
2467,8389,8497
67248,8391,8456
385503,8392,8455
335003,8401,8466
349936,8402,8478
222215,8406,8474
378973,8411,8499
334593,8413,8474
76648,8414,8501
142249,8417,8494
329065,8420,8501
374429,8421,8510
374428,8421,8513
218145,8425,8504
118445,8426,8495
202563,8427,8508
27700,8428,8490
173305,8432,8493
246235,8555,8625
332494,8958,9073
332489,8961,9063
240340,8975,9039
332495,8987,9093
339549,9137,9235
58070,9144,9233
335004,9148,9234
270665,9153,9217
123237,9155,9247
43438,9156,9211
130835,9162,9235
393966,9172,9230
332504,9413,9498
332489,9415,9530
332501,9418,9499
311537,9419,9504
92574,9422,9500
332491,9426,9530
332493,9428,9520
240340,9432,9502
356226,9508,9570
399315,9510,9567
111723,9516,9579
316618,9632,9697
76649,9644,9706
38978,9644,9714
278459,9833,9885
301619,9857,9955
217079,9859,9924
391821,10249,10328
122188,10253,10338
69142,10260,10325
350544,10277,10369
388562,10307,10393
85315,10315,10376
123683,10318,10378
388563,10327,10409
403125,10334,10399
405929,10334,10425
349935,10336,10404
325141,10336,10422
160581,10340,10401
273654,10341,10428
90875,10344,10422
222676,10345,10445
295424,10346,10416
211260,10362,10422
399316,10377,10444
374160,10383,10443
339793,10401,10477
339794,10402,10452
383190,10404,10468
274077,10649,10714
113970,10660,10728
91475,10695,10768
55765,10699,10766
332494,10948,11076
347941,10955,11055
347940,10956,11041
332497,10957,11035
332499,10957,11045
332491,10961,11063
332496,10965,11058
240340,10966,11037
381140,10973,11037
332495,10978,11100
95773,10979,11036
159589,10981,11063
307167,10993,11052
223325,10997,11055
204613,10998,11051
355907,11358,11446
307724,11365,11459
182236,11371,11465
43439,11391,11461
276541,11401,11462
156332,11403,11471
193160,11411,11487
1345,11413,11489
347462,11413,11494
6955,11415,11501
329064,11416,11478
273120,11533,11596
55059,11542,11588
378722,11546,11625
378206,11550,11613
320085,11556,11629
378721,11557,11620
349853,11562,11626
273655,11636,11716
104635,11645,11704
39745,11648,11706
373100,11648,11721
283561,11649,11716
273739,11649,11728
245055,11653,11724
33734,11656,11717
61132,11659,11743
310076,11764,11831
138224,11843,11899
67249,12196,12250
258037,12197,12264
340013,12207,12268
270664,12228,12320
267825,12259,12350
11707,12459,12545
47445,12474,12555
322174,12500,12583
102302,12503,12576
330091,12507,12585
310719,12716,12781
154511,12717,12775
158895,12718,12771
24405,12733,12780
182237,12880,12942
72520,12946,13031
27684,12955,13029
149351,12984,13045
370152,12984,13073
149350,12988,13045
278439,12990,13055
116042,13013,13079
378723,13015,13077
145488,13015,13086
373350,13016,13091
22954,13018,13086
189831,13027,13088
280523,13357,13415
81839,13736,13798
307725,13741,13798
396278,14636,14702
43436,14676,14738
141776,15163,15211
149169,15349,15433
332501,15349,15437
332490,15349,15444
92573,15350,15440
332499,15350,15449
92574,15351,15435
240340,15361,15434
332503,15386,15508
270833,15418,15486
223326,15439,15506
332502,15440,15523
347938,15927,15994
347939,15928,16034
332490,15933,16042
301618,16003,16069
85684,16692,16757
220866,16693,16758
377200,16918,17019
126638,16924,16992
123238,16927,16995
314432,16947,17010
199120,17262,17324
281047,17625,17696
8418,17767,17855
214094,17767,17864
311536,17767,17871
197288,17769,17820
222699,17769,17843
91160,17774,17824
279397,17774,17837
153888,17774,17862
194223,17776,17838
23197,17776,17848
11184,17777,17855
214093,17778,17840
11183,17779,17875
141710,17780,17851
135025,17782,17835
161633,17782,17838
170651,17782,17864
369146,17786,17854
90394,17789,17863
350903,17791,17852
268765,17791,17865
254145,17793,17861
336619,17794,17856
275412,17828,17892
204772,17828,17896
111070,17832,17911
55154,18013,18112
311538,18032,18113
8564,18033,18084
67239,18033,18094
54404,18036,18113
279726,18046,18112
368327,18064,18112
311535,18458,18556
332504,18462,18555
149169,18469,18557
240339,18486,18556
334594,18744,18806
334429,18749,18815
323280,18760,18805
86345,19085,19144
20345,19089,19153
51821,19097,19213
120332,19102,19165
13734,19102,19171
254144,19114,19207
181984,19167,19224
222355,19187,19256
305743,19200,19246
310154,19251,19320
374161,19257,19353
374748,19276,19343
188705,19294,19353
30876,19721,19791
310720,19731,19807
9014,19736,19789
401859,19740,19791
40155,19741,19809
292435,19743,19808
150355,19752,19803
358634,19752,19808
214095,20124,20209
186328,20191,20250
241054,20343,20391
332505,20343,20411
43437,20343,20415
161634,20518,20563
34519,20543,20619
122839,20797,20856
76623,21079,21142
290764,21080,21141
178335,21080,21148
251007,21083,21126
225529,21262,21343
233388,21265,21341
140092,21268,21340
225530,21268,21343
20377,21269,21327
240338,21289,21346
202302,21291,21350
289809,21292,21347
