401139,116,185
391129,119,195
244320,120,212
371223,120,226
363274,122,220
21962,126,223
51817,180,234
375857,182,238
327464,183,245
9228,184,241
18028,254,357
123766,261,338
115815,264,367
254013,266,361
351212,296,409
196483,390,495
335041,409,479
86690,424,524
198490,426,526
51999,439,526
239728,443,527
371042,451,526
8587,452,514
308210,455,525
397279,456,502
113212,465,527
41073,471,526
268417,555,633
295471,555,680
293029,555,693
2379,558,619
320127,558,632
212470,559,625
356834,560,676
52000,564,687
10269,570,704
166057,573,719
4995,574,676
330436,579,722
127008,580,715
42579,583,709
135491,584,733
350380,584,738
295469,592,701
8246,593,731
198491,598,715
306272,598,721
374959,602,685
175632,605,733
59932,607,741
34746,611,733
158301,613,730
653,621,732
295470,639,742
159545,640,720
56904,642,743
10104,644,725
1305,654,740
137,658,732
137,670,739
90364,676,742
7305,681,739
91504,686,740
12764,885,934
92787,1027,1114
160299,1028,1134
228325,1032,1157
330435,1033,1107
132998,1034,1116
109147,1034,1150
170588,1036,1145
297712,1080,1169
126553,1311,1393
198492,1311,1406
255455,1312,1353
252976,1312,1385
102661,1312,1390
34747,1312,1402
23089,1312,1410
209031,1313,1373
8736,1314,1396
359381,1315,1378
80047,1316,1399
182608,1318,1377
30675,1318,1387
132999,1320,1384
56903,1321,1380
133807,1321,1386
152723,1322,1400
91505,1323,1430
6469,1324,1365
25940,1326,1406
392390,1328,1377
170587,1329,1391
9874,1330,1398
373619,1332,1412
22710,1342,1401
290554,1342,1404
328208,1350,1408
257538,1694,1754
228810,1827,1891
30992,1990,2057
256152,1992,2073
164338,2127,2225
313631,2177,2239
349919,2221,2308
28923,2226,2286
132997,2227,2322
161331,2229,2318
9442,2230,2289
235550,2233,2314
37899,2235,2318
94424,2236,2299
7306,2237,2296
173784,2237,2314
88439,2241,2300
173785,2241,2302
295221,2241,2316
263896,2242,2290
320366,2243,2291
41991,2243,2302
295220,2244,2323
281408,2251,2315
364820,2300,2366
166053,2565,2622
324243,2567,2672
155909,2568,2653
151450,2587,2646
110635,2591,2690
63761,2594,2669
209814,2596,2688
37083,2597,2662
209032,2644,2734
163834,2654,2707
157659,2655,2706
179451,2664,2707
198488,2671,2734
162187,2671,2763
183509,2673,2752
220861,2690,2805
8588,2695,2756
170589,2696,2752
373999,2701,2763
315543,2702,2771
341337,2702,2783
224519,2708,2764
305477,2710,2753
157660,2715,2778
338930,2717,2763
130877,2718,2762
135492,2779,2827
237036,2914,2982
237293,2967,3069
147487,2968,3073
178950,2972,3036
178948,2972,3073
339065,3014,3068
180460,3182,3244
178949,3254,3364
147487,3255,3356
173784,3258,3318
186625,3259,3335
347362,3286,3350
272449,3299,3354
156720,3302,3367
113706,3325,3394
320128,3333,3401
111805,3406,3485
134559,3410,3480
56623,3522,3579
173785,3522,3587
186624,3527,3588
46707,3528,3577
272451,3766,3866
84006,3767,3857
327815,3769,3850
170586,3791,3857
99374,3802,3878
178951,3867,3955
173783,3869,3954
343743,3892,3949
24472,4025,4090
182607,4128,4190
348906,4166,4215
374637,4269,4325
374958,4278,4339
311693,4282,4338
272450,4342,4393
237037,4531,4597
358865,4645,4704
173783,4685,4770
239026,4833,4913
198493,4881,4939
123765,5019,5096
257544,5630,5691
23704,5681,5750
254388,5842,5925
168940,5847,5895
357627,5850,5898
357307,6257,6323
35309,6259,6321
71317,6260,6331
161332,6342,6406
198489,6501,6556
65631,6501,6572
311633,6501,6581
8388,6502,6554
45878,6502,6560
62362,6502,6575
333081,6503,6568
369274,6505,6571
383975,6506,6567
38003,6507,6574
52174,6532,6598
178952,6564,6636
22711,6606,6671
351213,6940,7031
328209,6951,7012
400601,6952,7014
310400,6953,7024
304561,6955,7025
264358,6959,7042
29266,6960,7028
185849,6969,7051
109146,6978,7042
246784,6979,7051
156954,6979,7090
49199,6982,7087
18542,6987,7064
12765,6987,7087
140137,6989,7053
364821,6989,7075
181369,6991,7073
185279,6993,7089
397,6994,7091
161333,6995,7059
141369,6996,7085
10903,6996,7098
148010,6999,7061
142011,6999,7082
152722,7001,7094
353302,7001,7097
93299,7009,7071
372706,7011,7093
13951,7012,7080
181442,7031,7098
374172,7032,7095
