374935,167,232
16249,635,708
26654,651,743
312677,687,772
135001,691,752
229119,693,770
49976,704,769
140525,796,843
144355,801,864
281066,804,846
187043,806,878
178532,1109,1177
329418,1113,1175
405743,1126,1170
25822,1130,1187
148064,1131,1184
55528,1548,1623
148701,1548,1639
401750,1549,1611
76230,1550,1605
518,1550,1631
6987,1595,1655
172358,1621,1688
289638,1629,1699
203012,1629,1705
211515,1630,1691
132811,1633,1695
363836,1638,1704
293288,1649,1705
306502,1653,1721
68045,1654,1717
315091,1654,1719
153593,1654,1738
203011,1655,1704
346949,1655,1746
200168,1657,1748
71483,1663,1732
190950,1664,1738
49873,1665,1736
392763,1666,1739
349215,1668,1729
244878,1670,1732
143495,1673,1741
111418,1675,1745
134098,1676,1730
46039,1677,1739
253734,1679,1745
320478,1679,1754
320931,1680,1743
148065,1681,1744
215904,1684,1758
322233,1688,1751
54196,1709,1776
231650,1710,1795
50406,1712,1774
79955,1713,1780
195856,1714,1793
161970,1716,1791
371349,1718,1789
26209,1720,1788
336756,1720,1794
73475,1724,1788
368322,1724,1812
118808,1725,1789
200697,1733,1805
309271,1738,1847
140281,1739,1814
179005,1740,1809
266154,1740,1823
134766,1741,1837
279881,1741,1845
280342,1741,1856
8960,1742,1808
39146,1743,1815
293289,1745,1813
397333,1746,1797
187572,1747,1821
192988,1749,1856
402000,1753,1856
98566,1754,1830
266155,1754,1842
395489,1754,1849
171356,1756,1848
390168,1757,1851
160845,1759,1834
128383,1760,1849
127114,1760,1865
267146,1761,1857
367234,1762,1825
153167,1764,1826
238872,1764,1846
49396,1764,1862
310782,1770,1850
245970,1771,1839
309272,1772,1867
172200,1773,1837
182570,1774,1835
256964,1774,1859
98510,1775,1839
383616,1775,1841
87328,1776,1858
98815,1777,1839
323691,1777,1842
395490,1777,1863
134783,1779,1842
319981,1782,1846
313487,1788,1852
129068,1800,1865
228679,1809,1878
299913,1816,1879
153477,1818,1896
35897,1820,1887
156087,1822,1890
239651,1824,1886
6133,1824,1889
77606,1844,1908
360603,1845,1912
161971,2082,2145
284793,2082,2150
392699,2093,2161
196253,2098,2163
64524,2128,2194
268821,2161,2222
240150,2169,2234
259817,2191,2269
31517,2255,2307
269479,2355,2416
54924,2480,2547
378508,3080,3156
371573,3432,3523
2699,3463,3538
205697,3463,3549
207274,3468,3558
283955,3473,3548
265144,3475,3534
70834,3493,3556
341837,3495,3578
255357,3502,3555
264728,3548,3601
153906,3558,3630
37039,3658,3723
306737,3667,3721
54902,3668,3719
145346,3672,3722
258566,3674,3718
274006,3805,3880
312421,4052,4148
321938,4053,4144
338390,4054,4142
321937,4056,4144
71700,4058,4139
102863,4059,4120
221436,4061,4144
162845,4063,4125
179823,4065,4145
25984,4068,4143
259662,4075,4140
152524,4077,4147
278483,4078,4143
155524,4079,4148
253205,4080,4146
93873,4090,4147
368947,4098,4156
329416,4342,4403
148692,4346,4454
226240,4369,4452
305359,4405,4470
31986,4405,4474
128381,4441,4505
148694,4475,4590
340819,4493,4573
53085,4495,4589
148692,4503,4608
1585,4517,4565
176089,4707,4768
38709,4717,4805
258565,4728,4796
243731,4728,4801
7240,4744,4806
92805,4747,4816
209626,4749,4814
148694,4796,4913
148693,4809,4919
318698,4823,4886
340820,4942,5068
148693,4969,5081
281978,5011,5070
153907,5199,5261
300272,5218,5295
384840,5219,5280
264079,5302,5354
368220,5305,5356
25072,5786,5833
406215,5794,5848
275549,5798,5848
406214,5803,5850
366044,5803,5855
156755,5869,5951
227512,5895,5966
100850,5895,5973
259663,5899,5951
367859,5904,5972
148695,5908,5974
176090,5909,5972
184857,5913,5973
341621,6083,6149
380328,6084,6158
340822,6104,6165
298119,6115,6163
289804,6121,6195
366519,6129,6190
126770,6130,6192
245184,6131,6193
329895,6318,6391
408535,6318,6394
179006,6318,6398
357082,6323,6382
180433,6325,6384
375479,6328,6392
161969,6334,6405
232506,6420,6485
147440,6421,6501
22665,6430,6495
54923,6441,6504
143722,6447,6537
148695,6454,6532
161331,6547,6622
50407,6556,6615
148696,6556,6655
134008,6575,6641
148698,6575,6656
145651,6593,6698
65860,6598,6674
380452,6616,6690
44605,6616,6705
178695,6623,6691
55530,6623,6702
44604,6623,6709
68753,6623,6731
228680,6628,6705
135169,6631,6698
172357,6635,6705
259661,6637,6700
19060,6637,6702
130997,6641,6700
55529,6641,6727
18893,6643,6700
198578,6646,6710
23955,6646,6732
144675,6647,6728
380327,6649,6710
377910,6650,6702
113570,6650,6712
66466,6650,6720
42325,6650,6727
148701,6650,6742
56071,6651,6732
258776,6653,6714
118826,6653,6717
315380,6653,6745
260758,6653,6749
166629,6654,6731
35279,6656,6735
118827,6661,6726
134099,6662,6725
201871,6662,6734
316826,6664,6728
1671,6666,6735
389396,6668,6737
197391,6671,6736
63610,6674,6761
249203,6675,6738
224404,6675,6741
76195,6676,6750
137209,6678,6739
336177,6679,6741
249204,6680,6739
269480,6682,6772
76881,6686,6771
108727,6690,6771
167923,6692,6762
252271,6693,6772
258567,6699,6772
132232,6706,6770
231190,6709,6770
232589,6710,6767
153530,6712,6767
69789,6714,6767
309592,6714,6769
128382,6834,6893
267920,7119,7173
53896,7120,7169
148696,7121,7208
148697,7138,7210
127115,7303,7389
243837,7303,7393
346948,7315,7398
305360,7318,7404
301653,7319,7380
125209,7321,7374
404503,7321,7387
152906,7321,7403
53897,7321,7413
268104,7322,7386
305361,7322,7407
149091,7327,7404
226241,7327,7409
268103,7488,7554
327414,7498,7556
100423,7511,7567
141443,7588,7653
148698,7731,7798
148697,7731,7803
340821,7749,7820
400677,7752,7818
124555,8067,8137
324577,8077,8168
69100,8096,8160
138005,8110,8184
22874,8253,8319
349216,8255,8318
27624,8255,8324
3960,8256,8317
306853,8256,8319
366311,8259,8340
89372,8263,8319
392764,8276,8357
321510,8318,8376
39147,8659,8723
329894,9018,9078
49573,9019,9084
267921,9060,9105
393360,9167,9210
129067,9534,9583
348166,9535,9585
301860,9535,9598
96961,9774,9826
404502,9784,9829
308184,9833,9894
134765,9879,9941
212460,9897,9967
1925,9902,9958
117433,9903,9961
109371,9904,9968
312678,9904,9976
66736,9907,9976
134673,9910,9976
6537,9916,9976
373099,9925,9973
49874,10146,10188
123224,10834,10892
117434,11035,11080
73474,11037,11099
104093,11042,11103
55527,11046,11104
143723,11047,11094
390376,11051,11103
44366,11053,11102
375988,11054,11098
147441,11055,11103
46249,11694,11748
64443,11694,11766
93894,11847,11908
379045,11847,11910
25823,11848,11915
54925,11850,11914
245477,11854,11922
38759,11856,11918
163630,11857,11932
25698,11862,11926
238882,11863,11924
237870,11864,11933
401115,11879,11940
329417,11982,12048
118903,12081,12143
406383,12108,12183
135168,12135,12185
263806,12193,12251
293509,12289,12353
200696,12449,12533
303065,12474,12547
359790,13322,13406
367292,13333,13401
347214,13336,13402
68509,13342,13403
135632,13348,13424
221484,13349,13404
64525,13473,13531
405744,13976,14026
265145,13977,14047
266413,13979,14050
87022,13984,14034
235254,13984,14049
234167,13985,14048
18157,14302,14353
50408,14331,14416
148700,14344,14414
132684,14361,14416
156462,15301,15363
93550,15301,15371
152686,15301,15375
192987,15305,15387
29269,15318,15384
44129,15322,15390
244578,15325,15389
180163,15335,15398
76194,15347,15409
392698,15568,15622
91610,15577,15626
214614,15942,16008
152525,15945,16008
90715,15955,16008
102862,15968,16020
347449,16066,16139
148700,16276,16350
282141,16330,16390
191275,16332,16393
281778,16335,16393
143800,17033,17082
279026,17255,17307
41912,17257,17320
128380,17315,17381
366785,17330,17391
46493,17710,17773
205698,17712,17776
64455,17713,17770
249665,18057,18110
69790,19254,19319
3959,19255,19313
341838,19256,19321
82,19275,19320
157765,19423,19519
177637,19434,19479
155814,19453,19549
39148,19455,19545
50405,19488,19556
216790,21863,21936
249397,21866,21911
21972,21866,21943
65859,21877,21940
272435,21883,21944
153460,22657,22722
148699,23457,23518
139135,24398,24497
135149,24399,24504
120685,24402,24479
184345,24403,24475
24789,24405,24477
306852,24407,24479
404501,24409,24480
144992,24410,24471
104535,24412,24474
366786,24412,24502
3961,24413,24476
46683,24417,24479
283726,24682,24743
365748,24682,24746
86155,24683,24739
44603,24683,24745
348165,24684,24740
375989,24792,24873
12225,24792,24876
84715,24801,24881
117925,24815,24886
374377,24817,24879
148699,24953,25004
347448,25251,25320
406384,25257,25320
162045,25292,25341
359756,25510,25576
268822,25512,25562
94732,25527,25576
15339,26136,26205
259802,26140,26205
71359,26147,26197
269952,26147,26205
161332,26149,26205
161333,27313,27365
