196416,956,1018
346102,959,1032
233502,1068,1126
255458,1349,1418
20490,1436,1519
143621,1439,1511
366193,1441,1514
367759,1451,1513
195444,1457,1518
372541,1487,1559
242747,1653,1717
339069,1654,1731
227683,1705,1775
346102,1726,1796
283423,1728,1794
320901,2599,2680
31176,2600,2664
353454,2601,2662
141327,2601,2695
206914,2602,2705
300809,2607,2700
262608,2608,2698
54021,2611,2706
296804,2612,2716
404814,2614,2699
88246,2616,2701
89381,2617,2705
386753,2618,2697
192508,2625,2746
215446,2629,2717
54869,2632,2747
399659,2633,2698
231902,2636,2707
118718,2636,2746
169175,2637,2717
200578,2637,2755
51393,2640,2706
219897,2641,2704
199166,2641,2712
39953,2643,2755
71634,2644,2714
262365,2644,2722
178490,2647,2751
105169,2651,2717
359018,2678,2745
339067,2680,2746
242662,2684,2745
184208,2689,2745
131824,2689,2750
244885,2689,2757
385327,2691,2754
141101,2692,2749
236303,2695,2749
108878,2711,2786
108877,2762,2867
25436,2784,2883
101462,2964,3065
67481,2984,3075
178315,2985,3070
98363,2986,3057
294968,2986,3079
242661,2991,3060
76605,2994,3087
76971,2995,3058
39705,2995,3067
115339,2995,3092
297323,3006,3070
45181,3012,3072
218832,3012,3091
390243,3015,3076
212945,3015,3079
355950,3015,3095
221606,3016,3077
94722,3016,3082
322316,3021,3079
7524,3023,3089
131242,3027,3085
17094,3027,3087
148172,3030,3091
107725,3032,3088
6325,3032,3111
107724,3034,3085
117114,3035,3088
112452,3039,3104
217231,3041,3086
223477,3042,3088
178314,3055,3116
284607,3064,3113
305537,3352,3404
104020,3358,3427
30501,3413,3461
31144,3567,3614
254872,3679,3725
19331,3679,3729
26117,3679,3737
79113,3679,3740
13323,3685,3762
145622,3693,3761
269567,3698,3761
196119,3703,3758
18521,3703,3761
230555,3704,3760
54919,4102,4176
222578,4348,4407
54223,4351,4401
407496,4362,4406
131243,4548,4616
178740,4600,4670
363967,4810,4860
349635,4894,4974
227820,4947,5017
88249,4949,5055
80951,4952,5016
42574,4953,5018
136393,4958,5019
68686,4958,5023
80078,4959,5021
254890,4961,5024
372195,4974,5036
148773,4974,5053
194214,4976,5042
6859,4982,5058
88248,4990,5077
264261,4993,5057
264262,5000,5066
403158,5006,5074
275691,5006,5088
163136,5014,5088
44580,5025,5089
335574,5026,5092
163145,5282,5364
120522,5299,5368
285690,5522,5591
395772,5706,5777
231901,5758,5824
60963,7187,7241
100007,7193,7242
25435,7306,7399
195645,7322,7387
324565,7326,7387
189226,7330,7392
8775,7330,7396
75312,7340,7401
149168,7341,7404
12693,7341,7406
390242,7344,7413
76194,7345,7418
60427,7352,7407
230129,7360,7413
81720,7377,7441
215447,7382,7445
9276,7454,7516
58225,7454,7518
305278,7455,7519
71249,7455,7521
154489,7459,7529
104486,7462,7516
305538,7462,7520
319652,7463,7525
388970,7493,7562
230130,7501,7572
81721,8405,8459
266957,8420,8490
225877,8423,8495
218229,8424,8491
68544,8428,8491
27245,8428,8500
373248,8430,8523
42717,8434,8479
156084,8436,8501
215924,8443,8506
65983,8446,8513
212449,8453,8522
19143,8462,8526
257150,8465,8526
388971,8683,8744
76195,8696,8754
184207,8696,8770
176784,8891,8947
69492,8892,8946
285692,9096,9152
124611,10115,10178
56263,10115,10199
325121,10132,10209
254888,10138,10190
88438,10138,10193
174759,10139,10208
364396,10141,10200
91521,10141,10210
356130,10142,10199
172772,10153,10235
227684,10315,10394
286144,10346,10398
20491,10368,10427
335517,10527,10577
208627,10530,10590
285693,10531,10591
389598,10533,10598
108876,10821,10878
376777,10830,10877
399612,11008,11054
101461,11429,11525
158514,11439,11504
18729,11446,11514
339068,11446,11526
111796,11911,11974
359243,12130,12179
365116,12288,12341
41190,12288,12358
125669,12289,12352
178489,12291,12365
215941,12294,12355
278613,12300,12358
15474,12312,12365
85994,12314,12363
307927,12319,12382
166474,12319,12403
247169,12325,12401
337578,12337,12404
266129,12341,12404
233566,12343,12405
311543,12344,12410
88786,12833,12902
94721,13001,13042
33926,13057,13121
283422,13444,13515
351115,13472,13539
303971,13475,13537
249740,13493,13570
150123,13495,13567
88247,13496,13570
125668,13498,13564
341253,13500,13570
14178,13503,13570
103850,13507,13565
323296,13520,13570
25438,13851,13958
178316,13868,13945
42716,14801,14857
378849,14802,14859
50816,14895,14960
219080,14935,14986
254891,15244,15291
379315,15245,15346
99193,15250,15312
269568,15251,15298
15136,15358,15431
405777,15362,15417
17458,15390,15443
208628,16074,16170
254195,16666,16709
163144,16666,16738
108053,16666,16741
269026,16667,16750
62095,16669,16731
16785,16669,16751
230131,16670,16724
168267,16671,16715
178491,16671,16732
175376,16672,16739
26118,16676,16721
207445,16676,16731
365408,16676,16737
309577,16676,16744
36642,16683,16744
336931,16753,16815
141102,17105,17169
399658,17105,17184
165276,17105,17189
339695,17107,17183
58428,17108,17169
372194,17108,17173
229828,17108,17189
67642,17109,17171
394134,17121,17199
297081,17123,17206
233501,17125,17188
57650,17130,17193
326535,17137,17198
19533,17140,17201
88787,17144,17196
118251,17146,17200
138283,17146,17207
361541,17148,17200
399613,17156,17232
303074,17160,17217
57651,17211,17280
261891,17253,17312
12544,17629,17692
88788,17818,17899
299267,17827,17880
140989,17830,17904
399034,17881,17942
25437,18426,18494
142839,18430,18502
233927,18431,18506
106396,18901,18965
271509,18911,18972
239481,18915,18978
330101,18917,19013
319303,18918,18994
67900,18923,18985
330100,18923,19021
355292,18924,18986
37619,18924,18992
358150,18929,19017
381560,18936,18999
354873,18948,19020
187575,18956,19006
24186,18957,19029
240856,18958,19020
5530,18959,19022
93186,18959,19028
229829,18960,19023
593,18961,19031
402433,18962,19028
335731,18965,19027
172904,18966,19029
103729,19059,19124
70627,19070,19125
155628,19356,19434
294388,19358,19412
71635,19359,19455
234767,19361,19417
41191,19876,19952
188696,20079,20153
229395,20087,20151
324877,20087,20155
166563,20406,20467
68685,20406,20470
372542,20408,20460
207418,20411,20473
207417,20669,20742
83445,20679,20737
130821,20682,20750
387128,21398,21446
137496,22086,22141
24550,22851,22916
259374,23106,23166
242748,23767,23845
196414,23767,23870
208626,23776,23853
9225,23795,23870
378848,23816,23889
135189,23871,23945
166473,23873,23934
95301,24107,24187
38019,24111,24174
24398,24118,24182
15137,24122,24195
15138,24125,24196
73169,24812,24881
87051,24829,24882
200580,24831,24896
200579,24833,24895
80929,24836,24887
285691,24841,24898
101463,25170,25234
303970,25460,25522
341254,25462,25523
67482,25463,25515
335732,25468,25513
104487,25469,25531
70539,25470,25521
79797,25477,25531
388972,25554,25614
5851,25765,25848
36644,25769,25857
36643,25776,25863
56708,25778,25857
231903,25783,25854
195646,25786,25853
56582,25818,25859
108879,25999,26047
406455,27235,27291
313043,27236,27290
234951,27237,27301
209921,27238,27292
46253,27240,27299
384982,27591,27647
50527,27606,27656
75083,27702,27759
230132,27707,27758
41192,27909,27958
287245,27933,27978
363966,28170,28240
22440,28175,28242
374590,28176,28239
285689,28180,28248
45182,28188,28251
359141,28560,28622
38273,28563,28628
218918,28566,28622
398606,28575,28622
20492,28578,28630
316301,28579,28628
69493,28582,28633
249741,28843,28895
235923,29277,29337
252281,29502,29567
80930,29796,29868
17205,29802,29844
196415,29802,29873
215448,29804,29852
206915,29804,29865
313042,29818,29895
233500,29833,29922
395773,29840,29895
398588,29885,29949
