157460,349,414
231203,359,420
281204,362,417
29413,607,706
259124,906,966
232693,907,958
236738,913,957
129984,916,983
11809,917,987
182232,918,993
370200,932,992
231636,932,995
152039,1005,1069
360220,1012,1075
299150,1216,1277
336774,1216,1294
36911,1217,1260
10591,1218,1300
296665,1219,1283
333564,1222,1287
272980,1224,1289
11157,1225,1297
244647,1227,1302
276683,1230,1292
62315,1232,1280
285515,1233,1276
208626,1277,1348
336279,1297,1349
19344,1317,1372
97809,1361,1418
245822,1779,1835
62314,1781,1836
59900,1781,1860
269782,1784,1854
290022,2051,2106
3909,2052,2111
203995,2052,2114
91233,3674,3756
208818,3685,3749
8419,3688,3779
401619,3689,3756
152113,3690,3770
328922,3694,3773
391428,3696,3781
365544,3704,3777
355817,3724,3790
50554,3754,3829
363743,3758,3830
208628,3760,3847
168514,4181,4244
265868,4186,4248
207273,4566,4617
293685,4841,4904
363740,4880,4941
363737,4894,4996
204311,5088,5190
200581,5107,5171
168127,5107,5204
34904,5109,5163
204310,5116,5217
247010,5117,5234
147194,5160,5242
96275,5178,5248
113561,5181,5241
51414,5183,5252
99883,5190,5260
16366,5213,5258
270745,5310,5370
93786,5421,5513
51818,5548,5633
41186,5714,5796
363737,5714,5805
263578,5731,5801
379981,6047,6110
220759,6173,6228
300757,6174,6236
363740,6270,6328
348947,6277,6337
251777,6637,6699
244646,6797,6856
394877,7367,7429
401175,7401,7465
172733,7697,7769
96695,7900,7959
264861,7904,7951
208627,7915,7987
240106,7920,7982
59899,7965,8024
359040,7985,8063
363742,8005,8089
363743,8013,8092
50555,8018,8095
184772,8050,8117
241274,8204,8273
199079,8323,8399
261995,8330,8385
261994,8336,8425
140762,8373,8444
241275,8378,8445
326830,8394,8446
145926,8766,8834
23428,8769,8867
57134,8771,8853
98727,8775,8837
365543,8778,8870
396158,8787,8849
21187,8789,8846
126916,8791,8854
179943,8794,8846
310804,8828,8889
251778,8833,8900
321878,8834,8898
20604,8835,8890
287533,8835,8899
249580,8836,8906
284361,8836,8914
177106,8839,8904
351925,8840,8890
270746,8845,8892
102718,8856,8926
191674,8909,8971
113218,9004,9065
261493,9024,9093
96383,9035,9093
315201,9036,9097
98725,9055,9116
132459,9071,9115
339298,9163,9236
98460,9164,9228
272981,9166,9228
235468,9176,9240
33193,9184,9227
20606,9281,9347
363738,9521,9602
173473,9522,9579
73507,9524,9592
58135,9524,9602
400199,9530,9584
227870,9540,9599
363735,9906,9995
363735,10184,10288
294185,10228,10293
184094,10247,10302
157461,10247,10308
363738,10502,10588
199078,10525,10587
32335,10775,10847
162479,10776,10843
287305,10778,10848
309134,10779,10871
398947,10782,10865
325527,10783,10847
284493,10784,10846
59898,10785,10868
152111,10786,10847
59458,10789,10856
11063,10801,10854
18103,10808,10872
318420,10810,10869
400348,10812,10854
56379,10812,10856
145925,10812,10870
21249,10813,10855
43207,11428,11495
184095,11453,11514
400971,11458,11537
299151,11459,11533
270790,11466,11527
275274,11471,11538
235788,11473,11534
28122,11477,11531
67958,11477,11538
363742,11486,11576
50556,11506,11577
152112,11615,11683
275711,11934,12005
155433,11946,12005
407807,11947,12013
155432,11951,12007
170663,11953,12006
235470,12265,12315
184093,12269,12324
88519,12564,12635
272965,12624,12688
147964,13185,13249
88520,13359,13416
184146,13531,13582
363741,13709,13800
363739,13715,13805
393061,13826,13887
302081,13863,13931
134171,13985,14036
212958,14231,14321
98726,14242,14323
299152,14407,14456
391205,14411,14463
60448,14917,14984
183781,14919,14980
168513,14927,14979
287344,14942,14993
363739,15066,15150
113601,15537,15597
396159,15604,15666
74360,15621,15674
235469,15883,15974
363741,15883,15986
333885,15946,15992
261996,15988,16052
271952,16091,16155
343890,16103,16154
96274,16118,16214
155431,16132,16208
96273,16133,16214
254209,16134,16204
107584,16135,16231
235108,16137,16206
4807,16137,16213
179485,16154,16224
125072,16155,16213
107585,16155,16231
179484,16176,16231
125615,16193,16271
368209,16615,16667
402508,16615,16677
105443,16615,16681
355882,16616,16672
12544,16617,16680
34840,16618,16682
113560,16619,16681
117055,17244,17322
77864,17249,17326
109203,17255,17307
388630,17731,17806
48070,17739,17794
213467,17749,17805
11997,17760,17808
402466,17762,17829
35528,17765,17847
139189,17786,17847
21186,17893,17941
355818,17893,17964
208628,17893,17980
50559,17893,17993
50556,17899,17963
50558,17920,17993
40730,18024,18067
360087,18024,18069
319870,18180,18232
363734,18180,18236
363736,18180,18242
333369,18180,18249
147338,18181,18245
191516,18183,18234
341234,18183,18249
284362,18185,18236
152114,18185,18245
252316,18187,18236
85479,18187,18242
235787,18187,18249
196840,18192,18249
67959,18380,18462
210945,18381,18449
270172,18382,18454
19126,18387,18444
19125,18387,18446
363734,18389,18450
328791,18391,18453
85478,18401,18447
251936,18659,18709
240422,18659,18720
318799,18659,18733
68374,18660,18711
339299,18660,18721
191385,18661,18709
155430,18680,18747
363736,18711,18779
98728,18888,18965
133166,18916,18989
273703,18919,19003
60622,18927,18988
240332,18931,18989
152115,18933,18990
241276,18933,19000
106398,18938,18999
160971,18939,19000
331106,18940,18989
130428,18942,19000
343891,18945,18996
171371,18945,18998
126016,19157,19202
113599,19715,19780
248974,19723,19779
199020,19732,19792
128244,21056,21126
346399,21058,21129
46506,21061,21125
115211,21080,21128
408035,21817,21878
48071,21823,21878
143359,21826,21878
185862,22023,22079
327993,22029,22083
19639,22899,22992
154768,23158,23240
46533,23159,23237
19640,23176,23241
50557,23300,23356
48072,23591,23667
368029,23608,23668
407737,23611,23684
9479,23611,23694
35743,23616,23689
235109,23619,23684
318321,23621,23679
113600,23622,23690
130576,23685,23729
297736,23976,24024
256658,24403,24478
371987,24423,24476
20605,24529,24595
38930,24538,24588
261492,25208,25284
261491,25218,25284
287304,25222,25278
300758,25222,25283
244645,25227,25283
333370,25232,25283
239347,25734,25798
380051,25753,25815
12142,25984,26028
155765,25985,26027
232694,26097,26142
321879,27193,27238
403880,27193,27251
219247,27318,27379
169627,27834,27897
