358307,345,394
374378,345,427
263498,348,427
341588,348,436
273039,350,411
139988,355,425
304218,357,423
230218,358,420
133281,360,440
94376,361,422
117296,361,432
57674,362,482
126158,364,431
118718,367,481
16484,367,486
160596,369,425
227967,369,495
84690,371,436
39549,372,497
285318,374,437
209173,375,440
333958,375,470
358878,379,514
195769,380,480
232298,386,499
204303,390,487
340047,391,475
126157,397,471
5915,397,491
379362,399,502
204304,401,495
24784,403,502
118719,404,477
237613,405,513
279714,406,469
189835,407,515
348124,409,471
236194,409,519
171193,412,474
177486,412,517
40389,413,478
348553,413,500
77394,414,475
160597,414,483
18468,415,478
309021,415,481
325237,440,503
12381,442,504
349095,589,640
52920,830,894
32391,1269,1328
394572,1292,1335
89618,1320,1411
22772,1535,1593
129912,1557,1599
133775,1559,1629
235172,1575,1656
162390,1616,1689
79848,1808,1859
219882,1808,1861
95351,1969,2052
363419,1976,2053
209174,1979,2050
233748,2256,2297
12437,2334,2383
104464,2336,2384
162237,3672,3726
173884,3772,3829
325454,4068,4126
358361,4106,4156
14034,4110,4172
205609,4116,4169
210464,4129,4171
32593,4174,4236
213419,4175,4240
127812,4193,4249
324740,4356,4425
74727,4361,4423
353548,4365,4427
358360,4366,4421
295154,4366,4443
354593,4377,4446
225099,4467,4522
118575,4585,4642
383738,4594,4650
39445,4608,4672
87788,5536,5605
322780,5536,5611
111535,5547,5596
358096,5547,5606
169072,5553,5613
118928,5576,5646
79849,5600,5667
57675,5785,5836
354480,6066,6143
109473,6070,6120
253581,6090,6153
368622,6097,6152
339933,6367,6430
286070,6369,6449
227823,6370,6451
91236,6372,6453
66107,6375,6425
38410,6375,6439
152375,6376,6433
91235,6391,6453
259251,6537,6626
350009,6554,6641
122438,6562,6637
225100,6693,6743
180218,6699,6780
94340,6749,6819
392759,6751,6817
253436,6754,6818
119708,6755,6817
65191,6755,6823
331504,6755,6827
356875,6756,6834
225898,6757,6819
37960,6757,6821
5916,6758,6814
252617,6759,6823
101543,6761,6824
368086,6761,6828
41074,6763,6823
48872,6765,6832
221812,6778,6848
11875,6785,6836
98083,6789,6843
52921,6978,7033
259250,7005,7058
52390,7126,7184
264980,7137,7181
72511,7139,7202
67336,7338,7410
180217,7355,7423
280370,7364,7426
156620,7365,7423
23746,7366,7427
154884,7375,7436
155033,7685,7750
219885,8175,8244
259250,8317,8378
16675,8317,8391
259251,8317,8420
322205,8349,8425
57819,8350,8437
193237,8353,8423
15655,8356,8436
33103,8358,8441
145838,8360,8465
319531,8361,8424
253713,8366,8442
46902,8367,8454
79850,8372,8495
61031,8377,8465
291220,8378,8449
12988,8378,8456
36361,8380,8440
23902,8381,8443
347457,8382,8457
193238,8384,8450
369743,8385,8464
181380,8386,8452
69724,8386,8459
112500,8386,8479
228137,8388,8461
193239,8392,8465
189498,8393,8479
347458,8394,8472
172079,8398,8461
349220,8398,8467
64723,8400,8462
323296,8404,8468
230983,8407,8468
298454,8411,8485
50036,8412,8473
222176,8432,8482
156053,8437,8504
62094,8461,8522
16674,8464,8542
259253,9073,9146
111468,9086,9139
109474,9103,9195
4011,9120,9189
377849,9128,9198
173883,9132,9197
401179,9134,9190
201151,9134,9197
341325,9136,9194
112798,9137,9187
279715,9144,9194
235787,9951,10011
393731,10102,10174
93792,10774,10843
229277,10804,10846
168295,10805,10851
29266,10857,10912
57673,10859,10909
176089,11136,11207
267202,11316,11414
267203,11322,11421
207308,11344,11408
219883,11349,11426
156054,11352,11418
375160,11365,11424
348554,11403,11485
65403,11407,11483
37571,11418,11484
39379,11427,11485
169331,11431,11485
399349,11666,11720
227130,11672,11768
95631,11682,11734
259249,11951,12062
289659,12017,12101
325453,12044,12111
319530,12049,12116
5145,12375,12433
156755,12375,12450
282868,12402,12457
259249,12425,12533
215520,12463,12527
258709,12467,12529
140306,12482,12547
259253,12783,12865
264346,12795,12871
308734,12795,12874
286069,12801,12862
42855,12805,12875
337502,12820,12928
169033,12846,12919
259252,13293,13378
189836,13678,13745
394971,13827,13892
80690,13829,13936
189857,13830,13906
206613,13838,13936
156190,13848,13910
393732,13850,13911
97214,13851,13912
133680,13852,13916
72832,13853,13918
272258,13854,13912
324741,13868,13951
199235,13872,13933
258710,13877,13942
323920,13884,13954
327264,14258,14319
6000,14269,14338
235788,14300,14356
283850,14303,14356
360200,14428,14485
192067,14429,14480
203124,14430,14515
227824,15082,15135
288373,15098,15172
286102,15111,15178
22164,15114,15180
176090,15116,15178
269001,15121,15172
219887,15291,15357
101245,15413,15474
259252,15786,15861
286071,15787,15880
343703,15836,15901
72565,16311,16376
173885,16708,16811
189499,16722,16796
39378,16726,16806
59271,16728,16805
239940,17327,17385
321742,17330,17398
253714,17375,17433
258086,17840,17925
234471,17883,17950
81511,17898,17961
27166,17923,17985
51845,18167,18238
16266,18173,18234
310698,18174,18237
334103,18176,18237
219884,18509,18576
382943,18517,18581
247546,18547,18609
95561,18969,19030
219886,18982,19029
173886,19430,19498
301893,20079,20150
223713,20095,20205
382387,20107,20171
51844,20124,20191
329154,20127,20202
167851,20248,20310
121232,20313,20372
220034,20382,20449
298203,20587,20646
173193,20687,20749
220033,20687,20754
227608,20994,21053
227131,20994,21058
209175,21075,21143
110579,21084,21138
219034,21650,21739
111316,21683,21738
235699,22034,22085
375786,22040,22085
281857,22426,22490
328764,22427,22505
363418,22428,22476
382388,22428,22498
167217,22474,22519
342945,23931,24026
39380,23931,24041
109475,23933,23997
211830,23939,24000
253715,23957,24020
114636,23957,24030
159233,23960,24030
210069,23961,24032
375102,23974,24037
46373,24411,24473
175605,24411,24475
274468,24432,24510
24761,29363,29432
139380,29373,29436
195626,29377,29433
