237849,590,662
118289,597,640
304965,821,878
114078,830,886
237255,2224,2285
312688,2225,2293
50703,2226,2291
403558,2226,2298
116036,2228,2299
346437,2230,2306
286515,2231,2294
186082,2233,2315
356935,2234,2318
63747,2235,2320
353881,2236,2311
28893,2237,2300
329047,2248,2298
82566,2249,2311
150048,2252,2313
303600,2252,2325
35014,2253,2297
36046,2256,2317
181708,2261,2326
255487,2266,2341
346546,2354,2408
283546,2361,2409
375616,2361,2420
321279,2368,2421
38164,2376,2421
300791,2377,2457
124455,2823,2890
112222,2832,2890
337128,2850,2909
382972,2951,2994
268540,2951,3020
128335,2954,3002
310948,2958,3002
329046,2967,3036
353880,3038,3108
71849,3172,3240
112167,3185,3251
221588,3191,3254
80329,3194,3261
339720,4836,4892
347509,4842,4900
272121,4982,5045
71258,5060,5131
258961,5077,5132
90819,5078,5155
116503,5090,5162
120467,5094,5156
177631,5119,5181
203105,5202,5251
79872,5410,5464
354481,6549,6614
341229,6634,6707
101424,6965,7028
177179,6974,7031
297319,7066,7119
7661,7315,7357
81070,7551,7635
234961,7580,7648
134166,7591,7652
386141,7591,7654
240169,7597,7648
204734,7598,7651
204735,7599,7646
361872,7612,7663
81070,7712,7783
2306,9723,9783
337056,10044,10099
129320,10045,10097
237257,10046,10099
21001,10048,10097
187880,10048,10122
214310,10055,10119
9371,10058,10104
261332,10193,10260
196287,10203,10258
159969,10205,10267
173987,10207,10260
1974,10207,10277
35654,10209,10265
35573,10209,10280
8497,10209,10312
127677,10210,10273
67540,10210,10309
310344,10213,10278
220087,10213,10290
16210,10216,10285
208343,10221,10284
177751,10223,10285
283582,10226,10294
297153,10227,10298
362507,10229,10279
220302,10232,10309
407845,10235,10298
282082,10237,10298
273219,10243,10312
323247,12409,12472
237256,13737,13806
8051,14062,14106
198494,14486,14540
257823,14696,14764
99817,14751,14810
314905,14768,14828
323338,14772,14835
192102,14773,14834
196186,14778,14839
394606,15230,15281
258287,15419,15474
207274,15847,15929
392428,15855,15928
268539,15861,15928
91608,15867,15929
58778,15880,15933
327972,15881,15932
123686,15886,15930
262979,17232,17289
101425,17357,17427
278228,17365,17437
300643,17371,17434
159970,19426,19478
220932,19430,19471
161037,20363,20416
127678,21787,21856
286023,21804,21881
179084,21805,21873
101597,21817,21872
294862,21982,22037
44902,21982,22044
259811,21982,22058
381198,21983,22035
295279,21984,22054
228550,21986,22065
263603,21987,22070
349074,21994,22038
129321,22002,22053
60969,22006,22050
56849,22980,23035
73562,22981,23043
374741,22983,23047
319546,22989,23047
390863,22990,23045
324875,22991,23062
379455,23016,23073
27402,23068,23135
178256,23129,23190
245928,23378,23448
117710,23386,23448
87336,23400,23458
67273,24133,24210
63399,24282,24336
108353,25803,25856
106129,25949,26005
44281,26223,26284
324203,26225,26300
50138,26231,26290
114579,26237,26312
171503,26239,26319
362155,26242,26296
23429,26247,26313
208137,26247,26323
313912,26248,26312
171504,26248,26325
263619,26253,26316
10410,26255,26326
6738,26257,26318
171171,26259,26326
371242,26260,26321
79804,28102,28163
11339,28107,28166
175337,28107,28186
14898,28117,28182
392771,28120,28184
