70825,134,195
368337,138,240
261850,183,271
308290,209,276
337116,284,367
169352,295,359
366273,315,382
8875,326,441
326955,389,486
191975,391,488
8874,393,507
134995,394,455
101588,403,517
109462,405,513
61765,407,543
211582,410,558
117812,411,508
268340,414,538
322705,430,552
213623,433,498
7454,433,547
51174,438,503
397,439,511
232279,439,537
293971,439,556
279722,443,547
74806,445,509
67207,445,518
364475,445,563
333410,446,507
27441,447,514
91575,457,544
2254,457,564
150406,458,571
326954,459,567
80368,478,535
385030,606,681
11718,606,689
1305,606,697
61741,608,680
35064,741,792
140055,784,914
93192,858,922
132449,895,941
94819,925,976
167195,999,1055
82464,999,1061
240963,999,1065
186619,999,1083
307325,1001,1064
34281,1002,1065
176799,1002,1094
322704,1004,1103
248325,1007,1064
101339,1007,1082
315635,1009,1119
140056,1010,1113
244994,1015,1078
329865,1020,1090
385031,1024,1113
220582,1025,1145
129685,1028,1097
8873,1028,1131
207134,1029,1082
292550,1029,1087
140633,1029,1112
66960,1031,1109
7450,1032,1130
240953,1034,1095
257310,1035,1098
74800,1036,1115
11719,1038,1147
140057,1038,1184
66962,1045,1171
385032,1046,1186
261852,1048,1120
176795,1052,1123
51173,1056,1109
365118,1059,1128
176794,1059,1143
23912,1062,1125
7451,1063,1184
244992,1066,1145
39460,1068,1167
115991,1071,1147
146867,1072,1139
131402,1075,1137
7452,1081,1185
176796,1083,1155
17699,1085,1143
129686,1085,1168
315634,1087,1167
81879,1087,1177
8867,1089,1162
7453,1093,1199
385033,1094,1220
165558,1096,1156
134994,1097,1159
1635,1097,1173
26947,1100,1181
393579,1102,1166
82466,1103,1168
44990,1110,1183
220581,1115,1172
23298,1115,1203
351381,1117,1169
74801,1118,1195
318488,1119,1221
235383,1122,1205
8736,1123,1202
211581,1124,1178
229980,1126,1229
196534,1132,1197
23217,1136,1206
318487,1620,1686
380191,1677,1739
138368,1807,1884
212413,1816,1878
66359,1830,1880
387971,1837,1893
158627,1888,1975
82468,1889,1980
13478,1899,1990
67862,1900,1963
82465,1902,1980
37132,1903,1971
75911,1905,2002
167088,1906,2009
353020,1907,1986
353021,1910,1989
47521,1913,2008
190350,1918,2027
196530,1919,2005
364473,1920,2000
201232,1923,2004
3330,1924,2035
217844,1925,1991
29624,1925,2021
200403,1926,2015
186176,1928,2025
52871,1929,2009
344968,1929,2029
129893,1931,2002
89717,1931,2014
8179,1933,2003
264785,1934,2028
133034,1936,1998
268338,1936,2025
229041,1937,2014
84058,1939,2003
91151,1939,2029
214103,1939,2035
327278,1941,2004
257311,1941,2016
35063,1941,2023
380189,1941,2027
14340,1941,2033
133331,1942,2005
29623,1943,2022
113040,1944,2006
101079,1944,2027
295384,1945,2007
343147,1946,2011
322798,1947,2010
277870,1949,2035
204012,1951,2018
380190,1953,2024
99849,1955,2019
383065,1957,2019
340467,1959,2024
114691,1968,2030
112011,2148,2228
288801,2265,2318
34329,2404,2475
268335,2404,2499
344969,2405,2492
11720,2449,2552
102020,2462,2550
288800,2465,2549
288157,2465,2562
66360,2470,2548
269764,2492,2552
92458,2495,2564
4166,2499,2572
346452,2512,2579
190593,2514,2619
169353,2514,2624
337110,2515,2563
244991,2515,2586
347404,2519,2580
108463,2519,2586
201245,2521,2583
96116,2522,2580
35067,2523,2587
190969,2523,2614
397773,2523,2633
31148,2524,2591
351382,2525,2584
74799,2525,2625
356937,2527,2594
108462,2527,2616
363434,2528,2591
315160,2529,2588
190970,2529,2614
355444,2531,2613
188426,2531,2648
18627,2532,2638
109957,2533,2584
288150,2536,2634
1214,2537,2610
262991,2540,2630
13479,2542,2637
190972,2546,2608
31991,2546,2651
141852,2549,2611
42979,2554,2618
307326,2557,2604
59171,2563,2636
73983,2563,2651
166409,2565,2614
96111,2565,2637
196529,2565,2671
29747,2575,2637
55771,2587,2639
218070,2587,2644
232278,2596,2683
329876,2942,3014
141487,2950,3014
100771,2959,3015
288152,2959,3046
196533,2959,3056
49343,2959,3067
405031,2962,3062
23300,2970,3028
108464,2971,3073
197077,2973,3057
92459,2979,3090
207135,2985,3039
199234,2988,3080
200705,2990,3058
211580,2992,3087
189870,2993,3039
262989,2993,3073
269761,3012,3067
1638,3014,3079
213068,3018,3080
93884,3020,3086
240952,3292,3368
380184,3317,3379
269766,3351,3410
368121,3378,3440
329868,3388,3477
35065,3397,3463
187331,3399,3458
190594,3401,3465
26054,3401,3499
139815,3420,3477
315266,3426,3504
224081,3436,3529
99363,3438,3501
224082,3442,3541
386695,3445,3499
65643,3544,3605
320300,3547,3613
229232,3552,3601
349908,3561,3612
380183,3686,3751
44983,3773,3835
347405,3781,3844
189871,3784,3843
358484,3794,3847
396168,3899,3966
48265,3901,3964
79526,4008,4102
4167,4009,4056
146868,4010,4105
209623,4020,4083
77308,4022,4075
233962,4056,4114
278723,4231,4285
186177,4249,4307
278722,4322,4387
288799,4327,4403
189869,4336,4400
93885,4339,4403
140053,4350,4403
269760,4358,4403
157130,4429,4484
34405,4430,4504
300258,4430,4518
92460,4436,4515
186618,4491,4559
190592,4527,4626
207139,4554,4624
268336,4566,4631
141488,4768,4824
297176,4768,4831
257697,4772,4833
262990,4789,4876
346454,4805,4875
94107,4995,5059
89873,5001,5090
89224,5014,5091
268339,5029,5092
39461,5040,5091
138370,5041,5090
337113,5148,5216
212415,5151,5231
57089,5152,5216
15304,5153,5218
240951,5167,5216
261851,5288,5353
185145,5297,5338
344277,5297,5353
307321,5393,5454
307322,5396,5488
337111,5413,5546
169351,5421,5483
198214,5422,5500
221047,5423,5486
39463,5423,5502
356938,5425,5500
196532,5428,5506
87420,5429,5548
109047,5432,5509
99362,5456,5541
44988,5456,5586
273118,5459,5544
337114,5463,5552
399497,5463,5558
190967,5470,5569
207222,5473,5534
204011,5473,5590
219449,5474,5537
180827,5474,5551
94094,5475,5554
363435,5475,5576
277410,5476,5537
337115,5479,5555
212410,5479,5592
233961,5480,5542
48970,5481,5567
212411,5481,5601
329867,5482,5544
8178,5484,5545
363436,5485,5593
290278,5486,5562
221048,5487,5539
288149,5487,5568
349909,5487,5599
4810,5488,5578
1175,5499,5547
86861,5499,5569
305528,5499,5579
11721,5501,5597
47522,5502,5579
132531,5503,5584
173348,5505,5606
139459,5506,5570
205807,5507,5582
263239,5508,5573
342279,5511,5581
239772,5517,5581
176798,5518,5603
245452,5543,5605
96113,5556,5633
405033,5655,5766
219793,5657,5756
405032,5673,5729
11063,5684,5738
78727,5747,5818
204358,5758,5819
346451,5783,5845
37131,5830,5916
17700,5834,5916
120201,5847,5936
308289,5884,5938
288798,5885,5948
178345,6252,6328
253930,6309,6415
288285,6310,6399
256580,6316,6375
93886,6362,6417
13853,6364,6418
374631,6447,6503
306429,6541,6614
359224,6570,6618
187332,6713,6771
190588,6813,6879
288806,6815,6924
288154,6834,6941
202905,6839,6915
288151,6847,6925
202648,6850,6930
54338,6852,6932
288804,6854,6918
396167,6857,6942
406102,6858,6913
201246,6860,6946
55666,6862,6948
57243,6863,6940
8868,6864,6942
257698,6872,6941
75913,6875,6949
213070,6877,6926
280819,6878,6948
269762,6880,6946
142957,6882,6942
380192,6892,6978
207138,6898,6940
89872,6906,6948
160956,6908,6955
44989,6917,6980
279694,6963,7030
251324,7144,7219
329870,7156,7217
1637,7157,7219
196528,7171,7269
169354,7201,7315
39763,7205,7298
167192,7215,7307
167194,7216,7298
331616,7231,7336
99184,7234,7307
141854,7234,7315
113175,7244,7296
366279,7244,7308
140059,7244,7348
193217,7246,7296
66358,7246,7326
288156,7246,7339
73509,7251,7309
128076,7251,7340
39460,7251,7348
209118,7252,7306
57839,7252,7334
201875,7253,7321
167198,7254,7315
39462,7255,7348
8870,7256,7340
137420,7259,7337
8869,7261,7344
273866,7262,7325
176797,7266,7332
19713,7269,7334
4811,7269,7341
190595,7270,7326
27440,7272,7340
247432,7276,7340
315558,7277,7341
44987,7278,7342
201874,7283,7345
267126,7301,7342
176800,7731,7808
385027,7733,7813
329881,7744,7787
406103,7747,7814
39455,8590,8663
307320,8786,8880
167193,8794,8884
167089,8795,8876
349272,8801,8866
178751,8812,8877
146871,8819,8884
13480,8822,8885
134623,8824,8875
211583,8932,8996
257694,8933,9011
39458,8942,8999
406105,8953,9017
337314,8961,9027
132787,8973,9035
351378,9298,9374
92461,9305,9368
396925,9311,9390
190352,9328,9384
140054,9344,9404
256581,9470,9562
54019,9471,9549
288810,9474,9539
39455,9474,9560
406104,9475,9542
138371,9475,9551
288161,9476,9555
96115,9476,9561
66364,9477,9541
220238,9480,9560
17701,9481,9590
128077,9484,9531
140058,9484,9558
55752,9497,9567
288155,9498,9572
288802,9498,9597
337318,9499,9558
397774,9499,9592
397775,9499,9605
337319,9501,9563
380194,9501,9568
93887,9502,9555
307324,9507,9573
294186,9509,9565
190586,9509,9573
178345,9509,9586
13481,9517,9591
329880,9522,9570
187333,9552,9636
364477,9652,9703
368122,9652,9754
223335,9655,9704
39459,9660,9741
356497,9681,9748
66961,9686,9762
22652,9688,9744
128078,9694,9759
212412,9697,9761
39457,9700,9747
398653,9703,9766
82467,9705,9778
26055,9708,9779
292551,9709,9812
351380,9710,9795
46088,9712,9782
307323,9717,9796
288153,9717,9807
331615,9718,9765
244993,9718,9782
146841,9721,9762
268337,9721,9783
35066,9721,9785
196531,9723,9786
326956,9724,9775
57463,9725,9787
191974,9727,9802
257699,9727,9808
329866,9739,9806
366274,9842,9900
278721,9851,9915
290014,10384,10450
75756,10386,10450
96112,10406,10506
297179,10687,10761
297178,10691,10761
7449,10854,10911
141489,10857,10913
366276,11097,11167
385029,11108,11177
366280,11121,11164
311972,11541,11620
280820,11545,11618
11604,11547,11641
39461,11551,11617
396924,11556,11624
44984,11556,11629
61766,11556,11635
253931,11557,11619
329879,11558,11621
19835,11558,11646
169355,11558,11674
189872,11559,11627
8871,11559,11650
368338,11561,11662
169356,11563,11665
132505,11564,11626
182735,11566,11627
44986,11566,11651
300260,11568,11652
305606,11568,11660
281651,11570,11669
207822,11575,11639
281650,11577,11676
269769,11578,11640
138372,11579,11656
128681,11579,11671
11722,11581,11664
82471,11583,11637
346600,11586,11639
274956,11586,11648
3895,11587,11662
354155,11588,11649
165036,11589,11664
297177,11592,11666
322706,11592,11679
169357,11593,11657
198215,11593,11668
255,11598,11662
85881,11601,11665
53400,11602,11666
75912,11604,11682
213627,11605,11666
378485,11605,11675
92954,11605,11689
395696,11606,11669
217291,11607,11670
315267,11610,11677
117813,11615,11677
91152,11620,11681
300259,11747,11829
8876,11757,11844
31259,11766,11821
190353,11767,11820
92463,11780,11832
213072,11784,11831
380186,11980,12030
329872,12014,12106
92462,12026,12093
39456,12033,12108
380193,12035,12104
108467,12037,12091
7456,12041,12110
288805,12054,12127
288808,12234,12297
201876,12251,12313
1636,12268,12327
305608,12273,12354
305607,12274,12345
74804,12276,12328
66363,12279,12349
39458,12289,12366
360468,12333,12382
57244,12372,12432
55749,12373,12434
7457,12373,12456
315559,12376,12450
17702,12378,12425
49145,12378,12434
364474,12378,12476
66362,12381,12470
387497,12382,12445
116299,12386,12448
292340,12387,12453
337320,12387,12468
396169,12388,12458
366281,12389,12455
4164,12394,12470
176801,12397,12459
66213,12397,12463
14534,12400,12468
204428,12402,12463
331041,12402,12477
42737,12405,12475
283707,12408,12494
405023,12416,12465
364478,12441,12507
190585,12456,12582
145227,12484,12557
305604,12484,12572
269770,12485,12559
178346,12487,12571
288803,12487,12577
329873,12487,12588
297180,12490,12585
261853,12491,12570
195969,12493,12573
329882,12496,12608
213069,12500,12576
269771,12500,12588
366277,12508,12589
61745,12509,12572
44336,12509,12580
337317,12516,12577
89718,12516,12588
329869,12519,12582
305605,12539,12588
288807,12541,12604
278720,12541,12615
329878,12543,12605
74805,12552,12603
267601,12552,12644
93888,12553,12635
99361,12554,12628
337112,12559,12638
190587,12560,12628
269768,12561,12658
190590,12562,12639
385270,12564,12652
337112,12568,12648
385034,12569,12658
96117,12575,12659
173347,12576,12642
108465,12579,12640
297181,12584,12645
23299,12584,12648
269767,12585,12692
374632,12587,12671
140635,12588,12649
313738,12590,12697
39457,12592,12653
366278,12592,12665
361068,12593,12668
78436,12596,12684
259760,12598,12653
346453,12600,12682
138373,12601,12666
380185,12601,12693
187335,12603,12680
115663,12608,12654
396923,12608,12663
220583,12610,12696
82472,12611,12686
213071,12611,12691
186178,12614,12692
29625,12615,12686
108469,12616,12690
17703,12617,12683
55747,12618,12679
63031,12622,12681
165035,12623,12677
44985,12623,12685
156302,12625,12691
209119,12627,12690
207137,12634,12700
39454,12645,12722
376356,12656,12720
385035,12765,12809
95570,12778,12849
141855,12784,12851
39454,12788,12845
61742,13028,13098
201877,13030,13094
108468,13034,13099
209117,13232,13276
73916,13316,13382
366275,13326,13383
142958,13330,13382
364476,13336,13398
178889,13341,13409
328491,13344,13405
112623,13363,13412
31995,13366,13424
209624,13378,13446
307882,13417,13502
306430,13431,13535
269772,13470,13538
364180,13477,13534
220580,13479,13538
54666,13480,13537
61743,13685,13759
329883,13750,13837
278717,13764,13834
329875,13770,13839
329874,13772,13849
39456,13772,13852
278716,13835,13907
337316,13856,13933
337315,13864,13927
174506,13873,13933
269763,13880,13932
288158,13881,13957
129684,13881,13974
262992,13884,13935
39459,13889,13973
288809,13899,13961
113731,14041,14107
260771,14042,14122
48153,14045,14104
67417,14045,14107
269765,14045,14111
108286,14048,14132
23363,14050,14107
75914,14051,14114
268342,14207,14256
196527,14227,14287
396926,14237,14318
186620,14239,14301
256176,14277,14340
200396,14314,14379
347406,14331,14393
360469,14474,14521
67658,14480,14548
187337,14482,14567
42603,14484,14540
277144,14484,14551
369031,14485,14532
264786,14485,14566
42602,14487,14549
128079,14488,14579
146872,14492,14554
187336,14507,14602
65097,14513,14609
209116,14514,14591
110114,14557,14606
1634,14560,14628
83803,14766,14825
326957,14766,14832
26056,14766,14842
26057,14768,14818
201247,14768,14825
329877,14768,14836
388216,14769,14822
385028,14776,14829
39193,14778,14824
44992,14963,15025
361869,14964,15023
189873,14970,15025
260537,14981,15025
337313,15187,15232
351377,15187,15234
71390,15300,15353
366282,15385,15473
199977,15385,15485
368340,15392,15454
213626,15392,15464
66361,15397,15463
96114,15423,15527
141490,15431,15511
141491,15447,15525
209642,15450,15526
165039,15609,15677
257696,15609,15693
190591,15611,15682
141853,15615,15693
61744,15617,15688
146869,15619,15674
39462,15619,15723
115992,15620,15683
288160,15620,15692
213624,15623,15687
146870,15630,15691
55750,15630,15716
380187,15630,15720
220585,15632,15710
198219,15634,15711
139816,15634,15736
198218,15634,15746
141816,15635,15694
221049,15636,15740
55748,15637,15699
138374,15637,15704
251326,15640,15723
251327,15641,15750
267602,15644,15707
128075,15644,15719
201249,15646,15709
220584,15647,15715
39463,15647,15726
317871,15650,15711
4165,15652,15749
374633,15657,15756
190589,15666,15758
251322,15669,15760
67416,15673,15735
214104,15674,15756
82473,15679,15756
76732,15681,15782
108466,15684,15757
232280,15687,15756
393581,15694,15755
363864,15695,15756
44991,15697,15761
214893,15697,15772
122172,15698,15762
337451,15700,15752
92953,15706,15763
141828,15708,15780
117455,15719,15782
59170,15721,15785
370311,15725,15780
75915,15762,15851
201248,15784,15847
141856,15786,15847
4163,15786,15849
190583,15788,15855
187334,15792,15869
190584,15794,15858
49559,15794,15883
257700,15795,15856
141492,15795,15889
190968,15797,15879
66964,15799,15849
190971,15799,15884
74807,15800,15888
251323,15801,15869
66963,15812,15878
139817,15812,15894
59172,15813,15909
136068,15815,15890
58124,15816,15878
198220,15817,15882
157786,15818,15891
191976,15820,15883
364479,15821,15890
257312,15829,15895
72777,15830,15912
278719,15838,15902
213625,15846,15909
171735,15848,15891
282126,15849,15915
146873,15853,15922
383066,15854,15908
187338,16196,16263
288159,16196,16267
353419,16203,16266
387972,16214,16280
305609,16228,16301
200404,16244,16303
137381,16455,16516
254447,16456,16517
190351,16456,16519
55751,16456,16524
44867,16457,16518
204102,16457,16530
219794,16463,16525
231626,16465,16525
333509,16465,16533
86100,16465,16536
374634,16474,16525
167197,16483,16524
251325,16490,16536
74802,16567,16680
268341,16568,16628
66357,16568,16633
157131,16568,16657
257695,16568,16690
329871,16568,16708
287086,16571,16629
165037,16571,16660
368339,16572,16653
271148,16577,16705
209625,16594,16743
326958,16601,16730
74803,16605,16703
138369,16605,16716
393580,16610,16758
165038,16619,16750
8872,16623,16736
108285,16624,16743
77309,16624,16752
167196,16629,16752
153110,16633,16726
351379,16633,16740
366283,16640,16721
82470,16640,16731
212414,16641,16702
73510,16641,16735
7455,16641,16754
134996,16641,16765
240954,16642,16717
82469,16648,16764
207136,16650,16701
198217,16653,16731
144147,16662,16728
198216,16666,16731
140634,16666,16742
278718,16673,16734
95571,16675,16762
92464,16675,16765
397776,16692,16753
257313,16692,16761
89874,16708,16765
1739,16712,16762
