121938,159,253
141852,162,232
99126,163,237
141,163,251
263917,165,231
12796,166,240
324856,170,232
323941,173,238
119418,177,270
248726,185,282
277912,188,249
102410,188,283
69751,194,269
84372,196,258
256883,196,262
119417,197,260
213685,204,273
85157,205,305
99242,213,291
404929,217,305
232417,222,291
33752,222,296
27732,223,285
150652,225,296
207240,227,288
132919,228,289
378407,228,294
288675,230,291
334671,232,294
349957,234,298
187944,241,302
171569,247,311
381742,271,332
193268,377,450
123269,378,463
226098,382,468
138489,383,457
347178,395,457
13965,403,489
229156,407,470
193267,414,486
400152,415,494
379237,417,481
301495,418,484
269768,418,510
107570,424,488
118110,425,489
324280,425,504
358838,427,488
379238,427,527
54518,431,525
135627,433,495
195615,435,515
196528,445,559
153075,448,527
54517,449,553
253181,450,506
325261,453,515
186,465,531
386894,513,579
103899,535,594
54519,535,613
119416,561,621
210191,633,708
16485,635,721
207241,658,721
35106,659,745
31994,660,718
35105,663,734
322357,664,724
188,666,755
401302,672,725
233370,672,773
330392,676,725
364039,682,733
207242,682,746
81432,682,762
404928,682,766
47147,693,762
271286,696,750
240068,699,763
381109,701,766
208539,727,805
23431,737,790
145593,739,808
159248,764,846
293972,775,849
335824,784,838
360280,786,836
210925,789,853
388646,790,863
363522,790,871
105198,791,854
385859,798,893
388647,800,876
80547,808,871
134162,809,894
78181,813,892
356236,816,877
134163,816,896
920,818,879
386675,820,881
216349,824,889
42088,832,896
405997,845,906
360281,845,910
168314,850,913
363521,943,993
72435,946,1021
376450,954,1023
177034,954,1026
193270,962,1030
189,968,1035
142,975,1035
299593,1126,1198
72434,1167,1247
113831,1221,1298
244601,1647,1706
289350,1742,1803
193266,1748,1810
405838,1753,1807
209954,1765,1812
299594,1901,1953
170130,1914,1965
332440,2076,2161
59845,2078,2171
29513,2081,2146
17747,2083,2139
332439,2083,2171
212540,2096,2157
363520,2099,2163
16486,2102,2168
106753,2106,2185
226097,2121,2177
253182,2121,2188
408042,2258,2345
375123,2267,2347
132606,2279,2340
174624,2283,2347
152818,2286,2347
33751,2570,2630
196527,2840,2908
118111,2859,2927
99243,2868,2915
183009,3008,3068
355697,3027,3134
177031,3049,3132
133140,3050,3134
229832,3058,3137
52254,3059,3142
346573,3060,3124
363525,3060,3135
68536,3062,3132
288176,3066,3134
277369,3067,3143
135041,3068,3132
392194,3068,3135
34514,3069,3122
319688,3069,3137
313675,3069,3144
159423,3070,3139
31991,3071,3157
31993,3072,3147
356418,3073,3160
25032,3076,3138
63446,3076,3144
176982,3076,3147
209955,3077,3124
233367,3078,3122
174367,3078,3140
177033,3080,3124
35108,3081,3145
326471,3084,3148
196529,3084,3176
233372,3085,3147
233370,3088,3207
8736,3090,3178
263918,3091,3182
190,3097,3183
384096,3099,3186
129849,3100,3144
16487,3101,3168
354635,3102,3146
40167,3103,3145
53960,3103,3147
199836,3124,3194
263919,3157,3224
225663,3159,3216
27624,3160,3223
207251,3160,3233
174368,3303,3366
193269,3325,3391
6017,3327,3376
150605,3330,3388
92192,3360,3411
166454,3486,3528
349198,3896,4004
174623,3917,3991
319448,3917,4006
377396,3921,3992
107582,3924,4007
393526,3927,4007
319449,3930,4006
152820,3933,3998
19855,3935,4002
198302,3936,3997
233367,3940,4004
13508,3945,4003
177032,3946,4001
82927,3946,4010
152819,3947,4008
121939,3951,4036
161791,3953,4009
404930,3953,4051
233365,3954,4015
34516,3957,4005
231462,3957,4035
29874,3965,4039
296476,3974,4030
210522,4007,4057
119419,4015,4094
233365,4017,4066
187,4018,4088
296477,4018,4093
102483,4022,4090
207248,4025,4108
296478,4062,4141
187946,4078,4133
7825,4303,4361
97152,4496,4585
176501,4498,4590
228031,4499,4583
141378,4500,4593
380862,4504,4591
281612,4509,4570
212538,4511,4570
269667,4514,4575
125302,4516,4578
20410,4517,4593
317817,4518,4583
123295,4519,4586
71434,4523,4574
249299,4529,4581
234925,4596,4664
175449,4599,4663
192901,4601,4665
145,4606,4692
6089,4607,4707
289349,4607,4713
215215,4611,4708
361532,4622,4702
381110,4622,4715
170120,4634,4696
405837,4665,4732
319774,4680,4740
87793,4697,4755
256619,4810,4865
187945,4851,4916
207244,5113,5181
132607,5222,5289
33896,5222,5303
27894,5225,5281
153077,5225,5291
291519,5225,5298
378633,5226,5316
326472,5229,5309
172273,5237,5282
301236,5262,5339
153076,5263,5342
226409,5264,5314
193271,5277,5331
185,5278,5339
123554,5282,5341
290266,5369,5435
364041,5370,5438
392997,5395,5468
250110,5404,5473
371385,5414,5472
124823,5418,5484
121937,5945,6051
324770,5955,6031
159422,5962,6065
96350,5968,6029
152817,5969,6030
251937,5979,6059
229222,5980,6043
249298,5982,6045
277915,5984,6078
19424,5988,6075
261116,5989,6047
277914,5995,6078
60462,6001,6055
183008,6004,6072
27594,6007,6075
145687,6009,6070
207249,6050,6117
29514,6069,6139
31990,6082,6143
342835,6112,6169
324771,6145,6198
100118,6330,6389
13440,6486,6563
240071,6490,6568
227464,6491,6558
34515,6499,6555
347648,6500,6570
60220,6502,6560
57173,6503,6567
29517,6508,6563
20829,6517,6569
375122,6525,6588
371386,6536,6602
384097,6537,6632
67640,6544,6609
271288,6744,6803
207252,7086,7151
364040,7100,7216
245040,7103,7185
360279,7111,7190
229833,7113,7187
72436,7113,7209
143159,7114,7180
72437,7118,7215
395191,7121,7183
183006,7123,7217
33897,7125,7188
193274,7128,7192
31992,7129,7203
13689,7129,7209
72438,7129,7214
381695,7132,7188
347652,7137,7232
144,7142,7205
175448,7144,7202
198303,7146,7217
125303,7147,7205
153078,7149,7216
381407,7151,7231
59844,7173,7230
228297,7177,7249
338877,7189,7254
31989,7189,7263
252338,7270,7352
151271,7274,7344
339972,7294,7358
356403,7298,7359
250109,7301,7359
90886,7310,7374
99244,7312,7353
31988,7330,7397
113832,7339,7392
296475,7563,7627
88060,7572,7628
294050,8026,8082
145594,8026,8087
21174,8027,8080
130433,8027,8088
38550,8058,8128
233371,8233,8294
80727,8240,8296
348937,8276,8331
86552,8277,8341
192921,8428,8499
271287,8754,8828
404931,8755,8852
363523,8756,8845
14712,8757,8818
121940,8759,8836
226408,8765,8831
183045,8765,8843
183046,8765,8846
404932,8773,8859
212539,8774,8842
196689,8827,8919
239956,8830,8894
61802,8843,8903
174062,8849,8914
219763,8855,8902
325262,8856,8899
205543,8856,8903
364043,9435,9501
363524,9533,9590
63447,9533,9601
187947,9547,9592
33753,9548,9609
287690,9552,9601
347649,9556,9622
5637,9577,9647
277913,9640,9708
193272,9808,9855
54520,9986,10049
152821,10306,10365
72439,10633,10698
333869,10687,10768
121936,10709,10790
207089,10710,10752
276066,10721,10777
12210,11224,11323
80728,11227,11290
355850,11260,11321
363526,11260,11331
183012,11268,11330
86553,11272,11328
143,11280,11333
66332,11531,11592
43996,11538,11605
196530,11588,11669
358837,11616,11671
285169,11633,11685
193273,11752,11847
282354,11765,11837
207246,11767,11854
228556,11778,11842
233371,11803,11860
278696,11810,11884
193,12138,12212
97153,12311,12414
360282,12315,12416
26410,12327,12417
177030,12332,12415
123274,12336,12417
266799,12346,12408
183013,12347,12415
85125,12350,12412
212537,12422,12492
62444,12427,12490
229232,12430,12492
99127,12437,12499
237647,12442,12503
207245,12445,12536
271156,12446,12508
237646,12450,12511
251935,12465,12535
26317,13100,13164
319450,13100,13174
118112,13101,13155
258548,13104,13165
2914,13138,13198
142974,13153,13207
234924,13156,13210
85158,13969,14033
356318,13977,14040
370680,13977,14045
12211,13982,14062
233369,13986,14049
1925,14010,14074
207243,14037,14158
99128,14283,14345
289352,14562,14630
195,14563,14626
293973,14564,14627
398921,14566,14633
275133,14594,14669
193278,14906,14963
283838,14920,14989
226099,14953,15014
309259,15015,15066
405839,15279,15327
376451,15279,15343
261158,15279,15347
405841,15279,15363
319451,15316,15368
174369,15330,15392
233372,15354,15410
212541,15474,15532
167573,15602,15663
299237,15607,15670
109221,15616,15682
18093,15622,15671
208540,15683,15741
183010,15971,16014
233369,16119,16191
118113,16175,16264
84127,16214,16280
384098,16254,16369
145685,16286,16367
393365,16290,16377
104327,16310,16365
62591,16405,16469
199834,16408,16464
146,16409,16456
119420,16479,16543
289353,16628,16683
289356,16628,16689
12212,16629,16672
164790,16629,16686
347650,16629,16692
207253,16630,16680
289357,16901,16987
215593,17074,17126
29518,17184,17264
26124,17195,17273
159249,17208,17273
207237,17216,17275
288177,17219,17272
233366,17370,17438
233366,17564,17631
193275,17830,17938
300251,17856,17938
330750,17978,18049
395107,18178,18240
338320,18506,18570
290161,18506,18572
275132,18511,18577
229835,18513,18590
324772,18514,18574
174625,18515,18582
145687,18518,18580
73665,18519,18584
73109,18519,18588
209956,18520,18582
170038,18520,18591
191,18520,18601
204326,18525,18571
196775,18525,18575
263920,18525,18581
234599,18525,18590
59843,18527,18603
145686,18547,18608
289355,18803,18852
29519,18804,18873
202682,18808,18919
100119,18811,18872
329825,18812,18874
405842,18813,18885
240069,18816,18878
132608,18822,18883
207090,18823,18933
183044,18827,18896
183011,18836,18916
192469,18839,18935
183007,18842,18934
139329,18847,18923
278697,18848,18913
118114,18858,18941
207247,18860,18928
78182,18862,18936
218827,18863,18930
174438,18865,18933
146851,18868,18934
288179,18875,18939
33482,18894,18959
26106,18896,18960
248661,19161,19215
256676,19161,19219
147,19161,19222
207254,19272,19346
253183,19297,19362
364042,19298,19351
408043,19298,19355
170039,19696,19756
366850,19696,19793
275134,19697,19791
29973,19699,19777
54364,19700,19755
41978,19700,19763
290268,19702,19765
93703,19703,19754
12797,19711,19784
253184,19714,19783
108030,19726,19784
43822,19791,19842
289351,19792,19863
28132,19801,19863
19855,19805,19863
35107,19812,19858
207250,20077,20157
207255,20078,20160
193276,20079,20154
233368,20083,20152
194,20116,20168
226100,20146,20188
176503,20486,20566
363527,20486,20575
183101,20491,20548
161429,20501,20546
192,20504,20573
126433,20505,20597
325263,20508,20572
300250,20508,20579
133948,20509,20563
326473,20517,20613
153079,20520,20588
309258,20527,20588
186794,20672,20734
245182,21121,21198
233368,21599,21664
289354,21602,21665
199837,21998,22060
183839,21999,22059
196531,22001,22055
323201,22001,22063
240070,22558,22633
199835,22580,22641
176502,22962,23009
375470,23314,23380
296481,23325,23388
170040,23326,23390
296479,23327,23387
198346,23329,23383
187948,23329,23395
381408,23337,23390
203185,23642,23706
229834,23644,23696
261117,23849,23913
20830,23851,23914
229836,23852,23911
290267,23854,23914
51336,23857,23914
358534,23862,23909
376453,23862,23919
347651,23874,23935
376452,23874,23949
240072,23878,23990
66333,23880,23947
193277,23897,23994
288178,24151,24209
363528,24277,24349
299884,24278,24342
364044,24280,24345
80729,24293,24352
33898,24308,24366
207091,24308,24386
358533,24320,24385
196534,24334,24386
405840,24353,24421
375124,24735,24838
196533,24739,24847
226101,24746,24811
196532,24749,24814
61478,24763,24832
54521,25039,25101
84126,25055,25121
27593,25079,25125
405843,25202,25254
29515,25210,25253
401812,25919,26009
296480,26295,26351
54522,26495,26560
29516,26495,26566
226410,26516,26619
171520,26541,26598
98257,26545,26626
56249,26549,26634
207256,26564,26625
84128,27704,27813
100120,27718,27799
132609,27728,27772
204229,27737,27788
