337290,165,256
65635,260,308
223679,413,485
388064,581,643
223679,615,699
185662,689,764
88811,690,769
333682,707,771
162392,709,771
328550,711,775
42830,712,774
249894,712,776
283570,713,775
158988,798,864
100144,839,896
249895,883,940
130731,1081,1147
126709,1081,1152
295220,1082,1156
114166,1091,1156
120835,1094,1160
165971,1197,1270
407320,1217,1273
257371,1371,1433
46815,1662,1710
62197,1760,1859
30505,1766,1844
204310,1768,1866
399387,1770,1861
357903,1770,1867
76217,1820,1881
350462,2526,2588
401047,2769,2846
139779,2778,2839
260484,2799,2883
24540,2843,2920
340712,2858,2920
173197,2860,2929
407003,2868,2934
152280,2882,2951
92201,2885,2955
3884,2885,2960
22798,2887,2938
57606,2897,2959
48863,3168,3233
166382,3173,3223
356689,3175,3255
176728,3185,3243
124210,3186,3239
221252,3187,3242
295221,3187,3252
49239,3192,3258
46707,3193,3239
158259,3267,3328
364583,3272,3334
327554,3272,3377
378848,3301,3393
365964,3359,3428
317683,3371,3433
147799,3393,3440
337292,3540,3623
297888,3545,3607
375053,3552,3616
104682,3622,3692
401429,4198,4259
265176,4523,4575
126141,4525,4580
131520,4529,4597
30665,4540,4596
77850,4718,4801
272009,4739,4801
97946,5068,5136
373611,5869,5935
207643,6766,6819
58532,7021,7086
395578,7023,7081
138935,7226,7275
305658,7226,7289
243013,7227,7270
84780,7238,7287
373610,7492,7553
397305,7498,7553
134709,7924,7985
387655,7974,8036
100150,7974,8039
4973,7980,8035
124564,7985,8035
86685,7991,8036
89650,8005,8070
3884,8040,8106
401048,8197,8290
158758,8206,8285
183583,8325,8380
76644,8480,8545
111906,8660,8731
58563,8661,8720
255553,8662,8753
155658,8665,8711
2598,8668,8737
221251,8668,8778
394354,8690,8738
318718,8707,8783
78370,8783,8863
154531,8784,8879
400354,8785,8884
264863,8787,8849
326277,8791,8865
306881,8800,8871
112555,8802,8880
94390,8802,8887
302787,8803,8866
174056,8808,8904
237822,8809,8864
237821,8810,8867
78861,8814,8876
527,8818,8883
148196,8821,8902
369876,8835,8903
128848,8840,8901
244722,8842,8885
226599,8846,8898
319100,8972,9023
47649,8982,9051
186597,9012,9080
391148,9015,9078
319253,9019,9075
76482,9102,9169
96687,9115,9175
143862,9115,9178
208505,9127,9192
44961,9626,9720
304620,9628,9684
407322,9882,9932
407321,9883,9935
304366,9895,9971
133027,9899,9963
158757,9899,9991
399388,9902,9966
38813,9903,9967
299799,9903,9973
103310,10328,10374
186596,11427,11505
234328,11429,11491
77849,11448,11505
162394,11457,11527
333683,11720,11776
157071,11977,12032
195730,11978,12048
267748,12006,12067
42933,12016,12092
84781,12762,12826
57607,12762,12837
299990,12763,12825
44962,13048,13096
205280,13202,13260
161046,13202,13268
393890,13202,13276
246899,13203,13283
287738,13211,13278
259899,14267,14322
100151,14289,14363
350340,14291,14379
34337,14301,14368
319015,14301,14388
14942,14302,14401
395571,14303,14399
94391,14318,14379
79479,14318,14405
244723,14334,14396
300734,14341,14402
71310,14342,14411
155446,14345,14408
185527,14350,14418
109807,14496,14562
401049,14747,14818
393891,14749,14878
36445,14750,14820
38812,14751,14818
373648,14760,14878
306882,14763,14871
179403,14765,14818
78964,14777,14862
170399,14779,14846
199905,14786,14848
102778,14787,14881
147341,14798,14858
155998,14799,14879
41332,14816,14878
131188,14817,14879
41862,14817,14882
319722,14818,14881
117045,14818,14895
206066,14820,14881
56562,15006,15053
312906,15154,15245
100460,15155,15237
360539,15165,15251
362170,15175,15241
381719,15177,15241
124569,15185,15246
179404,15751,15832
165497,16118,16174
3293,16427,16498
302157,17194,17258
6448,17195,17253
364582,17195,17255
217266,17197,17243
28189,17201,17256
192443,17207,17262
57700,17210,17252
299800,17473,17536
10759,19074,19121
397306,19078,19142
47647,19079,19140
301733,19082,19136
231716,19171,19241
265388,19441,19500
204311,19845,19947
65634,19853,19936
337291,19858,19948
378849,19868,19932
373612,21260,21352
77851,21554,21618
67052,21558,21618
141836,22026,22095
157716,22036,22109
276651,22037,22104
223680,22037,22113
369167,22039,22109
18359,22046,22116
208506,22057,22120
35718,22059,22106
42831,22059,22113
297889,22060,22132
242898,22068,22135
208507,22084,22141
384197,22361,22431
164085,22362,22429
30462,22384,22449
223677,22950,23011
223678,22972,23062
162393,23018,23088
223677,23026,23086
77852,23026,23099
182687,23027,23084
77853,23028,23096
387987,23037,23097
223678,23046,23135
405908,23053,23113
32828,23056,23111
248726,23385,23468
385672,23386,23450
223680,23388,23475
255554,23389,23448
10814,23391,23453
148565,23410,23483
407918,23418,23480
6289,23418,23485
310251,23431,23498
199130,23459,23529
187389,23473,23539
319678,23507,23569
211384,23775,23836
244774,24362,24424
385673,24660,24725
105479,24917,24979
265389,24918,24985
320187,24919,24992
232983,24929,24992
401430,24953,25029
122072,24972,25036
122073,24972,25056
12239,25013,25119
249896,25018,25088
218379,25027,25102
171317,25034,25109
349119,25038,25131
100461,25039,25136
147038,25041,25134
169260,25056,25115
47648,25640,25704
133563,26448,26492
91169,26958,27020
176729,27425,27477
345226,29324,29388
393154,29328,29387
15239,29428,29482
20346,29428,29494
181038,29436,29499
301596,29443,29492
331908,29452,29496
47650,29507,29569
224233,29517,29574
56761,29517,29576
78862,29526,29580
38202,29526,29585
