155717,165,232
208410,166,234
3220,172,253
363453,188,255
176629,188,258
18545,188,264
244045,191,258
228897,194,246
243402,195,255
344649,196,246
281873,208,298
3223,236,336
2862,241,300
97079,245,300
3218,246,343
151371,252,313
252019,257,313
117797,257,321
322098,258,318
74860,258,336
71507,258,339
226296,259,322
393610,259,326
118331,260,314
314916,261,318
68227,262,332
151371,266,333
30701,266,367
218737,267,344
372946,272,335
122302,272,344
231480,278,343
51567,279,375
373540,287,363
343040,468,568
360248,474,546
208409,477,546
363456,485,553
349136,486,565
343015,490,568
146290,496,558
316682,522,591
110147,530,615
13010,553,604
83399,553,610
269389,556,626
73350,668,734
373640,775,832
3219,775,842
298036,932,1002
218736,951,1025
267468,953,1016
34652,985,1042
377249,1114,1191
244045,1128,1191
137091,1277,1329
313435,1277,1348
273163,1278,1332
76983,1279,1328
298035,1284,1347
244048,1284,1375
165151,1525,1607
226297,1538,1609
303780,1539,1605
18282,1548,1608
148306,1548,1610
146289,1550,1609
194027,1553,1609
88851,1557,1609
406467,1808,1870
183485,1813,1900
218735,1819,1888
363454,2441,2511
351378,2442,2513
311676,2444,2501
209270,2459,2515
3225,2463,2539
344652,2469,2547
152988,2476,2537
343041,2476,2539
151373,2476,2550
402604,2481,2547
65757,2481,2550
151372,2481,2558
55568,2486,2557
327376,2937,3009
402175,2941,3029
352033,2942,3024
351377,2947,3010
351381,2951,3022
314917,2953,3024
9714,2954,3036
311674,2959,3010
37449,2959,3013
344653,2959,3043
117718,2965,3047
363457,2966,3057
338745,2968,3032
168311,2978,3039
62185,2982,3050
393611,2988,3058
3226,2992,3059
300545,3009,3065
182380,3131,3188
13882,3132,3223
244047,3137,3213
3222,3137,3234
108642,3138,3215
3228,3145,3220
3227,3145,3251
279853,3181,3235
163671,3182,3260
375187,3196,3261
74565,3211,3270
371539,3220,3264
88849,3344,3397
406193,3353,3420
229753,3356,3425
359271,3357,3421
93986,3360,3420
81679,3360,3424
182375,3378,3421
956,3400,3490
69741,3430,3491
243404,3620,3692
218738,3626,3700
363458,3639,3705
241529,3650,3708
61305,3671,3732
64374,3691,3773
171027,3708,3776
343042,3709,3774
66468,3713,3800
51427,3713,3812
401853,3714,3775
122411,3715,3790
188456,3728,3820
353237,3730,3816
219248,3733,3808
62184,3740,3815
234826,3742,3807
218066,3742,3814
254207,3745,3814
182376,3745,3830
344650,3747,3811
72548,3749,3816
89438,3753,3817
88850,3763,3809
173492,3803,3851
30702,3843,3950
293271,3907,3967
110146,3908,3964
247454,3911,3971
237907,3912,3966
303781,3912,3974
97080,3914,3964
168312,4115,4214
239067,4364,4436
269057,5247,5325
100846,5403,5468
171928,5412,5493
35230,5415,5481
139702,5420,5482
402174,5422,5501
89434,5425,5487
191046,5428,5501
279854,5431,5529
317649,5437,5525
92876,5437,5541
10458,5441,5526
3221,5444,5507
88852,5446,5512
343812,5462,5517
79926,5462,5519
191045,5462,5554
270127,5464,5543
67146,5466,5540
88806,5467,5528
257053,5467,5551
393609,5469,5549
56503,5471,5538
150605,5472,5542
73377,5475,5554
93987,5478,5539
955,5478,5550
9715,5493,5543
244048,5631,5720
16522,5806,5866
182379,5947,6027
148304,5949,6026
230100,5955,6019
230099,5955,6023
153476,5969,6018
15501,5969,6026
141339,5974,6045
74856,5974,6057
349137,5989,6036
108645,5989,6047
108643,5989,6086
244047,6026,6100
108644,6029,6098
38234,6034,6092
38235,6034,6117
18548,6035,6150
158988,6036,6106
182381,6039,6158
244046,6044,6108
293270,6058,6119
18546,6059,6153
23650,6062,6125
248386,6063,6161
18549,6066,6150
259909,6069,6157
363455,6071,6166
18550,6072,6157
230101,6074,6140
316683,6079,6140
81119,6079,6144
287743,6081,6166
403894,6087,6164
267469,6096,6157
273164,6254,6337
70747,6260,6333
230098,6263,6309
139703,6272,6334
182383,6272,6336
55569,6276,6337
157171,6281,6342
244049,6297,6362
148100,6701,6751
3414,6886,6940
159452,7036,7112
29391,7038,7094
55570,7041,7101
74859,7042,7111
18547,7211,7271
244046,7211,7273
262389,7211,7275
351550,7211,7298
71306,7217,7272
55571,7271,7329
3229,7275,7329
191047,7281,7364
157769,7293,7368
73379,7296,7360
360247,7299,7365
25394,7300,7362
356042,7405,7474
260425,8812,8877
113676,8822,8887
351551,8830,8890
51566,8830,8895
18488,8832,8879
16053,8834,8886
108646,8834,8888
294852,8836,8886
359273,8836,8894
299410,9143,9208
251716,9145,9204
269388,9146,9216
233553,9149,9203
70778,9161,9231
350260,9170,9231
55572,9583,9637
92800,9583,9660
267471,9583,9694
337206,9584,9648
185295,9588,9659
195930,9592,9664
274012,9595,9686
243403,9595,9695
224817,9596,9662
151374,9605,9699
22657,9605,9702
112813,9607,9669
332024,9609,9670
344537,9609,9676
177744,9610,9684
1381,9611,9711
259908,9614,9721
390456,9616,9673
291661,9616,9734
170910,9617,9718
89437,9617,9725
182377,9620,9732
113341,9623,9691
343813,9625,9687
262844,9628,9689
152222,9629,9673
214284,9629,9712
269056,9630,9716
200470,9635,9740
250828,9636,9729
38236,9639,9749
65758,9646,9725
48734,9647,9714
116568,9648,9734
89435,9650,9760
363459,9651,9737
67842,9654,9727
187446,9655,9719
351380,9655,9747
343385,9656,9743
331284,9664,9732
372114,9664,9752
267470,9665,9744
303782,9667,9747
311675,9670,9730
351382,9671,9734
57361,9672,9729
387191,9672,9733
273019,9672,9735
194028,9674,9717
151944,9674,9735
267369,9675,9750
313204,9676,9737
235625,9678,9739
10746,9679,9747
63558,9682,9754
195698,9683,9747
344651,9684,9746
151280,9688,9752
359410,9690,9752
90422,9692,9765
88854,9699,9764
308270,10143,10194
359272,10168,10223
160206,10270,10336
212145,10415,10468
350622,10510,10571
4595,10743,10796
139704,10744,10807
111786,10751,10801
377250,10751,10831
402173,10756,10810
182378,11002,11063
186795,11005,11066
269055,11011,11065
257010,11234,11288
347902,11235,11295
55573,11241,11294
88853,11241,11296
347011,11241,11302
383813,11259,11316
373641,11481,11531
159897,11848,11919
8883,11854,11927
209271,11984,12045
182384,11986,12043
153475,11990,12038
369574,12324,12385
320025,12324,12395
273162,12332,12389
333600,12333,12386
367726,12659,12726
74858,12661,12723
124790,12666,12721
70850,12667,12728
367725,12675,12725
333601,13026,13083
89436,13033,13082
213482,13295,13365
74861,13301,13370
244049,13303,13357
26718,13376,13427
300544,13579,13640
254151,13580,13627
267472,13580,13641
3224,13580,13655
35231,13581,13643
38237,13584,13651
393612,13603,13698
252020,13617,13719
331285,13621,13691
73378,13635,13707
55574,13639,13714
228898,13644,13706
367482,13669,13737
79926,13670,13714
74857,14048,14101
3230,14048,14113
182382,14048,14136
148305,14048,14144
55575,14049,14111
317657,14049,14149
303779,14051,14158
92472,14081,14146
367481,14173,14250
351379,14179,14272
13170,14183,14273
