176681,103,164
246245,121,189
395160,271,322
348715,273,346
277674,278,354
348716,279,352
260758,283,361
122948,285,346
312690,292,356
236355,294,340
184207,295,372
382574,300,384
285583,322,397
260635,355,449
196182,359,439
122945,380,455
293324,381,450
188277,391,493
368982,394,456
188276,410,493
260973,620,690
67889,625,683
323313,632,687
71677,633,701
231289,653,718
142298,1051,1119
10355,1064,1126
108355,1065,1138
198801,1068,1126
145294,1114,1180
356689,1127,1201
232436,1430,1485
247317,1435,1519
284653,1597,1661
383929,1610,1691
383930,1626,1702
302269,1913,1995
214563,1934,2001
56470,1935,2014
83000,1936,1998
36006,1940,2016
86020,1980,2036
240,1981,2045
277522,1998,2051
382571,2002,2065
136243,2002,2074
286534,2003,2080
263056,2052,2159
228573,2059,2152
169780,2061,2169
183338,2062,2179
40216,2071,2164
304281,2072,2149
129665,2072,2172
56160,2075,2154
113965,2075,2178
122946,2076,2150
77515,2078,2161
229305,2079,2153
61411,2080,2144
126417,2082,2157
141210,2083,2153
119931,2085,2177
296214,2085,2180
220005,2086,2165
135988,2088,2152
236194,2090,2201
184208,2091,2160
264510,2091,2197
215002,2092,2153
402978,2094,2166
270523,2095,2159
83307,2101,2176
7796,2103,2165
270687,2104,2193
75048,2104,2205
337952,2108,2169
146430,2118,2160
153727,2126,2213
347599,2138,2199
382571,2292,2358
57200,2503,2579
4974,2510,2573
196183,2514,2575
244115,2515,2585
229917,2515,2588
61410,2524,2585
338883,2524,2592
216464,2528,2609
77356,2529,2594
8338,2531,2622
61409,2538,2599
214697,2539,2602
392229,2539,2609
8339,2543,2624
167604,2544,2610
230966,2545,2607
270534,2546,2625
142297,2549,2621
394336,2552,2613
167604,2555,2622
129335,2556,2634
88050,3006,3067
165825,3006,3111
295448,3008,3100
102658,3009,3070
39643,3010,3071
143411,3014,3089
50429,3020,3132
121060,3025,3100
189838,3025,3112
48517,3025,3129
206519,3028,3115
21729,3029,3090
21743,3036,3112
403326,3036,3119
20175,3039,3095
188082,3043,3109
106989,3043,3113
192319,3043,3122
48532,3044,3130
406601,3045,3109
263277,3045,3111
281596,3047,3112
56018,3050,3133
2593,3087,3144
235089,3103,3178
221962,3125,3181
183781,3300,3365
242501,3301,3347
339179,3303,3348
391523,3380,3440
24378,3382,3440
156045,3390,3441
316524,3396,3441
31473,3482,3555
306730,3483,3558
42640,3485,3549
67885,3486,3547
73528,3486,3552
316458,3486,3567
401834,3487,3551
186158,3488,3566
404508,3499,3559
404509,3500,3560
284606,3708,3752
328864,3909,3981
338198,3930,4005
129294,3949,4005
321462,3953,4008
136699,3956,4008
373108,3964,4044
228574,4030,4092
370144,4054,4115
53084,4063,4149
44140,4820,4880
53588,4826,4906
8549,4827,4889
53587,4827,4896
183364,4829,4890
232439,5004,5065
112043,5186,5233
288500,5189,5288
155813,5197,5272
67886,5199,5273
229306,5199,5297
143867,5223,5293
278687,5224,5290
67887,5228,5289
142296,5228,5320
186160,5232,5299
186159,5237,5299
198802,5242,5319
242502,5253,5319
37912,5254,5322
192318,5255,5317
37514,5257,5320
230967,5274,5320
266025,5613,5681
403327,5756,5822
373174,6018,6082
143866,6020,6086
95075,6176,6244
382793,6200,6263
23674,6205,6276
281757,6206,6263
254144,6303,6385
146904,6382,6454
340456,6461,6527
353735,6470,6519
165144,6513,6577
339431,6730,6778
8337,6735,6793
282891,6738,6790
126113,6741,6793
44229,6898,7003
78595,6914,6975
44230,6918,7001
401582,6964,7042
205972,6978,7035
171924,6989,7069
266023,7091,7175
171318,7091,7181
183365,7094,7157
72743,7096,7175
348717,7099,7173
304280,7101,7189
151581,7102,7171
216586,7102,7179
294673,7107,7182
375439,7112,7193
165797,7112,7207
44231,7113,7172
270688,7113,7180
353312,7121,7187
153513,7124,7190
86117,7125,7205
113966,7129,7199
50253,7147,7208
143865,7329,7405
26468,7609,7673
77513,7753,7842
208821,7754,7833
50252,7758,7860
136589,7842,7922
67888,7848,7936
368983,7856,7929
67966,7864,7941
129546,7871,7939
271566,7873,7935
230968,7873,7940
192320,7874,7942
28941,7876,7935
264511,7876,7937
382574,8074,8151
122947,8257,8323
232437,8257,8327
40388,8275,8324
7167,8381,8434
391524,8386,8432
304279,8410,8475
224171,8636,8728
75049,8637,8704
292924,8637,8713
122944,8638,8724
353240,8640,8711
247316,8644,8727
165143,8647,8723
401581,8648,8716
254484,8649,8711
309173,8649,8713
277990,8650,8712
100399,8650,8723
376753,8650,8735
323312,8650,8744
188754,8650,8748
61797,8652,8715
188275,8654,8721
282892,8670,8732
391229,8670,8734
41997,8670,8737
161912,8681,8738
336412,8683,8747
96097,8685,8749
116733,8724,8795
53670,9204,9269
339180,9204,9283
250863,9211,9252
77514,9211,9326
248668,9218,9267
316523,9220,9296
263276,9245,9323
10138,9249,9322
80615,9254,9318
52449,9259,9320
40082,9261,9326
370609,9262,9323
68150,9610,9671
232438,9652,9719
319084,10078,10161
255357,10094,10162
367069,10099,10166
215543,10100,10163
289892,10102,10167
68151,10102,10173
83855,10104,10166
1998,10105,10169
198878,10113,10173
136352,10121,10173
383361,10241,10326
304282,10244,10328
186583,10251,10309
192321,10251,10328
400592,10252,10323
894,10259,10332
399299,10265,10333
373107,10266,10331
341479,10279,10342
248722,10282,10328
224909,10284,10342
248669,10285,10334
278111,10291,10345
316459,10359,10412
121059,10728,10788
319594,10730,10827
210992,10784,10857
87483,10784,10879
24304,10889,10951
49814,10999,11060
126416,11008,11115
171923,11012,11094
360198,11017,11113
385009,11316,11363
24754,11317,11369
86088,11317,11398
92132,11318,11366
281756,11320,11370
296023,11320,11373
59468,11437,11490
271567,11443,11504
213146,11507,11584
382572,11656,11750
61407,11733,11819
75050,11748,11813
319083,11758,11816
266026,11763,11822
156614,11766,11819
3571,11768,11829
73529,11768,11837
266024,11770,11827
338882,11781,11845
100393,11905,11984
10892,11947,12037
170054,11962,12042
300857,11981,12046
321123,11985,12047
242505,11992,12055
281758,11992,12059
171319,12009,12081
382572,12042,12134
239223,12280,12329
246243,12281,12328
389803,12387,12439
246244,12406,12475
18722,12422,12469
73394,12587,12647
382573,12614,12711
194654,12722,12787
147884,12724,12803
124924,12774,12846
147885,12803,12864
375670,12857,12908
383300,13101,13165
194655,13102,13194
55885,13109,13160
250913,13110,13173
10381,13110,13176
406602,13112,13177
73530,13113,13175
143869,13115,13170
102624,13115,13195
388070,13116,13172
270772,13118,13184
42543,13121,13185
67967,13122,13191
340455,13123,13188
19755,13124,13197
148621,13125,13186
140613,13133,13194
58563,13139,13214
169199,13142,13214
61408,13156,13239
407173,13164,13217
306733,13166,13236
244648,13248,13313
281565,13554,13608
52119,13554,13615
4973,13554,13620
24763,13554,13631
23262,13555,13624
131343,13563,13631
37902,13571,13638
22692,13573,13634
129724,13574,13652
334605,13575,13619
370945,13580,13652
392029,13583,13652
348643,13588,13652
37156,13602,13676
377165,13619,13676
115911,13623,13690
108322,13983,14050
382573,14190,14297
75051,14206,14264
253047,14214,14292
392230,14215,14289
394980,14409,14473
143868,14414,14479
68152,14422,14485
15652,14670,14737
4714,14734,14802
375375,14745,14802
230969,14748,14821
242506,15606,15684
236633,15616,15682
56471,15828,15893
234553,16078,16142
234949,16080,16142
400885,16084,16150
216587,16087,16154
329411,16088,16139
225126,16091,16144
214564,16094,16148
56434,16099,16159
306731,16123,16185
394706,16168,16235
313581,16564,16610
215265,16566,16636
217447,16695,16763
15654,16713,16787
15653,16713,16797
404510,16734,16802
294672,16740,16790
260636,16740,16801
232380,16928,16979
26791,16932,16980
318978,16937,16980
2592,16950,17005
121058,17062,17107
230970,17306,17362
209007,17546,17595
95074,17642,17691
397354,18006,18064
205971,18007,18066
375403,18007,18069
334052,18009,18055
24303,18009,18073
191920,18016,18081
115913,18026,18093
129950,18150,18206
247314,18157,18203
127070,18158,18221
309394,19000,19069
19756,19024,19130
222933,19028,19089
295941,19031,19112
55884,19052,19125
174014,19236,19295
89323,19241,19305
14106,19245,19299
163131,19302,19374
115912,20630,20682
6825,20784,20863
375374,20918,20992
33887,20932,20993
401289,20942,21018
145295,20950,21046
309175,20952,21045
247315,20959,21020
309174,20967,21056
300913,20979,21045
110976,20993,21061
129360,20994,21064
313907,21003,21083
57299,21007,21061
91175,21277,21329
21732,21555,21618
401833,21660,21720
294671,21660,21723
146429,21660,21730
141140,21661,21728
181388,21664,21725
316522,21672,21730
102367,21683,21726
41229,21683,21763
227263,21706,21766
107100,21713,21792
107101,21730,21784
237939,21770,21837
297760,21799,21855
274605,21803,21866
107570,21805,21854
186935,21808,21871
332965,22917,22976
20428,23135,23200
406645,23168,23234
72158,23409,23480
338884,23410,23492
23559,23419,23491
109754,23423,23480
92643,23428,23479
188083,23428,23483
187936,23430,23502
197423,23431,23491
139316,23432,23494
30903,23437,23482
234972,23441,23497
309172,23442,23500
247960,23515,23557
306732,23567,23640
85267,23596,23650
143870,23740,23801
214600,23824,23877
254145,24443,24491
83363,24505,24574
120630,24525,24577
231892,24530,24580
38139,24542,24600
171922,26134,26193
266027,26568,26633
214698,26569,26643
255358,26569,26656
102623,26570,26622
15343,26571,26623
188755,26571,26636
36264,26572,26629
165145,26572,26639
113964,26573,26635
8477,26573,26645
61124,26575,26631
296024,26588,26644
225127,26622,26685
407889,26733,26795
153514,26734,26796
171395,26736,26828
373106,26751,26815
144498,27090,27163
178400,27093,27162
406627,27095,27157
215267,27131,27186
15275,27132,27187
457,27133,27190
215266,27134,27188
50469,27663,27755
21730,27664,27770
21731,27669,27768
198789,27671,27783
186161,27673,27751
15180,27676,27761
361529,27678,27742
147886,27684,27745
24753,27685,27746
394557,27685,27759
334053,27685,27771
101693,27685,27782
35093,27687,27745
101417,27691,27756
140614,27692,27754
203107,27693,27767
2598,27748,27822
90745,28336,28404
345318,28631,28686
33886,28815,28891
356286,29138,29230
192322,29145,29206
205645,29147,29210
230971,29150,29206
153515,29314,29377
