347107,197,279
163943,1044,1134
137582,1047,1126
91565,1348,1397
222398,1570,1630
217797,1570,1633
221462,1571,1625
313473,1571,1627
312182,1572,1632
143597,2116,2178
356447,2580,2667
236072,2581,2649
43102,2582,2678
303642,2586,2648
398931,2588,2658
398932,2589,2650
202858,2591,2681
315723,2593,2656
374504,2596,2650
251421,2596,2657
177846,2610,2674
84882,2612,2677
102792,2612,2681
252923,2618,2688
98580,2702,2773
236072,2721,2775
381920,2728,2792
294047,3293,3344
104945,3298,3360
315652,4168,4234
241518,4177,4240
236076,4221,4288
331326,4234,4299
390023,4239,4300
100012,4241,4308
264380,4242,4303
174941,4242,4305
263961,4249,4307
313472,4249,4310
158042,4250,4322
346786,4255,4306
127117,4271,4332
276149,4329,4402
350079,4642,4742
326309,4658,4744
352023,4658,4747
1135,4660,4730
37039,4662,4742
22755,4666,4750
13518,4669,4752
28927,4670,4731
105102,4670,4740
161945,4670,4744
263962,4672,4741
310555,4688,4783
199177,4689,4759
72124,4693,4767
87641,4696,4758
196154,4696,4770
236075,4701,4762
180260,4703,4755
349148,4952,5004
151456,4952,5029
62558,6006,6086
6210,6015,6082
49382,6016,6079
62471,6029,6119
74695,6041,6108
379203,6048,6111
350697,6052,6131
399983,6060,6137
215499,6091,6193
274212,6094,6157
139831,6105,6178
281951,6114,6178
229524,6144,6194
244646,6217,6290
222465,6247,6315
216489,6249,6313
404528,6595,6637
69901,6889,6966
174942,6893,6965
24676,6907,6963
191383,8241,8310
236073,8527,8590
281047,8527,8594
236073,8730,8792
83170,8734,8792
44710,9039,9103
351267,9051,9101
210286,9314,9380
205423,9319,9381
87642,9326,9401
332059,9495,9570
316131,9524,9582
345651,9528,9589
80229,9541,9592
221187,9665,9720
380492,9758,9822
70134,9758,9829
11482,9773,9841
298622,10269,10339
221463,10279,10336
191360,10283,10330
350010,10283,10342
107693,10879,10962
107692,10889,10962
212526,10891,10944
206401,10893,10993
73975,10899,10965
200112,10911,10975
9602,10911,10987
113113,10925,10991
42663,10937,10994
144665,11488,11554
341328,11493,11571
129165,11507,11570
236074,11522,11583
332060,12330,12391
231119,12407,12450
184302,12497,12573
223173,12776,12849
219887,12788,12859
327696,13030,13076
236074,13215,13270
381921,13215,13284
34768,13900,13978
20495,13913,13979
28929,14316,14373
244645,15174,15249
156730,15179,15249
203718,15184,15252
156728,15398,15475
172443,15403,15468
156729,15405,15476
316288,15406,15468
178223,15406,15471
333493,15410,15503
352022,15412,15475
93788,15419,15467
46410,15474,15529
233566,15935,15989
83252,16407,16459
292847,16494,16552
393450,16859,16904
75444,17050,17111
229523,17534,17607
93178,17538,17612
196155,17788,17859
122701,17795,17857
251457,17921,17984
251458,17921,17990
251459,17922,17994
44711,18020,18079
138582,18023,18069
64457,18045,18150
263959,18048,18148
127240,18051,18146
263960,18064,18151
42264,18083,18151
377530,18084,18145
252292,18086,18152
45777,18888,18954
281952,18925,18998
281901,19229,19296
283604,19791,19848
11064,19798,19850
315151,19802,19849
45776,19810,19893
143596,19813,19860
275708,20235,20292
111977,20247,20304
391014,20247,20310
226632,20249,20301
269411,20838,20902
62472,20839,20926
398482,20845,20934
301446,20846,20918
143598,20848,20917
398483,20849,20946
379279,20850,20912
88606,20851,20928
280335,20852,20922
174288,20854,20916
78971,20854,20928
275245,20855,20920
236075,20858,20926
348946,20859,20940
244647,20860,20944
239466,20864,20921
376056,20865,20930
190661,21695,21755
123448,21791,21855
123449,21791,21868
13315,21792,21849
203719,21802,21844
264074,22008,22072
283669,22033,22102
334661,22680,22743
132639,22900,22961
59322,23048,23099
59321,23048,23108
17120,23279,23349
319790,23284,23336
360277,23284,23351
277049,23286,23348
333494,23291,23342
196247,23292,23346
39165,23293,23347
19229,23293,23372
15466,23294,23348
384761,23294,23363
384762,23294,23370
56708,23295,23352
283726,23297,23347
80640,23299,23368
11065,23301,23363
297234,23306,23368
315152,23307,23372
269750,23308,23368
54700,23317,23372
56228,23320,23379
144987,23322,23388
30500,23340,23391
200113,23348,23392
158043,23668,23721
276893,23687,23729
269041,23694,23768
236076,23709,23762
41668,23712,23771
276982,24081,24134
81086,24154,24207
247843,24739,24805
249091,24739,24816
216617,24740,24804
356883,24740,24832
28928,24750,24818
76824,24752,24827
249092,24753,24817
144846,25501,25565
75985,26465,26527
153209,26872,26918
153210,26872,26918
