1363,349,405
174282,661,721
219333,710,794
186016,744,827
372018,765,835
344704,767,834
130071,784,840
18853,855,918
190777,1353,1417
271697,1396,1464
214505,1399,1468
34425,1411,1467
190778,2091,2187
330428,2124,2194
45282,2135,2206
221740,2137,2201
267430,2139,2203
201809,2142,2202
236676,2149,2201
264915,3273,3317
379244,3279,3335
65737,3285,3341
207900,5086,5148
259318,5226,5288
92279,6474,6526
406163,6569,6623
185173,6590,6652
403286,6601,6688
397414,6603,6666
356758,6604,6656
173116,6604,6679
336444,6617,6681
270842,6619,6682
119160,6621,6684
60632,6624,6682
331358,6640,6702
14642,7103,7154
252930,7107,7180
79466,7110,7176
349688,7124,7185
315989,7127,7184
223193,7129,7185
218200,7293,7374
220707,7304,7372
52900,7306,7369
367400,7770,7827
220825,7777,7841
33886,7778,7851
235332,7788,7851
363967,7807,7868
331639,7838,7905
196587,7851,7922
13561,7863,7952
392907,7868,7945
60631,7869,7930
236700,7877,7938
347031,7879,7941
26442,7880,7957
124077,7882,7938
258516,7884,7949
294370,7885,7950
155053,7887,7949
92505,7888,7950
243301,7893,7954
378266,7894,7956
299205,7895,7954
69862,7910,7989
46062,7911,7973
335418,7923,7984
402153,7960,8010
2294,8067,8147
322164,8085,8139
331640,8086,8163
294371,8088,8136
212076,8350,8422
136300,8379,8422
206438,8467,8540
206437,8467,8554
326170,8471,8551
260544,8474,8543
203332,8475,8548
66102,8475,8557
221671,8476,8552
289450,8477,8566
115213,8479,8542
388316,8483,8554
76256,8489,8556
122380,8490,8551
285572,8498,8585
143845,9295,9344
65115,9562,9632
22847,9582,9645
14886,9596,9662
146791,9614,9675
363966,9618,9701
304992,9680,9745
395307,9816,9906
119441,9856,9923
97076,9858,9927
128381,9859,9914
307355,9859,9921
196976,9860,9918
48352,9862,9922
127721,9881,9947
348971,10264,10324
256831,10427,10479
40726,10585,10648
199518,10718,10780
380514,10798,10868
150410,10842,10923
29295,10939,11010
300056,10959,11024
136932,10960,11022
169444,10960,11035
201810,10965,11049
188514,10971,11041
162369,10971,11062
43326,10977,11029
203039,10979,11045
236698,11038,11145
236698,11196,11317
328588,11283,11365
151040,11284,11361
256948,11935,11992
15449,11935,12001
255725,12015,12076
382838,12026,12085
230282,12028,12092
283732,12033,12105
15447,12049,12108
78480,12118,12203
33887,12164,12225
66646,12230,12302
98261,12547,12616
111343,12710,12787
150317,12733,12803
285718,12734,12806
194659,12741,12803
14887,12750,12804
237198,12752,12801
358576,12772,12835
388079,12861,12905
385046,13165,13234
165885,13171,13219
356960,13180,13231
94683,13380,13441
336841,13754,13840
184952,13780,13848
355169,13799,13848
134251,13799,13865
213658,13805,13863
181508,13807,13862
332903,13814,13876
137393,13829,13880
274074,13851,13914
8007,14268,14331
308203,14275,14327
143844,14432,14493
250306,14828,14886
124765,14828,14895
50382,14828,14901
276196,14832,14893
291453,14833,14912
128382,14834,14901
117989,14836,14903
359592,14849,14913
302469,14849,14915
39202,14852,14926
380513,15044,15117
170211,15045,15119
170051,15054,15132
128634,15078,15119
402152,15079,15137
92506,15079,15186
113651,15163,15227
280733,15168,15231
36189,15169,15217
155721,15582,15645
253279,15609,15658
15762,15950,15998
207437,16197,16258
64015,16265,16327
259822,16292,16340
304994,16526,16617
273739,16542,16614
50662,16544,16605
394223,16548,16620
124766,16921,16976
304629,16942,16991
399819,16951,17014
115839,17003,17064
236700,17078,17150
223118,17081,17148
184129,17084,17156
158365,17094,17150
65341,17094,17156
66101,17095,17153
229920,17097,17160
344013,17098,17151
361417,17098,17156
119161,17214,17282
128380,17245,17312
378349,17477,17548
336840,17526,17590
94800,17534,17605
41204,17565,17626
58287,17565,17634
291087,17566,17630
351309,17577,17631
136928,17830,17887
248881,17830,17895
236124,17976,18043
379770,18892,18955
15448,19009,19087
247404,19014,19098
170790,19015,19086
128383,19021,19103
53262,19035,19091
351524,19039,19108
197669,19049,19114
190215,19051,19118
336582,19350,19411
299978,19490,19560
236699,19490,19573
201863,19491,19556
53261,19523,19590
21186,19642,19691
43960,19927,19999
123413,20151,20203
74446,20175,20238
243961,20272,20339
18852,20275,20354
186015,20287,20382
307708,20288,20376
202822,20289,20353
220509,20297,20365
254377,20301,20360
92111,20303,20359
174121,20303,20368
185277,20304,20354
240036,20308,20374
384307,20312,20374
162145,20321,20382
59523,20322,20369
185276,20324,20388
220708,20333,20394
198686,20340,20409
121985,20542,20605
35961,20543,20609
36186,20545,20611
175131,20548,20608
59945,20554,20611
53107,20557,20611
215891,20557,20616
94684,20558,20622
16564,20558,20634
125106,20560,20623
29296,20563,20626
57067,20564,20630
393059,20565,20647
299206,20566,20629
208019,20570,20632
328444,20572,20646
236699,20574,20645
235766,20575,20643
398719,20576,20650
344433,20578,20630
230814,20580,20636
282444,20580,20647
124076,20582,20629
14983,20584,20634
44906,20586,20633
269390,20587,20643
388080,20587,20648
223471,20588,20633
180076,20595,20656
363335,20919,21009
344434,20976,21043
43604,21001,21113
283733,21014,21080
45013,21043,21123
153199,21064,21132
299252,21101,21163
48608,21107,21163
254051,21214,21267
58288,21283,21373
269574,21284,21375
53602,21289,21355
78539,21289,21365
333451,21292,21355
216987,21292,21361
177438,21293,21359
31337,21293,21369
272454,21293,21379
165457,21294,21367
115840,21296,21361
2570,21299,21373
252773,21299,21377
38804,21300,21381
333452,21524,21597
55160,21525,21591
255971,21525,21595
115212,21771,21838
333450,21772,21847
53108,21810,21858
188981,21819,21864
393946,22790,22889
169033,22806,22878
162370,22811,22876
407074,22817,22897
43959,22824,22890
10006,22833,22916
215770,22834,22910
264955,22837,22909
50661,22842,22922
203659,22849,22913
349689,23332,23395
34668,23607,23670
304993,23735,23786
34426,24148,24209
134215,24151,24211
47685,24247,24329
1305,24248,24334
176561,24252,24320
277379,24351,24418
333560,24358,24415
52074,24485,24543
398516,24485,24554
983,24485,24578
249958,24486,24541
15610,24486,24559
50967,24487,24582
926,24503,24610
315225,24521,24609
291088,24529,24610
315226,24542,24609
11979,24546,24607
201864,24547,24600
328589,24548,24609
404879,24679,24737
93085,24679,24740
127722,24679,24742
124767,24679,24747
50380,24680,24734
174560,24680,24745
300057,24682,24740
319872,24684,24745
201665,24685,24742
50381,24687,24739
309981,24697,24740
174559,24697,24744
32565,24698,24747
