104748,523,598
231410,525,585
248636,528,589
173585,532,598
191876,883,949
40719,924,987
269655,928,1017
200168,929,1021
347519,934,1023
335068,935,999
15440,937,1002
175228,938,1003
11364,941,1007
139796,944,1015
379312,951,1016
372135,953,1030
334976,955,1027
261672,959,1028
352683,971,1038
63254,979,1041
167588,980,1039
349327,981,1044
307596,1199,1241
300152,1251,1316
50160,1257,1316
351149,1276,1337
300151,1393,1481
401590,1396,1458
364438,1806,1882
404738,1807,1878
285132,1816,1875
319610,1816,1881
186767,1817,1882
31765,1821,1900
104674,1823,1898
270510,1841,1903
27275,1849,1902
4498,1851,1935
185007,1885,1959
251379,2462,2539
33852,2470,2532
148862,2525,2587
304980,2599,2662
266277,2599,2670
405648,2601,2665
373222,2612,2685
404424,2620,2684
394362,3874,3941
148864,3875,3955
326440,3893,3956
371899,3895,3957
40445,5072,5137
357931,5291,5358
357931,5563,5637
159885,5600,5654
140253,5769,5830
207943,5814,5876
393141,5887,5950
199080,6442,6506
368759,6442,6512
154517,6442,6515
298144,6451,6511
248635,6452,6525
347673,7225,7291
372431,7610,7673
241604,7611,7672
344052,8072,8141
148863,8082,8169
104599,8100,8168
335496,8101,8179
98289,8102,8181
190403,8247,8315
170094,8258,8325
190404,8280,8333
76060,8536,8594
77955,8561,8629
341198,8582,8649
386105,8605,8697
139797,9583,9637
352876,9585,9638
198063,9676,9740
154168,10751,10811
173584,10769,10829
213361,10779,10833
394205,11156,11232
202627,11157,11213
240286,11168,11240
371396,11173,11230
326469,11629,11697
131343,11792,11847
362959,12485,12551
335069,13072,13146
367656,13382,13424
190406,13426,13487
318371,14041,14121
368758,14048,14120
190405,14052,14148
330551,14057,14142
270511,14057,14152
57489,14062,14148
190407,14062,14158
189153,14069,14142
359135,14070,14138
148865,14071,14162
186800,14072,14137
382244,14327,14392
2915,14656,14714
92805,15085,15149
92246,15085,15161
340684,15092,15167
382245,15098,15161
168019,15099,15160
123150,15099,15170
157889,15100,15164
223556,15101,15159
304826,15109,15172
392025,15110,15171
216411,15118,15181
306808,15143,15229
30125,15148,15233
112465,15152,15222
305559,15590,15640
14127,15727,15800
626,15731,15808
370310,15732,15794
318372,15805,15886
299367,15823,15892
304852,15841,15924
346977,15841,15936
202230,16478,16580
202231,16478,16592
98290,16485,16570
237154,16488,16560
58234,16490,16566
311953,16495,16556
310782,16497,16577
128043,16499,16563
72784,16501,16562
51387,16503,16588
157890,16505,16566
386104,16507,16568
146430,16508,16570
157795,16511,16586
314782,16512,16595
105320,16514,16585
324887,16519,16580
335265,16520,16591
106591,16523,16607
79992,16525,16591
85106,16529,16595
251647,16533,16597
365056,17678,17741
194387,17687,17751
389317,17702,17763
360080,18621,18677
352188,18814,18868
346196,19038,19102
278367,19041,19111
19609,19046,19115
310810,19154,19219
19869,19154,19224
15108,19156,19227
181102,19171,19232
215653,19176,19237
23902,19182,19232
301779,19574,19623
5759,19692,19756
63255,19699,19764
360000,19702,19772
4499,19712,19773
357932,19900,19993
154725,19919,19992
43378,19936,19990
256880,20124,20193
38540,20132,20197
47955,20144,20210
167703,20144,20226
172280,20157,20233
186799,20268,20324
98241,20717,20783
35177,21054,21130
372429,21055,21118
84728,21062,21126
291577,21062,21129
40606,21065,21122
166393,21065,21128
358129,21065,21177
305892,21068,21146
30126,21069,21154
81912,21069,21175
345672,21071,21133
345671,21071,21135
389321,21072,21146
10654,21072,21160
85213,21074,21183
145574,21076,21137
263062,21077,21148
57585,21079,21178
14412,21090,21162
87737,21092,21157
153519,21094,21162
3727,21095,21156
12458,21098,21172
178884,21259,21316
99227,21368,21432
339971,21910,21972
16259,21913,21993
51598,21914,21975
115927,21915,22003
16260,21916,21990
170110,21927,21989
26415,21937,22002
261261,21941,22004
304851,21942,22010
356304,21954,22017
125936,21958,22019
42362,21966,22017
202109,22540,22602
96728,22801,22875
41186,23069,23143
146805,23185,23243
197674,23187,23250
388879,23407,23462
295976,23604,23669
357932,23847,23939
39219,23894,23955
219230,24213,24284
404425,24214,24281
49709,24225,24286
258616,24227,24284
75928,24230,24285
320354,24236,24280
267281,24716,24769
266276,24718,24795
263063,24719,24772
112078,24720,24787
212454,25006,25055
364958,25206,25277
308621,25213,25274
627,25497,25607
21335,25513,25607
234139,25518,25605
40152,25526,25572
2995,25527,25606
36599,25531,25605
198667,25531,25614
399605,25533,25606
28510,25535,25596
400418,25536,25601
11981,25536,25609
127603,25542,25620
130652,26099,26161
215654,26099,26170
78984,26100,26157
260101,26100,26163
158849,26100,26178
146429,26104,26180
160310,26110,26180
315569,26111,26169
226442,26111,26174
146804,26114,26178
102792,26116,26187
14412,26124,26205
110689,26125,26181
292963,26125,26186
383390,26125,26207
292962,26127,26185
405647,26140,26226
405759,26151,26213
282822,26168,26217
66851,26259,26334
4500,26262,26319
92247,26263,26337
250138,26340,26400
97254,26907,26986
132621,26908,26969
52218,26910,26996
406571,26918,26993
94032,27138,27196
221668,27140,27207
48988,27144,27203
346978,27219,27281
10956,27599,27653
329730,27599,27659
21334,27599,27661
132416,27618,27660
64222,27698,27740
38010,27768,27849
268376,28674,28728
240287,29039,29086
284854,29919,29999
351689,29954,29999
3681,29955,29999
