230251,391,474
113374,394,457
398088,395,456
236089,407,476
402199,497,578
16874,510,577
285666,512,576
147904,522,589
357267,700,752
242830,1113,1197
170599,1130,1190
164704,1146,1190
118312,1573,1625
229738,1707,1759
186090,1710,1752
147576,1723,1772
94138,1811,1884
285665,1811,1892
372872,1811,1895
26593,1814,1866
285664,1814,1869
30574,1817,1878
172360,1819,1881
12700,2025,2093
300930,2097,2171
296288,2229,2314
15723,2306,2377
337182,2573,2637
47645,2585,2647
34381,2587,2643
388128,2588,2666
325024,2590,2651
177923,2591,2663
266956,2603,2664
46035,2603,2677
374139,2605,2667
186540,3313,3395
236672,3314,3368
162,3316,3369
152552,3316,3392
152553,3316,3395
302557,3318,3396
180246,3319,3412
138708,3319,3423
108275,3322,3416
45098,3323,3371
232991,3337,3416
393162,3339,3423
99060,3340,3401
106950,3341,3414
289341,3342,3425
103283,3345,3415
356077,3346,3410
33403,3352,3435
123014,3364,3430
173896,3591,3655
173897,3591,3657
42517,3887,3960
112487,4969,5039
112488,5445,5508
247034,5710,5764
387156,5793,5865
62205,5795,5864
14884,5811,5876
266955,5816,5872
245262,5818,5865
4363,6246,6322
4362,6246,6325
285661,6252,6305
82835,6260,6321
31297,6281,6343
308161,6306,6356
254377,6712,6776
322465,6712,6782
101374,6715,6806
230055,6734,6797
282438,6734,6799
237663,6735,6796
351099,6736,6798
278288,6736,6808
351100,6738,6799
272093,6739,6807
176035,6742,6805
29342,6742,6807
184061,6744,6809
277559,7266,7326
231197,7383,7451
134713,7734,7780
236774,8991,9046
5084,9089,9163
296289,9091,9138
54697,9101,9163
286480,9101,9178
32654,9338,9395
397722,9533,9618
14885,9536,9619
116119,9537,9602
87887,9540,9619
348246,9543,9626
118230,9543,9632
215221,9546,9627
169552,9547,9608
221125,9547,9622
134527,9548,9616
15722,9550,9622
322466,9551,9636
312467,9555,9618
90825,9558,9621
174116,9580,9644
371720,9744,9836
371719,9744,9839
347635,10039,10094
198331,10111,10177
9085,10117,10191
220326,10124,10170
292246,10124,10197
370101,10125,10188
236674,10130,10200
292247,10131,10197
4360,10133,10205
344933,10134,10195
16570,10353,10422
321006,10486,10537
406519,10486,10552
375105,10547,10620
310049,10549,10628
33531,10849,10931
45226,10849,10938
80282,10850,10943
113607,10851,10919
377209,10852,10934
119656,10852,10953
399852,10853,10941
48092,10858,10921
321617,10859,10968
120111,10862,10927
213894,10862,10952
220919,10863,10985
128844,10868,10969
194873,10869,10960
198702,10870,10947
249075,10875,10955
221610,10877,10973
362537,10879,10938
236673,10881,10936
203345,10883,10944
353177,10888,10982
215222,10892,10991
211346,10893,10987
49090,10895,10953
82095,10896,10987
37043,10900,10955
79310,10900,10985
272659,10911,10975
235064,10914,10987
328446,10993,11069
344862,10995,11065
124155,10997,11069
180245,11011,11075
147575,11024,11076
278345,11028,11086
318527,11110,11164
307387,11131,11195
349803,11144,11208
216501,11146,11218
215223,11257,11340
319493,11339,11413
169257,11355,11426
144682,11360,11423
191813,11363,11436
210446,11363,11448
307708,11364,11444
221124,11379,11447
182739,11382,11434
210447,11382,11470
245264,11384,11454
387157,11384,11487
275905,11388,11476
21187,11389,11452
245263,11391,11484
16574,11398,11447
319652,11398,11455
367604,11398,11494
185195,11399,11456
402198,11407,11468
226005,11438,11499
382925,11764,11826
82094,11766,11826
140371,11885,11937
338059,11886,11963
126229,11949,12002
155945,11950,12006
16569,11952,12011
16572,11960,12001
165269,12021,12083
173539,12050,12101
152057,12641,12695
321618,12788,12842
44800,12793,12846
246265,12793,12850
181253,12799,12866
185337,12931,13024
113609,12955,13025
164706,13433,13502
6382,13434,13497
253256,13435,13505
240335,13453,13527
146286,13455,13554
291219,13457,13520
181523,13458,13523
185335,13459,13520
271443,13741,13821
285663,13746,13827
352517,13757,13825
305689,13762,13828
216637,13785,13893
371721,13786,13861
267281,13802,13867
216638,13813,13908
401833,13822,13895
186224,13827,13918
129584,13830,13917
391396,13831,13920
337199,13833,13894
317878,13833,13896
59092,13833,13899
226531,13835,13902
302558,13835,13905
217910,13836,13919
329828,13839,13905
305477,13841,13904
182150,13841,13907
106951,13841,13912
4365,13844,13926
324053,13846,13922
116905,13875,13920
348718,13969,14066
253804,13973,14068
371720,13975,14067
371719,13976,14071
365236,13979,14049
166292,13981,14060
29343,13989,14068
59033,13991,14056
398033,14000,14068
306688,14094,14152
357268,14095,14160
321616,14099,14171
112260,14116,14187
156877,14131,14187
6402,14136,14180
378310,14142,14212
116747,14297,14367
161586,14298,14377
161192,14306,14369
180247,14307,14363
141078,14307,14372
347082,14342,14422
164977,14509,14565
335267,14516,14589
328392,14697,14776
342254,14706,14826
99061,14710,14802
220920,14716,14780
267651,14716,14797
311815,14718,14791
48030,14735,14796
407665,14741,14803
124863,14742,14847
187983,14776,14840
71664,14791,14864
156567,14801,14862
93002,14805,14862
358197,14806,14868
273307,14808,14867
113608,14913,14997
4752,14917,15012
103282,14918,14987
367606,14919,14995
76881,14923,15008
231198,14933,14996
36228,14933,15002
83598,14935,15007
12780,14936,15002
355805,14947,15007
84071,14969,15011
53040,15538,15599
101553,15541,15603
141077,15621,15676
73895,15633,15684
334151,16021,16087
16573,16048,16119
138131,16069,16131
78770,16405,16466
242836,16405,16469
284642,16405,16478
88736,16407,16468
38563,16407,16483
323238,16409,16476
278346,16411,16471
202880,16411,16481
36227,16412,16503
16734,16413,16479
3339,16414,16478
3340,16415,16473
28988,16415,16480
61570,16418,16462
119507,16422,16482
341841,16423,16481
44868,16425,16478
42518,16426,16488
254757,16454,16498
160204,16458,16535
381049,16469,16534
21186,16470,16536
309841,16508,16566
73710,16957,17013
357266,16957,17024
285662,16957,17040
278832,16958,17022
184062,16960,17040
165975,16962,17022
48326,16967,17019
51037,16968,17026
101184,16975,17039
298486,16978,17039
41470,16985,17039
185336,16986,17037
24992,16988,17044
312279,17211,17267
231465,17271,17332
13145,17285,17352
235063,17674,17735
45099,17698,17776
4361,17758,17843
114072,17770,17820
364063,17770,17839
26509,17787,17842
266586,17981,18049
6307,18015,18069
142297,18199,18259
113934,18209,18272
358531,18212,18276
274885,18470,18537
61102,18470,18550
129067,18471,18532
306690,18480,18599
157246,18481,18544
306689,18482,18579
137825,18484,18552
206689,18490,18554
361308,18492,18582
298407,18495,18589
308131,18497,18582
83901,18498,18589
182120,18506,18590
369284,18515,18589
321077,18516,18597
247828,18530,18599
169776,18536,18606
294723,18555,18620
34849,18562,18623
143172,18640,18701
4364,18643,18705
314792,18659,18722
99214,18666,18735
39030,18668,18717
277937,19740,19813
320415,20328,20381
96539,21310,21366
293152,22191,22251
303936,22209,22276
393319,22214,22285
137826,22223,22296
371721,22639,22707
209895,22753,22826
231200,23102,23168
82141,23103,23188
171511,23105,23169
186731,23106,23175
181989,23107,23181
242831,23108,23170
8572,23118,23180
84072,23126,23181
120529,23137,23199
220918,23267,23341
10040,23401,23462
28742,23578,23632
106811,24759,24827
32767,24761,24812
238068,24761,24828
172359,24766,24814
20583,24769,24828
87917,24782,24827
113373,24880,24956
164705,24881,24953
211347,24883,24962
322468,25086,25158
263914,25090,25162
1091,25366,25419
349976,25732,25798
120528,25736,25791
16571,25736,25804
347474,25736,25811
230574,25737,25814
263464,25746,25792
199254,25748,25812
196399,25784,25850
303851,26173,26251
342595,26183,26249
378223,26624,26690
271503,26630,26719
200486,26696,26756
50966,26797,26853
4320,27121,27218
374214,27122,27168
279675,27122,27195
401834,27132,27185
38018,27133,27205
119539,27139,27195
204154,27228,27287
38023,27516,27594
118073,27859,27932
231199,27860,27935
53767,27867,27933
229271,27870,27930
124156,27874,27937
129068,27876,27934
271444,27877,27933
59567,27881,27940
59670,28582,28643
364062,28616,28682
39444,29102,29163
113935,29108,29172
322467,29108,29176
73982,29118,29172
278347,29120,29167
107606,29222,29278
296290,29261,29321
59034,29931,29995
257385,29936,29993
