141839,607,679
251530,612,674
17744,612,680
27801,612,694
348967,613,678
41877,613,702
48265,614,685
251529,614,700
181753,615,694
244221,617,702
48262,618,679
344773,633,701
393039,641,709
243471,645,709
348363,647,708
150247,924,970
152104,1360,1427
330557,1524,1594
70705,1526,1597
16227,1529,1593
150248,1541,1602
295108,1550,1608
118635,1560,1610
28512,1562,1612
64049,1570,1667
255928,1578,1688
70704,1586,1664
92926,1592,1653
174597,1593,1660
166454,1594,1656
47532,1594,1694
103180,1595,1661
400209,1598,1663
349910,1612,1665
51323,1613,1703
121286,1623,1700
183332,1628,1698
339171,1633,1695
195597,2157,2254
251531,2158,2232
340558,2181,2248
340559,2184,2249
352821,2189,2255
367238,2192,2262
255930,2213,2287
286040,2216,2280
405723,2217,2281
332757,2219,2291
152682,2220,2287
357644,2224,2289
348335,2236,2307
310837,2393,2475
130149,2403,2478
344772,2410,2478
308691,2411,2480
370454,2414,2480
181755,2418,2536
310924,2422,2524
393037,2428,2540
85770,2428,2545
392895,2432,2496
302571,2433,2497
273118,2435,2535
117239,2435,2546
220728,2440,2501
302574,2441,2549
269929,2448,2509
302573,2450,2549
189733,2454,2558
310923,2459,2553
23027,2460,2521
44454,2461,2525
181754,2462,2526
222220,2462,2531
101214,2463,2546
279795,2466,2529
354104,2466,2545
126919,2467,2528
206059,2467,2538
46838,2468,2529
317247,2468,2556
18699,2469,2531
295947,2473,2553
403931,2474,2535
330558,2476,2554
3595,2476,2559
216350,2478,2540
103181,2479,2550
257408,2482,2566
255931,2484,2549
121284,2486,2547
62439,2487,2550
20127,2489,2562
5033,2490,2553
234741,2492,2569
24795,2495,2557
332754,2498,2559
32003,2499,2560
325105,2499,2563
341047,2499,2566
36579,2500,2576
23029,2506,2568
312320,2712,2801
325103,2717,2792
140101,2727,2799
264217,2734,2793
46841,2734,2804
265237,2735,2800
313485,2739,2794
265234,2742,2836
215182,2748,2820
107946,2749,2808
46840,2754,2825
162194,2765,2825
11534,2768,2823
360060,2908,2968
322398,2940,3008
16937,2949,3036
48263,2964,3029
141840,2969,3026
512,2972,3049
318112,2973,3029
65494,2973,3054
279797,2973,3090
405060,2978,3039
164025,2978,3043
313484,2979,3054
73504,2984,3048
401836,2985,3046
1647,2986,3047
127907,2986,3063
127908,2986,3077
78006,2988,3052
313483,2988,3073
334839,2990,3109
1047,2991,3052
181757,2992,3065
48258,2994,3107
36578,2999,3062
105512,3000,3073
142900,3001,3069
170052,3002,3103
115177,3009,3119
257407,3015,3077
226283,3034,3098
22936,3037,3101
124836,3037,3109
302397,3040,3113
343304,3044,3106
317147,3045,3105
180242,3051,3106
189302,3051,3108
279796,3052,3104
124835,3055,3103
329356,3065,3127
227287,3077,3126
105522,3087,3154
48260,3198,3259
366087,3199,3279
48257,3200,3256
351498,3203,3270
28276,3203,3275
294924,3208,3271
357645,3209,3276
515,3213,3271
104071,3213,3276
379055,3213,3290
327557,3215,3270
509,3222,3277
1046,3224,3269
316193,3224,3272
186204,3224,3279
306442,3225,3288
340557,3225,3290
30455,3226,3270
32052,3226,3287
39183,3232,3289
367239,3293,3362
17745,3308,3370
23028,3311,3397
302572,3319,3380
64444,3321,3383
398564,3322,3376
121283,3325,3397
266738,3326,3375
344771,3326,3388
280792,3329,3390
28670,3330,3378
404053,3330,3392
16939,3491,3575
63737,3525,3596
215001,3550,3614
87092,3551,3625
84362,3555,3626
1964,3559,3621
94829,3573,3634
402903,3575,3636
157772,3580,3641
323211,3582,3632
404100,3583,3645
145270,3592,3657
341046,3611,3690
313486,3645,3698
77768,3672,3748
105514,3674,3740
105513,3682,3748
174595,3740,3791
234483,3753,3804
265232,4301,4363
141814,4304,4363
227288,4309,4363
270353,4398,4483
51324,4399,4469
268215,4404,4477
330560,4406,4488
279799,4408,4453
33551,4411,4479
145536,4413,4474
150250,4413,4496
174594,4414,4480
279798,4414,4486
150251,4414,4504
393038,4419,4475
46839,4430,4488
398567,4661,4722
105515,4663,4724
142402,4970,5043
126918,5522,5601
367237,5537,5603
70703,5550,5635
200153,5555,5633
114488,5570,5667
181756,5598,5651
104323,5600,5654
325108,5603,5653
63744,5610,5676
338657,5610,5699
28132,5619,5668
360061,5622,5686
63742,5630,5696
511,5633,5683
330559,5634,5716
358292,5754,5800
88281,5792,5877
265233,5793,5879
79522,5799,5883
63736,5803,5877
157771,5816,5875
24796,5816,5880
401110,5818,5876
151858,5820,5878
215000,5822,5879
242823,5823,5894
119056,5829,5896
140647,5846,5906
41396,5853,5906
70710,5971,6032
265235,6060,6123
334027,6239,6300
164023,6326,6405
403933,6336,6398
48256,6337,6402
322093,6349,6411
204904,6354,6415
88835,6358,6409
174598,6358,6411
318113,6359,6427
357643,6362,6426
332756,6385,6477
48593,6388,6499
332755,6390,6479
63740,6392,6481
332759,6406,6468
188931,6407,6483
253185,6407,6486
8167,6409,6493
322399,6411,6490
334028,6418,6491
322400,6424,6493
50947,6428,6476
398562,6428,6510
398563,6428,6515
70709,6430,6494
70533,6430,6504
283182,6433,6494
121810,6434,6480
83007,6435,6478
101723,6447,6517
357646,6448,6512
162193,6458,6531
185197,6470,6542
398566,6639,6704
334025,6666,6745
140978,6671,6749
16938,6684,6749
164024,6685,6788
152105,6690,6749
17746,6708,6782
226284,6714,6787
5980,6723,6785
332076,7016,7110
49484,7017,7113
162195,7022,7101
393036,7027,7100
403932,7029,7101
311183,7030,7093
55889,7041,7113
12723,7045,7108
329357,7051,7112
327556,7060,7150
86259,7061,7142
329489,7063,7137
145433,7066,7130
73503,7074,7144
388788,7185,7239
83008,7193,7249
69800,7195,7276
327559,7201,7254
329355,7220,7292
286041,7221,7290
399424,7522,7590
118636,7522,7594
255929,7524,7589
117241,7538,7593
325104,7543,7591
118911,7545,7607
163025,7547,7590
12724,7547,7593
204326,7548,7592
221700,7548,7604
404102,8064,8148
95057,8178,8234
365700,8180,8232
341596,8335,8392
114487,8342,8394
115378,8424,8483
164022,8549,8601
393040,8801,8858
63741,8806,8869
32004,8955,9017
174599,8965,9041
403934,8976,9046
265238,8977,9026
48266,8979,9057
294925,9029,9104
401109,9071,9144
321683,9075,9139
103182,9077,9146
103183,9078,9143
151018,9080,9137
91516,9095,9145
265236,9095,9150
326736,9388,9447
294917,9707,9769
164022,9797,9863
78515,10024,10085
178323,10025,10084
164023,10026,10116
83011,10034,10111
63743,10036,10113
10099,10045,10112
279800,10052,10114
408578,10055,10118
178400,10075,10145
178324,10108,10186
281492,10113,10191
171442,10124,10191
357650,10168,10236
318114,10193,10235
405062,10261,10322
329358,10262,10316
201306,10262,10320
334391,10427,10531
365702,10435,10495
105516,10435,10497
51644,10468,10530
174601,10669,10724
405066,10672,10744
311185,10681,10728
268216,10714,10766
17748,11034,11089
307252,11150,11191
310528,11306,11383
63745,11326,11399
334029,11326,11442
357649,11347,11408
150252,11349,11414
88336,11350,11440
8167,11351,11432
365701,11352,11415
164519,11352,11417
311184,11354,11440
97902,11358,11435
115327,11359,11415
156306,11359,11430
147283,11359,11443
45342,11360,11416
63738,11361,11427
46842,11363,11442
132455,11364,11431
362356,11364,11435
51325,11367,11440
164674,11368,11426
63739,11369,11441
70707,11371,11442
70708,11373,11428
127910,11378,11439
12725,11386,11427
141841,11391,11440
327558,11487,11550
34695,11489,11553
48259,11493,11543
72208,11505,11564
191765,11505,11571
91417,11507,11578
83010,11508,11560
121285,11516,11571
72207,11518,11566
8167,12109,12175
226282,12116,12177
21881,12221,12368
344814,12224,12304
55348,12225,12292
316194,12228,12310
181758,12232,12315
514,12236,12368
181761,12238,12299
109684,12238,12302
357641,12238,12319
141842,12238,12358
32007,12239,12308
12726,12239,12365
344815,12240,12314
328662,12241,12332
117240,12241,12367
357648,12243,12307
16940,12243,12323
310926,12245,12364
74678,12246,12348
388786,12247,12332
388787,12247,12359
14055,12251,12346
328661,12252,12354
334026,12253,12317
359556,12255,12327
393041,12256,12336
393042,12257,12351
163605,12263,12325
185196,12263,12327
141843,12264,12354
57344,12265,12326
327870,12266,12327
398565,12267,12330
354313,12282,12343
277926,12283,12351
225010,12284,12345
310925,12314,12367
144416,12389,12434
174596,12496,12567
275211,12513,12573
162191,12528,12577
181759,12822,12873
164021,13010,13068
164024,13020,13123
163604,13041,13094
135631,13069,13124
357651,13207,13277
357642,13211,13290
164021,13215,13284
510,13216,13288
308692,13221,13282
349905,13223,13287
114489,13342,13403
325107,13342,13438
236600,13344,13420
222221,13346,13424
513,13347,13409
204327,13350,13418
405065,13351,13455
23032,13352,13429
327560,13356,13416
306787,13357,13436
29599,13358,13438
404101,13360,13415
21314,13360,13462
233084,13360,13470
199363,13362,13451
329359,13364,13438
255932,13367,13440
164025,13368,13433
348334,13369,13441
277927,13369,13468
32006,13370,13439
174600,13371,13433
286844,13375,13460
200271,13375,13468
24130,13378,13467
183132,13380,13445
405064,13383,13471
181760,13390,13451
121287,13397,13484
393455,13400,13452
401111,13400,13476
325109,13400,13494
358073,13404,13482
127909,13414,13479
115678,13417,13481
302398,13442,13527
270354,13566,13644
70706,13581,13649
178326,13582,13661
48261,13584,13658
135630,13585,13656
28513,13590,13656
126922,13590,13688
33522,13635,13680
127911,13751,13805
341173,13768,13845
54371,13772,13815
55890,14170,14244
18308,14172,14249
404103,14173,14251
83009,14185,14249
405061,14186,14244
295530,14370,14438
255306,14380,14443
352720,14384,14455
82149,14385,14462
92353,14386,14443
126920,14387,14446
144791,14387,14460
70597,14389,14455
23030,15019,15069
162192,15126,15190
331748,15126,15196
121811,15129,15178
178325,15132,15218
326585,15253,15331
105517,15267,15349
325110,15269,15371
268217,15270,15366
251532,15273,15356
334392,15278,15350
32005,15285,15349
48595,15285,15388
16941,15286,15348
48594,15307,15390
84059,15308,15369
311186,15309,15379
332758,15506,15551
357652,15507,15555
405063,15624,15675
150249,15935,16000
332077,15935,16004
330561,15935,16014
23031,15938,16025
46843,15939,16031
18354,15940,15989
62882,15942,16003
172651,15943,16031
311187,15949,16032
36205,16055,16130
17747,16077,16141
48265,16078,16132
126921,16087,16142
78511,16095,16150
151859,16161,16224
48264,16417,16481
405067,16716,16765
137,17008,17078
63746,17130,17207
97903,17149,17216
322402,17152,17249
302569,17174,17222
325106,17174,17231
62441,17176,17256
322401,17177,17235
310927,17178,17222
144031,17179,17243
516,17427,17498
279802,17427,17505
111857,17427,17514
216415,17427,17526
247958,17436,17507
279801,17437,17493
1048,17438,17495
108714,17439,17492
62440,17441,17499
140977,17453,17512
269589,17455,17506
253033,17456,17513
357647,17469,17531
302570,17469,17533
