145382,118,176
285328,122,179
214148,143,212
384595,218,261
55077,502,566
90220,502,591
224655,503,554
189890,511,561
280189,513,565
405696,515,557
61674,515,600
125487,517,588
114577,519,581
156180,520,588
61675,522,580
163174,523,588
298899,532,589
274908,534,596
372050,589,650
18542,751,811
141369,752,818
371120,1079,1181
374752,1149,1226
341238,1152,1228
328277,1152,1234
254806,1153,1240
69476,1156,1228
341048,1157,1266
61019,1158,1219
267526,1158,1221
343642,1158,1223
90831,1158,1237
184271,1161,1236
398900,1161,1246
271648,1164,1237
156044,1167,1266
321917,1172,1265
190828,1174,1264
160365,1176,1252
130915,1178,1240
336888,1178,1266
346106,1181,1242
257639,1190,1255
158852,1192,1256
40977,1779,1830
178971,1780,1857
328086,1782,1840
230188,1782,1885
343641,1846,1923
217044,1852,1916
130917,1863,1929
131008,1980,2049
58080,1984,2048
240289,1984,2057
174909,1985,2061
137622,1988,2063
136913,1989,2056
317625,1992,2090
52363,1998,2098
228556,2001,2059
211174,2004,2065
286854,2006,2069
24308,2007,2068
357,2007,2097
389420,2009,2057
21727,2018,2059
153908,2019,2098
101428,2035,2098
337967,2038,2113
56581,2049,2110
331953,2472,2548
292167,2483,2544
295042,2483,2547
5604,3034,3087
75400,3175,3241
65251,3666,3734
262337,3726,3795
150581,4077,4142
60057,5495,5566
57306,5597,5655
396719,5637,5695
178972,5642,5695
328088,6238,6298
89104,6239,6299
364681,6243,6298
230189,6644,6720
350125,6661,6750
976,6664,6720
65735,6665,6718
91722,6671,6735
314618,6674,6752
335359,6682,6751
10370,6683,6746
321127,6689,6746
61018,6691,6757
207110,6696,6764
122126,6698,6765
9988,6715,6782
371119,6791,6852
374753,6817,6898
190829,6830,6906
271875,6890,7013
346107,7166,7252
309876,7183,7257
252649,7332,7377
271873,7360,7445
76939,7501,7558
31973,7505,7579
79614,7795,7861
245486,7812,7913
195020,7813,7892
17443,7819,7890
389421,7819,7915
65250,7823,7873
355820,7827,7887
76841,7863,7914
182563,7863,7928
275900,7867,7922
124924,7868,7926
46241,7869,7923
299703,7876,7924
271873,8187,8278
373309,8503,8561
377237,8507,8576
396078,8708,8804
207544,8718,8788
20195,8732,8793
88037,8735,8797
223383,8744,8806
218708,8750,8814
161550,8765,8852
61673,8827,8891
15247,8829,8895
289438,8834,8898
223538,8834,8908
294448,8835,8896
344326,9171,9224
345878,9178,9239
214850,9790,9864
178968,9795,9888
131009,9796,9865
177242,9799,9858
94601,9803,9861
173543,9804,9865
175799,9805,9860
311245,9805,9864
126318,9806,9879
18824,9806,9896
189569,9807,9865
78710,9809,9875
178973,9810,9858
35400,9810,9862
364439,9811,9874
30802,9812,9878
8913,9812,9894
289601,9814,9877
396720,9814,9899
110185,9839,9929
177835,9842,9911
140129,9843,9923
68961,9846,9928
57264,9846,9986
112464,9851,9914
56235,9865,9968
242003,9884,9954
269383,9906,9989
314617,9907,9981
169553,9908,9972
236256,9925,10020
39324,9956,10008
271875,9981,10100
348086,10093,10157
271874,10097,10194
169522,10145,10202
142625,11121,11180
328087,11123,11209
375637,11136,11189
68962,11139,11210
236255,11140,11222
384596,11141,11209
158851,11143,11211
113070,11143,11219
178969,11144,11240
56718,11148,11209
94602,11152,11209
350106,11152,11217
5960,11157,11222
55416,11160,11223
178970,11162,11241
219931,11163,11239
65651,11175,11244
216316,11192,11239
271874,11282,11381
63618,11386,11446
405293,11404,11458
102653,11416,11479
35581,11714,11775
44978,11716,11774
74910,11727,11769
81958,11878,11966
367582,11878,11969
2599,11878,11982
130916,11879,11938
2379,11879,11942
34435,11880,11947
343643,11880,11967
408183,11880,11984
162399,11884,11963
90832,11886,11993
405292,11886,12019
278781,11887,11996
16160,11889,11958
113123,11889,12044
40978,11890,12019
78711,11891,12005
335185,11899,12019
130918,11946,12044
653,11954,12044
203359,11959,12047
1305,11972,12043
140791,12000,12118
309331,12012,12069
225480,12012,12138
2600,12020,12134
77,12023,12103
309907,12028,12141
35026,12043,12143
80270,12045,12120
108250,12047,12128
76315,12047,12145
304255,12048,12110
114045,12048,12118
90221,12048,12142
350940,12050,12130
166211,12051,12122
120097,12051,12177
55424,12053,12120
140790,12053,12175
81957,12054,12123
232102,12055,12129
35756,12057,12115
87298,12058,12173
326610,12062,12162
262244,12075,12140
368353,12077,12135
278780,12091,12179
144572,12574,12653
383232,12664,12733
223691,12668,12739
370245,12669,12712
