47965,571,629
8964,575,653
196304,576,634
289605,577,643
146504,660,713
213315,667,713
399399,919,999
251018,929,999
154180,1071,1169
8266,1072,1154
22004,1073,1138
12155,1082,1147
191758,1108,1191
407016,1640,1702
82330,1641,1701
52656,1655,1713
114549,2068,2113
294186,2069,2130
112314,2105,2165
17658,2405,2467
397402,2429,2502
112700,2441,2502
85092,2445,2506
260423,2469,2534
250509,2625,2687
61050,3626,3702
94647,3632,3696
61051,3635,3708
43083,3639,3694
360137,3639,3701
284014,3639,3714
350635,3640,3711
134604,3642,3707
110184,3645,3729
42284,3646,3709
92940,3655,3708
13089,3657,3730
341825,3658,3737
312499,3661,3720
213314,3662,3729
384927,3663,3745
352661,3668,3741
68534,3691,3759
231231,3716,3785
360135,3853,3944
360135,4250,4338
42283,4733,4802
179149,4737,4804
73342,4738,4801
116746,5301,5366
273416,5308,5370
14534,6103,6158
248626,6104,6155
128857,6741,6809
112315,6811,6927
402950,6815,6877
112316,6830,6936
68821,6835,6930
179150,6844,6908
14534,6869,6932
152825,6869,6938
45926,6875,6938
21862,6878,6938
50464,6882,6938
88066,7436,7498
172379,7436,7503
171743,7443,7511
358065,7455,7542
285192,7460,7551
273504,7467,7551
54666,7469,7550
328241,7473,7543
210049,7474,7548
328986,7478,7547
366658,7479,7545
26609,7483,7544
71563,7491,7547
276623,7749,7811
310158,8645,8713
62887,9253,9319
68085,9254,9322
13829,9256,9324
216916,9258,9323
139641,9262,9326
36350,9262,9334
292706,9263,9330
16809,9264,9353
145198,9273,9337
192244,9335,9401
384926,9748,9807
215344,10321,10377
52655,10323,10390
215343,10347,10392
277179,11074,11153
360336,11614,11665
382646,11616,11685
24092,11630,11694
235796,12179,12243
278984,12191,12251
192245,12527,12588
175448,12534,12612
140794,12551,12613
75628,12552,12612
68535,12553,12614
121939,12570,12653
8268,12764,12814
7803,13575,13643
366986,13588,13678
180968,13601,13665
372617,13605,13678
169643,13606,13675
71565,13616,13678
88829,13616,13686
359754,13617,13682
256155,13623,13684
132046,13624,13687
260424,13639,13714
341826,13647,13729
351118,13648,13709
384925,13650,13700
230360,13665,13730
56064,13669,13729
226637,13670,13735
112317,13672,13729
92574,13831,13904
92573,13831,13910
245254,13839,13921
352662,13876,13938
250511,14126,14202
33398,14406,14472
56364,14431,14504
351725,14433,14499
242875,14434,14502
103981,14445,14512
176936,14448,14511
387016,14449,14531
308926,14450,14534
253541,14455,14522
227774,14457,14524
74301,14479,14547
176317,14826,14880
240526,14838,14913
353932,14844,14903
44288,14846,14910
75520,14995,15051
250510,15143,15205
316957,15174,15227
341829,15177,15253
360136,15182,15256
211949,15424,15489
278331,15440,15502
40107,15834,15883
180969,16153,16235
352664,16155,16236
264771,16156,16221
14584,16157,16235
352663,16161,16236
348244,16193,16236
185338,16446,16515
346409,16453,16514
71564,17621,17688
231844,17627,17691
8267,17627,17700
140643,17630,17700
129248,17630,17704
315284,17631,17691
56065,17635,17705
404814,17639,17704
14535,17640,17722
243802,17641,17685
259680,17647,17714
91587,17647,17728
6492,17656,17751
167927,17658,17714
230928,17658,17741
257210,17659,17735
133544,17673,17750
15016,17676,17754
145294,17694,17754
109481,17695,17751
221731,17698,17751
360137,17702,17744
167504,17706,17752
332064,17931,17980
304487,18009,18070
295934,18026,18089
18619,18027,18081
261573,18123,18173
389151,18350,18401
133545,18497,18558
94648,18512,18575
347182,19583,19649
292707,19593,19655
167865,19717,19788
276624,19733,19796
384928,20308,20372
54372,20309,20369
137797,20316,20365
303515,20704,20761
133543,20934,20988
305317,21489,21545
108073,21489,21547
75748,21489,21550
341828,21489,21563
195449,21491,21556
154179,21493,21549
152496,21493,21553
360136,21587,21654
54371,21846,21899
68536,21857,21919
152189,21859,21923
261574,21864,21927
376588,21866,21924
258704,21867,21909
373939,21883,21930
348245,22103,22198
175449,22106,22153
43250,22113,22187
799,22115,22181
61896,22120,22183
276777,22120,22198
332063,22123,22184
276778,22126,22199
254018,22127,22195
174366,22128,22191
381342,22135,22203
52654,22136,22200
73395,22137,22188
7804,22140,22201
297074,22146,22203
264886,22155,22203
302322,22422,22481
132218,22908,22956
347181,22908,22960
397403,23001,23053
373938,23016,23109
210050,23024,23112
365390,23030,23097
226638,23037,23093
256156,23038,23137
262599,23050,23111
71566,23061,23113
174365,23072,23136
44289,23338,23416
94649,23363,23426
189919,23494,23569
185419,23495,23588
47939,23553,23610
229562,23564,23638
142461,23585,23656
117610,23611,23656
94650,23614,23714
112318,23618,23712
124007,23626,23747
148456,23628,23694
7805,23629,23733
28584,23630,23730
341827,23633,23733
50465,23635,23729
334089,23636,23727
353395,23640,23742
56066,23655,23724
4164,23656,23744
347600,23661,23741
133546,23663,23746
251743,23667,23736
124008,23671,23745
353396,23673,23740
51640,23675,23734
146506,23679,23733
272564,23684,23746
256703,23771,23898
353241,23779,23902
126468,23791,23854
36341,23791,23876
114551,23795,23848
71825,23799,23886
341830,23804,23862
185422,23804,23920
71826,23805,23881
347184,23810,23885
114550,23819,23865
361412,23819,23871
9059,23822,23874
9058,23822,23880
146505,23822,23884
237390,23824,23903
75747,23825,23885
347183,23826,23880
101305,23826,23887
371146,23826,23902
66357,23835,23907
