246281,152,214
120316,182,240
374656,197,274
213186,246,308
132841,249,310
59413,250,312
365545,251,314
358360,252,323
43389,268,330
264999,275,325
40228,303,370
257849,303,374
40229,306,369
381825,312,376
345110,544,610
191195,612,680
4248,681,747
51745,801,863
406660,802,873
332342,808,869
220041,813,869
22093,917,990
22094,931,993
13147,939,990
162571,940,1005
134756,950,994
251444,952,1018
102893,959,1021
40230,965,1035
357776,968,1046
137783,970,1047
44385,1199,1261
397356,1379,1441
60110,1388,1457
354006,1595,1652
340770,1596,1657
128025,1702,1797
40231,1704,1800
348317,1714,1793
245279,1714,1797
123610,1717,1779
300626,1731,1807
398231,1747,1800
89901,2945,3007
370749,3058,3116
126895,3059,3106
321346,3174,3237
120318,3211,3268
35644,3711,3756
176784,3712,3775
241146,3718,3775
208675,3722,3778
406403,3787,3843
142967,4009,4080
24261,4011,4054
349796,4055,4116
209503,4063,4114
351209,4235,4305
88188,4238,4299
238021,4239,4302
88819,4244,4302
206336,4245,4327
234312,4250,4312
63082,4256,4305
84589,4258,4300
28673,4258,4319
379696,4260,4324
358199,4261,4303
191689,4261,4358
167680,4276,4347
252479,4282,4349
276340,4283,4325
301355,4284,4345
390515,4284,4348
55500,4305,4414
354005,4306,4367
5853,4307,4372
272634,4317,4383
367448,4323,4379
345111,4682,4745
352470,4688,4759
341141,5018,5086
23211,5053,5137
166788,5054,5114
365547,5063,5152
345106,5067,5136
55504,5081,5152
77394,5088,5137
174904,5089,5144
75949,5089,5151
318537,5093,5154
191688,5102,5154
22798,5291,5355
365520,5291,5411
25970,5297,5355
4249,5362,5420
148476,5437,5531
174956,5437,5537
316799,5458,5537
259882,5461,5545
126198,5495,5571
123236,5572,5633
392708,5572,5635
220084,5573,5637
123611,5573,5643
162572,5575,5639
299960,5576,5636
244763,5588,5652
59015,5607,5672
41860,5608,5673
288267,5692,5747
392993,5692,5765
237496,5694,5768
95139,5694,5784
249757,5702,5777
261527,5704,5776
219241,5712,5779
296112,5726,5785
289146,5925,5986
365519,5930,5989
275884,5991,6045
401860,6142,6216
115592,6144,6221
274373,6147,6212
146328,6150,6219
328568,6156,6215
246283,6159,6221
43779,6162,6219
202005,6356,6412
47472,6368,6428
358465,6393,6454
162573,6394,6457
176888,6400,6474
151714,6401,6456
365518,6727,6823
222092,6746,6803
60926,6757,6834
80266,6769,6831
118227,6783,6844
29939,6831,6895
88084,6996,7058
297267,7086,7152
297268,7089,7152
100074,7297,7357
300822,7416,7501
23752,7417,7479
114522,7417,7498
307707,7418,7486
238022,7419,7480
45282,7419,7491
100075,7420,7482
86251,7423,7494
408310,7426,7489
219318,7429,7518
10976,7430,7489
36582,7433,7506
19152,7439,7517
26998,7440,7522
363393,7441,7502
140585,7443,7512
301016,7444,7507
280343,7446,7514
7222,7447,7502
33255,7447,7517
25578,7450,7524
398190,7450,7530
24262,7452,7517
85727,7455,7506
277688,7543,7612
258295,7894,7983
177746,7896,7968
404502,7897,7960
52553,7899,7960
309375,7900,7971
125791,7901,7984
137103,7902,7965
323432,7903,7983
114987,7907,7976
222585,7908,7952
206039,7908,7971
399225,7908,7978
114341,7911,7978
307618,7913,7977
12239,7913,8012
177747,7914,8002
321450,7915,7992
168813,7916,7977
163439,7916,7979
158507,7920,7999
45213,7920,8006
370972,7926,7987
171508,7932,7993
399397,7933,7991
358464,7949,8010
267555,7953,8008
238322,7956,8040
194592,8306,8401
352977,8313,8399
345106,8314,8386
318536,8317,8379
64952,8319,8385
98536,8319,8394
345109,8321,8390
186258,8326,8405
81317,8327,8396
32131,8328,8392
180327,8331,8391
81316,8333,8406
228513,8334,8393
270523,8334,8395
115029,8336,8393
261526,8357,8431
286000,8358,8416
22797,8361,8420
1511,8407,8461
70442,8415,8489
378142,8416,8482
70441,8416,8493
324915,8432,8524
179563,8459,8530
392994,8463,8530
18557,8476,8530
128023,8479,8528
365546,8491,8578
263815,8496,8549
18218,8498,8547
108002,9075,9157
144138,9076,9126
309376,9076,9130
401567,9076,9142
267797,9080,9173
44357,9082,9181
85728,9083,9148
108003,9087,9168
100114,9091,9170
317386,9091,9183
24264,9092,9148
302176,9094,9157
155262,9094,9175
398191,9101,9194
320891,9105,9172
279506,9115,9176
311758,9130,9181
272049,9132,9180
399226,9751,9793
110781,9884,9966
321372,9943,9997
147537,9960,10047
156869,9971,10038
7223,9980,10042
146331,10143,10222
86590,10152,10225
156868,10176,10250
67540,10299,10392
212951,10301,10394
272783,10302,10350
358361,10303,10367
358578,10304,10368
22796,10308,10394
83879,10310,10367
132744,10310,10374
55499,10315,10394
142966,10316,10383
264870,10316,10392
304758,10318,10386
234451,10319,10382
7221,10319,10384
21233,10321,10385
13571,10322,10383
128040,10323,10385
404501,10324,10383
371473,10324,10392
345108,10330,10391
118066,10330,10394
246642,10332,10394
118619,10546,10619
201327,10547,10609
86090,10547,10615
250784,10547,10621
117114,10548,10605
257846,10548,10625
34891,10549,10612
348140,10552,10614
307706,10552,10631
65629,10568,10634
174889,10570,10634
111160,10571,10658
61287,10572,10613
64016,10573,10635
191196,10573,10649
363847,10578,10637
37666,10580,10653
146330,10581,10640
33948,10583,10633
91213,10583,10658
75333,10584,10650
208825,10586,10649
316531,10588,10650
406661,10589,10652
403009,10590,10659
177392,10591,10655
111472,10592,10658
325266,10597,10662
280188,10598,10664
318535,10599,10671
351588,10605,10669
216935,10608,10670
267556,10671,10733
37391,10676,10742
86587,10685,10755
133157,10689,10753
283919,10766,10830
246282,10768,10825
344022,10769,10830
247595,11039,11110
306642,11041,11109
344326,11059,11121
323433,11059,11136
171008,11064,11106
278111,11073,11138
74989,11199,11267
128022,11200,11269
396844,11387,11448
128024,11391,11450
59620,11406,11469
365517,11415,11469
321449,11417,11466
10495,11532,11600
161243,11532,11604
86588,11602,11664
110460,11653,11721
155263,11679,11726
94279,12072,12150
403010,12076,12140
345325,12088,12147
401861,12088,12161
375459,12092,12160
401862,12093,12164
313386,12095,12153
174905,12095,12155
208674,12096,12162
86589,12112,12164
290257,12120,12164
329162,12213,12283
320620,12217,12308
365277,12219,12274
300823,12220,12277
249468,12220,12282
19234,12224,12276
234740,12225,12287
370971,12229,12293
251445,12235,12297
84626,12238,12303
348191,12286,12352
348139,12300,12364
33267,12301,12355
86584,12301,12386
119398,12302,12366
179884,12303,12371
24299,12304,12355
48823,12304,12377
397033,12307,12370
374655,12308,12352
179565,12308,12369
296125,12308,12375
110462,12309,12370
146329,12311,12352
135229,12311,12383
108001,12314,12403
321371,12317,12381
292433,12320,12383
5757,12320,12395
312985,12321,12387
174903,12321,12404
86586,12324,12382
86585,12324,12387
157696,12326,12387
47950,12328,12393
36581,12357,12422
234147,12569,12628
9035,12652,12715
371782,12662,12737
122190,12680,12731
259978,12858,12920
249469,12876,12937
24263,13520,13578
63083,13520,13590
283920,13520,13595
234693,13520,13603
85729,13523,13594
325653,13524,13585
119329,13525,13581
163438,13536,13590
60689,13536,13620
404503,13542,13588
17182,13548,13613
55505,13554,13616
325731,13561,13614
398495,13562,13639
375458,13566,13636
318538,13568,13622
100115,13574,13639
370750,13574,13642
96046,13575,13645
137263,13576,13637
347208,13577,13646
86681,13577,13661
12895,13578,13651
195695,13580,13632
175124,13580,13638
203414,13580,13642
123187,13581,13655
371466,13582,13644
129980,13585,13637
369561,13585,13641
345244,13585,13649
155352,13586,13629
62804,13586,13631
398494,13586,13652
95576,13587,13642
35657,13598,13659
184400,13926,13973
25971,13926,13977
18219,13926,13991
348141,13926,13998
121260,13927,13988
256576,13928,13994
196665,13968,14029
1941,13974,14028
277398,13975,14037
167681,13977,14043
365819,13990,14058
228407,13997,14060
94346,14168,14220
169271,14300,14388
58380,15008,15070
370390,15009,15071
238833,15012,15079
198624,15176,15239
247594,15182,15244
31211,15210,15272
164980,15260,15336
293496,15262,15340
369404,15274,15327
53981,15277,15335
371133,15282,15353
277689,15291,15352
179564,15296,15344
161003,15296,15351
40232,15303,15382
27416,15349,15414
25972,15350,15458
126140,15383,15443
138223,15383,15471
136016,15383,15475
75334,15384,15465
347172,15386,15448
94280,15391,15453
10890,15391,15468
222093,15441,15495
213758,15680,15739
365548,15680,15743
50939,15689,15743
398229,15689,15748
245280,16046,16106
366966,16047,16120
111162,16052,16101
401609,16073,16143
191194,16206,16263
246284,16528,16608
246285,16533,16619
277690,16537,16610
47924,16564,16620
345108,16572,16625
133156,16848,16915
163096,16848,16919
174955,16851,16914
30551,16860,16914
22095,16862,16946
10977,16865,16914
40408,16868,16919
218227,17244,17307
250557,17245,17309
393971,17251,17321
49395,17275,17335
170389,17576,17632
48352,17576,17635
333536,17576,17640
246286,17577,17637
187164,17577,17639
97076,17577,17641
126400,17577,17645
208430,17577,17648
2436,17580,17641
360140,17588,17642
152663,17624,17689
241757,18135,18186
313043,18140,18183
257847,18141,18207
4250,18190,18263
126401,18192,18260
19236,18229,18286
230636,18265,18325
158508,18313,18404
366783,18326,18379
108372,18326,18390
40234,18327,18389
398230,18328,18378
110461,18328,18380
365820,18328,18403
55498,19326,19396
188480,19327,19406
231614,19331,19400
115030,19335,19402
51488,19341,19406
5756,19363,19460
385727,19371,19453
265067,19379,19455
258296,19385,19459
345109,19385,19467
47,19387,19460
339693,19393,19455
76775,19401,19489
406662,19405,19507
199035,19406,19497
354929,19417,19485
228408,19421,19511
343083,19428,19506
389025,19430,19501
10979,19436,19505
240008,19437,19502
379697,19442,19511
306641,19443,19521
31126,19451,19541
74990,19475,19554
316499,19478,19538
148477,19521,19595
345110,19549,19617
85730,19580,19651
236661,19581,19656
95950,19581,19659
396843,19586,19655
377134,19603,19665
120317,19614,19688
44580,19625,19687
152664,20261,20333
283921,20272,20332
53863,20296,20366
276661,20567,20623
281775,20573,20639
113004,20573,20659
262387,20574,20663
76987,20575,20655
234120,20576,20643
113005,20577,20659
257848,20578,20642
167682,20578,20655
50645,20579,20644
89085,20597,20661
16586,20598,20667
309740,20599,20672
126141,20607,20661
136568,20607,20674
205806,20607,20683
277270,20616,20670
286179,20622,20696
352564,20623,20690
149743,20625,20705
280162,20626,20691
297269,20635,20698
272633,20642,20710
274864,20643,20706
285354,20644,20718
237728,20646,20703
245775,20647,20714
367449,20651,20724
139404,20652,20721
318539,20653,20723
19235,20663,20722
378799,21552,21604
239415,21558,21612
247596,21558,21616
377073,21845,21898
345107,22210,22266
306643,22356,22420
340769,22373,22434
55501,22376,22437
67429,22758,22823
120320,22763,22827
22096,22994,23059
100116,23001,23060
86091,23721,23791
403011,23728,23790
135638,23732,23797
165462,23736,23822
40233,23737,23805
177019,23741,23848
153584,23752,23818
254971,23755,23841
324916,23758,23835
385292,23760,23836
303842,23963,24025
345995,23996,24067
249391,23998,24076
398195,24009,24077
245281,24038,24111
10496,24042,24103
123612,24054,24119
55503,24063,24152
55502,24063,24159
230032,24323,24382
76777,25523,25584
76776,25524,25585
235713,25538,25602
222260,25552,25598
279505,25554,25614
354004,25554,25625
152943,26166,26235
345107,26185,26249
347173,26214,26277
316500,26214,26281
177020,26244,26319
271779,26252,26324
220042,26255,26327
287139,26261,26323
367236,26262,26324
371942,26276,26343
323629,26281,26340
73621,26324,26399
120319,26329,26399
168812,26400,26457
148039,26790,26851
202461,26792,26863
321621,26793,26867
405562,26794,26860
10978,26798,26860
155351,26801,26860
345996,26802,26865
147994,26811,26863
271739,26813,26869
40235,26944,27021
234452,27296,27362
111161,27298,27364
263677,27299,27363
371856,27538,27588
345111,27555,27617
179455,27822,27872
321374,28523,28587
131233,28534,28596
293497,28822,28874
373843,29331,29395
139405,29333,29398
183499,29337,29410
357190,29342,29403
98535,29343,29391
351676,29343,29407
22646,29352,29444
144139,29355,29434
179454,29355,29449
76778,29359,29422
147957,29364,29421
15289,29365,29432
48532,29365,29446
25603,29367,29433
299355,29369,29430
304759,29369,29432
158509,29370,29455
263678,29371,29460
174171,29372,29437
396845,29373,29436
390516,29373,29459
250558,29379,29448
193486,29381,29462
163607,29382,29449
203879,29384,29451
84244,29386,29458
196830,29389,29461
5758,29390,29441
142500,29399,29461
248485,29404,29470
389024,29756,29811
218228,29768,29844
