257643,217,287
257644,217,293
319655,233,304
135712,1042,1110
5417,1050,1108
408015,1056,1104
189902,1057,1105
80404,1061,1108
251631,1252,1327
148420,1258,1329
122650,1260,1327
72398,1267,1331
251632,1269,1334
30580,1270,1332
258987,1282,1326
335835,1917,1991
119837,1970,2019
149866,2028,2118
112129,2028,2122
112130,2029,2138
321191,2041,2118
128049,2041,2141
150123,2091,2143
253815,2093,2144
173691,2094,2136
341837,2296,2367
132479,2417,2475
92097,2417,2498
29520,2418,2484
149301,2418,2489
192855,2420,2493
321190,2426,2493
201569,2428,2498
300434,2435,2495
257225,2438,2493
136777,2438,2500
198799,2440,2493
291445,2469,2531
225727,2551,2645
17098,2559,2644
339159,2568,2645
271420,2582,2646
308969,2751,2849
40751,2757,2831
136392,2779,2844
303062,2782,2839
361254,2793,2854
223259,2795,2857
9051,2861,2923
104811,3199,3280
384230,3204,3269
321190,3208,3275
393964,3209,3271
344005,3209,3291
123620,3209,3295
311872,3210,3288
302166,3212,3283
139715,3218,3286
381095,3221,3291
266758,3223,3288
17849,3224,3304
24095,3230,3291
300433,3231,3297
17850,3233,3291
185508,3240,3305
36502,3297,3364
90064,3630,3697
284440,3635,3693
50731,3639,3703
50730,3639,3717
261856,3640,3697
83000,3645,3701
192039,3645,3709
190820,3915,3982
209266,3916,3992
321191,3916,4005
196388,3916,4014
40702,3916,4018
139075,3918,3982
149867,3919,4001
196351,3919,4021
272949,3923,3988
112131,3923,4014
112132,3927,4020
3909,3955,4020
78415,3961,4026
89188,4075,4161
260364,4107,4188
255048,4193,4268
328808,4213,4277
59175,4215,4280
44080,4574,4638
405370,4663,4733
145359,4791,4841
319348,4811,4906
332025,4842,4927
220735,5219,5302
404625,5233,5296
408660,5233,5307
408661,5233,5317
40752,5234,5320
370283,5243,5311
191702,5245,5309
167945,5246,5310
33103,5253,5327
320687,5261,5334
271392,5263,5341
210226,5269,5338
198298,5272,5334
85623,5278,5361
273528,5279,5353
177874,5280,5346
135686,5281,5345
316023,5282,5360
9124,5284,5347
16334,5285,5355
283916,5292,5356
232981,5292,5375
76439,5318,5368
384231,5600,5667
139074,5600,5674
250034,5606,5679
142750,5681,5739
358531,5766,5814
151771,5954,6027
365851,6080,6155
269611,6081,6158
193462,6084,6157
297931,6100,6162
134007,6108,6170
100386,6110,6189
239543,6116,6199
134009,6123,6192
150897,6123,6220
223828,6124,6188
7448,6125,6178
134826,6125,6190
152100,6125,6205
228175,6126,6185
268868,6126,6192
105216,6128,6204
373787,6134,6197
210285,6134,6199
76440,6134,6205
391953,6135,6198
98238,6136,6197
180921,6138,6199
287944,6148,6215
170644,6149,6228
319575,6154,6229
153348,6156,6224
330555,6157,6212
194153,6158,6213
362548,6160,6223
89189,6161,6229
246274,6289,6337
127848,6683,6739
6468,6869,6932
171774,6872,6927
88519,7266,7355
52767,7572,7631
63689,7581,7624
75581,7581,7628
347100,7671,7796
170607,7768,7831
191703,8582,8636
321189,9233,9309
321189,9462,9543
273889,9699,9743
283232,9711,9786
192856,9800,9870
232668,10485,10557
206438,10486,10560
129597,10486,10572
206437,10486,10575
191229,10486,10587
125898,10486,10594
124100,10500,10594
131345,10504,10583
17208,10506,10582
151770,10508,10586
198300,10512,10595
285331,10517,10583
388980,10519,10592
274830,10524,10593
389998,10531,10592
215871,10539,10605
192857,10717,10776
283139,10881,10932
80156,10889,10958
198299,10892,10955
277231,10908,10957
357487,11331,11417
244292,11333,11413
162624,11337,11398
40818,11342,11406
118312,11343,11389
204207,11347,11409
219332,11347,11411
182362,11348,11419
362267,11353,11408
305502,11376,11445
266411,11381,11446
22869,11384,11456
206721,11386,11454
321192,11419,11484
156334,11607,11655
311333,11607,11663
176272,11608,11665
326841,11905,11964
330478,12031,12111
17209,12052,12113
257645,12338,12410
256261,12655,12720
101985,12863,12929
260993,12905,13011
124218,12907,12991
303063,12908,12986
182280,12909,12995
399841,12910,12984
38141,12912,13010
4923,12913,13003
85154,12916,12967
34579,12921,12994
91601,12924,12993
211260,12928,13000
8385,12934,13007
39061,12948,13010
321192,14071,14120
339948,14219,14269
132618,14220,14278
14712,14223,14277
34072,14568,14616
300928,14762,14839
343262,14763,14824
266576,14764,14836
300613,14789,14850
192707,14829,14915
16853,14866,14946
192706,14871,14917
151769,15410,15474
347098,16305,16368
156335,16306,16369
218040,16306,16371
389325,16364,16428
231320,16798,16861
231319,16802,16881
86777,16805,16861
88272,16805,16867
84116,16806,16868
97086,16808,16897
339965,16809,16865
365852,16810,16862
108245,16810,16872
241919,16810,16874
31857,16812,16883
327389,16813,16875
311660,16816,16877
191282,16821,16884
107958,16826,16888
186328,16830,16894
391526,16849,16906
248084,17200,17265
88805,17458,17524
357806,17458,17535
153356,17459,17520
262103,17474,17536
308783,17759,17823
297802,17921,17986
132373,18015,18101
197963,18114,18185
283917,18290,18395
240098,18293,18398
201448,18296,18393
379443,18301,18386
379442,18302,18353
402030,18308,18372
169975,18309,18368
217725,18316,18384
18469,18318,18396
209268,18326,18391
143338,18330,18397
246472,18861,18923
238579,18897,18959
104810,18960,19002
196352,19156,19232
33104,19165,19237
284995,20173,20245
348196,20176,20239
19298,20179,20241
208228,20191,20238
260365,20192,20245
44083,20299,20376
201899,20313,20414
398863,20332,20418
104951,20861,20925
260982,20871,20928
222410,21257,21322
142751,21258,21374
384229,21259,21336
50732,21263,21337
30949,21265,21327
292536,21269,21329
94188,21273,21340
341838,21276,21361
112786,21276,21379
284439,21296,21378
329354,21297,21358
348197,21297,21382
40819,21307,21369
278874,21315,21377
71218,21316,21401
383050,21319,21383
273920,21319,21387
253506,21320,21381
216935,21320,21400
149521,21321,21382
84117,21324,21390
9708,21325,21388
224950,21336,21397
187767,21336,21410
185034,21340,21409
44930,21345,21418
244291,21378,21477
172558,21381,21480
398861,21381,21493
89143,21383,21463
74740,21384,21447
32869,21386,21448
1391,21387,21456
195340,21399,21463
304852,21420,21492
297932,21420,21495
262102,21422,21494
297930,21425,21491
88520,21427,21495
42112,21429,21491
164101,21430,21494
94648,21433,21495
225728,21566,21637
370284,21593,21661
129977,21612,21674
131074,21615,21678
225606,21634,21687
276055,21635,21703
296924,21636,21709
280141,21688,21775
384850,21696,21757
408686,21696,21762
147743,21707,21771
317683,22283,22330
304851,22284,22332
147563,22714,22818
6467,22718,22812
26078,22726,22791
145119,22726,22800
129228,22726,22816
129229,22727,22806
239233,22728,22793
197217,22729,22796
209267,22730,22808
32869,22732,22796
283138,22733,22815
120375,22733,22818
128050,22734,22810
157912,22749,22817
284853,22752,22817
72399,22754,22817
369937,23389,23448
140420,23795,23856
244423,23798,23866
266568,23799,23857
192854,23819,23880
180554,24538,24604
128051,24959,25014
16210,24959,25023
131614,24960,25002
220768,24961,25023
25815,24962,25021
201487,24965,25041
347355,24966,25022
119989,24968,25029
44252,24969,25033
195175,24971,25036
398862,25000,25063
406557,25341,25400
170273,25342,25405
361035,25535,25607
405371,25539,25627
6636,26128,26222
392206,26150,26213
176200,26154,26216
234290,26161,26225
121526,26161,26235
176199,26162,26224
324293,26163,26211
386071,26165,26226
342818,26167,26233
362269,26520,26611
362268,26526,26607
396898,26528,26618
355553,26536,26620
57595,26537,26624
197218,26549,26613
479,26556,26617
303064,26562,26623
16577,26566,26627
20700,26567,26628
258082,26570,26634
306431,26576,26640
44081,26831,26909
44082,26832,26917
347097,26834,26919
347096,26835,26912
82739,27220,27279
66540,27220,27298
271421,27232,27309
76464,27871,27922
155826,27875,27932
44084,27984,28082
164535,27988,28050
72400,28430,28504
78416,28434,28500
268948,28435,28496
283233,28437,28504
173212,28437,28508
153433,28446,28504
339966,28454,28503
206722,28692,28786
313608,28699,28766
52917,28702,28780
2326,28705,28769
23289,28705,28780
187841,28705,28786
201570,28706,28775
379445,28706,28798
238747,28711,28800
240007,28712,28771
396897,28712,28781
70132,28712,28796
186559,28714,28777
116508,28714,28782
262105,28714,28786
134322,28717,28788
196387,28717,28805
348198,28718,28800
233959,28719,28782
27949,28719,28795
63688,28720,28811
23290,28722,28784
389999,28723,28794
206723,28723,28830
233609,28748,28809
347095,29071,29137
347099,29078,29146
258268,29618,29663
64141,29622,29677
51940,29700,29768
295705,29700,29781
262104,29700,29804
251633,29701,29763
27650,29702,29794
75854,29703,29767
225244,29705,29769
217726,29705,29806
278573,29708,29779
84067,29713,29775
258267,29719,29799
295550,29722,29773
298742,29728,29799
274831,29728,29805
201449,29731,29811
3268,29734,29797
252632,29734,29816
251634,29740,29819
104354,29740,29826
781,29743,29806
93387,29746,29816
76115,29746,29835
17484,29747,29811
312637,29789,29842
280142,29826,29893
44379,29829,29924
2060,29847,29929
108515,29929,29997
