183668,168,231
224838,267,354
94258,269,359
104338,273,352
86313,275,346
101661,276,341
34237,277,345
400852,279,343
285858,279,350
228,280,342
128995,280,360
333055,282,341
325532,283,354
348551,286,350
149516,286,365
361187,287,349
175177,289,352
28479,290,355
393138,293,357
205370,295,342
51501,295,358
373917,296,338
6043,296,373
127887,297,363
353923,298,359
150014,300,354
396331,302,357
246872,302,366
353411,302,390
120489,303,365
249136,303,367
51360,304,368
35663,304,381
403590,305,366
51359,306,367
22309,309,370
26242,311,372
60026,317,378
251640,318,367
243561,324,389
161461,334,404
330012,343,445
230683,403,468
312980,467,543
330012,480,569
219207,695,771
352471,701,764
97230,702,765
49247,704,771
159456,705,764
122269,705,767
224837,708,775
306070,711,760
249906,877,930
55093,1001,1072
229947,1005,1074
323555,1018,1083
351384,1019,1084
323593,1020,1078
360644,1023,1100
367967,1024,1079
107025,1024,1089
331067,1030,1102
106247,1030,1111
120488,1038,1091
229,1038,1102
200872,1045,1097
137896,1045,1099
105325,1045,1108
2258,1049,1102
216951,1363,1441
229582,1366,1434
205556,1386,1441
370426,1478,1557
8930,1479,1554
325799,1479,1573
307783,1486,1567
377831,1621,1672
307496,1622,1665
258896,1622,1667
336956,1623,1673
26288,2156,2217
113437,2156,2221
40027,2156,2232
49248,2156,2242
27288,2159,2243
52337,2160,2227
294687,2161,2210
345906,2161,2223
130032,2163,2223
207830,2168,2229
167497,2173,2236
126126,2174,2227
10429,2174,2242
263083,2281,2357
325114,2452,2539
8828,2455,2501
114582,2456,2521
263086,2456,2539
333056,2459,2559
30132,2460,2539
372625,2562,2610
4042,2949,2990
305217,3049,3110
207872,3163,3224
79785,3171,3228
54220,3172,3222
229948,3311,3394
269018,3315,3379
288732,3327,3388
110869,3328,3387
346777,3331,3394
325531,4057,4118
186601,4062,4120
108236,4113,4179
239474,4120,4183
60841,4121,4195
340945,4136,4208
256574,4143,4192
30704,4144,4208
30940,4147,4208
60068,4148,4192
159044,4159,4207
325801,4718,4775
179349,4851,4952
325800,4868,4951
198801,5035,5096
83796,5327,5402
325530,5330,5400
36875,5331,5402
132247,5335,5402
227496,5612,5673
382195,5756,5833
329730,5758,5831
164286,5764,5811
86119,5767,5834
91747,5845,5897
126571,5845,5929
2167,5847,5899
68499,5864,5926
197954,6085,6134
215961,6409,6456
226222,6747,6798
387737,6800,6864
307784,6869,6927
307785,7240,7314
207831,7653,7721
158536,7654,7715
314678,7659,7726
312302,7795,7842
263084,8057,8118
48352,8249,8319
323359,8260,8321
78631,8643,8702
307786,8644,8701
215962,8903,8961
324977,9503,9604
274364,9628,9713
39971,9628,9716
263085,9629,9691
255252,9635,9687
162463,11089,11150
229946,11645,11703
339797,11897,11963
13839,12211,12267
198802,12232,12328
204177,12233,12305
259298,12244,12295
83797,12250,12326
8688,12254,12328
217279,12262,12339
241318,12271,12339
306748,12290,12344
226948,12591,12658
267243,13023,13108
250991,13211,13282
330013,15212,15305
330014,15217,15305
114583,15228,15304
333054,15232,15301
148024,15750,15796
278091,15750,15838
333053,15827,15904
204176,16746,16829
67111,16747,16845
246133,16751,16812
206519,16760,16836
126158,16763,16853
257782,16764,16825
54221,16766,16828
378083,16767,16830
106222,16772,16854
63031,16794,16850
164763,16799,16874
39751,16802,16855
45919,17041,17083
56696,17050,17099
255075,17583,17667
370425,17584,17670
114584,17594,17702
330013,17618,17704
330014,17623,17704
141265,17703,17765
164764,18327,18453
126127,18518,18584
32679,18956,19018
157213,18968,19017
263087,18981,19044
133420,19373,19422
396330,19788,19864
33791,19790,19852
89634,19800,19855
247169,19800,19863
365044,19805,19875
242394,19814,19879
404040,19825,19885
295651,20313,20377
312979,20423,20548
325583,20467,20544
128869,20479,20545
10602,20483,20538
3877,20488,20552
207473,20488,20562
344068,20488,20583
367968,20504,20558
152620,21582,21643
287154,22481,22542
215963,22629,22678
15138,22634,22701
158537,22638,22695
66786,22862,22930
287116,23688,23765
110007,23691,23759
12955,23692,23756
312978,23692,23782
255253,23693,23755
8701,23693,23757
296994,23693,23768
184728,23695,23743
307061,23696,23758
145119,23707,23782
121241,23710,23782
66859,23714,23778
259233,23720,23782
107841,23724,23783
10430,23726,23782
1391,23726,23783
