219979,185,256
163862,186,248
247653,193,254
227661,265,355
258663,265,363
286922,266,378
143857,268,331
20355,291,381
71594,295,401
134622,304,394
403,311,398
247689,364,439
137303,371,433
265771,371,444
389372,382,456
83256,433,492
367495,519,604
347781,528,592
224672,547,607
109847,566,629
64992,567,633
41980,571,635
31131,582,629
374260,761,867
268527,774,875
176239,778,865
227662,779,872
348636,779,883
47554,781,845
397,782,857
397,783,875
32461,790,859
40124,798,866
219977,806,896
219978,809,882
329756,819,904
141817,847,909
34510,849,928
54560,901,964
101553,911,966
143858,967,1054
156184,992,1116
302732,999,1081
227660,1003,1078
75757,1003,1095
230691,1016,1078
186541,1019,1078
40016,1021,1082
200583,1021,1120
83736,1025,1096
83737,1025,1108
335271,1027,1099
86834,1029,1115
45856,1036,1098
28255,1040,1114
100096,1055,1118
74062,1055,1120
123623,1061,1125
168295,1064,1127
130164,1067,1128
234839,1207,1277
163633,1208,1289
163635,1209,1287
132333,1211,1277
147630,1212,1288
248525,1218,1286
329326,1474,1586
25310,1479,1566
360205,1482,1562
29743,1484,1568
83257,1486,1550
223700,1490,1596
370178,1492,1591
329755,1493,1599
115449,1513,1619
3038,1519,1612
308069,1524,1610
202459,1532,1600
144699,1534,1599
236265,1535,1598
96686,1537,1609
89324,1538,1606
202460,1539,1613
235349,1549,1613
406468,1570,1636
199415,1581,1668
199416,1588,1668
8218,1601,1667
118415,1603,1673
214206,1613,1668
92485,1764,1813
279155,1765,1820
226149,2107,2180
66212,2308,2377
40753,2309,2375
172978,2318,2394
313799,2320,2381
172799,2327,2388
240260,2328,2383
33095,2335,2396
286805,2336,2397
321001,2652,2722
8219,3358,3410
78632,3391,3444
10192,3896,3953
189462,4328,4388
230868,4721,4789
85807,5396,5446
293484,5562,5626
405010,5828,5891
380235,5957,6007
263599,6040,6101
230534,6081,6155
37060,6083,6153
31132,6090,6154
140629,6354,6419
210393,6358,6424
385022,6360,6425
334291,6396,6465
123411,6399,6450
317076,6759,6835
187300,7135,7203
195411,7146,7211
262060,7148,7209
132569,7148,7213
390942,7150,7215
195410,7151,7221
284462,7152,7210
234774,7152,7214
7972,7153,7219
109837,7153,7226
371697,7158,7228
406469,7159,7210
373921,7160,7222
163634,7164,7211
46137,7174,7218
163514,7175,7237
337324,7377,7438
65424,7887,7942
323382,7890,7951
365630,8451,8513
79875,8725,8783
79874,8729,8784
133889,9191,9267
161220,9222,9283
321930,9336,9403
83735,9374,9443
321000,9406,9459
359627,9750,9806
208884,9758,9825
248966,9787,9858
208520,9793,9859
235338,9803,9859
29290,9822,9879
230282,9960,10020
3172,10090,10139
278322,10332,10393
137304,10747,10811
258370,10808,10860
149719,10809,10867
60956,10809,10870
86012,10811,10873
84169,10860,10914
331417,11217,11300
92838,11221,11282
31337,11227,11298
307954,11231,11295
381747,11231,11312
345597,11293,11346
188598,11893,11977
152330,11896,11975
187141,11903,11963
361611,11903,12009
9829,11903,12024
204528,11908,12023
249484,11910,12040
113315,11921,11990
359626,11935,12055
133237,11943,11999
206960,12091,12141
