5972,135,213
389500,136,216
91033,140,248
188139,143,215
323423,243,360
7276,406,472
397,406,491
13917,476,547
2379,488,544
169085,782,843
164922,792,843
87302,889,965
43062,889,974
406377,889,989
299492,890,976
199117,891,1008
371170,897,1003
212902,904,1000
249465,936,997
283905,1329,1396
350047,1333,1395
246783,1335,1396
266251,1339,1423
312978,1435,1528
29844,1441,1493
13916,1443,1543
26078,1446,1517
129229,1447,1539
13914,1447,1543
129228,1447,1554
13915,1449,1535
224681,1451,1521
72734,1452,1546
89143,1454,1540
373276,1454,1550
154821,1458,1523
106847,1459,1569
9774,1462,1540
106846,1470,1569
225095,1481,1570
225096,1485,1543
305559,1491,1552
13442,1491,1563
219497,1641,1729
323854,1642,1714
131220,1642,1724
131408,1643,1707
129098,1643,1710
25603,1647,1731
294014,1648,1736
114074,1649,1717
129301,1650,1715
354689,1651,1718
49471,1653,1719
230960,1661,1731
191910,1662,1723
70311,1664,1726
379268,1664,1739
155389,1665,1741
19566,1667,1726
176917,1674,1747
14098,1690,1778
106845,1691,1804
224915,1698,1743
138571,1766,1833
271393,1781,1834
298863,1781,1846
321660,1784,1835
71247,1785,1846
111159,1785,1865
80178,1789,1835
209093,1798,1860
279397,1799,1852
3526,1800,1853
228534,1801,1862
309767,1955,2023
174986,1961,2036
288301,1990,2053
260038,1991,2054
361728,1991,2060
308709,1997,2070
225500,2068,2111
153984,2121,2188
174301,2125,2187
371169,2165,2209
240092,2286,2350
35943,2347,2417
79115,2348,2415
323621,2353,2417
171078,2549,2619
354511,2558,2605
148256,2602,2696
202521,2614,2686
128253,2623,2676
394688,2623,2689
362608,2625,2693
148255,2632,2735
356476,2634,2691
204171,3452,3521
182275,3457,3536
377845,3458,3511
39818,3460,3532
406378,3463,3570
327192,3466,3532
216291,3483,3537
35403,3487,3580
175754,3502,3580
51621,3510,3580
113551,3513,3581
88245,3518,3578
206087,3520,3580
154822,3522,3580
64360,3526,3580
141521,3682,3759
118601,3708,3760
312980,3812,3893
251099,3818,3886
317530,3818,3896
3650,3820,3882
341290,3820,3893
37391,3821,3873
263073,3822,3890
260504,3823,3893
199118,4251,4352
357287,4260,4318
104993,4265,4320
129229,4265,4344
71893,4265,4350
89142,4267,4353
175807,4730,4789
154821,4736,4790
327127,4841,4905
174085,4846,4899
63692,4847,4905
70312,4873,4918
25101,5289,5336
51355,5289,5346
10438,5299,5356
354509,5302,5369
354510,5315,5394
179877,5346,5411
215010,5360,5423
47227,5374,5418
39819,5374,5489
115660,5375,5459
115661,5375,5483
61110,5380,5489
154820,5390,5488
273057,5391,5486
381233,5394,5468
171080,5400,5489
105188,5403,5489
279380,5409,5489
138244,5411,5482
39820,5607,5703
374913,5618,5673
171076,5637,5702
215009,5754,5806
171079,5885,5939
146286,6352,6444
191911,6352,6449
209630,6512,6584
114075,6618,6672
154818,6930,7029
61110,6935,7034
61109,6939,7036
104081,6940,7009
154820,6942,7033
138244,6959,7028
8487,6963,7053
27055,6970,7023
396974,7340,7429
234234,7349,7430
140402,7359,7430
396975,7365,7430
212467,7366,7433
46388,7368,7435
367894,7369,7450
262328,7371,7438
50155,7373,7424
260226,7373,7435
9531,7392,7454
154819,7434,7497
158712,7839,7922
154822,7856,7925
366729,7863,7931
328986,8019,8083
178496,8022,8092
254951,8023,8100
29385,8024,8083
329047,8024,8085
382916,8024,8104
197423,8028,8089
279379,8029,8104
27054,8032,8093
153043,8037,8104
329046,8039,8117
210824,8042,8103
225097,8144,8213
171082,8176,8257
154818,8180,8267
381232,8186,8268
39821,8191,8268
12049,8194,8268
171077,8208,8267
8488,8212,8267
154819,8839,8913
386637,9951,10004
88520,10046,10130
244646,10060,10125
126449,10193,10244
291916,10552,10625
124958,10613,10669
154562,12272,12334
318740,12491,12550
171081,13448,13517
237896,13453,13517
35749,13835,13899
38899,13837,13898
52648,13844,13919
87303,13846,13917
254950,14167,14223
265203,15845,15911
16874,15847,15912
279667,15852,15912
176059,15855,15912
119662,15871,15912
313974,16066,16129
274085,16076,16139
205789,16091,16152
288302,16282,16349
189997,16768,16818
312979,16941,17064
35944,17000,17094
332632,17022,17076
399003,17026,17086
379269,17935,17976
312797,18220,18281
133937,18220,18297
47186,18221,18287
343463,18239,18290
361729,18306,18372
