13208,378,444
169601,378,451
162266,379,437
78287,380,425
25417,381,435
219322,382,434
25416,382,444
219881,384,426
131573,385,440
120055,412,483
43491,413,481
150299,416,482
260234,485,544
14530,1163,1252
223098,1202,1271
227814,1638,1699
227815,1638,1712
130800,1642,1708
207086,2236,2295
212090,2254,2318
64396,2255,2311
317229,2273,2354
97182,2301,2362
162024,2307,2369
9297,2311,2386
10936,2318,2383
339887,2319,2382
151103,2321,2386
220435,2324,2385
378591,2326,2388
122539,2331,2393
100246,2333,2396
133688,2339,2400
234362,2342,2406
227598,2345,2409
234361,2351,2411
169677,2356,2445
232210,2359,2422
147608,2364,2444
296267,2374,2446
382134,2597,2663
317229,2625,2702
239416,3060,3112
280038,3163,3230
21122,3167,3241
225410,3171,3229
322085,3177,3242
169948,3398,3468
291312,3428,3483
75033,3548,3625
162917,3549,3602
390173,3557,3619
322575,3561,3625
227633,3563,3646
329367,3566,3645
7626,3569,3636
29691,3576,3637
303788,3761,3814
185119,3774,3852
345220,4101,4162
125484,4416,4487
317228,4417,4485
294240,4620,4695
317228,4635,4705
384153,4747,4812
46051,4786,4830
102161,4788,4838
185120,4813,4902
316292,4814,4895
143927,4814,4905
207084,4814,4915
333062,4815,4891
320568,4815,4908
207085,4816,4873
337237,4818,4905
393142,4855,4937
275371,5395,5461
35698,5402,5462
9895,5434,5529
167308,5434,5537
102137,5451,5519
227597,5457,5535
197209,5463,5565
41422,5465,5551
292161,5465,5556
101023,5468,5566
317231,5478,5550
301171,5478,5565
16121,5479,5567
205493,5483,5535
39017,5483,5583
404013,5485,5539
197208,5485,5565
378278,5487,5567
167919,5489,5537
46654,5489,5551
101022,5489,5565
23036,5491,5550
398607,5492,5562
339040,5493,5568
26975,5493,5577
139264,5515,5570
159617,5521,5585
255563,5742,5792
225048,6484,6553
102214,6543,6610
350547,6562,6624
362579,6736,6811
251777,6740,6797
328528,6986,7058
348159,6986,7076
327201,6987,7062
197207,6987,7066
306663,6987,7070
315393,6987,7107
333063,6988,7049
403,6996,7080
403,7001,7097
256702,7008,7079
188288,7034,7100
318099,7036,7107
342942,7040,7107
106093,7044,7108
108747,7046,7132
79205,7048,7109
187394,7051,7114
189223,7051,7129
193691,7059,7124
23037,7065,7129
189224,7068,7129
268870,7070,7123
278304,7071,7136
236629,7071,7152
139008,7078,7143
49736,7079,7147
276188,7083,7147
129563,7168,7237
174584,7172,7237
119208,8046,8111
71717,8050,8129
264883,8053,8125
42134,8054,8120
318672,8122,8202
244735,8129,8201
156938,8132,8213
340759,8133,8211
187395,8140,8206
156937,8140,8216
133340,8148,8211
275373,8152,8203
398609,8152,8212
232855,8154,8223
282682,8167,8213
134178,8167,8215
225298,8207,8307
156936,8210,8309
294802,8231,8307
266725,8264,8326
17195,8561,8626
276189,8561,8637
337423,8561,8650
191330,8565,8665
333064,8568,8628
322379,8571,8652
264793,8576,8660
216501,8578,8659
332328,8579,8676
342163,8584,8654
387720,8587,8667
395661,8594,8660
54999,8597,8660
122273,8601,8681
225297,8603,8660
119209,8603,8674
32825,8604,8655
164297,8606,8676
341233,8607,8672
71839,8610,8675
40271,8613,8674
44814,8613,8689
149168,8615,8673
139011,8615,8679
279154,8684,8781
167920,9661,9751
17724,9662,9749
350546,9664,9726
305269,9665,9730
115444,9673,9723
227581,9673,9743
98245,9673,9759
32429,9674,9741
108749,9676,9780
140410,9677,9769
118508,9679,9779
294241,9728,9785
98743,9916,9979
50801,9918,10000
288439,9919,9981
187396,9924,9972
212778,9925,9985
212779,9925,9991
53179,9926,9983
296343,9927,9984
191331,9927,9995
249515,10542,10603
367682,10542,10606
175798,10543,10598
286387,10543,10611
211817,10546,10593
331835,10564,10632
362554,10573,10635
275452,10603,10675
314747,10887,10946
387721,11477,11532
394300,11478,11526
23516,11478,11539
342998,11483,11544
177081,11484,11541
133113,11498,11568
125483,11502,11570
156399,11503,11585
165912,11507,11597
219657,11508,11580
260236,11509,11594
79902,11513,11579
236619,11513,11586
223097,11514,11606
99118,11515,11572
251554,11523,11620
112775,11535,11621
255372,11536,11614
178854,11546,11602
4537,11546,11611
345221,11559,11627
367683,11560,11623
278306,11570,11646
307802,11600,11694
365687,11678,11740
91646,11750,11822
295798,12530,12583
5124,12530,12588
200747,12534,12595
79794,12536,12602
393858,12536,12613
307801,12536,12632
235790,12537,12597
393857,12539,12631
281647,13094,13152
35700,13182,13243
151665,13230,13272
348333,13330,13378
337424,14227,14322
208710,14229,14285
126969,14230,14320
291623,14231,14327
44697,14248,14321
206873,14249,14323
406543,14250,14312
291624,14250,14327
354666,14252,14348
111589,14253,14329
398610,14254,14337
53743,14257,14332
341883,14258,14325
199060,14258,14369
55000,14259,14338
94138,14260,14322
38333,14261,14317
6885,14261,14328
354667,14261,14370
101024,14266,14339
45776,14266,14350
66646,14268,14344
23039,14270,14361
296366,14291,14363
122277,14307,14361
399867,14309,14377
184432,14321,14379
5125,14333,14405
265926,14335,14412
387722,14339,14404
16855,14346,14407
81561,14348,14420
4215,14408,14473
249516,14410,14474
268844,14410,14481
167306,14441,14514
147610,14454,14515
48369,14460,14521
208413,14472,14525
338335,14483,14569
44820,14527,14601
83986,14528,14616
118443,14529,14594
156841,14529,14612
244736,14531,14620
201271,14534,14622
171004,14535,14605
407227,14539,14603
124725,14541,14602
314746,14542,14603
139010,14546,14613
221968,14548,14629
275372,14555,14646
83987,14558,14629
79799,14559,14623
252729,14565,14630
90094,14567,14632
286000,14568,14642
167918,14570,14654
260238,14574,14650
74631,14583,14644
158098,14637,14727
305630,14644,14722
296778,14654,14720
282662,14654,14729
167309,14657,14724
165914,14681,14724
332326,15253,15362
332327,15273,15361
327202,15273,15383
137565,15276,15339
55001,15280,15353
125836,15281,15357
296367,15281,15376
279103,15282,15368
199816,15283,15346
184370,15284,15361
159798,15292,15360
208786,15293,15354
177086,15299,15360
71720,15301,15400
102138,15302,15363
368681,15302,15379
24818,15306,15372
139135,15308,15408
213947,15309,15399
346395,15309,15415
346394,15310,15418
355980,15312,15398
373830,15321,15399
107623,15322,15395
311315,15322,15401
70130,15322,15411
220302,15322,15415
23038,15325,15388
159618,15326,15408
165913,15327,15396
23744,15330,15391
111158,15330,15396
224331,15333,15409
52233,15333,15424
124593,15334,15415
255602,15359,15420
162268,15369,15413
199059,15369,15422
17196,15369,15454
356244,15379,15448
48370,15383,15458
35447,15451,15543
127072,15476,15524
100633,15511,15567
214477,15514,15574
318052,15518,15570
155355,15901,15950
316293,16002,16065
170358,16018,16082
139266,16025,16089
23035,16028,16089
200189,16032,16099
185121,16504,16566
260235,16511,16567
4425,16511,16608
134706,16514,16581
169678,16534,16609
317231,16538,16605
155635,16540,16613
162883,16550,16611
349468,16552,16616
34689,16554,16617
294242,16582,16649
227596,16586,16648
224436,16587,16658
255373,16587,16663
227595,16590,16665
35703,16593,16662
213948,16593,16667
10148,16601,16673
167921,16608,16670
307803,16610,16658
260237,16893,16968
111472,16895,16956
120331,16896,16964
61409,16898,16952
320569,16898,16963
118143,16899,16945
310834,16900,16965
106925,16900,16987
216737,16904,16965
83334,16905,16966
121526,16967,17023
35874,17022,17092
147609,17086,17168
334166,17096,17168
224435,17107,17168
317230,17110,17169
399868,17169,17243
76111,17170,17263
95182,17171,17233
140525,17172,17237
362687,17173,17277
144563,17174,17235
268051,17174,17280
218430,17189,17274
37120,17194,17284
292590,17199,17262
102162,17202,17270
184901,17204,17254
165911,17205,17250
153873,17207,17269
25962,17209,17271
309247,17209,17285
61407,17282,17367
122275,17288,17357
334432,17288,17362
213859,17289,17386
382135,17296,17363
39345,17299,17369
206061,17300,17365
213949,17300,17391
158097,17301,17381
155357,17302,17364
334023,17302,17394
264884,17303,17377
213263,17305,17366
167307,17305,17384
13209,17307,17382
18007,17307,17390
36264,17308,17369
197206,17311,17374
45777,17311,17382
191736,17312,17395
94088,17313,17383
191737,17315,17396
17765,17317,17385
97793,17320,17377
201272,17320,17399
313685,17322,17392
169679,17323,17395
36370,17324,17387
41988,17325,17394
35699,17326,17378
148207,17327,17396
233411,17330,17384
163698,17330,17393
216336,17330,17410
117637,17335,17396
199810,17336,17390
31446,17338,17404
82568,17339,17400
278305,17418,17487
139009,17422,17513
177187,17423,17487
82321,17452,17510
142187,17501,17566
181360,17505,17570
214476,17508,17566
223099,17522,17607
55002,17539,17604
341453,17662,17742
108748,17666,17729
134179,17666,17732
211992,17668,17749
25418,17669,17744
7171,17776,17826
272762,17776,17834
259314,17991,18072
224434,17998,18071
28008,18004,18069
137824,18008,18069
34176,18015,18086
168453,18016,18093
25961,18018,18083
133680,18032,18076
94754,18038,18110
275514,18046,18111
213860,18049,18095
317230,18057,18133
377133,18076,18132
384154,18690,18768
313686,18705,18792
211848,18725,18787
155356,18739,18789
16123,18739,18799
254960,18766,18821
305629,18771,18829
11838,19251,19318
192630,19251,19324
208414,19251,19328
79207,19254,19340
25960,19255,19317
211993,19255,19319
48120,19256,19318
122274,19256,19321
41989,19257,19320
79206,19270,19335
70808,19271,19320
339888,19272,19357
375329,19285,19348
390236,19287,19354
241129,19287,19361
350082,19288,19349
398608,19518,19569
217111,19518,19601
133341,19530,19592
19829,19533,19611
223100,19552,19628
266094,19557,19619
87630,19557,19623
18006,19560,19628
306867,19561,19622
71719,19565,19616
332329,19567,19636
236617,19573,19639
251640,19574,19635
35701,19577,19638
131517,19738,19795
124724,19739,19785
35702,19739,19800
338336,19739,19810
130194,19741,19806
120256,19743,19810
165317,19745,19804
275958,19747,19802
251778,19752,19809
7945,19753,19802
139306,19756,19811
193692,19951,20006
3811,20237,20304
306866,20432,20483
32609,20438,20502
331187,20440,20491
282683,20444,20499
141446,20624,20688
79387,20644,20706
213950,20717,20776
312830,20718,20766
97651,22157,22225
268612,22187,22261
234363,22569,22624
21325,22569,22635
235682,22572,22628
57177,22605,22649
139007,22721,22805
94943,22740,22811
216337,22744,22812
79386,22748,22812
233018,22752,22800
48030,22753,22812
61410,22766,22811
71721,23022,23106
16468,23127,23190
37121,23477,23534
177451,23559,23626
263001,23596,23667
295799,23599,23669
332330,23606,23669
362580,23611,23696
130801,23612,23678
339889,23613,23666
248116,23615,23678
291625,23617,23678
364807,23640,23703
61408,24040,24122
35305,24302,24365
238078,24302,24377
35875,24302,24390
224433,24302,24394
11183,24302,24397
162267,24303,24368
71718,24303,24372
156842,24306,24385
365991,24309,24374
15773,24309,24382
11184,24309,24385
36371,24309,24400
192763,24311,24354
122276,24311,24386
288388,24312,24379
85497,24313,24390
237573,24314,24388
122540,24315,24382
334982,24316,24379
216760,24316,24396
305631,24321,24396
72518,24341,24393
328742,24341,24413
108746,24358,24413
95731,24727,24788
134181,24733,24787
3812,24734,24795
374835,24735,24788
236618,24737,24791
139006,24739,24794
71722,24740,24797
185122,24742,24788
35876,24745,24806
139265,24745,24815
57826,24745,24822
40272,24749,24819
377061,24761,24819
226977,24765,24819
38134,25001,25062
313684,25094,25152
370571,25152,25218
10884,25271,25338
42389,25397,25458
130802,25399,25461
193693,25400,25463
352573,25401,25462
25833,25419,25489
220358,25431,25504
273578,25717,25771
40112,25718,25779
16122,26266,26368
140402,26311,26379
352574,26316,26378
291626,26333,26394
26976,26335,26396
312831,26340,26400
236416,26341,26399
280399,26636,26708
316961,26638,26710
362581,26644,26727
339041,26648,26717
40273,26650,26725
88460,26653,26705
123684,26653,26728
160300,26654,26706
406544,26654,26709
51741,26656,26712
13210,26657,26706
148543,26658,26722
125837,26658,26727
35704,26660,26722
327203,26660,26732
52647,26681,26733
306612,28025,28087
244737,28216,28271
99609,28273,28353
114838,28274,28335
112776,28520,28621
126475,28616,28681
98744,28616,28684
179877,28618,28679
275374,28625,28682
63342,28627,28682
349469,28630,28688
30982,28630,28707
63343,28633,28685
265572,28636,28680
32175,28727,28828
179247,28752,28818
39445,29248,29315
312832,29250,29309
162269,29251,29312
139136,29251,29328
72517,29252,29314
93973,29253,29315
210379,29261,29311
134180,29384,29462
61411,29395,29459
234364,29400,29460
368911,29635,29681
334167,29642,29711
28335,29643,29705
354668,29682,29725
125485,29862,29918
137875,29866,29928
