151421,165,227
318933,167,229
345129,170,232
332199,171,233
141868,174,235
119278,533,603
328869,1188,1253
161423,1274,1344
308494,1411,1472
181646,1420,1477
133155,1422,1475
280713,1847,1909
39007,1848,1921
317800,2448,2499
322649,2448,2502
158971,2449,2497
315866,2690,2742
120583,2862,2925
234026,2865,2927
390294,2867,2917
121053,3270,3328
107754,3273,3333
272691,3572,3626
216667,3856,3937
216668,3856,3961
305362,3858,3939
29121,3864,3946
345130,3868,3929
243802,3869,3930
11138,3875,3936
29122,3879,3943
368888,3889,3975
121583,3900,3941
8567,3901,3970
243236,3903,3975
352630,3903,3978
260368,3904,3966
292962,3904,3973
250297,3907,3972
89876,3910,3971
292963,3910,3973
271428,3915,3978
358986,3916,3983
109302,4815,4886
161423,4979,5056
147718,5154,5248
168812,5156,5218
165133,5157,5204
217657,5157,5224
347003,5159,5211
329076,5159,5220
220351,5159,5243
195708,5160,5212
372558,5162,5225
138929,5164,5233
231784,5167,5232
158523,5172,5236
23096,5175,5247
43776,5178,5243
305983,5180,5233
61673,5181,5262
55513,5182,5246
130676,5183,5243
192988,5183,5285
61674,5184,5259
230890,5185,5234
143098,5185,5247
400317,5185,5265
266993,5185,5272
109444,5185,5275
288639,5186,5284
35346,5188,5247
53473,5189,5244
406476,5189,5254
366235,5189,5270
168083,5190,5243
17006,5192,5250
354598,5194,5288
36467,5195,5270
313650,5199,5273
61675,5201,5279
398980,5205,5268
11427,5207,5270
140976,5209,5271
61196,5210,5274
283040,5211,5285
264595,5239,5287
399771,5245,5287
64575,5481,5563
393669,5483,5545
79580,6054,6141
43776,6061,6126
22478,6061,6144
287412,6063,6145
114468,6066,6146
159074,6067,6135
161749,6067,6140
169764,6068,6144
189953,6068,6148
192987,6068,6154
22477,6071,6140
103599,6073,6153
304450,6074,6156
183980,6077,6144
117544,6080,6147
95880,6084,6146
93122,6084,6157
199422,6086,6147
69286,6087,6135
385757,6088,6147
328868,6089,6136
385758,6089,6160
367097,6093,6154
189226,6094,6153
315984,6094,6158
137375,6096,6152
180182,6098,6151
143441,6102,6163
225121,6102,6167
214485,6103,6162
396776,6112,6199
178946,6118,6159
60077,6119,6184
363633,6312,6353
72267,6626,6695
334515,6629,6687
168813,6782,6827
87990,6796,6857
356827,6796,6872
367098,6798,6861
183753,6799,6867
307982,6803,6867
72268,6805,6859
23467,6807,6869
363624,7330,7388
216669,7333,7396
151422,7337,7398
379808,7360,7430
217656,7688,7763
332198,7691,7759
195762,7693,7790
322969,9065,9138
229180,9068,9130
265755,9094,9142
271476,11059,11140
161422,11439,11511
324391,11454,11528
405343,11456,11523
324392,11459,11527
262545,11460,11522
106848,11464,11543
343262,11471,11544
349221,11478,11544
278045,11489,11579
20799,11542,11606
20800,11544,11615
280574,11544,11627
139252,11548,11631
151423,13166,13235
304451,13170,13223
396458,13172,13233
168216,13174,13226
379314,13181,13237
377805,13212,13287
213955,13773,13847
161422,13790,13856
386969,14449,14498
165291,14452,14501
256396,14535,14600
364086,14536,14591
42901,14547,14629
205632,14551,14592
357273,16493,16554
12136,17189,17258
341980,17761,17842
368889,18012,18066
406149,18013,18074
37117,18018,18073
3945,18041,18109
224783,18767,18819
89258,18767,18828
360728,18792,18866
194320,19332,19412
3884,19337,19412
52185,19339,19414
35743,19339,19420
254277,19340,19400
396799,19341,19419
397897,19343,19408
245651,19345,19411
75171,19349,19412
86037,19349,19424
193112,19353,19457
303610,19416,19468
50753,19927,19984
282861,19928,19978
4501,19928,19987
83066,20052,20147
255149,20053,20117
398981,20055,20100
33832,20055,20128
397896,20056,20101
8043,20056,20121
336460,20056,20143
76353,20058,20120
69539,20058,20126
89259,20060,20133
245159,20060,20136
160077,20065,20133
29382,20066,20130
87676,20080,20155
178947,20081,20139
331574,20084,20147
224666,20210,20276
70661,20211,20262
149404,20216,20277
378771,20217,20272
300392,20233,20276
4302,20356,20403
393670,20752,20812
170916,20841,20924
141058,21258,21311
351040,21259,21309
12070,21265,21318
229541,21385,21448
