89884,229,289
274155,231,293
365688,783,860
355127,821,897
231110,3687,3770
77405,3695,3769
325941,3708,3782
403758,3710,3771
132604,3711,3773
82934,3711,3786
133521,3711,3797
226252,3715,3777
328086,3717,3789
154878,3720,3787
182406,3720,3793
407510,3721,3785
84995,3723,3784
82933,3725,3795
367208,3726,3790
163501,3731,3792
397524,3737,3795
397525,3738,3796
355127,4522,4580
51166,4877,4977
51165,4881,4974
11660,4882,4950
833,4882,4970
226748,4885,4950
173538,4885,4979
295412,4886,4948
381312,4888,4951
143134,4905,4981
254339,4912,4973
71211,4912,4993
336214,4913,4974
232415,4915,4979
242469,4919,4985
79724,4921,4984
403103,5899,5976
157869,6488,6550
262030,6493,6557
134660,6734,6784
124873,6734,6791
379778,7090,7153
128022,7092,7155
138375,7844,7897
41097,8118,8184
356215,8121,8184
22743,8123,8187
106393,8126,8188
297199,8132,8193
166140,8258,8328
360994,9370,9445
273204,9374,9438
323024,9374,9447
89929,9380,9453
335259,9386,9447
257280,9388,9466
60590,9389,9464
279757,9391,9453
301054,9391,9456
325885,9394,9476
200231,9406,9467
114118,9413,9475
83467,9557,9601
336723,9558,9618
375218,9558,9620
194801,9558,9645
834,9568,9636
204561,9573,9637
72643,9577,9642
135644,9587,9639
292788,9587,9658
368098,9598,9660
248458,10222,10276
283574,10276,10345
355128,10475,10557
345192,10508,10590
127874,11151,11231
133861,11153,11251
107965,11188,11250
41015,11209,11279
77406,11919,11979
256152,11919,11990
295705,11922,11987
202830,11929,11980
188861,11936,12034
15633,11942,12004
215457,11951,12048
237206,11961,12079
16346,11981,12044
271566,12003,12065
405556,12060,12118
392375,12146,12223
174808,13082,13167
174809,13098,13167
310521,13102,13159
341037,13599,13653
286826,13739,13808
317458,13739,13811
198822,13740,13798
128025,13740,13837
96487,13744,13857
355126,13749,13865
211150,13763,13816
311542,13764,13841
325886,13767,13870
166132,13768,13847
222797,13770,13844
154879,13770,13855
27744,13866,13934
200126,13962,14018
126484,13965,14017
391760,13966,14036
29310,13967,14019
386646,13967,14022
25695,13973,14037
361291,13975,14033
355126,13975,14092
239949,13977,14032
137877,13977,14058
325887,13983,14084
222798,13988,14073
403105,13989,14038
14051,13989,14060
60592,13989,14075
311541,13989,14081
356817,14001,14090
56531,14028,14086
142179,14060,14110
77404,14237,14287
203405,14269,14330
403104,14271,14335
380811,14272,14336
363504,14275,14337
171916,14275,14339
74446,14289,14337
256428,14532,14583
255066,14532,14585
109352,14532,14595
362326,14534,14596
184750,14534,14600
91581,14579,14641
26721,14917,14996
313154,14936,15015
297330,14941,15005
274288,14949,15022
377480,14979,15054
387732,14986,15041
51894,14987,15047
38933,15002,15077
6376,15006,15071
279882,15043,15104
385551,15044,15107
102692,15049,15111
403759,15053,15118
14436,15054,15113
357238,15065,15107
78086,15382,15457
169924,15388,15458
64821,15401,15477
313052,15409,15470
179336,15411,15462
167143,15412,15486
196658,15413,15480
315154,15415,15496
339913,15418,15479
58004,15419,15485
121473,15420,15483
33634,15424,15481
251834,15429,15494
156307,15436,15497
313902,15453,15505
286826,15458,15523
326596,15460,15527
77920,15559,15607
293847,15561,15618
11118,15561,15621
95,15562,15633
403153,15565,15628
291709,15567,15633
27968,15568,15622
331017,15570,15631
66815,15574,15633
206980,15579,15633
270168,15581,15631
31000,15581,15636
174363,15582,15633
363612,15583,15636
246943,15583,15644
364053,15584,15648
219915,15591,15648
14751,15877,15931
371018,15899,16017
374179,15941,16016
109262,15966,16017
215631,15968,16019
188553,15971,16023
391702,16092,16154
207411,16103,16153
55283,16482,16541
331524,16570,16631
81987,16999,17053
15634,17387,17448
172359,17391,17453
51052,17394,17462
355895,17399,17461
1686,17621,17674
176295,17621,17676
8416,17621,17679
118250,17621,17683
271696,17621,17687
23294,17623,17676
122642,17627,17683
321397,17641,17705
115011,17642,17703
200903,17643,17707
342164,17646,17713
388467,17648,17704
108111,17741,17796
326130,17840,17906
297331,17841,17916
226227,17843,17936
355124,17845,17908
182300,17858,17909
270568,17860,17950
197126,17861,17923
45696,17862,17941
146676,17867,17917
201917,17882,17948
37066,17884,17960
2456,17890,17960
298115,17937,17995
355124,17944,17994
136199,18333,18394
329350,18334,18387
255067,18334,18396
312869,18374,18424
378458,18378,18450
50208,18397,18451
169305,18515,18585
169306,18517,18575
49362,18535,18605
145939,18542,18595
197652,18542,18617
77407,18548,18622
93727,18556,18612
99094,18556,18622
271567,18559,18621
362586,18559,18628
3643,18564,18620
81986,18822,18885
367024,18825,18886
8254,18895,18962
202831,18896,18968
128023,18900,18962
202833,18933,18996
145938,19019,19075
379,19022,19069
130886,19023,19099
331522,19075,19155
2327,19083,19148
835,19084,19165
156605,19085,19150
196768,19085,19154
285300,19086,19160
255226,19088,19151
236711,19089,19153
171852,19089,19162
236712,19090,19155
71127,19092,19153
405570,19120,19161
328087,19647,19732
66998,19654,19740
240115,19660,19755
137878,19663,19788
146617,19665,19733
53445,19668,19734
240116,19688,19764
43496,19791,19870
104637,21797,21858
313110,21975,22051
15604,21976,22032
14889,21979,22031
314819,21996,22039
102691,22214,22268
48602,22826,22869
249372,22836,22906
363613,22870,22934
393815,22872,22935
136687,22878,22935
147225,23075,23137
333099,23088,23151
128024,23088,23155
399956,23092,23154
149410,23095,23156
129701,23102,23150
148100,23698,23760
244872,23701,23764
370842,23702,23768
189411,23702,23779
151492,23703,23786
201507,23704,23781
51956,23706,23767
261639,23708,23769
182700,23708,23780
198481,23708,23789
52854,23711,23801
168903,23713,23778
232039,23716,23785
213543,23717,23790
217688,23719,23781
119901,23720,23799
240117,23721,23795
395972,23722,23797
54003,23723,23781
27585,23723,23785
33713,23726,23797
135107,23727,23777
186073,23727,23792
5408,23729,23801
377060,23729,23804
65311,23732,23810
339352,23733,23804
94754,23734,23815
60591,23736,23797
119902,23736,23810
96488,23736,23826
32994,23739,23796
172360,23739,23799
127873,23739,23804
52359,23740,23798
95205,23741,23807
256173,23742,23803
202080,23746,23814
106394,23753,23826
373117,24105,24165
51658,24115,24166
329349,24129,24181
202832,24955,25037
351152,24959,25024
279457,24965,25041
138394,24968,25019
185007,24971,25014
108814,25029,25108
338169,25032,25106
360291,25045,25088
126810,25047,25108
37030,25047,25130
114178,25062,25125
198823,25063,25133
190342,25070,25136
111714,25310,25372
168601,25310,25381
262107,25324,25380
287832,25925,25995
74288,25930,26002
328088,25937,26007
355125,26080,26147
202081,26080,26161
223124,26087,26161
136468,26105,26173
345479,26219,26268
408638,26219,26281
144604,26228,26295
355125,26284,26344
32055,26551,26608
313222,26571,26633
68326,26575,26627
146635,26614,26678
331523,26948,27013
248860,26950,27042
345193,26951,27015
265241,26951,27047
382981,26952,27013
191750,26952,27026
312341,26952,27032
381313,26952,27053
201508,26953,27046
406256,26955,27018
157909,26958,27054
265242,26961,27062
96,26968,27043
227909,26968,27059
382980,26969,27053
5375,26970,27027
381314,26970,27061
136475,26976,27044
136476,26977,27052
80794,26991,27070
212447,26997,27065
355128,28017,28095
146469,28187,28237
111168,28188,28236
176017,28193,28248
328325,28194,28278
403106,28202,28268
199579,28203,28266
48783,28225,28269
2884,28228,28289
142180,28231,28303
176083,28236,28309
267156,28241,28302
102997,28243,28307
176016,28326,28392
84618,28401,28447
30043,28403,28468
43474,28409,28487
274891,28553,28608
283884,28557,28605
248859,28838,28890
381202,28838,28895
343646,29284,29338
8488,29284,29357
10694,29284,29362
63349,29284,29366
8487,29284,29374
58956,29285,29346
392814,29287,29348
353336,29288,29357
16639,29290,29360
258976,29293,29344
49756,29296,29358
391300,29542,29601
