257296,279,340
58053,283,351
169980,288,350
372129,291,352
137497,294,354
58054,306,390
67444,310,384
296182,310,391
92134,313,390
349364,314,380
328422,316,382
316863,316,390
241282,319,380
59628,326,389
339782,486,549
193717,489,543
106459,491,535
133787,499,579
92231,500,594
298403,507,581
108351,510,581
99328,525,579
56085,530,593
243655,530,595
242597,534,600
153948,540,597
337469,728,799
395783,753,823
391767,760,842
49468,770,818
60500,770,837
20071,770,841
78558,777,838
329915,777,851
339061,780,835
28742,789,853
389724,793,855
154792,907,959
6446,1244,1304
304914,1274,1340
14222,1279,1343
387755,1383,1446
154626,1384,1447
225075,1417,1487
270103,1460,1514
237191,1670,1734
251427,1679,1755
316288,2207,2272
332378,2207,2280
194727,2207,2296
62222,2208,2273
332017,2211,2275
24263,2212,2273
246612,2212,2279
59365,2215,2275
149891,2216,2273
316287,2217,2282
312677,2217,2292
375433,2218,2286
226641,2218,2306
246613,2219,2277
226640,2222,2294
274205,2223,2287
325226,2226,2298
327381,2227,2289
237823,2227,2306
346665,2228,2314
250696,2229,2348
110665,2230,2296
92233,2232,2306
364651,2233,2296
121841,2236,2310
314303,2238,2308
250694,2240,2359
12237,2243,2294
198502,2243,2296
149892,2243,2306
383948,2243,2308
265811,2244,2309
357203,2245,2307
56343,2250,2318
178353,2252,2325
250693,2276,2356
19332,2277,2340
346080,2359,2420
266472,2401,2468
266471,2401,2487
350124,2628,2696
57829,2649,2712
41432,2650,2713
178698,2652,2712
183162,2653,2714
46154,2667,2714
173719,2669,2712
71219,2900,2971
71216,2912,2971
44299,3199,3311
159590,3200,3251
31068,3202,3255
264794,3204,3266
169981,3204,3280
209333,3204,3287
266473,3206,3270
306607,3211,3301
6152,3230,3287
18778,3230,3294
302027,3232,3290
383326,3232,3294
203613,3233,3293
56344,3249,3316
71217,3441,3509
295935,3443,3510
349475,3449,3501
104297,3453,3515
305906,3457,3519
344346,3461,3516
400076,3462,3560
32553,3468,3515
346971,3468,3526
305905,3470,3527
352037,3519,3561
185090,3527,3633
124621,3529,3599
43009,3529,3610
263981,3557,3613
165702,3558,3615
121311,3558,3624
294784,3560,3615
206599,3560,3621
344345,3562,3617
73227,4188,4248
379127,4246,4299
93122,4456,4532
64909,4459,4536
335773,4460,4524
273113,4460,4549
264802,4461,4513
329917,4463,4533
269129,4464,4531
180342,4469,4543
337470,4481,4547
129059,4483,4545
284233,4484,4555
56893,4672,4735
322440,4672,4747
34203,4672,4761
34202,4672,4774
402086,4673,4728
34208,4673,4741
266474,4673,4755
2704,4674,4738
348472,4676,4739
18077,4677,4764
94406,4683,4764
2703,4686,4755
129906,4687,4749
398489,4687,4771
359462,4688,4781
385037,4690,4772
32234,4693,4761
64910,4693,4769
122063,4693,4772
82699,4694,4757
104298,4699,4760
230197,4699,4774
91659,4701,4757
11811,4702,4764
330384,4703,4768
18266,4704,4770
275003,4705,4764
104299,4708,4803
67614,4709,4754
49635,4710,4766
285798,4710,4772
280723,4713,4782
316849,4714,4776
228292,4721,4808
343968,4722,4806
58559,4725,4788
376782,4726,4802
173549,4727,4790
368964,4727,4800
265445,4735,4788
77373,4738,4793
154791,4739,4797
242605,4739,4809
167776,4758,4830
45084,4764,4856
231986,4770,4871
142048,4776,4876
270709,4780,4844
127667,4780,4847
168063,4780,4851
101661,4782,4862
82993,4785,4853
19333,4785,4859
187064,4785,4873
28510,4786,4847
304147,4787,4866
183080,4788,4864
395118,4791,4869
14169,4792,4858
79446,4792,4863
326,4792,4883
49587,4793,4865
65635,4794,4859
42646,4794,4870
227791,4795,4862
18201,4796,4859
231537,4798,4870
24081,4802,4868
390814,4803,4881
167280,4803,4899
377193,4805,4872
108482,4806,4880
270713,4807,4868
302026,4809,4896
86584,4809,4899
72937,4809,4902
32453,4816,4908
71218,4816,4911
32454,4819,4914
258948,4821,4921
66390,4822,4873
362209,4828,4921
318845,4830,4923
156313,4833,4888
146919,4833,4918
86585,4834,4899
187197,4836,4917
114637,4837,4902
118218,4838,4899
103626,4838,4905
231538,4840,4904
86586,4840,4907
37103,4841,4917
32555,4844,4906
306857,4844,4920
136676,4846,4924
261630,4848,4914
325581,5065,5127
26031,5089,5159
46900,5090,5162
15546,5100,5162
266470,5100,5202
266468,5101,5199
318937,5111,5164
156820,5115,5184
212738,5118,5183
218238,5122,5170
243150,5124,5176
149888,5133,5219
250695,5138,5190
127668,5287,5373
331550,5296,5375
12456,5298,5373
403661,5302,5354
26032,5303,5359
230198,5304,5360
255975,5304,5370
25883,5311,5376
127666,5314,5370
104239,5316,5374
331383,5321,5373
309461,5322,5376
340241,5404,5475
34204,5469,5544
174340,5481,5554
140987,5482,5551
302028,5495,5551
230882,5633,5709
153896,5633,5717
49466,5634,5693
145743,5634,5702
6932,5637,5691
149889,5649,5726
375774,5651,5727
83762,5656,5709
161522,5656,5761
245260,5662,5723
177881,5663,5709
243927,5664,5716
294783,5669,5740
381941,5672,5752
381940,5675,5757
117881,5681,5746
98392,5687,5748
180558,5692,5748
138854,5693,5760
96467,5695,5751
312424,5700,5749
398886,5703,5755
10182,5706,5761
324269,5712,5761
285937,5897,5957
334260,5900,5977
124011,5904,5967
197426,5907,5965
87680,5907,5971
138450,5907,5975
263528,5908,5958
24054,5923,5991
104515,5924,5984
46370,5926,5984
3884,5927,5987
354263,5929,5987
161768,5930,5984
72521,5930,6001
389723,5930,6005
218990,5933,5998
347396,6052,6109
103602,6063,6114
46155,6063,6121
339781,6069,6120
71536,6370,6443
59362,6372,6446
266472,6473,6535
266471,6474,6568
266468,6490,6605
266469,6491,6593
263911,6569,6627
295689,6725,6803
302654,6734,6803
378586,6881,6932
405560,6933,6990
292618,6943,6995
395684,7008,7059
80050,7022,7088
65389,7154,7201
64728,7236,7284
92133,7236,7287
55280,7246,7302
248399,7291,7347
384604,7387,7455
7440,7399,7455
160862,7758,7839
103603,7812,7867
50759,7820,7931
218074,7823,7865
275004,7829,7882
223154,7830,7902
78477,7832,7890
187198,7836,7929
139008,7849,7905
180217,7868,7929
117380,7869,7920
71149,7870,7936
33609,7886,7951
373678,7888,7949
389156,7899,7970
198999,7901,7960
403210,7905,7950
235767,7917,7992
134606,8088,8166
361643,8191,8264
72520,8192,8273
19468,8203,8284
142523,8221,8270
384176,8222,8277
352038,8268,8333
290795,8270,8338
401919,8277,8331
352041,8279,8359
224594,8280,8343
106621,8281,8341
60252,8288,8340
76032,8288,8366
366435,8294,8354
196343,8294,8362
152601,8301,8367
57982,8303,8361
121441,8304,8368
149890,8306,8367
22299,8311,8376
266473,8315,8367
347395,8319,8392
106723,8319,8404
266469,8330,8432
266470,8332,8440
172248,8404,8473
261629,8407,8468
16466,8412,8472
23920,8414,8466
356318,8442,8505
297417,8444,8506
216984,8457,8523
33511,8460,8535
385038,8461,8557
59364,8465,8535
305523,8471,8537
50538,8473,8534
2625,8474,8544
343783,8476,8537
45311,8478,8531
312425,8478,8534
698,8478,8547
86871,8479,8545
294555,8481,8535
153723,8482,8553
368954,8486,8555
339783,8490,8551
161532,8490,8566
76299,8492,8553
23673,8502,8570
266482,8506,8565
113019,8508,8566
82351,8511,8565
101531,8521,8591
170224,8783,8839
118894,8784,8836
2624,8784,8851
6650,8785,8863
255976,8789,8844
314301,8791,8843
245893,8792,8842
157510,8794,8861
84428,8795,8856
6151,8821,8897
60191,8838,8903
135541,8844,8941
65634,8855,8930
265451,8882,8931
46156,8933,8994
122077,8938,9006
365243,8939,8998
124858,8942,9013
128129,8947,9008
76298,8948,9009
303682,8950,9012
77374,8957,9043
324352,8959,9030
65611,8960,9039
62963,8962,9033
385039,8962,9037
189433,8967,9025
391455,8968,9027
148079,9158,9222
43482,9162,9225
167279,9162,9239
215804,9165,9231
32385,9166,9209
372424,9167,9240
316901,9176,9243
311465,9177,9238
3755,9185,9249
127250,9315,9383
153171,9315,9410
315158,9316,9375
338806,9319,9390
278327,9322,9386
182302,9325,9394
67693,9325,9402
302963,9327,9419
338206,9328,9421
114915,9330,9413
270710,9331,9434
120763,9333,9414
26476,9334,9401
230881,9334,9420
261522,9334,9426
306737,9335,9406
45280,9337,9411
315558,9338,9402
44987,9339,9417
169982,9341,9410
12455,9342,9403
355424,9342,9405
339303,9342,9439
29592,9343,9407
86911,9343,9423
171789,9344,9408
322510,9344,9410
135924,9344,9443
391635,9346,9407
125816,9350,9411
343784,9351,9447
45082,9353,9443
380638,9359,9452
93323,9362,9423
270711,9364,9452
128253,9367,9428
343785,9368,9447
52618,9374,9435
291911,9386,9447
251168,9386,9451
329222,9390,9452
122078,10050,10095
59363,10080,10168
266474,10081,10163
64865,10084,10161
2623,10092,10180
16908,10098,10178
319559,10110,10172
395832,10113,10171
98393,10113,10178
134605,10246,10304
257297,10246,10307
334535,10246,10314
79543,10246,10320
167777,10246,10330
127749,10249,10313
6696,10255,10315
32554,10261,10330
384177,10262,10323
367126,10263,10336
209239,10266,10335
337471,10267,10319
85782,10267,10332
93324,10276,10335
298849,10538,10600
67297,10550,10599
41433,10550,10604
398100,10558,10620
32452,10606,10655
352040,10797,10858
62933,10802,10871
56089,10815,10876
16825,10818,10878
251570,10933,10998
34205,11046,11104
368966,11173,11227
320269,12025,12090
34196,12032,12140
34207,12049,12110
34199,12053,12127
286666,12053,12134
83537,12054,12138
43481,12056,12149
11813,12058,12130
59366,12059,12125
20070,12059,12132
21356,12060,12137
194729,12061,12124
105971,12061,12128
263959,12062,12166
293407,12063,12169
375432,12065,12141
34194,12065,12144
344178,12066,12128
318846,12066,12165
217655,12067,12184
149189,12071,12132
120764,12071,12135
76033,12072,12134
84359,12073,12141
263960,12073,12176
90058,12075,12138
96381,12076,12137
100450,12079,12141
325580,12079,12143
406623,12080,12158
335693,12081,12145
237192,12084,12150
79542,12087,12190
207422,12088,12152
207423,12090,12151
352039,12090,12192
299019,12091,12149
349200,12092,12189
267700,12094,12199
33293,12097,12183
119469,12098,12159
309460,12100,12152
138708,12100,12199
383422,12103,12194
338345,12108,12198
45078,12111,12192
37104,12116,12196
10183,12117,12199
366358,12118,12183
220121,12119,12190
265450,12126,12191
325582,12128,12190
316902,12130,12203
132652,12131,12211
313369,12133,12198
366097,12145,12207
178354,12178,12242
277066,12207,12270
385254,12210,12279
316307,12212,12260
232520,12219,12265
34197,12288,12377
366328,12295,12393
105972,12295,12403
153897,12330,12392
34843,12330,12400
11691,12335,12398
310436,12335,12400
7607,12336,12391
68324,12336,12402
124184,12337,12399
135542,12472,12527
204572,12474,12523
379806,12491,12548
121456,12495,12541
18202,12497,12560
254610,12511,12564
105974,12511,12588
43469,12520,12594
96092,12522,12589
232628,12524,12587
349362,12525,12594
318609,12526,12588
265446,12526,12590
117882,12527,12623
149092,12528,12600
71220,12530,12602
118893,12532,12595
29340,12534,12598
84685,12536,12601
85783,12537,12592
231096,12545,12623
163202,12546,12608
36759,12549,12635
2705,12550,12613
172776,12551,12604
66391,12551,12630
106460,12551,12638
19334,12564,12627
395119,12565,12629
73368,12566,12635
280968,13050,13115
339785,13050,13120
299656,13051,13100
169226,13051,13127
107000,13051,13147
38382,13059,13122
222635,13060,13124
137498,13063,13125
3413,13065,13127
140108,13066,13144
224257,13069,13131
349363,13070,13132
254554,13071,13123
209198,13095,13159
337472,13168,13230
382616,13206,13267
71127,13210,13269
191548,13215,13271
166735,13314,13379
331138,13320,13383
255977,13322,13371
45083,13323,13377
405027,13840,13893
46157,13841,13897
230863,13842,13898
391456,13842,13908
314302,13853,13923
201457,13858,13923
145398,13863,13925
56346,13863,13927
270714,13911,13983
359954,14230,14287
318288,14239,14308
213392,14239,14319
45080,14242,14319
67445,14244,14293
244153,14244,14310
332014,14245,14309
187199,14255,14318
230896,14258,14319
224628,14267,14321
199000,14269,14321
149093,14276,14321
338665,14483,14545
405069,14498,14552
336783,14509,14582
57830,14523,14591
52077,14536,14601
379332,14577,14634
56345,14585,14652
230883,14601,14668
329224,14608,14688
194728,14613,14693
59361,14625,14685
173355,14941,15015
106724,15103,15182
335559,15144,15227
335560,15152,15230
209704,15165,15224
38833,15172,15230
366436,15241,15322
64626,15242,15312
39873,15244,15320
220019,15258,15323
379128,15258,15332
247907,15262,15325
36228,15269,15318
173931,15431,15496
338204,15437,15489
328301,15447,15496
49467,15692,15753
74422,15708,15783
169640,15724,15777
15391,15724,15785
106461,15740,15789
205556,15751,15799
390816,15751,15801
14223,15753,15802
167866,15755,15809
284668,15755,15813
265872,16150,16217
306608,16268,16327
386096,16269,16330
160861,16271,16334
92132,16281,16335
270715,16347,16403
23076,16348,16416
6447,16365,16427
309622,16402,16464
105975,16402,16469
400422,16410,16474
408492,16411,16473
167868,16415,16476
184127,16418,16480
138011,16432,16475
384606,16435,16504
265667,16439,16502
215298,16440,16504
221079,16446,16508
32556,16447,16513
115674,16448,16506
373679,16448,16511
168222,16450,16513
150595,16450,16519
120942,16470,16523
270712,16644,16710
375345,16644,16720
48341,16967,17033
162826,17060,17154
72865,17062,17110
105976,17171,17231
295937,17179,17231
231391,17185,17232
193675,17240,17332
85784,17250,17326
169060,17253,17322
332379,17253,17340
35131,17254,17330
26406,17256,17319
334261,17257,17329
96091,17263,17323
139006,17263,17328
280495,17271,17329
14593,17635,17686
362294,17850,17897
133420,17850,17901
45079,17854,17904
387877,18083,18147
56348,18104,18160
32386,18114,18193
295936,18115,18199
2706,18118,18180
218169,18118,18190
382902,18121,18185
316903,18125,18199
188662,18126,18187
347157,18128,18189
31070,18128,18191
246206,18128,18195
6651,18131,18192
88794,18131,18198
326552,18134,18197
309977,18135,18196
175847,18135,18198
70713,18135,18200
320545,18139,18204
32456,18140,18195
237825,18147,18223
379807,18150,18225
338205,18151,18217
122037,18154,18237
363092,18161,18223
251018,18165,18247
130757,18168,18239
263982,18177,18247
193658,18182,18247
34195,18183,18250
241257,18193,18282
277693,18205,18274
333832,18209,18270
289436,18489,18560
333830,18497,18560
215803,18498,18576
242596,18498,18584
56090,18507,18592
388379,18514,18584
119990,18517,18587
50760,18518,18582
324353,18518,18603
120762,18518,18617
239961,18520,18582
205555,18521,18584
66393,18522,18610
120761,18524,18585
120760,18526,18612
186179,18545,18606
306056,18547,18608
246243,18548,18615
66392,18551,18613
56091,18553,18632
95718,18885,18956
179357,18889,18955
79183,18895,18959
197906,18895,18988
74423,18898,18959
6448,18898,18967
277694,18898,18970
228728,18898,18982
379333,18899,18976
88796,18899,18996
148063,18900,18961
246244,18902,18957
591,18903,18977
386167,18904,18965
139213,18904,18979
82994,18905,18968
128130,18905,18984
144272,18906,18967
517,18907,18959
60553,18907,18970
65612,18908,18985
47794,18908,18997
402087,18909,18965
339584,18912,18977
295664,18912,18988
316864,18913,18978
266115,18913,18990
88795,18914,18976
390051,18914,18979
37105,18914,19006
303683,18915,19009
56483,18916,19015
173720,18917,18979
174851,18918,18988
74749,18919,18990
390461,18920,18984
30012,18920,19005
153178,18921,18983
21646,18921,18985
75746,18921,19007
262773,18922,19004
40885,18924,18980
43567,18924,18984
67442,18926,18994
128131,18928,18981
390462,18929,18995
310953,18931,19006
14542,18933,18996
210535,18934,19018
56349,18935,18997
91926,18936,19008
56084,18937,19024
173601,18938,19014
18668,18939,19009
373313,18940,19016
130883,18941,19010
180343,18941,19014
110666,18942,19024
73036,18943,19008
34614,18944,19014
118026,18945,19006
65651,18945,19017
325981,18946,19020
65613,18951,19012
95719,18952,19019
171871,18953,19014
352706,18959,19005
121910,18961,19016
34206,18962,19037
89186,18979,19047
383423,18987,19049
153879,18989,19045
139214,18994,19077
130758,19015,19097
43331,19018,19069
345056,19021,19078
90986,19021,19098
220120,19027,19078
26422,19027,19098
19335,19032,19097
76034,19036,19098
113021,19284,19342
206481,19304,19369
29270,19311,19384
107831,19312,19376
136021,19315,19381
3832,19316,19383
65390,19331,19396
65936,19334,19420
19337,19479,19569
229303,19485,19540
229302,19489,19551
63368,19494,19572
132653,19497,19579
86587,19498,19556
251571,19510,19574
34201,19510,19578
235768,19521,19571
173550,19521,19576
366329,19521,19594
32458,19524,19595
167869,19526,19610
367347,19537,19593
294556,19538,19610
49994,19544,19627
49300,19546,19608
41796,19548,19613
96382,19554,19610
407131,19720,19781
19469,19720,19791
12238,19721,19773
121442,19721,19776
84687,19723,19785
32460,19726,19807
257169,19728,19784
159591,19728,19790
243138,19728,19800
80015,19728,19803
139011,19729,19786
402527,19729,19809
47394,19730,19802
302029,19734,19817
357204,19735,19805
72864,19738,19803
383949,19739,19805
124622,19741,19801
266475,19744,19805
92232,19745,19811
211736,19895,19938
174850,20050,20135
120943,20052,20107
375680,20065,20139
81340,20065,20145
50156,20066,20128
399087,20068,20160
15392,20069,20144
229300,20073,20123
206420,20073,20127
35925,20073,20138
174849,20073,20141
142049,20074,20125
76300,20075,20138
285938,20075,20192
181621,20094,20152
88394,20095,20153
182519,20095,20159
395833,20096,20160
89192,20096,20163
139009,20096,20189
269843,20097,20158
354262,20098,20160
361629,20098,20171
318769,20100,20164
120765,20110,20176
408358,20113,20177
34345,20113,20186
352602,20114,20179
32455,20114,20192
148080,20114,20199
187508,20115,20177
213393,20118,20192
183964,20118,20220
183965,20120,20218
73114,20123,20184
367678,20126,20189
45226,20131,20193
96125,20134,20211
266116,20135,20207
76578,20137,20193
226642,20138,20199
114639,20139,20212
82352,20143,20212
169061,20145,20220
301903,20146,20231
114640,20148,20212
347946,20151,20217
344177,20151,20223
391547,20154,20219
114359,20156,20218
342373,20156,20235
71222,20157,20221
172249,20158,20246
49623,20162,20219
183959,20162,20224
108076,20163,20229
32459,20163,20236
224286,20166,20230
247906,20166,20232
137769,20167,20228
76035,20168,20237
183963,20168,20243
263647,20169,20231
11812,20169,20247
84495,20171,20236
336523,20172,20247
395120,20233,20299
393314,20248,20308
381942,20249,20298
164440,20309,20363
34345,20310,20365
122064,20313,20386
2626,20325,20387
352617,20325,20396
265812,20391,20449
351251,20401,20449
372130,20530,20599
86106,20537,20596
194426,20538,20602
312531,20652,20706
35716,20899,20946
386326,20901,20947
32558,21038,21112
34200,21038,21115
135898,21040,21107
386325,21042,21108
319895,21200,21261
347945,21208,21276
348620,21395,21454
289495,21395,21466
388380,21427,21476
329225,21428,21475
19336,21431,21476
59899,21734,21797
99157,21737,21807
46090,22161,22236
237824,22162,22230
148442,22190,22257
119703,22191,22280
3833,22194,22284
209334,22196,22258
366437,22197,22281
209335,22203,22270
375681,22207,22268
87047,22207,22270
3834,22207,22299
38381,22209,22293
89185,22210,22271
36929,22211,22282
400876,22212,22275
110667,22215,22276
31770,22216,22299
28743,22217,22278
332248,22217,22283
263961,22219,22280
34198,22222,22298
130759,22222,22301
397235,22222,22305
266374,22223,22281
275006,22225,22291
85571,22226,22288
329920,22226,22306
382617,22228,22305
196742,22228,22315
197062,22229,22328
293447,22230,22296
172250,22235,22324
375130,22238,22301
66394,22239,22322
76301,22249,22327
21357,22249,22333
21273,22250,22319
139007,22290,22370
389324,22291,22359
7088,22291,22365
73369,22293,22361
123096,22293,22368
234855,22293,22373
247647,22295,22369
146471,22295,22375
84261,22296,22366
212542,22296,22371
205558,22297,22373
262710,22299,22374
118895,22303,22373
258949,22304,22367
355425,22309,22366
354195,22309,22374
277935,22323,22376
104240,22544,22605
34193,22544,22611
265452,22545,22602
180218,22545,22618
309462,22546,22594
223086,22547,22617
259440,22653,22706
348621,22653,22713
155829,22653,22715
21272,22655,22711
72825,22657,22705
275005,22769,22826
330385,22847,22913
3514,22861,22927
286738,22865,22931
388381,22865,22945
45085,22867,22929
381558,22867,22934
16909,22870,22935
358420,22875,22934
282987,22876,22928
243151,22876,22944
81686,22878,22934
107832,22879,22952
119722,22884,22948
406887,22888,22953
33766,22894,22948
67443,22898,22944
120767,22933,23005
361630,22957,23020
45081,22961,23011
384605,22969,23031
312964,22978,23037
105973,22979,23063
56350,22983,23039
302920,22988,23040
179356,22989,23039
288326,22991,23047
225653,22995,23041
307764,23006,23084
346666,23011,23090
302919,23015,23080
193323,23016,23084
43332,23016,23089
268498,23017,23087
167778,23023,23089
115549,23027,23090
181622,23028,23089
135514,23030,23094
34192,23032,23091
175180,23033,23088
392880,23035,23096
175848,23047,23090
193718,23211,23281
127669,23211,23291
172812,23212,23272
301797,23214,23275
3036,23214,23285
135262,23218,23281
50157,23224,23278
301798,23224,23285
265873,23227,23281
329918,23227,23293
119989,23228,23278
330386,23228,23286
108481,23229,23293
331140,23230,23285
60192,23477,23558
229299,23578,23653
30011,23583,23644
100290,23583,23648
408007,23587,23648
100287,23588,23649
114918,23589,23652
223647,23617,23681
250473,23626,23686
56347,23851,23913
400423,23854,23915
64954,23854,23929
227999,23869,23942
321128,23870,23939
161130,23873,23961
339787,23874,23938
362210,23874,23946
175617,23875,23954
179240,23876,23942
147137,23878,23951
51956,23883,23951
32457,23883,23965
59898,23886,23979
82995,23889,23972
250470,23890,23951
264795,23890,23961
7087,23893,23976
168903,23895,23960
82996,23897,23978
71221,23899,23982
116139,23908,23969
43250,23908,23977
546,23909,23983
362513,23912,23977
187200,23914,23963
19339,23918,23983
299994,23926,23998
355740,23927,23971
175808,23928,23981
347463,23947,24010
329919,23950,24011
86588,24158,24225
177845,24159,24249
139511,24163,24234
390815,24166,24229
33319,24169,24231
239959,24169,24243
143657,24171,24235
16325,24172,24233
255379,24173,24242
20539,24174,24250
114638,24177,24244
262711,24178,24259
202643,24181,24242
245035,24181,24254
92513,24182,24243
262710,24182,24258
302279,24183,24244
7608,24185,24249
180366,24185,24254
335691,24185,24269
113020,24190,24251
66751,24191,24258
205557,24193,24261
197427,24194,24256
119991,24194,24272
319894,24207,24269
56088,24487,24544
56087,24487,24550
139213,24487,24563
269008,24489,24562
105290,24492,24547
321923,24496,24595
397949,24499,24595
132654,24502,24567
88395,24503,24565
188566,24507,24571
299657,24511,24562
246245,24511,24564
241922,24513,24599
309978,24522,24585
79270,24527,24637
397950,24533,24605
391545,24534,24634
279262,24535,24595
64623,24535,24614
335692,24538,24591
395734,24538,24624
202021,24540,24611
173712,24543,24637
120766,24545,24607
32953,24545,24628
364663,24548,24603
272929,24548,24627
42647,24549,24606
241921,24551,24597
47889,24553,24633
92206,24558,24662
314304,24561,24628
39178,24566,24627
291912,24572,24644
179692,24577,24639
349365,24581,24638
184771,24583,24638
193324,24584,24660
306609,24587,24662
98911,24591,24675
147748,24592,24662
57831,24596,24657
225654,24598,24662
240091,24599,24661
179691,24602,24663
379129,24603,24675
65391,24610,24675
61325,24622,24675
118896,24827,24889
231392,25138,25194
86912,25138,25199
156821,25138,25203
65392,25139,25191
135543,25139,25216
96126,25139,25228
268233,25141,25218
307765,25143,25224
299753,25153,25233
367127,25166,25214
98910,25170,25218
383085,25170,25237
2627,25173,25229
356326,25173,25235
122036,25177,25235
231097,25179,25241
72866,25210,25295
41392,25229,25292
257170,25232,25296
204190,25233,25290
130097,25233,25293
263962,25244,25295
370002,25346,25402
121583,25351,25405
295690,25351,25408
139010,25354,25406
44149,25356,25429
167779,25361,25407
348473,25373,25437
37106,25443,25531
64336,25471,25532
82400,25473,25523
56086,25473,25537
359956,25473,25547
347397,25474,25531
305182,25476,25530
136020,25481,25540
162825,25481,25560
331139,25502,25558
266467,25538,25647
77946,25566,25633
266466,25572,25646
266467,25716,25826
266466,25745,25825
138855,25754,25830
272187,25757,25824
358294,25759,25835
3515,25770,25839
368965,25771,25833
88797,25773,25838
355620,25782,25847
206601,25783,25859
106975,25796,25861
384848,25797,25859
59900,25804,25884
110687,25814,25889
234119,25847,25913
86105,25864,25929
266466,25878,25948
333831,25879,25946
164685,25887,25948
313025,26003,26076
364662,26004,26100
50539,26007,26078
251572,26015,26082
251573,26015,26088
285120,26017,26113
12239,26019,26111
2343,26024,26111
59373,26027,26090
231932,26027,26092
339786,26030,26097
391457,26036,26108
100288,26041,26124
180365,26044,26106
285939,26044,26121
313370,26044,26158
368763,26045,26139
276963,26048,26115
116137,26053,26135
329223,26053,26148
394735,26053,26160
137771,26054,26116
389725,26058,26127
116138,26059,26142
364664,26059,26169
1140,26060,26150
379334,26061,26146
114919,26062,26127
290796,26062,26153
314068,26063,26178
339784,26064,26127
197428,26065,26160
12363,26066,26162
105424,26068,26148
283967,26069,26153
100855,26069,26160
258950,26070,26158
377694,26072,26175
346667,26074,26149
339060,26074,26152
26033,26074,26158
200366,26074,26161
306057,26076,26154
172231,26079,26173
116136,26082,26153
11909,26083,26146
117,26086,26150
119992,26086,26174
355426,26087,26148
73759,26088,26149
280969,26106,26157
49660,26111,26170
110495,26114,26170
86589,26116,26178
122065,26118,26179
17871,26122,26175
352448,26124,26172
334719,26124,26178
295938,26126,26168
31128,26127,26177
374812,26235,26308
305475,26235,26319
114916,26240,26294
233732,26249,26310
237193,26268,26330
270188,26283,26354
149594,26284,26359
391546,26285,26349
59374,26285,26362
236322,26289,26352
88798,26296,26361
38425,26296,26373
177844,26301,26374
84686,26312,26372
180334,26312,26389
189985,26316,26382
179289,26317,26372
74692,26318,26381
275007,26319,26387
181980,26322,26368
359955,26322,26389
206600,26327,26382
208913,26359,26423
1476,27090,27163
32557,27099,27164
8578,27118,27167
223195,27587,27628
137770,27676,27741
167780,27676,27769
408574,27677,27730
16465,27677,27732
13757,27677,27759
252822,27678,27733
86590,27679,27745
270492,27712,27769
117883,27828,27896
69749,27830,27913
6449,27831,27895
122035,27831,27897
93325,27831,27909
170543,27833,27900
111299,27833,27913
328302,27839,27911
346979,27841,27910
66395,27842,27908
266363,27843,27906
192690,27844,27905
403095,27845,27899
84689,27850,27912
239960,27858,27916
20716,28272,28328
119988,28275,28326
315559,28275,28329
212561,28277,28328
142524,28279,28330
114917,28281,28323
104479,28284,28332
75156,28286,28332
259781,28527,28584
385103,28527,28596
387756,28528,28603
234856,28529,28601
37727,28529,28607
229301,28530,28591
361628,28530,28595
381943,28530,28604
25307,28532,28600
13176,28533,28607
223161,28535,28586
86872,28535,28601
355497,28535,28616
170878,28536,28604
71223,28536,28625
67174,28539,28607
87165,28539,28622
312678,28543,28615
46158,28545,28630
100289,28546,28607
357877,28546,28613
227297,28548,28603
214396,28548,28625
223155,28548,28632
247423,28554,28619
31512,28555,28618
344844,28555,28620
134502,28556,28617
101327,28556,28619
270716,28557,28640
84688,28559,28623
153152,28561,28623
193719,28561,28633
19338,28562,28638
318936,28563,28617
31175,28565,28626
135263,28567,28617
266867,28573,28632
321435,28586,28658
262228,28590,28642
18077,28590,28676
135261,28591,28661
65391,28594,28659
167867,28594,28664
93326,28601,28686
83931,28613,28675
11692,28630,28674
379046,29106,29168
187065,29211,29257
266475,29211,29259
331141,29212,29260
2707,29213,29279
149893,29574,29637
229003,29597,29651
172775,29711,29799
308410,29717,29789
101677,29719,29797
258442,29731,29807
