31624,404,466
311257,441,515
163943,443,531
92084,450,551
293654,464,531
194294,471,534
135765,482,566
335972,1401,1450
135851,1429,1497
220811,2125,2175
91750,2137,2212
16938,2153,2206
319939,2154,2211
64565,2154,2215
140262,2159,2220
53079,2166,2209
315293,2217,2277
400260,2262,2316
304279,2281,2337
136555,2283,2346
220810,2392,2446
304281,2392,2450
258117,2395,2450
812,2397,2448
14082,2402,2453
310087,2402,2456
140742,2404,2453
66165,2407,2452
224161,2426,2487
321409,2555,2632
304280,2566,2643
56793,2567,2630
91753,2578,2634
311400,2579,2646
361526,2700,2779
119994,2842,2894
237547,3101,3186
293040,3113,3179
408494,3116,3174
52320,3117,3210
326468,3118,3176
68372,3122,3189
166294,3130,3208
190100,3135,3215
313740,3139,3203
56226,3156,3223
109833,3234,3320
123729,3263,3316
281500,3294,3353
44252,3309,3384
298525,3310,3372
22429,3314,3384
120200,3316,3392
365216,3322,3387
189708,3329,3391
109832,3350,3413
50261,3358,3426
259802,3594,3671
91752,3597,3651
91751,3599,3650
379189,3600,3665
140261,3608,3672
372798,3830,3892
382069,3843,3899
129608,3854,3922
31622,3916,3974
141365,3978,4044
326469,3980,4050
262328,3996,4054
141366,3997,4046
64965,3997,4051
251592,4406,4471
355718,4629,4695
256230,4636,4711
121566,4693,4771
283505,5009,5072
306110,5015,5076
234886,5311,5379
295703,5325,5386
67037,5359,5424
5771,5360,5425
405050,5363,5429
385994,5457,5516
222579,5498,5554
54640,5499,5551
234885,5500,5563
340104,5511,5580
317810,5526,5579
50261,5623,5677
8177,6037,6092
153755,6339,6417
290007,6362,6421
197252,6363,6440
810,6366,6419
201206,6367,6417
315227,6370,6418
68214,6831,6891
356745,6863,6931
123730,6866,6919
309265,6871,6935
59639,6878,6941
181598,7136,7199
273406,7137,7184
56227,7137,7190
300367,7137,7196
300366,7670,7781
347292,7694,7761
100087,8239,8307
100085,8241,8302
190645,8241,8309
336960,8660,8717
135766,8668,8713
203486,9176,9274
343954,9200,9284
232926,9203,9281
31623,9206,9284
30959,9208,9293
283750,9210,9294
329421,9211,9302
194670,9214,9275
70896,9217,9294
185928,9218,9284
10069,9218,9304
73004,9219,9295
159268,9221,9284
259741,9225,9301
192841,9227,9303
112020,9227,9308
18361,9230,9310
39297,9236,9300
389317,9237,9307
146173,9239,9303
22834,9244,9299
291505,9864,9944
53081,9866,9927
212584,9866,9949
161261,9867,9934
275413,9869,9937
126892,9870,9934
216343,9876,9948
125025,9877,9938
350152,9882,9948
296068,9882,9956
159267,9891,9949
318931,9892,9945
402126,9894,9949
56225,9894,9962
287928,9902,9952
12052,9909,9959
142683,10031,10082
62334,10543,10618
171567,10568,10638
56783,10569,10643
20827,10574,10670
212582,10577,10643
212100,10588,10641
321228,10589,10650
305836,10590,10656
135850,11185,11244
270129,11186,11242
22833,11289,11355
142935,11290,11354
127932,11295,11348
54624,11314,11370
56786,11445,11523
248671,11453,11528
53079,11468,11517
162169,11471,11521
408634,11474,11526
293655,11475,11522
265548,11479,11530
136015,11479,11532
42135,11482,11549
363352,11485,11535
275340,11485,11549
267205,11787,11854
140260,11794,11892
130156,11800,11862
130157,11802,11867
140259,11802,11892
408550,11825,11896
135852,11831,11896
104810,11834,11896
147278,11837,11902
50257,12052,12127
50257,12203,12287
27791,12231,12298
29262,12259,12317
258118,12259,12325
229758,12405,12480
241757,12658,12719
165380,12659,12724
304282,12659,12737
398600,12672,12735
296932,12691,12763
56518,12695,12758
78302,13296,13369
227081,13339,13407
146171,13352,13436
100086,13354,13433
20809,13365,13435
29392,13381,13435
236649,13527,13602
53640,13529,13590
236650,13529,13614
191005,13534,13628
91610,13537,13590
10467,13540,13604
402127,13540,13621
120849,13546,13611
63118,13546,13617
191961,13560,13633
109203,13573,13639
155588,13578,13643
369732,13581,13643
212583,13713,13777
258119,13715,13776
167162,13738,13789
385993,13818,13884
56784,13819,13895
51689,13822,13886
235117,13822,13894
56785,13827,13897
405052,14117,14226
53080,14122,14199
405051,14123,14222
52322,14130,14228
146172,14135,14197
263176,14136,14214
405053,14136,14230
280625,14138,14205
99756,14140,14207
281273,14143,14229
42240,14143,14243
401452,14146,14211
103257,14150,14223
220653,14152,14214
333296,14171,14244
209681,14173,14225
308306,14895,14977
13249,15628,15680
13248,15628,15682
29393,15776,15830
355429,16378,16442
144288,16688,16730
252490,18262,18346
329246,19784,19848
66112,19891,19934
354811,19899,19961
283896,19900,19973
399781,19903,19972
159627,19904,19966
25010,19908,19965
306486,19922,19972
394180,20060,20127
177064,20064,20137
3216,20065,20129
361123,20085,20153
219820,20091,20167
268487,20095,20162
299543,20107,20160
297061,20170,20242
297151,20174,20243
258120,20563,20618
104811,20970,21049
119995,20978,21069
326470,20987,21051
171131,20989,21059
226828,20991,21070
361844,20991,21075
10468,20992,21050
397287,20994,21072
274785,20996,21058
105523,20998,21069
98584,21001,21060
202115,21003,21059
53641,21003,21066
42454,21004,21049
120199,21007,21072
208042,21015,21079
270128,21018,21068
290876,21019,21078
135511,21023,21070
337193,21900,21974
210638,22168,22211
48341,22168,22226
295730,22169,22210
191962,22170,22226
395939,22558,22624
154109,22594,22644
313741,22613,22678
127514,22698,22779
86391,22704,22769
405385,22723,22773
51690,22727,22792
171118,22735,22801
813,22737,22801
200729,22880,22930
83169,23348,23409
55224,23349,23411
13250,23584,23638
7881,23784,23855
53082,23784,23858
70897,23784,23867
98842,23923,23985
151942,23923,23987
158483,23923,24003
275414,24060,24122
12049,24060,24129
105188,24060,24134
100088,24062,24144
264427,24066,24126
138244,24069,24127
383488,24069,24141
164916,24070,24137
293657,24070,24146
171077,24071,24129
275415,24074,24140
50260,24074,24146
97389,24076,24143
293656,24083,24146
86922,24513,24580
150458,24586,24647
369731,24830,24909
291506,24853,24907
140670,24860,24913
116433,24936,24993
275341,24937,24997
311401,24937,25012
256462,24944,25006
100089,24970,25082
355662,24983,25053
201207,24983,25067
50259,24983,25093
12050,24984,25075
50258,24995,25093
275416,25000,25065
8487,25007,25098
159984,25024,25077
193653,25264,25334
406633,25265,25342
283968,25266,25311
121567,25266,25322
63907,25267,25329
406632,25273,25340
405976,25275,25341
224162,25276,25340
128889,25581,25634
7882,25651,25713
52321,25652,25717
259342,25653,25744
201391,25657,25723
94360,25676,25724
396563,25678,25740
259314,25709,25778
187923,25739,25809
196199,25740,25834
100090,25740,25860
12051,25748,25848
50259,25752,25858
201208,25752,25871
154820,25753,25852
275417,25758,25853
275418,25764,25857
168817,25767,25852
50258,25767,25858
138244,25772,25845
293658,25774,25862
50260,25781,25869
63349,25782,25861
138467,25788,25852
398601,26009,26087
378642,26020,26085
293041,26024,26094
355244,26024,26116
8949,26025,26106
165249,26041,26107
387492,26047,26122
303512,26048,26120
396496,26050,26126
127570,26051,26115
319748,26053,26111
87951,26054,26120
217584,26058,26118
181416,26058,26120
283504,26060,26133
132006,26063,26134
395782,26064,26123
141367,26067,26132
68907,26071,26146
72067,26075,26145
145181,26076,26147
272426,26079,26141
233206,26081,26144
358120,26084,26146
56228,26085,26147
1964,26088,26141
152482,26090,26137
147303,26090,26145
154110,26093,26144
252615,26095,26142
36526,26227,26285
17944,26228,26271
98843,26230,26306
68757,26455,26518
177751,26471,26513
245846,26675,26727
18082,26675,26740
171401,26679,26744
399359,26762,26818
322109,27166,27226
128516,27168,27218
194774,27176,27222
303466,27191,27257
198351,27496,27545
156658,27496,27564
229757,27497,27560
13013,27816,27875
159075,27817,27867
124992,27817,27871
