197997,144,236
179730,145,219
178922,151,221
358332,161,235
306445,1201,1274
86925,1224,1285
36555,2202,2251
97124,2399,2458
228946,2407,2470
60137,2435,2489
130850,2948,3024
11959,2964,3032
387435,2972,3051
205849,2995,3060
347563,3171,3233
265440,3171,3237
250001,3181,3247
192402,3195,3246
164454,3201,3248
198366,3318,3366
55718,3319,3374
322656,3343,3408
405934,4162,4233
124668,4176,4230
129844,4178,4257
258083,4198,4255
208474,4200,4283
28932,4593,4655
331478,4671,4738
208646,4674,4738
225538,4709,4767
291726,4729,4776
149537,5146,5209
86925,5353,5397
340734,6062,6134
