278882,156,247
347519,311,381
45604,313,379
254652,314,383
269842,317,393
145411,318,370
361876,319,382
397500,349,414
50944,349,418
179213,362,444
381690,673,736
85995,674,739
106099,679,739
129447,1138,1222
401955,1140,1230
342700,1144,1223
323472,1145,1206
49576,1146,1207
78435,1147,1208
127274,1147,1216
212192,1215,1284
392837,1230,1286
124832,1307,1356
4076,1368,1439
119177,1378,1439
98331,1386,1439
150011,1414,1481
24714,1430,1487
211537,1431,1486
107590,1554,1633
108694,1556,1619
183815,1557,1609
64570,1558,1620
21147,1560,1610
327936,1560,1613
135212,1560,1648
269841,1563,1625
129194,1565,1622
280877,1568,1633
168665,1705,1769
107423,2009,2102
381492,2016,2106
179906,2016,2109
398796,2019,2090
83589,2019,2113
288984,2023,2115
100026,2030,2098
9014,2034,2100
884,2035,2096
100293,2036,2116
209390,2036,2119
280876,2037,2101
363108,2039,2101
58712,2043,2098
279232,2044,2114
128616,2055,2115
188006,2056,2117
226221,2059,2119
76204,2068,2118
143318,2070,2118
86029,2363,2442
402252,2364,2430
387303,2383,2435
280875,2383,2442
380843,2383,2446
276983,2399,2450
193309,2528,2580
233899,2528,2586
312212,2529,2587
192630,2543,2601
324813,2544,2609
243625,2554,2609
268668,2637,2688
447,2994,3072
367775,2997,3041
99912,2997,3057
25346,2997,3077
57802,2998,3050
338734,2998,3054
262170,2998,3063
306670,3004,3071
74655,3010,3073
101304,3016,3066
363646,3467,3529
217720,3473,3542
37754,3474,3539
163247,3475,3531
344038,3480,3539
16014,3481,3543
94694,3483,3538
289057,3587,3648
258775,3786,3861
95570,4220,4276
50212,4225,4273
121071,4515,4583
352645,4519,4576
151649,4520,4587
248505,4521,4590
45623,4523,4587
258774,4523,4621
141540,4897,4952
182566,4897,4959
201307,4897,4986
407095,4901,4979
213650,4911,4989
258775,4929,5011
243153,5023,5082
258774,5359,5453
129453,5414,5480
307428,5431,5506
129447,5434,5506
5603,5614,5665
263564,5616,5677
163248,5770,5835
9150,6261,6326
107477,6279,6340
336523,6286,6347
148793,6332,6381
370506,6599,6664
370239,6867,6932
304885,6869,6935
260146,6877,6928
60303,6884,6931
7702,7046,7101
106100,7046,7108
128529,7098,7179
316893,7249,7326
1738,7368,7412
341601,7499,7547
389551,7608,7669
78684,7624,7672
132778,7625,7685
392838,7627,7686
218432,7632,7684
32378,8048,8129
397,8056,8132
