78192,148,215
37911,159,217
324534,162,223
288644,165,273
91033,165,277
151387,166,247
292314,180,265
376370,180,287
149122,298,364
174717,300,367
229353,414,476
397,414,478
329075,543,672
293029,547,678
112904,560,678
129305,561,685
188071,568,710
365157,569,699
357880,572,725
180235,573,701
350380,574,731
241977,580,692
234365,581,698
57950,595,725
313536,604,720
202586,611,717
653,611,722
298686,619,725
4968,623,725
1305,625,728
91194,626,693
10104,630,714
291157,648,728
137,650,722
219442,664,725
360259,673,737
268008,712,777
112313,743,813
151282,744,809
303518,746,808
42700,847,956
137412,871,987
89288,876,968
407769,877,973
20179,878,956
185590,878,970
89951,878,979
287562,879,968
368586,879,986
88809,916,988
33701,1038,1098
69349,1038,1126
25940,1043,1114
321968,1045,1107
90344,1233,1296
361006,1247,1318
188072,1604,1673
390260,1605,1659
135925,1620,1663
151284,1621,1695
246958,1626,1689
208928,1627,1690
286677,1632,1696
67165,1978,2038
12253,2515,2592
176789,2518,2593
346440,2521,2593
52835,2521,2598
26649,2535,2600
246248,2897,2971
151283,2908,2974
389187,2914,2967
32176,3185,3244
300436,3185,3250
199883,3185,3261
360853,3186,3233
333227,3188,3262
26463,3284,3347
386728,3290,3370
10699,3298,3378
29346,3315,3380
156081,3331,3432
161366,3333,3415
67757,3334,3422
134202,3335,3398
81143,3336,3417
81144,3339,3418
46642,3341,3442
357881,3341,3454
253348,3342,3410
177248,3345,3450
374348,3348,3454
56387,3354,3416
63761,3355,3444
177247,3358,3452
106943,3360,3439
40953,3366,3442
276504,3451,3516
183495,3486,3542
133446,3631,3703
164104,3700,3785
149183,3702,3788
3894,3703,3786
164103,3709,3787
161716,3711,3784
316760,3711,3796
63118,3712,3787
27624,3719,3783
19371,3727,3791
376205,3733,3796
103626,3757,3804
93022,3757,3815
185591,4118,4177
325349,4119,4179
405372,4119,4182
126648,4281,4357
309038,4425,4536
188070,4427,4491
84588,4429,4535
52991,4432,4495
247981,4436,4495
401247,4441,4504
332025,4441,4537
313042,4442,4507
75034,4442,4511
249309,4447,4495
374715,4447,4522
341565,4454,4530
26320,4455,4525
143698,4458,4519
313043,4462,4526
3917,4466,4537
309037,4475,4535
86373,4480,4537
109012,4481,4535
29344,4752,4843
29345,4769,4877
31702,4773,4833
149742,4777,4841
3916,4780,4842
237735,4783,4862
399077,4784,4867
43534,4786,4839
292313,4789,4853
349894,4790,4852
339114,4790,4860
362175,4791,4843
127818,4791,4862
389603,4792,4855
135926,4793,4856
114530,4793,4865
3893,4795,4866
71582,4796,4862
297597,4799,4862
165105,4801,4862
293056,4802,4863
174565,4804,4866
166919,4808,4861
369745,4808,4867
22546,4813,4870
181395,4816,4863
245163,5247,5299
109011,5257,5312
382418,6328,6390
179858,6332,6399
245193,6334,6396
314924,6431,6497
226034,6434,6496
4356,6436,6518
365518,6440,6555
119013,6442,6505
69285,6443,6518
317593,6448,6516
54540,6452,6523
199055,6456,6521
393342,6482,6545
388458,6493,6554
80266,6494,6568
272821,6512,6562
230191,6748,6809
372821,6748,6811
322792,6750,6812
408263,6868,6939
408264,6869,6943
183436,6871,6936
407786,6873,6935
264955,6873,6943
15594,6876,6939
41833,6877,6955
138853,6879,6963
194255,6880,6956
365520,6882,6996
394852,6883,6932
176151,6883,6953
267575,6888,6973
164807,6921,6993
287816,6926,6990
171396,6950,7014
46811,7176,7237
301920,7177,7247
194991,7195,7293
13931,7211,7275
309867,7211,7303
365517,7212,7276
408265,7218,7281
304093,7219,7295
115156,7224,7304
277399,7225,7295
55725,7229,7293
124394,7230,7300
19801,7230,7303
376206,7232,7293
285557,7234,7295
401016,7235,7297
128242,7236,7292
205893,7236,7312
98255,7238,7292
290301,7238,7294
383978,7239,7300
166860,7239,7303
113039,7253,7304
213504,7257,7329
202228,7257,7347
86589,7258,7307
351006,7264,7334
289720,7327,7392
378487,7331,7397
365519,7332,7396
60623,7333,7390
20178,7338,7391
241099,7339,7400
220469,7339,7413
401295,7343,7397
164104,7343,7410
212554,7346,7416
241100,7347,7411
379027,7349,7410
24904,7349,7414
192553,7354,7426
110324,7364,7413
389269,7365,7411
194990,7365,7414
312036,7380,7433
212967,7492,7573
45167,7501,7593
45168,7504,7615
277063,7513,7596
376204,7514,7585
39230,7528,7616
45169,7538,7612
247980,7542,7619
79535,7543,7616
203155,7546,7619
172588,7751,7824
372822,7782,7844
10996,7853,7911
10995,7853,7913
29347,7897,7958
389430,7925,7986
67758,7964,8057
108988,7995,8056
357126,8171,8238
171812,8178,8241
369744,8367,8429
1878,8367,8440
347061,8368,8419
130058,8373,8422
167057,8374,8446
218371,8378,8447
156259,8379,8441
301232,8400,8468
32011,8405,8478
262071,8410,8479
381005,8422,8484
226345,8426,8486
386323,8429,8477
401015,8524,8574
33702,8560,8636
146709,8612,8679
401248,8623,8671
133447,8843,8905
309866,8843,8911
200576,8865,8923
164102,8867,8910
392652,8882,8948
149583,8901,8971
379026,8922,8984
