95864,27,132
106027,31,94
18344,31,104
21779,32,99
145382,33,102
305679,34,95
325134,52,105
209882,55,161
291682,59,113
45683,62,123
35863,260,350
403,272,331
196795,274,332
346053,293,408
169274,319,380
4382,728,813
345963,729,791
35864,733,801
176852,733,809
250303,733,824
35863,761,838
65139,869,931
34010,1037,1105
188076,1040,1115
47172,1040,1118
53238,1041,1109
18542,1042,1103
181369,1042,1107
159660,1045,1113
397,1048,1113
364134,1233,1294
160861,1233,1303
276581,1233,1312
330371,1242,1294
2379,1286,1361
157231,1291,1361
222947,1293,1404
83714,1297,1361
385167,1318,1384
224636,1341,1402
247259,1365,1433
301680,1414,1538
653,1418,1534
1305,1440,1537
304191,1441,1529
372277,1451,1531
137,1460,1538
176842,1616,1663
48864,1774,1851
164059,1938,2018
82122,1938,2025
232147,1951,2006
379831,1955,2026
34364,1960,2025
372936,1962,2013
172883,1971,2037
218938,2074,2129
121178,2074,2155
350940,2074,2164
374336,2108,2183
45105,2438,2500
106028,2438,2508
187619,2439,2501
257819,2444,2527
385003,2445,2529
22056,2446,2537
274245,2447,2521
298145,2464,2572
257820,2502,2572
115612,2678,2748
155264,2679,2733
400539,2679,2739
152019,2679,2757
160862,2680,2750
61367,2693,2756
391559,2697,2746
337844,2699,2769
90668,2702,2768
131098,2928,2984
227382,2929,2990
58803,2934,2990
223045,3172,3251
143833,3210,3274
218363,3216,3278
147805,3292,3349
2664,3297,3350
127403,3456,3548
298880,3467,3527
29674,3480,3542
346973,3607,3668
83091,3617,3686
406845,3813,3894
129054,3814,3881
123765,4018,4084
91143,4022,4086
295953,4159,4206
227383,4355,4418
109477,4545,4604
306153,4560,4620
195057,4563,4639
331349,4617,4673
117810,4636,4714
314326,4885,4957
159546,4885,4962
34011,4885,4972
218939,4886,4960
336042,4887,4958
185998,4887,4971
247293,4889,4977
96063,4890,4971
159548,4896,4975
102127,4897,4968
202943,4897,4972
406846,4901,4953
276582,4902,5002
31337,4903,4973
214999,4907,4972
174170,4907,4981
67671,4908,4968
355104,4909,4974
108941,4909,4985
381747,4909,4994
175583,4910,4972
121494,4915,4971
399686,5098,5142
141445,5141,5196
177285,5142,5203
151198,5175,5240
34009,5325,5386
237651,5336,5400
390264,5501,5571
47004,5676,5763
152779,5682,5744
123766,5685,5760
250304,5686,5765
35864,5690,5763
22057,5705,5762
136177,6088,6139
20610,6090,6149
331348,6092,6178
391096,6097,6147
393959,6097,6166
177259,6100,6156
331347,6104,6174
393974,6105,6157
224637,6179,6254
264419,6204,6267
393960,6270,6354
246375,6271,6366
43791,6277,6367
23753,6279,6346
291614,6281,6364
131889,6282,6349
277888,6285,6351
185762,6285,6365
91144,6289,6359
91145,6292,6359
232407,6293,6355
295607,6295,6356
304061,6295,6367
263109,6297,6360
361761,6308,6369
27564,6468,6522
149583,6558,6619
293639,6560,6627
86686,6561,6622
201781,6562,6637
110399,6563,6647
172872,6563,6657
328732,6567,6633
82202,6571,6648
71155,6574,6637
331350,6576,6627
330370,6576,6636
207768,6577,6635
77868,6577,6639
172873,6577,6661
113735,6579,6646
181062,6579,6650
63358,6582,6666
371770,6585,6658
322114,6588,6659
23136,6590,6661
75305,6853,6916
367788,6855,6914
242294,6864,6918
14751,7057,7119
96317,7064,7160
364207,7092,7163
183338,7148,7277
221975,7169,7284
345964,7172,7239
364253,7173,7254
169275,7173,7262
138073,7173,7275
130093,7178,7263
381331,7178,7281
72364,7179,7245
210028,7179,7269
375310,7184,7246
90757,7185,7254
60848,7186,7249
226721,7187,7261
289059,7190,7257
155001,7191,7263
169276,7191,7283
178802,7197,7292
159547,7198,7264
121177,7200,7287
54240,7202,7263
257818,7215,7285
246963,7215,7291
112262,7218,7282
106163,7219,7284
340314,7222,7292
92407,7229,7292
30028,7285,7365
205088,7287,7364
144876,7310,7369
88450,8097,8170
143758,8304,8365
108915,8592,8653
372233,8647,8723
64136,8683,8747
202005,8690,8756
251554,8720,8787
242293,8721,8792
21954,8725,8787
21955,8725,8791
48863,8726,8788
377948,8729,8784
8708,8729,8788
110989,8729,8804
288657,8732,8788
355103,8733,8792
407737,8734,8794
38978,8734,8797
331745,8736,8787
293307,8737,8789
109478,8737,8801
