2257,222,290
35677,227,292
133092,233,292
48487,236,292
2379,239,291
313446,1127,1207
317206,1146,1238
158040,1206,1290
142665,1211,1290
81150,1226,1289
257916,1229,1291
26406,1262,1343
212135,1267,1309
269195,1279,1374
366121,1280,1341
135988,1280,1350
344609,1281,1347
272295,1282,1361
152146,1282,1379
117647,1285,1350
130570,1286,1362
133521,1291,1372
19064,1294,1357
276627,1294,1379
115302,1298,1359
312627,1301,1363
267350,1306,1369
159595,1309,1371
402939,1310,1365
128888,1312,1373
273993,1417,1481
301040,1417,1499
251481,1419,1480
127196,1438,1482
121711,1732,1791
15729,1743,1839
93377,1750,1797
379215,1757,1826
173350,1760,1842
313447,1762,1871
313446,1797,1865
269196,2051,2111
402131,2091,2153
393782,2130,2175
81151,2130,2178
367453,2233,2318
258825,2251,2321
197233,2260,2322
131344,2607,2657
400653,2608,2663
134692,2611,2665
173092,2695,2747
134803,2864,2924
71334,3072,3121
22392,3198,3320
80082,3225,3305
80083,3244,3308
314365,3244,3314
252143,3247,3313
281814,3253,3333
224615,3255,3335
369996,3256,3308
132981,3256,3333
191460,3257,3323
319433,3261,3323
352198,3263,3323
378428,3265,3327
379140,3266,3328
273504,3487,3567
103409,3733,3812
167218,3741,3804
397963,3741,3835
159384,3743,3819
320096,3747,3814
19637,3748,3818
319690,3750,3812
400550,3754,3815
405816,3758,3822
61312,3761,3838
331598,3765,3837
393783,3768,3829
222585,3777,3838
53173,3777,3841
147607,3778,3848
134613,3789,3858
131053,4040,4090
399756,4072,4169
399755,4073,4156
153915,4093,4173
186141,4098,4172
299080,4107,4189
367952,4117,4172
313627,4120,4173
256424,4130,4192
105196,4156,4229
22393,4159,4227
259956,4385,4453
186092,4391,4453
277336,4391,4466
95274,4394,4457
197441,4394,4463
338071,4395,4453
134136,4399,4453
310857,4418,4461
326575,4428,4489
320097,4429,4491
252179,4652,4709
68153,4658,4704
200385,4875,4945
288344,5038,5104
36023,5223,5281
22394,5385,5443
108386,5604,5658
304432,5613,5669
381782,5613,5677
165981,5690,5775
134605,5701,5772
400670,5725,5788
276628,5856,5923
313443,6599,6701
153011,6604,6654
125728,6744,6812
313443,6877,6964
104439,6936,7001
357733,7030,7087
197911,7246,7300
260670,7248,7303
313445,7289,7425
36024,7296,7406
36025,7321,7414
374660,7325,7406
161158,7330,7396
313444,7356,7485
130569,7424,7487
262619,7431,7482
307081,7439,7483
313447,7490,7600
313442,7511,7597
313442,7709,7805
24661,7776,7847
313445,7847,7964
313444,7905,8028
36026,8007,8079
22395,8011,8075
334991,8013,8074
24964,8063,8125
373048,8081,8144
290296,8083,8161
227448,8097,8147
33505,8100,8166
296067,8110,8174
229875,8113,8174
22396,8128,8175
285916,8209,8271
135306,8216,8297
45504,8491,8550
396643,8491,8576
399754,8492,8551
341553,8492,8553
134606,8492,8579
267349,8527,8579
302742,8528,8580
367338,8650,8739
400905,8662,8732
405734,8672,8747
215259,8674,8748
242199,8678,8743
31817,8678,8747
354303,8680,8742
6903,8683,8748
149809,8807,8857
175630,8807,8859
44129,8807,8866
121687,8807,8870
53363,8807,8873
387154,8809,8875
387155,8810,8872
395910,8818,8880
299740,8819,8867
